0 1 9 12 22 0.0 0.045454545454545456 0.4090909090909091 0.5454545454545454 1841 4 0 0 1845 0.9978319783197832 0.002168021680216802 0.0 0.0 
0 0 7 15 22 0.0 0.0 0.3181818181818182 0.6818181818181818 1840 5 0 0 1845 0.997289972899729 0.0027100271002710027 0.0 0.0 
0 0 8 14 22 0.0 0.0 0.36363636363636365 0.6363636363636364 1844 1 0 0 1845 0.9994579945799458 0.0005420054200542005 0.0 0.0 
0 0 3 19 22 0.0 0.0 0.13636363636363635 0.8636363636363636 1843 2 0 0 1845 0.9989159891598915 0.001084010840108401 0.0 0.0 
0 0 8 14 22 0.0 0.0 0.36363636363636365 0.6363636363636364 1841 4 0 0 1845 0.9978319783197832 0.002168021680216802 0.0 0.0 
0 0 8 15 23 0.0 0.0 0.34782608695652173 0.6521739130434783 1842 3 0 0 1845 0.9983739837398374 0.0016260162601626016 0.0 0.0 
0 0 9 14 23 0.0 0.0 0.391304347826087 0.6086956521739131 1841 4 0 0 1845 0.9978319783197832 0.002168021680216802 0.0 0.0 
0 1 8 14 23 0.0 0.043478260869565216 0.34782608695652173 0.6086956521739131 1840 5 0 0 1845 0.997289972899729 0.0027100271002710027 0.0 0.0 
0 2 6 15 23 0.0 0.08695652173913043 0.2608695652173913 0.6521739130434783 1840 5 0 0 1845 0.997289972899729 0.0027100271002710027 0.0 0.0 
0 0 8 15 23 0.0 0.0 0.34782608695652173 0.6521739130434783 1841 4 0 0 1845 0.9978319783197832 0.002168021680216802 0.0 0.0 
