0 1 5 16 22 0.0 0.045454545454545456 0.22727272727272727 0.7272727272727273 1842 3 0 0 1845 0.9983739837398374 0.0016260162601626016 0.0 0.0 
0 0 8 14 22 0.0 0.0 0.36363636363636365 0.6363636363636364 1839 6 0 0 1845 0.9967479674796748 0.0032520325203252032 0.0 0.0 
0 0 9 13 22 0.0 0.0 0.4090909090909091 0.5909090909090909 1841 4 0 0 1845 0.9978319783197832 0.002168021680216802 0.0 0.0 
0 0 7 15 22 0.0 0.0 0.3181818181818182 0.6818181818181818 1842 3 0 0 1845 0.9983739837398374 0.0016260162601626016 0.0 0.0 
0 1 3 18 22 0.0 0.045454545454545456 0.13636363636363635 0.8181818181818182 1844 1 0 0 1845 0.9994579945799458 0.0005420054200542005 0.0 0.0 
0 0 8 15 23 0.0 0.0 0.34782608695652173 0.6521739130434783 1840 5 0 0 1845 0.997289972899729 0.0027100271002710027 0.0 0.0 
0 0 9 14 23 0.0 0.0 0.391304347826087 0.6086956521739131 1838 7 0 0 1845 0.9962059620596206 0.003794037940379404 0.0 0.0 
0 0 8 15 23 0.0 0.0 0.34782608695652173 0.6521739130434783 1840 5 0 0 1845 0.997289972899729 0.0027100271002710027 0.0 0.0 
0 0 9 14 23 0.0 0.0 0.391304347826087 0.6086956521739131 1840 5 0 0 1845 0.997289972899729 0.0027100271002710027 0.0 0.0 
0 1 8 14 23 0.0 0.043478260869565216 0.34782608695652173 0.6086956521739131 1840 5 0 0 1845 0.997289972899729 0.0027100271002710027 0.0 0.0 
