404.0 387.0 0
292.0 545.0 0
488.0 649.0 0
349.0 757.0 0
606.0 633.0 0
358.0 400.0 0
386.0 409.0 0
263.0 553.0 0
200.0 526.0 0
121.0 552.0 0
51.0 860.0 1
293.0 879.0 1
265.0 164.0 1
160.0 350.0 1
75.0 726.0 1
430.0 940.0 1
73.0 202.0 1
124.0 302.0 1
687.0 269.0 1
222.0 816.0 1
679.0 527.0 1
45.0 549.0 1
349.0 984.0 1
429.0 810.0 1
234.0 73.0 1
755.0 106.0 1
121.0 867.0 1
-2.0 431.0 1
310.0 864.0 1
600.0 985.0 1
347.0 796.0 1
68.0 438.0 1
396.0 212.0 1
730.0 734.0 1
568.0 907.0 1
643.0 302.0 1
64.0 364.0 1
53.0 652.0 1
518.0 244.0 1
164.0 649.0 1
398.0 81.0 1
-14.0 165.0 1
-43.0 909.0 1
-8.0 942.0 1
373.0 563.0 1
760.0 660.0 1
548.0 423.0 1
725.0 852.0 1
125.0 392.0 1
314.0 651.0 1
664.0 852.0 1
90.0 612.0 1
347.0 748.0 1
739.0 967.0 1
656.0 403.0 1
629.0 599.0 1
325.0 236.0 1
490.0 430.0 1
618.0 412.0 1
383.0 251.0 1
