404.0 387.0 0
527.0 363.0 0
268.0 325.0 0
316.0 366.0 0
502.0 350.0 0
349.0 339.0 0
386.0 409.0 0
366.0 348.0 0
400.0 683.0 0
395.0 727.0 0
349.0 757.0 0
371.0 728.0 0
541.0 647.0 0
301.0 267.0 0
538.0 808.0 0
229.0 437.0 0
331.0 450.0 0
249.0 410.0 0
255.0 412.0 0
282.0 501.0 0
180.0 407.0 1
751.0 637.0 1
430.0 273.0 1
124.0 259.0 1
209.0 259.0 1
732.0 234.0 1
669.0 334.0 1
-2.0 431.0 1
-61.0 572.0 1
760.0 858.0 1
-12.0 579.0 1
277.0 609.0 1
647.0 837.0 1
615.0 609.0 1
543.0 880.0 1
67.0 174.0 1
429.0 891.0 1
395.0 908.0 1
742.0 716.0 1
526.0 414.0 1
586.0 535.0 1
-28.0 319.0 1
30.0 943.0 1
398.0 81.0 1
430.0 940.0 1
426.0 809.0 1
198.0 223.0 1
121.0 867.0 1
744.0 645.0 1
86.0 514.0 1
54.0 765.0 1
87.0 837.0 1
165.0 960.0 1
347.0 796.0 1
182.0 992.0 1
550.0 227.0 1
750.0 862.0 1
58.0 349.0 1
-33.0 94.0 1
15.0 509.0 1
286.0 393.0 1
18.0 407.0 1
-9.0 805.0 1
537.0 858.0 1
150.0 914.0 1
40.0 162.0 1
50.0 638.0 1
634.0 889.0 1
493.0 283.0 1
389.0 836.0 1
-16.0 158.0 1
394.0 202.0 1
-40.0 924.0 1
568.0 907.0 1
160.0 589.0 1
194.0 638.0 1
732.0 915.0 1
347.0 748.0 1
306.0 110.0 1
490.0 430.0 1
659.0 547.0 1
745.0 793.0 1
610.0 218.0 1
93.0 498.0 1
381.0 766.0 1
512.0 207.0 1
310.0 864.0 1
237.0 609.0 1
629.0 968.0 1
730.0 949.0 1
142.0 640.0 1
193.0 869.0 1
367.0 196.0 1
1.0 333.0 1
234.0 127.0 1
-2.0 199.0 1
82.0 740.0 1
466.0 921.0 1
-34.0 537.0 1
-11.0 698.0 1
643.0 302.0 1
77.0 138.0 1
701.0 685.0 1
53.0 652.0 1
470.0 215.0 1
572.0 231.0 1
677.0 921.0 1
696.0 879.0 1
77.0 310.0 1
4.0 947.0 1
643.0 301.0 1
160.0 350.0 1
44.0 436.0 1
116.0 381.0 1
277.0 945.0 1
624.0 330.0 1
85.0 391.0 1
234.0 73.0 1
-36.0 919.0 1
541.0 220.0 1
