358.0 400.0 0
224.0 622.0 0
347.0 386.0 0
121.0 552.0 0
433.0 684.0 0
190.0 463.0 0
140.0 617.0 0
316.0 366.0 0
502.0 350.0 0
249.0 410.0 0
302.0 611.0 1
526.0 508.0 1
272.0 989.0 1
629.0 599.0 1
430.0 575.0 1
359.0 846.0 1
515.0 940.0 1
692.0 916.0 1
529.0 229.0 1
536.0 793.0 1
154.0 96.0 1
-37.0 588.0 1
158.0 953.0 1
725.0 87.0 1
722.0 588.0 1
193.0 317.0 1
225.0 703.0 1
45.0 549.0 1
286.0 745.0 1
-49.0 483.0 1
389.0 164.0 1
589.0 323.0 1
760.0 590.0 1
84.0 842.0 1
-62.0 575.0 1
205.0 916.0 1
-32.0 420.0 1
690.0 319.0 1
357.0 532.0 1
222.0 816.0 1
26.0 452.0 1
63.0 920.0 1
138.0 822.0 1
430.0 85.0 1
174.0 213.0 1
51.0 860.0 1
131.0 657.0 1
127.0 981.0 1
607.0 590.0 1
472.0 95.0 1
739.0 967.0 1
742.0 716.0 1
54.0 765.0 1
750.0 862.0 1
-9.0 805.0 1
50.0 638.0 1
193.0 869.0 1
643.0 302.0 1
677.0 921.0 1
116.0 381.0 1
