358.0 400.0 0
415.0 294.0 0
422.0 495.0 0
325.0 329.0 0
347.0 386.0 0
399.0 335.0 0
475.0 401.0 0
433.0 684.0 0
301.0 632.0 0
517.0 630.0 0
463.0 778.0 0
287.0 383.0 0
222.0 545.0 0
234.0 433.0 0
292.0 545.0 0
307.0 515.0 0
247.0 461.0 0
111.0 601.0 0
192.0 576.0 0
338.0 524.0 0
719.0 449.0 1
43.0 654.0 1
-56.0 837.0 1
517.0 888.0 1
678.0 847.0 1
613.0 720.0 1
373.0 563.0 1
659.0 181.0 1
382.0 71.0 1
430.0 575.0 1
223.0 298.0 1
115.0 460.0 1
80.0 447.0 1
386.0 836.0 1
609.0 950.0 1
94.0 263.0 1
754.0 644.0 1
197.0 190.0 1
365.0 961.0 1
534.0 483.0 1
428.0 918.0 1
145.0 880.0 1
138.0 700.0 1
264.0 930.0 1
730.0 734.0 1
512.0 203.0 1
635.0 333.0 1
64.0 364.0 1
329.0 806.0 1
67.0 630.0 1
-37.0 588.0 1
-63.0 592.0 1
329.0 783.0 1
-8.0 432.0 1
335.0 739.0 1
372.0 543.0 1
158.0 953.0 1
48.0 902.0 1
486.0 513.0 1
63.0 195.0 1
722.0 588.0 1
239.0 821.0 1
562.0 171.0 1
430.0 194.0 1
710.0 912.0 1
33.0 587.0 1
349.0 984.0 1
757.0 971.0 1
225.0 703.0 1
259.0 211.0 1
257.0 359.0 1
580.0 520.0 1
700.0 380.0 1
45.0 549.0 1
289.0 806.0 1
302.0 719.0 1
414.0 919.0 1
709.0 480.0 1
27.0 855.0 1
242.0 266.0 1
40.0 409.0 1
389.0 164.0 1
755.0 784.0 1
172.0 325.0 1
149.0 629.0 1
739.0 96.0 1
470.0 200.0 1
166.0 684.0 1
704.0 558.0 1
755.0 106.0 1
-62.0 575.0 1
293.0 879.0 1
695.0 931.0 1
-51.0 836.0 1
690.0 319.0 1
717.0 130.0 1
222.0 816.0 1
437.0 138.0 1
115.0 734.0 1
674.0 935.0 1
-32.0 620.0 1
714.0 200.0 1
431.0 257.0 1
576.0 979.0 1
171.0 910.0 1
656.0 101.0 1
68.0 438.0 1
-17.0 604.0 1
37.0 863.0 1
-15.0 791.0 1
51.0 860.0 1
131.0 657.0 1
607.0 590.0 1
430.0 838.0 1
-9.0 158.0 1
316.0 927.0 1
39.0 549.0 1
52.0 906.0 1
-25.0 240.0 1
627.0 321.0 1
