623.0 660.0 0
298.0 485.0 0
259.0 656.0 0
475.0 401.0 0
301.0 632.0 0
435.0 629.0 0
427.0 605.0 0
443.0 807.0 0
268.0 309.0 0
395.0 727.0 0
313.0 219.0 1
241.0 832.0 1
43.0 654.0 1
-16.0 793.0 1
678.0 847.0 1
78.0 494.0 1
386.0 836.0 1
609.0 950.0 1
443.0 488.0 1
34.0 862.0 1
449.0 448.0 1
145.0 880.0 1
138.0 700.0 1
547.0 492.0 1
-51.0 933.0 1
67.0 630.0 1
591.0 115.0 1
449.0 215.0 1
739.0 773.0 1
48.0 902.0 1
121.0 298.0 1
483.0 115.0 1
76.0 75.0 1
559.0 981.0 1
623.0 687.0 1
259.0 211.0 1
94.0 660.0 1
352.0 769.0 1
414.0 919.0 1
149.0 629.0 1
503.0 255.0 1
511.0 784.0 1
718.0 930.0 1
11.0 592.0 1
-39.0 895.0 1
570.0 748.0 1
62.0 570.0 1
679.0 527.0 1
88.0 150.0 1
-25.0 240.0 1
340.0 664.0 1
-28.0 319.0 1
198.0 223.0 1
493.0 283.0 1
-16.0 158.0 1
394.0 202.0 1
659.0 547.0 1
730.0 949.0 1
82.0 740.0 1
624.0 330.0 1
