441.0 358.0 0
307.0 515.0 0
476.0 702.0 0
517.0 678.0 0
445.0 775.0 0
320.0 449.0 0
349.0 339.0 0
286.0 645.0 0
404.0 387.0 0
192.0 576.0 0
501.0 497.0 0
514.0 233.0 0
255.0 412.0 0
268.0 325.0 0
185.0 481.0 0
515.0 751.0 0
395.0 727.0 0
111.0 601.0 0
435.0 629.0 0
606.0 633.0 0
63.0 920.0 1
263.0 910.0 1
306.0 110.0 1
203.0 377.0 1
115.0 734.0 1
400.0 926.0 1
88.0 150.0 1
94.0 263.0 1
739.0 236.0 1
235.0 755.0 1
652.0 489.0 1
33.0 587.0 1
272.0 967.0 1
389.0 836.0 1
192.0 129.0 1
723.0 70.0 1
755.0 106.0 1
84.0 842.0 1
-17.0 480.0 1
193.0 869.0 1
629.0 966.0 1
334.0 922.0 1
78.0 494.0 1
430.0 194.0 1
659.0 749.0 1
521.0 896.0 1
15.0 509.0 1
445.0 954.0 1
624.0 330.0 1
509.0 814.0 1
623.0 687.0 1
681.0 218.0 1
40.0 409.0 1
38.0 734.0 1
550.0 227.0 1
396.0 212.0 1
171.0 689.0 1
483.0 115.0 1
24.0 102.0 1
-9.0 931.0 1
-51.0 836.0 1
127.0 981.0 1
378.0 514.0 1
150.0 914.0 1
760.0 590.0 1
-2.0 431.0 1
547.0 492.0 1
751.0 885.0 1
193.0 317.0 1
667.0 323.0 1
197.0 190.0 1
372.0 601.0 1
755.0 784.0 1
149.0 629.0 1
237.0 609.0 1
512.0 207.0 1
605.0 87.0 1
351.0 532.0 1
570.0 748.0 1
289.0 806.0 1
135.0 657.0 1
40.0 162.0 1
677.0 921.0 1
382.0 71.0 1
160.0 589.0 1
-51.0 933.0 1
696.0 879.0 1
58.0 359.0 1
-34.0 537.0 1
643.0 301.0 1
43.0 654.0 1
742.0 716.0 1
730.0 949.0 1
302.0 284.0 1
424.0 797.0 1
160.0 778.0 1
-41.0 761.0 1
264.0 173.0 1
124.0 302.0 1
347.0 748.0 1
110.0 690.0 1
659.0 547.0 1
-25.0 240.0 1
734.0 366.0 1
503.0 450.0 1
636.0 626.0 1
241.0 832.0 1
210.0 965.0 1
581.0 222.0 1
209.0 259.0 1
340.0 664.0 1
-16.0 158.0 1
519.0 954.0 1
757.0 971.0 1
115.0 460.0 1
486.0 513.0 1
27.0 855.0 1
-20.0 901.0 1
373.0 249.0 1
696.0 448.0 1
