490.0 360.0 0
298.0 485.0 0
433.0 684.0 0
411.0 757.0 0
541.0 646.0 0
252.0 459.0 0
406.0 302.0 0
343.0 662.0 0
418.0 591.0 0
125.0 408.0 0
100.0 931.0 1
244.0 892.0 1
329.0 127.0 1
222.0 339.0 1
93.0 725.0 1
428.0 918.0 1
51.0 142.0 1
44.0 278.0 1
714.0 200.0 1
286.0 745.0 1
667.0 532.0 1
62.0 570.0 1
221.0 974.0 1
359.0 846.0 1
224.0 139.0 1
725.0 87.0 1
52.0 827.0 1
-46.0 450.0 1
177.0 920.0 1
627.0 954.0 1
466.0 921.0 1
73.0 469.0 1
394.0 202.0 1
607.0 743.0 1
543.0 880.0 1
609.0 308.0 1
14.0 399.0 1
-15.0 702.0 1
572.0 231.0 1
191.0 682.0 1
437.0 138.0 1
76.0 75.0 1
-39.0 895.0 1
4.0 947.0 1
357.0 532.0 1
698.0 589.0 1
496.0 484.0 1
760.0 858.0 1
-25.0 240.0 1
430.0 575.0 1
742.0 716.0 1
182.0 623.0 1
68.0 653.0 1
695.0 931.0 1
619.0 166.0 1
607.0 590.0 1
242.0 266.0 1
494.0 576.0 1
719.0 449.0 1
-50.0 541.0 1
