465.0 350.0 0
282.0 501.0 0
472.0 678.0 0
463.0 778.0 0
518.0 638.0 0
331.0 450.0 0
325.0 329.0 0
301.0 632.0 0
422.0 495.0 0
249.0 410.0 0
52.0 906.0 1
264.0 930.0 1
306.0 139.0 1
180.0 407.0 1
106.0 742.0 1
414.0 919.0 1
77.0 138.0 1
124.0 259.0 1
732.0 234.0 1
233.0 755.0 1
668.0 453.0 1
11.0 592.0 1
272.0 981.0 1
386.0 836.0 1
188.0 122.0 1
729.0 71.0 1
87.0 837.0 1
-49.0 483.0 1
145.0 880.0 1
629.0 968.0 1
362.0 890.0 1
93.0 498.0 1
445.0 201.0 1
686.0 728.0 1
517.0 888.0 1
627.0 321.0 1
30.0 398.0 1
41.0 703.0 1
541.0 220.0 1
166.0 684.0 1
472.0 95.0 1
34.0 107.0 1
-56.0 837.0 1
98.0 969.0 1
384.0 491.0 1
722.0 588.0 1
534.0 483.0 1
733.0 878.0 1
-28.0 319.0 1
302.0 611.0 1
745.0 793.0 1
139.0 632.0 1
255.0 657.0 1
677.0 906.0 1
632.0 127.0 1
615.0 609.0 1
216.0 263.0 1
519.0 553.0 1
734.0 373.0 1
-62.0 575.0 1
