613.0 734.0 0
125.0 408.0 0
441.0 358.0 0
434.0 680.0 0
518.0 638.0 0
488.0 649.0 0
541.0 646.0 0
527.0 363.0 0
301.0 267.0 0
255.0 412.0 0
98.0 969.0 1
696.0 448.0 1
-56.0 837.0 1
496.0 484.0 1
148.0 701.0 1
686.0 728.0 1
253.0 664.0 1
223.0 298.0 1
430.0 892.0 1
296.0 640.0 1
-8.0 942.0 1
95.0 803.0 1
142.0 212.0 1
197.0 190.0 1
73.0 859.0 1
494.0 576.0 1
445.0 954.0 1
549.0 800.0 1
329.0 127.0 1
111.0 155.0 1
675.0 241.0 1
239.0 821.0 1
700.0 380.0 1
101.0 481.0 1
424.0 797.0 1
61.0 100.0 1
75.0 726.0 1
378.0 514.0 1
302.0 284.0 1
70.0 356.0 1
717.0 130.0 1
674.0 935.0 1
124.0 302.0 1
44.0 278.0 1
576.0 616.0 1
645.0 537.0 1
400.0 926.0 1
79.0 612.0 1
723.0 70.0 1
191.0 682.0 1
124.0 259.0 1
647.0 837.0 1
182.0 992.0 1
40.0 162.0 1
160.0 589.0 1
732.0 915.0 1
237.0 609.0 1
142.0 640.0 1
643.0 301.0 1
234.0 73.0 1
