502.0 350.0 0
283.0 541.0 0
520.0 668.0 0
371.0 728.0 0
427.0 605.0 0
316.0 366.0 0
399.0 280.0 0
400.0 683.0 0
185.0 481.0 0
140.0 617.0 0
48.0 860.0 1
205.0 916.0 1
396.0 129.0 1
257.0 359.0 1
68.0 736.0 1
415.0 884.0 1
63.0 195.0 1
24.0 271.0 1
641.0 240.0 1
241.0 832.0 1
659.0 547.0 1
2.0 561.0 1
365.0 961.0 1
424.0 797.0 1
198.0 223.0 1
717.0 130.0 1
37.0 863.0 1
26.0 452.0 1
158.0 953.0 1
576.0 979.0 1
329.0 783.0 1
115.0 460.0 1
470.0 215.0 1
570.0 748.0 1
519.0 954.0 1
667.0 323.0 1
-32.0 420.0 1
-41.0 761.0 1
512.0 207.0 1
135.0 657.0 1
562.0 171.0 1
7.0 186.0 1
-20.0 901.0 1
-40.0 924.0 1
402.0 546.0 1
704.0 558.0 1
486.0 513.0 1
757.0 940.0 1
177.0 317.0 1
296.0 640.0 1
647.0 837.0 1
151.0 557.0 1
-22.0 623.0 1
757.0 971.0 1
671.0 395.0 1
555.0 662.0 1
142.0 212.0 1
526.0 414.0 1
691.0 649.0 1
338.0 206.0 1
