422.0 495.0 0
465.0 350.0 0
390.0 626.0 0
461.0 661.0 0
175.0 563.0 0
111.0 601.0 0
220.0 479.0 0
253.0 516.0 0
541.0 647.0 0
282.0 501.0 0
731.0 934.0 1
222.0 339.0 1
244.0 892.0 1
94.0 263.0 1
754.0 644.0 1
667.0 532.0 1
329.0 783.0 1
668.0 453.0 1
757.0 940.0 1
710.0 912.0 1
221.0 974.0 1
580.0 520.0 1
93.0 725.0 1
143.0 386.0 1
755.0 784.0 1
172.0 325.0 1
607.0 743.0 1
739.0 96.0 1
470.0 200.0 1
360.0 925.0 1
735.0 783.0 1
383.0 251.0 1
627.0 954.0 1
73.0 202.0 1
325.0 236.0 1
687.0 269.0 1
685.0 712.0 1
350.0 944.0 1
171.0 910.0 1
656.0 101.0 1
264.0 173.0 1
-15.0 791.0 1
146.0 225.0 1
14.0 399.0 1
139.0 632.0 1
415.0 246.0 1
39.0 549.0 1
180.0 407.0 1
209.0 259.0 1
30.0 943.0 1
426.0 809.0 1
121.0 867.0 1
-33.0 94.0 1
18.0 407.0 1
389.0 836.0 1
306.0 110.0 1
-2.0 199.0 1
160.0 350.0 1
85.0 391.0 1
541.0 220.0 1
