613.0 734.0 0
415.0 294.0 0
224.0 622.0 0
419.0 390.0 0
298.0 485.0 0
490.0 360.0 0
509.0 848.0 0
347.0 386.0 0
286.0 645.0 0
403.0 352.0 0
465.0 350.0 0
301.0 479.0 0
399.0 335.0 0
301.0 632.0 0
520.0 668.0 0
515.0 751.0 0
390.0 626.0 0
418.0 591.0 0
411.0 757.0 0
476.0 702.0 0
538.0 648.0 0
517.0 678.0 0
427.0 605.0 0
421.0 666.0 0
517.0 630.0 0
461.0 661.0 0
443.0 807.0 0
401.0 758.0 0
342.0 463.0 0
488.0 649.0 0
234.0 433.0 0
263.0 553.0 0
292.0 545.0 0
159.0 507.0 0
590.0 722.0 0
111.0 601.0 0
140.0 617.0 0
299.0 549.0 0
200.0 526.0 0
343.0 662.0 0
220.0 479.0 0
185.0 481.0 0
268.0 325.0 0
349.0 339.0 0
386.0 409.0 0
366.0 348.0 0
400.0 683.0 0
395.0 727.0 0
371.0 728.0 0
301.0 267.0 0
538.0 808.0 0
229.0 437.0 0
331.0 450.0 0
282.0 501.0 0
731.0 934.0 1
194.0 614.0 1
-40.0 979.0 1
222.0 339.0 1
696.0 448.0 1
302.0 611.0 1
272.0 967.0 1
678.0 847.0 1
253.0 664.0 1
244.0 892.0 1
725.0 852.0 1
373.0 563.0 1
160.0 778.0 1
384.0 491.0 1
-34.0 900.0 1
-22.0 623.0 1
629.0 599.0 1
223.0 298.0 1
641.0 649.0 1
115.0 460.0 1
125.0 392.0 1
234.0 945.0 1
609.0 950.0 1
296.0 640.0 1
581.0 222.0 1
165.0 403.0 1
506.0 911.0 1
265.0 164.0 1
41.0 703.0 1
692.0 916.0 1
443.0 488.0 1
635.0 250.0 1
330.0 101.0 1
95.0 803.0 1
142.0 212.0 1
68.0 736.0 1
636.0 970.0 1
197.0 190.0 1
24.0 271.0 1
318.0 627.0 1
34.0 862.0 1
739.0 120.0 1
710.0 516.0 1
748.0 215.0 1
415.0 884.0 1
449.0 448.0 1
106.0 742.0 1
51.0 142.0 1
396.0 212.0 1
428.0 918.0 1
138.0 700.0 1
264.0 930.0 1
402.0 546.0 1
730.0 734.0 1
547.0 492.0 1
64.0 364.0 1
329.0 806.0 1
-46.0 450.0 1
667.0 532.0 1
329.0 127.0 1
-51.0 933.0 1
67.0 630.0 1
362.0 890.0 1
-37.0 588.0 1
-63.0 592.0 1
255.0 657.0 1
449.0 215.0 1
-8.0 432.0 1
335.0 739.0 1
372.0 543.0 1
158.0 953.0 1
48.0 902.0 1
353.0 168.0 1
486.0 513.0 1
224.0 139.0 1
121.0 298.0 1
63.0 195.0 1
668.0 453.0 1
171.0 147.0 1
243.0 917.0 1
562.0 171.0 1
73.0 469.0 1
445.0 201.0 1
430.0 194.0 1
76.0 75.0 1
68.0 653.0 1
733.0 878.0 1
710.0 912.0 1
605.0 87.0 1
349.0 984.0 1
681.0 218.0 1
757.0 971.0 1
259.0 211.0 1
90.0 612.0 1
221.0 974.0 1
257.0 359.0 1
580.0 520.0 1
671.0 395.0 1
596.0 644.0 1
352.0 769.0 1
-49.0 483.0 1
396.0 129.0 1
414.0 919.0 1
30.0 398.0 1
424.0 797.0 1
61.0 100.0 1
503.0 450.0 1
75.0 726.0 1
709.0 480.0 1
418.0 946.0 1
27.0 855.0 1
242.0 266.0 1
40.0 409.0 1
519.0 553.0 1
172.0 325.0 1
589.0 323.0 1
373.0 249.0 1
105.0 726.0 1
727.0 67.0 1
760.0 590.0 1
5.0 151.0 1
739.0 96.0 1
735.0 783.0 1
166.0 684.0 1
103.0 960.0 1
195.0 230.0 1
627.0 954.0 1
335.0 721.0 1
70.0 356.0 1
733.0 106.0 1
293.0 879.0 1
676.0 524.0 1
677.0 906.0 1
2.0 561.0 1
48.0 860.0 1
548.0 702.0 1
357.0 532.0 1
717.0 130.0 1
641.0 240.0 1
151.0 557.0 1
135.0 657.0 1
67.0 303.0 1
674.0 935.0 1
124.0 302.0 1
-17.0 951.0 1
-32.0 620.0 1
325.0 236.0 1
430.0 85.0 1
34.0 107.0 1
-59.0 289.0 1
100.0 931.0 1
714.0 200.0 1
310.0 657.0 1
11.0 592.0 1
576.0 616.0 1
687.0 269.0 1
233.0 755.0 1
645.0 537.0 1
431.0 257.0 1
685.0 712.0 1
144.0 668.0 1
-15.0 702.0 1
442.0 459.0 1
171.0 910.0 1
-17.0 480.0 1
235.0 755.0 1
400.0 926.0 1
652.0 489.0 1
91.0 818.0 1
-17.0 604.0 1
633.0 538.0 1
570.0 748.0 1
62.0 570.0 1
521.0 407.0 1
139.0 632.0 1
52.0 827.0 1
444.0 223.0 1
127.0 981.0 1
691.0 649.0 1
628.0 409.0 1
618.0 412.0 1
430.0 838.0 1
629.0 966.0 1
-50.0 541.0 1
704.0 541.0 1
39.0 549.0 1
52.0 906.0 1
548.0 423.0 1
191.0 682.0 1
627.0 321.0 1
-14.0 165.0 1
430.0 273.0 1
124.0 259.0 1
209.0 259.0 1
732.0 234.0 1
277.0 609.0 1
647.0 837.0 1
615.0 609.0 1
67.0 174.0 1
742.0 716.0 1
526.0 414.0 1
586.0 535.0 1
-28.0 319.0 1
398.0 81.0 1
426.0 809.0 1
198.0 223.0 1
86.0 514.0 1
347.0 796.0 1
182.0 992.0 1
750.0 862.0 1
15.0 509.0 1
286.0 393.0 1
-9.0 805.0 1
537.0 858.0 1
40.0 162.0 1
50.0 638.0 1
493.0 283.0 1
-16.0 158.0 1
394.0 202.0 1
-40.0 924.0 1
160.0 589.0 1
732.0 915.0 1
347.0 748.0 1
659.0 547.0 1
512.0 207.0 1
310.0 864.0 1
237.0 609.0 1
730.0 949.0 1
142.0 640.0 1
193.0 869.0 1
367.0 196.0 1
1.0 333.0 1
82.0 740.0 1
466.0 921.0 1
-34.0 537.0 1
643.0 302.0 1
77.0 138.0 1
53.0 652.0 1
572.0 231.0 1
677.0 921.0 1
77.0 310.0 1
643.0 301.0 1
116.0 381.0 1
277.0 945.0 1
624.0 330.0 1
234.0 73.0 1
