623.0 660.0 0
613.0 734.0 0
490.0 360.0 0
403.0 352.0 0
465.0 350.0 0
514.0 233.0 0
125.0 408.0 0
441.0 358.0 0
435.0 629.0 0
476.0 702.0 0
538.0 648.0 0
517.0 678.0 0
461.0 661.0 0
443.0 807.0 0
401.0 758.0 0
541.0 646.0 0
590.0 722.0 0
200.0 526.0 0
283.0 541.0 0
185.0 481.0 0
313.0 219.0 1
731.0 934.0 1
194.0 614.0 1
486.0 966.0 1
482.0 182.0 1
241.0 832.0 1
66.0 804.0 1
222.0 339.0 1
496.0 484.0 1
-16.0 793.0 1
148.0 701.0 1
110.0 690.0 1
686.0 728.0 1
164.0 649.0 1
78.0 494.0 1
-34.0 900.0 1
272.0 989.0 1
430.0 892.0 1
515.0 940.0 1
314.0 651.0 1
231.0 746.0 1
165.0 403.0 1
265.0 164.0 1
443.0 488.0 1
142.0 212.0 1
-9.0 931.0 1
600.0 985.0 1
73.0 859.0 1
415.0 884.0 1
449.0 448.0 1
210.0 965.0 1
494.0 576.0 1
-20.0 901.0 1
24.0 102.0 1
547.0 492.0 1
-46.0 450.0 1
667.0 532.0 1
362.0 890.0 1
739.0 773.0 1
177.0 920.0 1
224.0 139.0 1
121.0 298.0 1
302.0 888.0 1
483.0 115.0 1
243.0 917.0 1
559.0 981.0 1
68.0 653.0 1
733.0 878.0 1
50.0 488.0 1
90.0 612.0 1
692.0 334.0 1
-49.0 483.0 1
334.0 922.0 1
555.0 662.0 1
509.0 814.0 1
30.0 398.0 1
424.0 797.0 1
418.0 946.0 1
519.0 553.0 1
619.0 166.0 1
589.0 323.0 1
351.0 532.0 1
521.0 896.0 1
607.0 743.0 1
302.0 284.0 1
383.0 251.0 1
503.0 255.0 1
39.0 483.0 1
335.0 721.0 1
751.0 885.0 1
73.0 202.0 1
48.0 860.0 1
641.0 240.0 1
26.0 452.0 1
135.0 657.0 1
63.0 920.0 1
-59.0 289.0 1
263.0 910.0 1
11.0 592.0 1
233.0 755.0 1
645.0 537.0 1
442.0 459.0 1
-17.0 480.0 1
652.0 489.0 1
91.0 818.0 1
729.0 71.0 1
565.0 531.0 1
570.0 748.0 1
327.0 84.0 1
521.0 407.0 1
358.0 904.0 1
79.0 612.0 1
429.0 810.0 1
679.0 527.0 1
691.0 649.0 1
618.0 412.0 1
132.0 347.0 1
739.0 967.0 1
378.0 554.0 1
340.0 664.0 1
