415.0 294.0 0
509.0 848.0 0
445.0 775.0 0
520.0 668.0 0
287.0 383.0 0
263.0 553.0 0
501.0 497.0 0
307.0 515.0 0
247.0 461.0 0
349.0 757.0 0
194.0 614.0 1
486.0 966.0 1
482.0 182.0 1
-40.0 979.0 1
164.0 649.0 1
160.0 778.0 1
419.0 790.0 1
115.0 460.0 1
265.0 164.0 1
635.0 250.0 1
600.0 985.0 1
428.0 918.0 1
264.0 930.0 1
338.0 206.0 1
224.0 139.0 1
63.0 195.0 1
50.0 488.0 1
681.0 218.0 1
177.0 317.0 1
182.0 623.0 1
289.0 806.0 1
296.0 941.0 1
195.0 230.0 1
704.0 558.0 1
755.0 106.0 1
293.0 879.0 1
664.0 852.0 1
2.0 561.0 1
739.0 236.0 1
379.0 838.0 1
151.0 557.0 1
67.0 303.0 1
656.0 144.0 1
235.0 755.0 1
729.0 71.0 1
567.0 212.0 1
691.0 649.0 1
192.0 129.0 1
-14.0 165.0 1
732.0 234.0 1
395.0 908.0 1
398.0 81.0 1
430.0 940.0 1
87.0 837.0 1
550.0 227.0 1
634.0 889.0 1
490.0 430.0 1
610.0 218.0 1
-11.0 698.0 1
-36.0 919.0 1
