325.0 329.0 0
403.0 352.0 0
411.0 757.0 0
320.0 449.0 0
200.0 526.0 0
185.0 481.0 0
349.0 339.0 0
386.0 409.0 0
371.0 728.0 0
331.0 450.0 0
66.0 804.0 1
188.0 122.0 1
110.0 690.0 1
-34.0 900.0 1
80.0 447.0 1
185.0 677.0 1
231.0 746.0 1
636.0 970.0 1
734.0 373.0 1
318.0 627.0 1
632.0 127.0 1
415.0 884.0 1
106.0 742.0 1
51.0 142.0 1
372.0 543.0 1
302.0 888.0 1
243.0 917.0 1
33.0 587.0 1
692.0 334.0 1
671.0 395.0 1
334.0 922.0 1
727.0 67.0 1
103.0 960.0 1
39.0 483.0 1
733.0 106.0 1
548.0 702.0 1
437.0 138.0 1
641.0 240.0 1
115.0 734.0 1
34.0 107.0 1
-59.0 289.0 1
310.0 657.0 1
760.0 660.0 1
-43.0 909.0 1
143.0 946.0 1
372.0 601.0 1
429.0 810.0 1
465.0 979.0 1
52.0 906.0 1
430.0 273.0 1
277.0 609.0 1
526.0 414.0 1
586.0 535.0 1
86.0 514.0 1
15.0 509.0 1
347.0 748.0 1
512.0 207.0 1
572.0 231.0 1
77.0 310.0 1
277.0 945.0 1
