399.0 335.0 0
301.0 479.0 0
517.0 678.0 0
395.0 727.0 0
435.0 629.0 0
274.0 410.0 0
268.0 309.0 0
224.0 622.0 0
514.0 233.0 0
175.0 563.0 0
73.0 859.0 1
302.0 888.0 1
234.0 127.0 1
143.0 386.0 1
135.0 710.0 1
360.0 925.0 1
40.0 162.0 1
67.0 303.0 1
681.0 218.0 1
239.0 821.0 1
709.0 480.0 1
-12.0 579.0 1
316.0 927.0 1
426.0 809.0 1
154.0 96.0 1
733.0 106.0 1
66.0 804.0 1
15.0 509.0 1
138.0 822.0 1
598.0 954.0 1
445.0 954.0 1
80.0 447.0 1
470.0 200.0 1
613.0 720.0 1
537.0 858.0 1
669.0 334.0 1
58.0 359.0 1
43.0 654.0 1
581.0 222.0 1
144.0 668.0 1
591.0 115.0 1
-16.0 158.0 1
-34.0 900.0 1
-17.0 951.0 1
351.0 532.0 1
744.0 645.0 1
580.0 520.0 1
696.0 879.0 1
116.0 381.0 1
277.0 609.0 1
701.0 685.0 1
194.0 614.0 1
335.0 739.0 1
730.0 949.0 1
503.0 255.0 1
636.0 626.0 1
313.0 219.0 1
449.0 448.0 1
628.0 409.0 1
373.0 249.0 1
