403.0 352.0 0
338.0 524.0 0
461.0 661.0 0
518.0 638.0 0
443.0 807.0 0
342.0 463.0 0
325.0 329.0 0
259.0 656.0 0
358.0 400.0 0
200.0 526.0 0
502.0 350.0 0
399.0 280.0 0
274.0 410.0 0
316.0 366.0 0
159.0 507.0 0
590.0 722.0 0
400.0 683.0 0
121.0 552.0 0
390.0 626.0 0
541.0 647.0 0
48.0 902.0 1
243.0 917.0 1
330.0 101.0 1
244.0 359.0 1
105.0 726.0 1
395.0 908.0 1
111.0 155.0 1
121.0 298.0 1
748.0 215.0 1
231.0 746.0 1
645.0 537.0 1
40.0 623.0 1
272.0 989.0 1
379.0 838.0 1
171.0 147.0 1
727.0 67.0 1
739.0 120.0 1
73.0 859.0 1
39.0 483.0 1
205.0 916.0 1
636.0 970.0 1
360.0 925.0 1
86.0 514.0 1
449.0 215.0 1
639.0 780.0 1
506.0 911.0 1
2.0 561.0 1
465.0 979.0 1
635.0 333.0 1
536.0 793.0 1
641.0 649.0 1
659.0 181.0 1
18.0 407.0 1
41.0 703.0 1
529.0 229.0 1
383.0 251.0 1
185.0 677.0 1
436.0 120.0 1
61.0 100.0 1
-17.0 951.0 1
-9.0 805.0 1
103.0 960.0 1
372.0 543.0 1
174.0 965.0 1
751.0 637.0 1
68.0 438.0 1
526.0 508.0 1
750.0 862.0 1
172.0 325.0 1
690.0 319.0 1
195.0 230.0 1
302.0 611.0 1
735.0 783.0 1
142.0 640.0 1
194.0 614.0 1
518.0 244.0 1
632.0 127.0 1
429.0 552.0 1
555.0 662.0 1
319.0 791.0 1
144.0 668.0 1
-14.0 165.0 1
674.0 935.0 1
430.0 85.0 1
90.0 612.0 1
-43.0 909.0 1
678.0 847.0 1
64.0 364.0 1
-37.0 588.0 1
656.0 403.0 1
50.0 638.0 1
744.0 645.0 1
739.0 967.0 1
325.0 236.0 1
426.0 809.0 1
135.0 710.0 1
-15.0 702.0 1
259.0 211.0 1
132.0 347.0 1
352.0 769.0 1
-22.0 623.0 1
679.0 527.0 1
24.0 271.0 1
751.0 369.0 1
449.0 448.0 1
629.0 599.0 1
310.0 864.0 1
365.0 961.0 1
503.0 255.0 1
146.0 225.0 1
314.0 651.0 1
76.0 75.0 1
598.0 954.0 1
634.0 889.0 1
125.0 392.0 1
519.0 553.0 1
37.0 863.0 1
-62.0 575.0 1
442.0 459.0 1
726.0 496.0 1
