358.0 400.0 0
623.0 660.0 0
419.0 390.0 0
606.0 633.0 0
406.0 302.0 0
121.0 552.0 0
259.0 656.0 0
465.0 350.0 0
399.0 335.0 0
441.0 358.0 0
475.0 401.0 0
445.0 775.0 0
433.0 684.0 0
434.0 680.0 0
301.0 632.0 0
520.0 668.0 0
515.0 751.0 0
390.0 626.0 0
418.0 591.0 0
517.0 678.0 0
427.0 605.0 0
517.0 630.0 0
443.0 807.0 0
268.0 309.0 0
463.0 778.0 0
222.0 545.0 0
252.0 459.0 0
175.0 563.0 0
234.0 433.0 0
307.0 515.0 0
274.0 410.0 0
590.0 722.0 0
111.0 601.0 0
140.0 617.0 0
299.0 549.0 0
320.0 449.0 0
322.0 567.0 0
283.0 541.0 0
192.0 576.0 0
253.0 516.0 0
338.0 524.0 0
185.0 481.0 0
404.0 387.0 0
527.0 363.0 0
268.0 325.0 0
386.0 409.0 0
366.0 348.0 0
395.0 727.0 0
541.0 647.0 0
301.0 267.0 0
229.0 437.0 0
331.0 450.0 0
249.0 410.0 0
282.0 501.0 0
731.0 934.0 1
194.0 614.0 1
482.0 182.0 1
98.0 969.0 1
-40.0 979.0 1
141.0 505.0 1
66.0 804.0 1
696.0 448.0 1
-56.0 837.0 1
686.0 728.0 1
253.0 664.0 1
613.0 720.0 1
725.0 852.0 1
373.0 563.0 1
160.0 778.0 1
-34.0 900.0 1
419.0 790.0 1
272.0 989.0 1
-22.0 623.0 1
382.0 71.0 1
430.0 575.0 1
223.0 298.0 1
641.0 649.0 1
115.0 460.0 1
58.0 359.0 1
314.0 651.0 1
296.0 640.0 1
581.0 222.0 1
265.0 164.0 1
635.0 250.0 1
319.0 791.0 1
636.0 970.0 1
754.0 644.0 1
734.0 373.0 1
197.0 190.0 1
34.0 862.0 1
710.0 516.0 1
135.0 710.0 1
748.0 215.0 1
415.0 884.0 1
536.0 793.0 1
449.0 448.0 1
174.0 965.0 1
106.0 742.0 1
244.0 359.0 1
396.0 212.0 1
428.0 918.0 1
145.0 880.0 1
-41.0 761.0 1
216.0 263.0 1
445.0 954.0 1
-20.0 901.0 1
264.0 930.0 1
402.0 546.0 1
512.0 203.0 1
656.0 403.0 1
24.0 102.0 1
547.0 492.0 1
272.0 981.0 1
64.0 364.0 1
154.0 96.0 1
329.0 806.0 1
-46.0 450.0 1
67.0 630.0 1
-37.0 588.0 1
171.0 689.0 1
449.0 215.0 1
329.0 783.0 1
335.0 739.0 1
739.0 773.0 1
675.0 241.0 1
48.0 902.0 1
353.0 168.0 1
725.0 87.0 1
224.0 139.0 1
302.0 888.0 1
123.0 323.0 1
239.0 821.0 1
243.0 917.0 1
193.0 317.0 1
445.0 201.0 1
76.0 75.0 1
559.0 981.0 1
306.0 139.0 1
733.0 878.0 1
50.0 488.0 1
623.0 687.0 1
757.0 971.0 1
221.0 974.0 1
257.0 359.0 1
177.0 317.0 1
580.0 520.0 1
94.0 660.0 1
101.0 481.0 1
518.0 244.0 1
671.0 395.0 1
596.0 644.0 1
182.0 623.0 1
286.0 745.0 1
289.0 806.0 1
-49.0 483.0 1
302.0 719.0 1
555.0 662.0 1
396.0 129.0 1
143.0 386.0 1
424.0 797.0 1
61.0 100.0 1
296.0 941.0 1
227.0 232.0 1
519.0 553.0 1
755.0 784.0 1
378.0 514.0 1
172.0 325.0 1
373.0 249.0 1
105.0 726.0 1
521.0 896.0 1
149.0 629.0 1
302.0 284.0 1
598.0 954.0 1
470.0 200.0 1
360.0 925.0 1
166.0 684.0 1
103.0 960.0 1
475.0 526.0 1
335.0 721.0 1
704.0 558.0 1
733.0 106.0 1
-62.0 575.0 1
293.0 879.0 1
664.0 852.0 1
751.0 885.0 1
511.0 784.0 1
-51.0 836.0 1
-32.0 420.0 1
357.0 532.0 1
222.0 816.0 1
26.0 452.0 1
739.0 236.0 1
151.0 557.0 1
115.0 734.0 1
135.0 657.0 1
67.0 303.0 1
674.0 935.0 1
63.0 920.0 1
124.0 302.0 1
-32.0 620.0 1
430.0 85.0 1
-59.0 289.0 1
100.0 931.0 1
656.0 144.0 1
310.0 657.0 1
760.0 660.0 1
233.0 755.0 1
685.0 712.0 1
350.0 944.0 1
-17.0 480.0 1
656.0 101.0 1
235.0 755.0 1
-43.0 909.0 1
-17.0 604.0 1
633.0 538.0 1
570.0 748.0 1
-15.0 791.0 1
143.0 946.0 1
51.0 860.0 1
372.0 601.0 1
146.0 225.0 1
358.0 904.0 1
139.0 632.0 1
52.0 827.0 1
429.0 810.0 1
318.0 258.0 1
679.0 527.0 1
127.0 981.0 1
628.0 409.0 1
607.0 590.0 1
192.0 129.0 1
-9.0 158.0 1
472.0 95.0 1
465.0 979.0 1
316.0 927.0 1
629.0 966.0 1
88.0 150.0 1
704.0 541.0 1
548.0 423.0 1
191.0 682.0 1
378.0 554.0 1
124.0 259.0 1
209.0 259.0 1
732.0 234.0 1
760.0 858.0 1
-12.0 579.0 1
277.0 609.0 1
647.0 837.0 1
615.0 609.0 1
67.0 174.0 1
429.0 891.0 1
395.0 908.0 1
742.0 716.0 1
30.0 943.0 1
430.0 940.0 1
426.0 809.0 1
744.0 645.0 1
54.0 765.0 1
87.0 837.0 1
165.0 960.0 1
347.0 796.0 1
750.0 862.0 1
15.0 509.0 1
286.0 393.0 1
18.0 407.0 1
537.0 858.0 1
150.0 914.0 1
40.0 162.0 1
50.0 638.0 1
634.0 889.0 1
493.0 283.0 1
-16.0 158.0 1
160.0 589.0 1
194.0 638.0 1
490.0 430.0 1
610.0 218.0 1
93.0 498.0 1
381.0 766.0 1
512.0 207.0 1
310.0 864.0 1
237.0 609.0 1
730.0 949.0 1
142.0 640.0 1
193.0 869.0 1
367.0 196.0 1
1.0 333.0 1
234.0 127.0 1
-2.0 199.0 1
82.0 740.0 1
466.0 921.0 1
-11.0 698.0 1
643.0 302.0 1
701.0 685.0 1
470.0 215.0 1
677.0 921.0 1
160.0 350.0 1
44.0 436.0 1
624.0 330.0 1
85.0 391.0 1
541.0 220.0 1
