465.0 350.0 0
282.0 501.0 0
472.0 678.0 0
520.0 668.0 0
463.0 778.0 0
331.0 450.0 0
366.0 348.0 0
301.0 632.0 0
386.0 409.0 0
175.0 563.0 0
422.0 495.0 0
415.0 294.0 0
249.0 410.0 0
287.0 383.0 0
190.0 463.0 0
538.0 808.0 0
371.0 728.0 0
140.0 617.0 0
427.0 605.0 0
623.0 660.0 0
52.0 906.0 1
264.0 930.0 1
306.0 139.0 1
180.0 407.0 1
106.0 742.0 1
414.0 919.0 1
77.0 138.0 1
124.0 259.0 1
732.0 234.0 1
233.0 755.0 1
668.0 453.0 1
11.0 592.0 1
272.0 981.0 1
386.0 836.0 1
188.0 122.0 1
729.0 71.0 1
733.0 106.0 1
87.0 837.0 1
-49.0 483.0 1
145.0 880.0 1
629.0 968.0 1
316.0 927.0 1
93.0 498.0 1
445.0 201.0 1
686.0 728.0 1
517.0 888.0 1
2.0 550.0 1
430.0 940.0 1
627.0 321.0 1
511.0 784.0 1
613.0 720.0 1
687.0 269.0 1
30.0 398.0 1
68.0 736.0 1
541.0 220.0 1
367.0 196.0 1
166.0 684.0 1
472.0 95.0 1
34.0 107.0 1
-8.0 942.0 1
-56.0 837.0 1
98.0 969.0 1
384.0 491.0 1
158.0 953.0 1
722.0 588.0 1
-32.0 420.0 1
534.0 483.0 1
733.0 878.0 1
177.0 317.0 1
669.0 334.0 1
198.0 223.0 1
373.0 563.0 1
745.0 793.0 1
139.0 632.0 1
277.0 609.0 1
512.0 203.0 1
591.0 115.0 1
402.0 546.0 1
548.0 702.0 1
329.0 806.0 1
131.0 657.0 1
-9.0 158.0 1
677.0 906.0 1
398.0 81.0 1
151.0 557.0 1
-36.0 919.0 1
710.0 912.0 1
58.0 349.0 1
-50.0 541.0 1
635.0 250.0 1
53.0 652.0 1
760.0 660.0 1
731.0 934.0 1
318.0 258.0 1
419.0 790.0 1
95.0 803.0 1
-15.0 791.0 1
265.0 164.0 1
123.0 323.0 1
335.0 739.0 1
253.0 664.0 1
633.0 538.0 1
-2.0 199.0 1
734.0 373.0 1
490.0 430.0 1
632.0 604.0 1
293.0 879.0 1
182.0 992.0 1
562.0 171.0 1
216.0 263.0 1
310.0 657.0 1
73.0 202.0 1
559.0 981.0 1
600.0 985.0 1
101.0 481.0 1
443.0 488.0 1
34.0 862.0 1
-63.0 592.0 1
430.0 273.0 1
709.0 480.0 1
