10.7 0.35 0.53 2.6 0.07 5.0 16.0 0.9972 3.15 0.65 11.0 0
5.0 0.42 0.24 2.0 0.06 19.0 50.0 0.9917 3.72 0.74 14.0 0
9.1 0.4 0.5 1.8 0.071 7.0 16.0 0.99462 3.21 0.69 12.5 0
9.1 0.795 0.0 2.6 0.096 11.0 26.0 0.9994 3.35 0.83 9.4 1
6.8 0.64 0.0 2.7 0.123 15.0 33.0 0.99538 3.44 0.63 11.3 1
8.7 0.69 0.31 3.0 0.086 23.0 81.0 1.0002 3.48 0.74 11.6 1
8.0 0.3 0.63 1.6 0.081 16.0 29.0 0.99588 3.3 0.78 10.8 1
6.8 0.64 0.03 2.3 0.075 14.0 31.0 0.99545 3.36 0.58 10.4 1
7.8 0.56 0.12 2.0 0.082 7.0 28.0 0.997 3.37 0.5 9.4 1
9.6 0.56 0.31 2.8 0.089 15.0 46.0 0.9979 3.11 0.92 10.0 1
9.1 0.28 0.48 1.8 0.067 26.0 46.0 0.9967 3.32 1.04 10.6 1
7.0 0.54 0.09 2.0 0.081 10.0 16.0 0.99479 3.43 0.59 11.5 1
8.6 0.45 0.31 2.6 0.086 21.0 50.0 0.9982 3.37 0.91 9.9 1
10.4 0.41 0.55 3.2 0.076 22.0 54.0 0.9996 3.15 0.89 9.9 1
8.8 0.3 0.38 2.3 0.06 19.0 72.0 0.99543 3.39 0.72 11.8 1
8.1 0.825 0.24 2.1 0.084 5.0 13.0 0.9972 3.37 0.77 10.7 1
8.7 0.54 0.26 2.5 0.097 7.0 31.0 0.9976 3.27 0.6 9.3 1
10.0 0.46 0.44 2.9 0.065 4.0 8.0 0.99674 3.33 0.62 12.2 1
8.0 0.45 0.23 2.2 0.094 16.0 29.0 0.9962 3.21 0.49 10.2 1
7.0 0.55 0.13 2.2 0.075 15.0 35.0 0.9959 3.36 0.59 9.7 1
6.5 0.63 0.33 1.8 0.059 16.0 28.0 0.99531 3.36 0.64 10.1 1
8.0 0.77 0.32 2.1 0.079 16.0 74.0 0.99656 3.27 0.5 9.8 1
7.9 0.58 0.23 2.3 0.076 23.0 94.0 0.99686 3.21 0.58 9.5 1
7.8 0.54 0.26 2.0 0.088 23.0 48.0 0.9981 3.41 0.74 9.2 1
7.2 0.605 0.02 1.9 0.096 10.0 31.0 0.995 3.46 0.53 11.8 1
7.8 0.46 0.26 1.9 0.088 23.0 53.0 0.9981 3.43 0.74 9.2 1
6.2 0.43 0.22 1.8 0.078 21.0 56.0 0.99633 3.52 0.6 9.5 1
6.5 0.34 0.27 2.8 0.067 8.0 44.0 0.99384 3.21 0.56 12.0 1
5.8 1.01 0.66 2.0 0.039 15.0 88.0 0.99357 3.66 0.6 11.5 1
7.4 0.68 0.16 1.8 0.078 12.0 39.0 0.9977 3.5 0.7 9.9 1
9.3 0.775 0.27 2.8 0.078 24.0 56.0 0.9984 3.31 0.67 10.6 1
6.9 0.51 0.23 2.0 0.072 13.0 22.0 0.99438 3.4 0.84 11.2 1
7.5 0.51 0.02 1.7 0.084 13.0 31.0 0.99538 3.36 0.54 10.5 1
7.2 0.67 0.0 2.2 0.068 10.0 24.0 0.9956 3.42 0.72 11.1 1
7.3 0.305 0.39 1.2 0.059 7.0 11.0 0.99331 3.29 0.52 11.5 1
11.1 0.45 0.73 3.2 0.066 6.0 22.0 0.9986 3.17 0.66 11.2 1
10.3 0.43 0.44 2.4 0.214 5.0 12.0 0.9994 3.19 0.63 9.5 1
9.0 0.36 0.52 2.1 0.111 5.0 10.0 0.99568 3.31 0.62 11.3 1
11.9 0.39 0.69 2.8 0.095 17.0 35.0 0.9994 3.1 0.61 10.8 1
6.9 0.63 0.01 2.4 0.076 14.0 39.0 0.99522 3.34 0.53 10.8 1
7.5 0.49 0.2 2.6 0.332 8.0 14.0 0.9968 3.21 0.9 10.5 1
6.4 0.79 0.04 2.2 0.061 11.0 17.0 0.99588 3.53 0.65 10.4 1
8.2 0.24 0.34 5.1 0.062 8.0 22.0 0.9974 3.22 0.94 10.9 1
6.5 0.9 0.0 1.6 0.052 9.0 17.0 0.99467 3.5 0.63 10.9 1
5.2 0.34 0.0 1.8 0.05 27.0 63.0 0.9916 3.68 0.79 14.0 1
9.1 0.28 0.46 9.0 0.114 3.0 9.0 0.99901 3.18 0.6 10.9 1
6.0 0.58 0.2 2.4 0.075 15.0 50.0 0.99467 3.58 0.67 12.5 1
7.2 0.63 0.0 1.9 0.097 14.0 38.0 0.99675 3.37 0.58 9.0 1
7.3 0.4 0.3 1.7 0.08 33.0 79.0 0.9969 3.41 0.65 9.5 1
7.1 0.6 0.0 1.8 0.074 16.0 34.0 0.9972 3.47 0.7 9.9 1
7.1 0.53 0.07 1.7 0.071 15.0 24.0 0.9951 3.29 0.66 10.8 1
7.7 0.43 0.25 2.6 0.073 29.0 63.0 0.99615 3.37 0.58 10.5 1
7.6 0.48 0.31 2.8 0.07 4.0 15.0 0.99693 3.22 0.55 10.3 1
7.8 0.735 0.08 2.4 0.092 10.0 41.0 0.9974 3.24 0.71 9.8 1
6.9 0.49 0.1 2.3 0.074 12.0 30.0 0.9959 3.42 0.58 10.2 1
8.0 0.67 0.3 2.0 0.06 38.0 62.0 0.9958 3.26 0.56 10.2 1
9.2 0.67 0.1 3.0 0.091 12.0 48.0 0.99888 3.31 0.54 9.5 1
6.3 0.51 0.13 2.3 0.076 29.0 40.0 0.99574 3.42 0.75 11.0 1
10.3 0.5 0.42 2.0 0.069 21.0 51.0 0.9982 3.16 0.72 11.5 1
11.5 0.18 0.51 4.0 0.104 4.0 23.0 0.9996 3.28 0.97 10.1 1
7.6 0.29 0.49 2.7 0.092 25.0 60.0 0.9971 3.31 0.61 10.1 1
8.3 0.42 0.38 2.5 0.094 24.0 60.0 0.9979 3.31 0.7 10.8 1
8.7 0.54 0.26 2.5 0.097 7.0 31.0 0.9976 3.27 0.6 9.3 1
10.9 0.32 0.52 1.8 0.132 17.0 44.0 0.99734 3.28 0.77 11.5 1
12.6 0.41 0.54 2.8 0.103 19.0 41.0 0.99939 3.21 0.76 11.3 1
10.4 0.26 0.48 1.9 0.066 6.0 10.0 0.99724 3.33 0.87 10.9 1
7.7 0.58 0.1 1.8 0.102 28.0 109.0 0.99565 3.08 0.49 9.8 1
10.6 0.42 0.48 2.7 0.065 5.0 18.0 0.9972 3.21 0.87 11.3 1
7.1 0.69 0.08 2.1 0.063 42.0 52.0 0.99608 3.42 0.6 10.2 1
7.5 0.38 0.57 2.3 0.106 5.0 12.0 0.99605 3.36 0.55 11.4 1
8.9 0.745 0.18 2.5 0.077 15.0 48.0 0.99739 3.2 0.47 9.7 1
8.4 0.31 0.29 3.1 0.194 14.0 26.0 0.99536 3.22 0.78 12.0 1
8.0 0.42 0.17 2.0 0.073 6.0 18.0 0.9972 3.29 0.61 9.2 1
8.9 0.32 0.31 2.0 0.088 12.0 19.0 0.9957 3.17 0.55 10.4 1
6.4 0.37 0.25 1.9 0.074 21.0 49.0 0.9974 3.57 0.62 9.8 1
7.5 0.63 0.27 2.0 0.083 17.0 91.0 0.99616 3.26 0.58 9.8 1
7.0 0.36 0.21 2.4 0.086 24.0 69.0 0.99556 3.4 0.53 10.1 1
7.3 0.43 0.24 2.5 0.078 27.0 67.0 0.99648 3.6 0.59 11.1 1
5.6 0.31 0.78 13.9 0.074 23.0 92.0 0.99677 3.39 0.48 10.5 1
6.7 0.46 0.24 1.7 0.077 18.0 34.0 0.9948 3.39 0.6 10.6 1
7.7 0.63 0.08 1.9 0.076 15.0 27.0 0.9967 3.32 0.54 9.5 1
13.0 0.47 0.49 4.3 0.085 6.0 47.0 1.0021 3.3 0.68 12.7 1
7.7 0.23 0.37 1.8 0.046 23.0 60.0 0.9971 3.41 0.71 12.1 1
6.5 0.53 0.06 2.0 0.063 29.0 44.0 0.99489 3.38 0.83 10.3 1
5.9 0.61 0.08 2.1 0.071 16.0 24.0 0.99376 3.56 0.77 11.1 1
7.7 0.26 0.3 1.7 0.059 20.0 38.0 0.9949 3.29 0.47 10.8 1
9.6 0.77 0.12 2.9 0.082 30.0 74.0 0.99865 3.3 0.64 10.4 1
6.9 0.41 0.33 2.2 0.081 22.0 36.0 0.9949 3.41 0.75 11.1 1
7.2 0.49 0.18 2.7 0.069 13.0 34.0 0.9967 3.29 0.48 9.2 1
7.5 0.55 0.24 2.0 0.078 10.0 28.0 0.9983 3.45 0.78 9.5 1
7.1 0.59 0.01 2.3 0.08 27.0 43.0 0.9955 3.42 0.58 10.7 1
13.8 0.49 0.67 3.0 0.093 6.0 15.0 0.9986 3.02 0.93 12.0 1
8.4 0.62 0.12 1.8 0.072 38.0 46.0 0.99504 3.38 0.89 11.8 1
9.3 0.36 0.39 1.5 0.08 41.0 55.0 0.99652 3.47 0.73 10.9 1
6.2 0.36 0.24 2.2 0.095 19.0 42.0 0.9946 3.57 0.57 11.7 1
8.0 0.62 0.33 2.7 0.088 16.0 37.0 0.9972 3.31 0.58 10.7 1
6.0 0.51 0.0 2.1 0.064 40.0 54.0 0.995 3.54 0.93 10.7 1
10.9 0.39 0.47 1.8 0.118 6.0 14.0 0.9982 3.3 0.75 9.8 1
8.9 0.43 0.45 1.9 0.052 6.0 16.0 0.9948 3.35 0.7 12.5 1
6.2 0.7 0.15 5.1 0.076 13.0 27.0 0.99622 3.54 0.6 11.9 1
11.1 0.44 0.42 2.2 0.064 14.0 19.0 0.99758 3.25 0.57 10.4 1
8.0 0.705 0.05 1.9 0.074 8.0 19.0 0.9962 3.34 0.95 10.5 1
9.0 0.43 0.34 2.5 0.08 26.0 86.0 0.9987 3.38 0.62 9.5 1
9.1 0.76 0.68 1.7 0.414 18.0 64.0 0.99652 2.9 1.33 9.1 1
9.4 0.5 0.34 3.6 0.082 5.0 14.0 0.9987 3.29 0.52 10.7 1
10.0 0.42 0.5 3.4 0.107 7.0 21.0 0.9979 3.26 0.93 11.8 1
10.5 0.39 0.46 2.2 0.075 14.0 27.0 0.99598 3.06 0.84 11.4 1
10.3 0.59 0.42 2.8 0.09 35.0 73.0 0.999 3.28 0.7 9.5 1
7.8 0.52 0.25 1.9 0.081 14.0 38.0 0.9984 3.43 0.65 9.0 1
7.2 0.66 0.33 2.5 0.068 34.0 102.0 0.99414 3.27 0.78 12.8 1
11.6 0.475 0.4 1.4 0.091 6.0 28.0 0.99704 3.07 0.65 10.0333333333333 1
9.3 0.38 0.48 3.8 0.132 3.0 11.0 0.99577 3.23 0.57 13.2 1
8.4 0.39 0.1 1.7 0.075 6.0 25.0 0.99581 3.09 0.43 9.7 1
10.6 0.44 0.68 4.1 0.114 6.0 24.0 0.997 3.06 0.66 13.4 1
10.1 0.65 0.37 5.1 0.11 11.0 65.0 1.0026 3.32 0.64 10.4 1
8.0 0.18 0.37 0.9 0.049 36.0 109.0 0.99007 2.89 0.44 12.7 1
9.1 0.4 0.57 4.6 0.08 6.0 20.0 0.99652 3.28 0.57 12.5 1
10.6 0.48 0.64 2.2 0.111 6.0 20.0 0.997 3.26 0.66 11.7 1
5.1 0.47 0.02 1.3 0.034 18.0 44.0 0.9921 3.9 0.62 12.8 1
8.3 0.26 0.42 2.0 0.08 11.0 27.0 0.9974 3.21 0.8 9.4 1
7.2 0.35 0.26 1.8 0.083 33.0 75.0 0.9968 3.4 0.58 9.5 1
9.3 0.49 0.36 1.7 0.081 3.0 14.0 0.99702 3.27 0.78 10.9 1
8.9 0.5 0.21 2.2 0.088 21.0 39.0 0.99692 3.33 0.83 11.1 1
10.2 0.54 0.37 15.4 0.214 55.0 95.0 1.00369 3.18 0.77 9.0 1
8.3 0.34 0.4 2.4 0.065 24.0 48.0 0.99554 3.34 0.86 11.0 1
7.7 0.61 0.18 2.4 0.083 6.0 20.0 0.9963 3.29 0.6 10.2 1
13.0 0.47 0.49 4.3 0.085 6.0 47.0 1.0021 3.3 0.68 12.7 1
9.7 0.42 0.46 2.1 0.074 5.0 16.0 0.99649 3.27 0.74 12.3 1
8.4 0.52 0.22 2.7 0.084 4.0 18.0 0.99682 3.26 0.57 9.9 1
7.2 0.53 0.13 2.0 0.058 18.0 22.0 0.99573 3.21 0.68 9.9 1
