9.4 0.3 0.56 2.8 0.08 6.0 17.0 0.9964 3.15 0.92 11.7 0
5.5 0.49 0.03 1.8 0.044 28.0 87.0 0.9908 3.5 0.82 14.0 0
7.2 0.38 0.31 2.0 0.056 15.0 29.0 0.99472 3.23 0.76 11.3 0
10.3 0.32 0.45 6.4 0.073 5.0 13.0 0.9976 3.23 0.82 12.6 0
8.4 0.37 0.53 1.8 0.413 9.0 26.0 0.9979 3.06 1.06 9.1 1
9.8 0.25 0.49 2.7 0.088 15.0 33.0 0.9982 3.42 0.9 10.0 1
8.0 0.33 0.53 2.5 0.091 18.0 80.0 0.9976 3.37 0.8 9.6 1
7.5 0.64 0.0 2.4 0.077 18.0 29.0 0.9965 3.32 0.6 10.0 1
7.8 0.53 0.04 1.7 0.076 17.0 31.0 0.9964 3.33 0.56 10.0 1
8.6 0.53 0.22 2.0 0.1 7.0 27.0 0.9967 3.2 0.56 10.2 1
7.7 0.56 0.08 2.5 0.114 14.0 46.0 0.9971 3.24 0.66 9.6 1
9.0 0.4 0.43 2.4 0.068 29.0 46.0 0.9943 3.2 0.6 12.2 1
6.9 0.74 0.03 2.3 0.054 7.0 16.0 0.99508 3.45 0.63 11.5 1
12.0 0.45 0.55 2.0 0.073 25.0 49.0 0.9997 3.1 0.76 10.3 1
7.5 0.4 0.12 3.0 0.092 29.0 53.0 0.9967 3.37 0.7 10.3 1
8.7 0.63 0.28 2.7 0.096 17.0 69.0 0.99734 3.26 0.63 10.2 1
10.4 0.52 0.45 2.0 0.08 6.0 13.0 0.99774 3.22 0.76 11.4 1
11.9 0.57 0.5 2.6 0.082 6.0 32.0 1.0006 3.12 0.78 10.7 1
10.3 0.27 0.56 1.4 0.047 3.0 8.0 0.99471 3.16 0.51 11.8 1
7.9 0.19 0.42 1.6 0.057 18.0 30.0 0.994 3.29 0.69 11.2 1
12.8 0.84 0.63 2.4 0.088 13.0 35.0 0.9997 3.1 0.6 10.4 1
5.2 0.645 0.0 2.15 0.08 15.0 28.0 0.99444 3.78 0.61 12.5 1
7.7 0.26 0.26 2.0 0.052 19.0 77.0 0.9951 3.15 0.79 10.9 1
7.4 0.785 0.19 5.2 0.094 19.0 98.0 0.99713 3.16 0.52 9.56666666666667 1
6.0 0.42 0.19 2.0 0.075 22.0 47.0 0.99522 3.39 0.78 10.0 1
10.9 0.21 0.49 2.8 0.088 11.0 32.0 0.9972 3.22 0.68 11.7 1
8.8 0.48 0.41 3.3 0.092 26.0 52.0 0.9982 3.31 0.53 10.5 1
7.9 0.32 0.51 1.8 0.341 17.0 56.0 0.9969 3.04 1.08 9.2 1
9.1 0.68 0.11 2.8 0.093 11.0 44.0 0.99888 3.31 0.55 9.5 1
6.8 0.6 0.18 1.9 0.079 18.0 86.0 0.9968 3.59 0.57 9.3 1
7.7 0.53 0.06 1.7 0.074 9.0 39.0 0.99615 3.35 0.48 9.8 1
6.7 0.86 0.07 2.0 0.1 20.0 57.0 0.99598 3.6 0.74 11.7 1
9.7 0.295 0.4 1.5 0.073 14.0 21.0 0.99556 3.14 0.51 10.9 1
7.5 0.51 0.02 1.7 0.084 13.0 31.0 0.99538 3.36 0.54 10.5 1
12.9 0.5 0.55 2.8 0.072 7.0 24.0 1.00012 3.09 0.68 10.9 1
7.6 0.43 0.4 2.7 0.082 6.0 11.0 0.99538 3.44 0.54 12.2 1
7.3 0.66 0.0 2.0 0.084 6.0 23.0 0.9983 3.61 0.96 9.9 1
10.1 0.28 0.46 1.8 0.05 5.0 13.0 0.9974 3.04 0.79 10.2 1
7.0 0.69 0.0 1.9 0.114 3.0 10.0 0.99636 3.35 0.6 9.7 1
7.2 0.57 0.05 2.3 0.081 16.0 36.0 0.99564 3.38 0.6 10.3 1
8.2 1.0 0.09 2.3 0.065 7.0 37.0 0.99685 3.32 0.55 9.0 1
6.6 0.52 0.04 2.2 0.069 8.0 15.0 0.9956 3.4 0.63 9.4 1
8.2 0.23 0.42 1.9 0.069 9.0 17.0 0.99376 3.21 0.54 12.3 1
7.0 0.64 0.02 2.1 0.067 9.0 23.0 0.997 3.47 0.67 9.4 1
7.8 0.55 0.0 1.7 0.07 7.0 17.0 0.99659 3.26 0.64 9.4 1
7.6 0.36 0.31 1.7 0.079 26.0 65.0 0.99716 3.46 0.62 9.5 1
8.0 0.58 0.16 2.0 0.12 3.0 7.0 0.99454 3.22 0.58 11.2 1
8.3 0.61 0.3 2.1 0.084 11.0 50.0 0.9972 3.4 0.61 10.2 1
6.3 0.36 0.19 3.2 0.075 15.0 39.0 0.9956 3.56 0.52 12.7 1
5.0 0.4 0.5 4.3 0.046 29.0 80.0 0.9902 3.49 0.66 13.6 1
6.2 0.51 0.14 1.9 0.056 15.0 34.0 0.99396 3.48 0.57 11.5 1
9.2 0.43 0.52 2.3 0.083 14.0 23.0 0.9976 3.35 0.61 11.3 1
7.9 0.545 0.06 4.0 0.087 27.0 61.0 0.9965 3.36 0.67 10.7 1
11.5 0.315 0.54 2.1 0.084 5.0 15.0 0.9987 2.98 0.7 9.2 1
9.9 0.44 0.46 2.2 0.091 10.0 41.0 0.99638 3.18 0.69 11.9 1
7.2 0.53 0.14 2.1 0.064 15.0 29.0 0.99323 3.35 0.61 12.1 1
6.8 0.57 0.0 2.5 0.072 32.0 64.0 0.99491 3.43 0.56 11.2 1
9.5 0.37 0.52 2.0 0.088 12.0 51.0 0.99613 3.29 0.58 11.1 1
6.8 0.62 0.08 1.9 0.068 28.0 38.0 0.99651 3.42 0.82 9.5 1
7.1 0.35 0.29 2.5 0.096 20.0 53.0 0.9962 3.42 0.65 11.0 1
8.2 0.24 0.34 5.1 0.062 8.0 22.0 0.9974 3.22 0.94 10.9 1
5.0 0.38 0.01 1.6 0.048 26.0 60.0 0.99084 3.7 0.75 14.0 1
6.4 0.865 0.03 3.2 0.071 27.0 58.0 0.995 3.61 0.49 12.7 1
9.8 0.51 0.19 3.2 0.081 8.0 30.0 0.9984 3.23 0.58 10.5 1
5.4 0.74 0.0 1.2 0.041 16.0 46.0 0.99258 4.01 0.59 12.5 1
6.6 0.58 0.02 2.4 0.069 19.0 40.0 0.99387 3.38 0.66 12.6 1
6.1 0.56 0.0 2.2 0.079 6.0 9.0 0.9948 3.59 0.54 11.5 1
6.7 0.42 0.27 8.6 0.068 24.0 148.0 0.9948 3.16 0.57 11.3 1
9.3 0.5 0.36 1.8 0.084 6.0 17.0 0.99704 3.27 0.77 10.8 1
5.9 0.55 0.1 2.2 0.062 39.0 51.0 0.99512 3.52 0.76 11.2 1
6.2 0.57 0.1 2.1 0.048 4.0 11.0 0.99448 3.44 0.76 10.8 1
10.4 0.55 0.23 2.7 0.091 18.0 48.0 0.9994 3.22 0.64 10.3 1
6.4 0.38 0.14 2.2 0.038 15.0 25.0 0.99514 3.44 0.65 11.1 1
6.6 0.44 0.09 2.2 0.063 9.0 18.0 0.99444 3.42 0.69 11.3 1
7.1 0.75 0.01 2.2 0.059 11.0 18.0 0.99242 3.39 0.4 12.8 1
8.2 0.35 0.33 2.4 0.076 11.0 47.0 0.99599 3.27 0.81 11.0 1
10.6 1.02 0.43 2.9 0.076 26.0 88.0 0.9984 3.08 0.57 10.1 1
12.4 0.35 0.49 2.6 0.079 27.0 69.0 0.9994 3.12 0.75 10.4 1
10.5 0.43 0.35 3.3 0.092 24.0 70.0 0.99798 3.21 0.69 10.5 1
7.3 0.67 0.02 2.2 0.072 31.0 92.0 0.99566 3.32 0.68 11.1 1
6.7 0.46 0.24 1.7 0.077 18.0 34.0 0.9948 3.39 0.6 10.6 1
6.6 0.5 0.01 1.5 0.06 17.0 26.0 0.9952 3.4 0.58 9.8 1
7.9 0.4 0.29 1.8 0.157 1.0 44.0 0.9973 3.3 0.92 9.5 1
7.9 0.29 0.49 2.2 0.096 21.0 59.0 0.99714 3.31 0.67 10.1 1
6.1 0.53 0.08 1.9 0.077 24.0 45.0 0.99528 3.6 0.68 10.3 1
6.8 0.49 0.22 2.3 0.071 13.0 24.0 0.99438 3.41 0.83 11.3 1
8.5 0.47 0.27 1.9 0.058 18.0 38.0 0.99518 3.16 0.85 11.1 1
8.2 0.64 0.27 2.0 0.095 5.0 77.0 0.99747 3.13 0.62 9.1 1
6.9 0.685 0.0 2.5 0.105 22.0 37.0 0.9966 3.46 0.57 10.6 1
7.5 0.57 0.02 2.6 0.077 11.0 35.0 0.99557 3.36 0.62 10.8 1
9.0 0.8 0.12 2.4 0.083 8.0 28.0 0.99836 3.33 0.65 10.4 1
6.5 0.53 0.06 2.0 0.063 29.0 44.0 0.99489 3.38 0.83 10.3 1
11.3 0.34 0.45 2.0 0.082 6.0 15.0 0.9988 2.94 0.66 9.2 1
7.7 0.715 0.01 2.1 0.064 31.0 43.0 0.99371 3.41 0.57 11.8 1
6.6 0.58 0.0 2.2 0.1 50.0 63.0 0.99544 3.59 0.68 11.4 1
7.5 0.53 0.06 2.6 0.086 20.0 44.0 0.9965 3.38 0.59 10.7 1
6.8 0.56 0.03 1.7 0.084 18.0 35.0 0.9968 3.44 0.63 10.0 1
7.0 0.54 0.0 2.1 0.079 39.0 55.0 0.9956 3.39 0.84 11.4 1
6.8 0.81 0.05 2.0 0.07 6.0 14.0 0.99562 3.51 0.66 10.8 1
9.1 0.5 0.3 1.9 0.065 8.0 17.0 0.99774 3.32 0.71 10.5 1
11.5 0.3 0.6 2.0 0.067 12.0 27.0 0.9981 3.11 0.97 10.1 1
6.8 0.67 0.15 1.8 0.118 13.0 20.0 0.9954 3.42 0.67 11.3 1
11.8 0.38 0.55 2.1 0.071 5.0 19.0 0.9986 3.11 0.62 10.8 1
7.9 0.58 0.23 2.3 0.076 23.0 94.0 0.99686 3.21 0.58 9.5 1
7.0 0.745 0.12 1.8 0.114 15.0 64.0 0.99588 3.22 0.59 9.5 1
10.3 0.41 0.42 2.4 0.213 6.0 14.0 0.9994 3.19 0.62 9.5 1
11.4 0.36 0.69 2.1 0.09 6.0 21.0 1.0 3.17 0.62 9.2 1
10.8 0.29 0.42 1.6 0.084 19.0 27.0 0.99545 3.28 0.73 11.9 1
7.2 0.34 0.21 2.5 0.075 41.0 68.0 0.99586 3.37 0.54 10.1 1
11.5 0.35 0.49 3.3 0.07 10.0 37.0 1.0003 3.32 0.91 11.0 1
7.9 0.53 0.24 2.0 0.072 15.0 105.0 0.996 3.27 0.54 9.4 1
7.8 0.52 0.25 1.9 0.081 14.0 38.0 0.9984 3.43 0.65 9.0 1
6.9 0.45 0.11 2.4 0.043 6.0 12.0 0.99354 3.3 0.65 11.4 1
7.0 0.65 0.02 2.1 0.066 8.0 25.0 0.9972 3.47 0.67 9.5 1
9.0 0.53 0.49 1.9 0.171 6.0 25.0 0.9975 3.27 0.61 9.4 1
6.4 0.56 0.15 1.8 0.078 17.0 65.0 0.99294 3.33 0.6 10.5 1
6.0 0.54 0.06 1.8 0.05 38.0 89.0 0.99236 3.3 0.5 10.55 1
10.3 0.53 0.48 2.5 0.063 6.0 25.0 0.9998 3.12 0.59 9.3 1
7.2 0.52 0.07 1.4 0.074 5.0 20.0 0.9973 3.32 0.81 9.6 1
8.3 0.66 0.15 1.9 0.079 17.0 42.0 0.9972 3.31 0.54 9.6 1
5.9 0.61 0.08 2.1 0.071 16.0 24.0 0.99376 3.56 0.77 11.1 1
7.3 0.52 0.32 2.1 0.07 51.0 70.0 0.99418 3.34 0.82 12.9 1
10.4 0.26 0.48 1.9 0.066 6.0 10.0 0.99724 3.33 0.87 10.9 1
6.3 0.55 0.15 1.8 0.077 26.0 35.0 0.99314 3.32 0.82 11.6 1
5.9 0.29 0.25 13.4 0.067 72.0 160.0 0.99721 3.33 0.54 10.3 1
9.9 0.25 0.46 1.7 0.062 26.0 42.0 0.9959 3.18 0.83 10.6 1
12.2 0.34 0.5 2.4 0.066 10.0 21.0 1.0 3.12 1.18 9.2 1
8.9 0.22 0.48 1.8 0.077 29.0 60.0 0.9968 3.39 0.53 9.4 1
7.8 0.6 0.14 2.4 0.086 3.0 15.0 0.9975 3.42 0.6 10.8 1
6.4 0.47 0.4 2.4 0.071 8.0 19.0 0.9963 3.56 0.73 10.6 1
7.2 0.45 0.15 2.0 0.078 10.0 28.0 0.99609 3.29 0.51 9.9 1
10.2 0.36 0.64 2.9 0.122 10.0 41.0 0.998 3.23 0.66 12.5 1
