7.9 0.35 0.46 3.6 0.078 15.0 37.0 0.9973 3.35 0.86 12.8 0
5.5 0.49 0.03 1.8 0.044 28.0 87.0 0.9908 3.5 0.82 14.0 0
6.9 0.4 0.14 2.4 0.085 21.0 40.0 0.9968 3.43 0.63 9.7 1
8.0 0.705 0.05 1.9 0.074 8.0 19.0 0.9962 3.34 0.95 10.5 1
4.7 0.6 0.17 2.3 0.058 17.0 106.0 0.9932 3.85 0.6 12.9 1
8.1 0.545 0.18 1.9 0.08 13.0 35.0 0.9972 3.3 0.59 9.0 1
9.4 0.4 0.31 2.2 0.09 13.0 62.0 0.9966 3.07 0.63 10.5 1
8.8 0.55 0.04 2.2 0.119 14.0 56.0 0.9962 3.21 0.6 10.9 1
7.3 0.33 0.47 2.1 0.077 5.0 11.0 0.9958 3.33 0.53 10.3 1
11.5 0.3 0.6 2.0 0.067 12.0 27.0 0.9981 3.11 0.97 10.1 1
12.0 0.38 0.56 2.1 0.093 6.0 24.0 0.99925 3.14 0.71 10.9 1
7.1 0.6 0.0 1.8 0.074 16.0 34.0 0.9972 3.47 0.7 9.9 1
11.4 0.26 0.44 3.6 0.071 6.0 19.0 0.9986 3.12 0.82 9.3 1
7.5 0.4 0.12 3.0 0.092 29.0 53.0 0.9967 3.37 0.7 10.3 1
13.4 0.27 0.62 2.6 0.082 6.0 21.0 1.0002 3.16 0.67 9.7 1
9.1 0.795 0.0 2.6 0.096 11.0 26.0 0.9994 3.35 0.83 9.4 1
10.0 0.42 0.5 3.4 0.107 7.0 21.0 0.9979 3.26 0.93 11.8 1
8.3 0.66 0.15 1.9 0.079 17.0 42.0 0.9972 3.31 0.54 9.6 1
12.8 0.84 0.63 2.4 0.088 13.0 35.0 0.9997 3.1 0.6 10.4 1
10.4 0.41 0.55 3.2 0.076 22.0 54.0 0.9996 3.15 0.89 9.9 1
11.9 0.39 0.69 2.8 0.095 17.0 35.0 0.9994 3.1 0.61 10.8 1
9.4 0.685 0.11 2.7 0.077 6.0 31.0 0.9984 3.19 0.7 10.1 1
10.6 0.44 0.68 4.1 0.114 6.0 24.0 0.997 3.06 0.66 13.4 1
12.4 0.35 0.49 2.6 0.079 27.0 69.0 0.9994 3.12 0.75 10.4 1
8.7 0.7 0.24 2.5 0.226 5.0 15.0 0.9991 3.32 0.6 9.0 1
8.7 0.7 0.24 2.5 0.226 5.0 15.0 0.9991 3.32 0.6 9.0 1
12.4 0.4 0.51 2.0 0.059 6.0 24.0 0.9994 3.04 0.6 9.3 1
8.9 0.29 0.35 1.9 0.067 25.0 57.0 0.997 3.18 1.36 10.3 1
7.8 0.545 0.12 2.5 0.068 11.0 35.0 0.996 3.34 0.61 11.6 1
7.1 0.59 0.02 2.3 0.082 24.0 94.0 0.99744 3.55 0.53 9.7 1
7.9 0.4 0.3 1.8 0.157 2.0 45.0 0.99727 3.31 0.91 9.5 1
9.4 0.5 0.34 3.6 0.082 5.0 14.0 0.9987 3.29 0.52 10.7 1
10.8 0.29 0.42 1.6 0.084 19.0 27.0 0.99545 3.28 0.73 11.9 1
7.4 0.68 0.16 1.8 0.078 12.0 39.0 0.9977 3.5 0.7 9.9 1
6.9 0.51 0.23 2.0 0.072 13.0 22.0 0.99438 3.4 0.84 11.2 1
10.4 0.26 0.48 1.9 0.066 6.0 10.0 0.99724 3.33 0.87 10.9 1
10.4 0.26 0.48 1.9 0.066 6.0 10.0 0.99724 3.33 0.87 10.9 1
8.9 0.84 0.34 1.4 0.05 4.0 10.0 0.99554 3.12 0.48 9.1 1
6.4 0.69 0.0 1.65 0.055 7.0 12.0 0.99162 3.47 0.53 12.9 1
8.6 0.83 0.0 2.8 0.095 17.0 43.0 0.99822 3.33 0.6 10.4 1
8.9 0.745 0.18 2.5 0.077 15.0 48.0 0.99739 3.2 0.47 9.7 1
8.7 0.42 0.45 2.4 0.072 32.0 59.0 0.99617 3.33 0.77 12.0 1
6.6 0.725 0.09 5.5 0.117 9.0 17.0 0.99655 3.35 0.49 10.8 1
8.2 0.23 0.42 1.9 0.069 9.0 17.0 0.99376 3.21 0.54 12.3 1
8.3 0.53 0.0 1.4 0.07 6.0 14.0 0.99593 3.25 0.64 10.0 1
7.1 0.39 0.12 2.1 0.065 14.0 24.0 0.99252 3.3 0.53 13.3 1
7.8 0.39 0.42 2.0 0.086 9.0 21.0 0.99526 3.39 0.66 11.6 1
6.6 0.58 0.0 2.2 0.1 50.0 63.0 0.99544 3.59 0.68 11.4 1
6.8 0.65 0.02 2.1 0.078 8.0 15.0 0.99498 3.35 0.62 10.4 1
9.6 0.38 0.42 1.9 0.071 5.0 13.0 0.99659 3.15 0.75 10.5 1
7.1 0.75 0.01 2.2 0.059 11.0 18.0 0.99242 3.39 0.4 12.8 1
7.1 0.6 0.01 2.3 0.079 24.0 37.0 0.99514 3.4 0.61 10.9 1
6.8 0.64 0.0 2.7 0.123 15.0 33.0 0.99538 3.44 0.63 11.3 1
7.1 0.46 0.2 1.9 0.077 28.0 54.0 0.9956 3.37 0.64 10.4 1
7.5 0.63 0.27 2.0 0.083 17.0 91.0 0.99616 3.26 0.58 9.8 1
5.0 0.74 0.0 1.2 0.041 16.0 46.0 0.99258 4.01 0.59 12.5 1
7.4 0.6 0.26 2.1 0.083 17.0 91.0 0.99616 3.29 0.56 9.8 1
7.5 0.57 0.02 2.6 0.077 11.0 35.0 0.99557 3.36 0.62 10.8 1
6.0 0.49 0.0 2.3 0.068 15.0 33.0 0.99292 3.58 0.59 12.5 1
7.6 0.3 0.42 2.0 0.052 6.0 24.0 0.9963 3.44 0.82 11.9 1
7.3 0.67 0.02 2.2 0.072 31.0 92.0 0.99566 3.32 0.68 11.1 1
6.8 0.64 0.03 2.3 0.075 14.0 31.0 0.99545 3.36 0.58 10.4 1
6.2 0.57 0.1 2.1 0.048 4.0 11.0 0.99448 3.44 0.76 10.8 1
6.0 0.42 0.19 2.0 0.075 22.0 47.0 0.99522 3.39 0.78 10.0 1
6.2 0.7 0.15 5.1 0.076 13.0 27.0 0.99622 3.54 0.6 11.9 1
6.3 0.51 0.13 2.3 0.076 29.0 40.0 0.99574 3.42 0.75 11.0 1
