10.7 0.35 0.53 2.6 0.07 5.0 16.0 0.9972 3.15 0.65 11.0 0
5.0 0.42 0.24 2.0 0.06 19.0 50.0 0.9917 3.72 0.74 14.0 0
9.1 0.795 0.0 2.6 0.096 11.0 26.0 0.9994 3.35 0.83 9.4 1
6.8 0.64 0.0 2.7 0.123 15.0 33.0 0.99538 3.44 0.63 11.3 1
8.7 0.69 0.31 3.0 0.086 23.0 81.0 1.0002 3.48 0.74 11.6 1
8.0 0.3 0.63 1.6 0.081 16.0 29.0 0.99588 3.3 0.78 10.8 1
6.8 0.64 0.03 2.3 0.075 14.0 31.0 0.99545 3.36 0.58 10.4 1
8.6 0.645 0.25 2.0 0.083 8.0 28.0 0.99815 3.28 0.6 10.0 1
9.6 0.56 0.31 2.8 0.089 15.0 46.0 0.9979 3.11 0.92 10.0 1
9.1 0.28 0.48 1.8 0.067 26.0 46.0 0.9967 3.32 1.04 10.6 1
7.0 0.54 0.09 2.0 0.081 10.0 16.0 0.99479 3.43 0.59 11.5 1
8.6 0.45 0.31 2.6 0.086 21.0 50.0 0.9982 3.37 0.91 9.9 1
10.4 0.41 0.55 3.2 0.076 22.0 54.0 0.9996 3.15 0.89 9.9 1
8.8 0.3 0.38 2.3 0.06 19.0 72.0 0.99543 3.39 0.72 11.8 1
8.1 0.825 0.24 2.1 0.084 5.0 13.0 0.9972 3.37 0.77 10.7 1
8.7 0.54 0.26 2.5 0.097 7.0 31.0 0.9976 3.27 0.6 9.3 1
10.0 0.46 0.44 2.9 0.065 4.0 8.0 0.99674 3.33 0.62 12.2 1
7.0 0.55 0.13 2.2 0.075 15.0 35.0 0.9959 3.36 0.59 9.7 1
6.5 0.63 0.33 1.8 0.059 16.0 28.0 0.99531 3.36 0.64 10.1 1
7.9 0.58 0.23 2.3 0.076 23.0 94.0 0.99686 3.21 0.58 9.5 1
6.2 0.43 0.22 1.8 0.078 21.0 56.0 0.99633 3.52 0.6 9.5 1
6.5 0.34 0.27 2.8 0.067 8.0 44.0 0.99384 3.21 0.56 12.0 1
7.4 0.68 0.16 1.8 0.078 12.0 39.0 0.9977 3.5 0.7 9.9 1
8.9 0.29 0.35 1.9 0.067 25.0 57.0 0.997 3.18 1.36 10.3 1
6.9 0.51 0.23 2.0 0.072 13.0 22.0 0.99438 3.4 0.84 11.2 1
6.7 0.46 0.24 1.7 0.077 18.0 34.0 0.9948 3.39 0.6 10.6 1
7.2 0.67 0.0 2.2 0.068 10.0 24.0 0.9956 3.42 0.72 11.1 1
7.3 0.305 0.39 1.2 0.059 7.0 11.0 0.99331 3.29 0.52 11.5 1
11.1 0.45 0.73 3.2 0.066 6.0 22.0 0.9986 3.17 0.66 11.2 1
9.0 0.36 0.52 2.1 0.111 5.0 10.0 0.99568 3.31 0.62 11.3 1
11.9 0.39 0.69 2.8 0.095 17.0 35.0 0.9994 3.1 0.61 10.8 1
12.6 0.38 0.66 2.6 0.088 10.0 41.0 1.001 3.17 0.68 9.8 1
6.4 0.79 0.04 2.2 0.061 11.0 17.0 0.99588 3.53 0.65 10.4 1
5.2 0.34 0.0 1.8 0.05 27.0 63.0 0.9916 3.68 0.79 14.0 1
7.5 0.38 0.57 2.3 0.106 5.0 12.0 0.99605 3.36 0.55 11.4 1
6.0 0.58 0.2 2.4 0.075 15.0 50.0 0.99467 3.58 0.67 12.5 1
7.6 0.48 0.31 2.8 0.07 4.0 15.0 0.99693 3.22 0.55 10.3 1
7.2 0.45 0.15 2.0 0.078 10.0 28.0 0.99609 3.29 0.51 9.9 1
7.7 0.43 0.25 2.6 0.073 29.0 63.0 0.99615 3.37 0.58 10.5 1
6.4 0.37 0.25 1.9 0.074 21.0 49.0 0.9974 3.57 0.62 9.8 1
6.3 0.51 0.13 2.3 0.076 29.0 40.0 0.99574 3.42 0.75 11.0 1
10.9 0.39 0.47 1.8 0.118 6.0 14.0 0.9982 3.3 0.75 9.8 1
7.4 0.6 0.26 2.1 0.083 17.0 91.0 0.99616 3.29 0.56 9.8 1
7.0 0.38 0.49 2.5 0.097 33.0 85.0 0.9962 3.39 0.77 11.4 1
7.7 0.6 0.06 2.0 0.079 19.0 41.0 0.99697 3.39 0.62 10.1 1
7.7 0.58 0.1 1.8 0.102 28.0 109.0 0.99565 3.08 0.49 9.8 1
7.8 0.55 0.0 1.7 0.07 7.0 17.0 0.99659 3.26 0.64 9.4 1
12.7 0.59 0.45 2.3 0.082 11.0 22.0 1.0 3.0 0.7 9.3 1
7.8 0.54 0.26 2.0 0.088 23.0 48.0 0.9981 3.41 0.74 9.2 1
6.8 0.56 0.22 1.8 0.074 15.0 24.0 0.99438 3.4 0.82 11.2 1
7.1 0.27 0.6 2.1 0.074 17.0 25.0 0.99814 3.38 0.72 10.6 1
8.0 0.42 0.17 2.0 0.073 6.0 18.0 0.9972 3.29 0.61 9.2 1
10.9 0.53 0.49 4.6 0.118 10.0 17.0 1.0002 3.07 0.56 11.7 1
12.5 0.37 0.55 2.6 0.083 25.0 68.0 0.9995 3.15 0.82 10.4 1
5.6 0.31 0.78 13.9 0.074 23.0 92.0 0.99677 3.39 0.48 10.5 1
7.0 0.43 0.36 1.6 0.089 14.0 37.0 0.99615 3.34 0.56 9.2 1
7.3 0.52 0.32 2.1 0.07 51.0 70.0 0.99418 3.34 0.82 12.9 1
13.0 0.47 0.49 4.3 0.085 6.0 47.0 1.0021 3.3 0.68 12.7 1
7.1 0.59 0.01 2.3 0.08 27.0 43.0 0.9955 3.42 0.58 10.7 1
7.0 0.745 0.12 1.8 0.114 15.0 64.0 0.99588 3.22 0.59 9.5 1
7.7 0.715 0.01 2.1 0.064 31.0 43.0 0.99371 3.41 0.57 11.8 1
10.4 0.34 0.58 3.7 0.174 6.0 16.0 0.997 3.19 0.7 11.3 1
9.3 0.36 0.39 1.5 0.08 41.0 55.0 0.99652 3.47 0.73 10.9 1
11.5 0.18 0.51 4.0 0.104 4.0 23.0 0.9996 3.28 0.97 10.1 1
9.8 0.51 0.19 3.2 0.081 8.0 30.0 0.9984 3.23 0.58 10.5 1
12.6 0.39 0.49 2.5 0.08 8.0 20.0 0.9992 3.07 0.82 10.3 1
