8.6 0.42 0.39 1.8 0.068 6.0 12.0 0.99516 3.35 0.69 11.7 0
7.4 0.36 0.3 1.8 0.074 17.0 24.0 0.99419 3.24 0.7 11.4 0
7.9 0.32 0.51 1.8 0.341 17.0 56.0 0.9969 3.04 1.08 9.2 1
7.5 0.49 0.2 2.6 0.332 8.0 14.0 0.9968 3.21 0.9 10.5 1
6.6 0.5 0.04 2.1 0.068 6.0 14.0 0.9955 3.39 0.64 9.4 1
7.3 0.39 0.31 2.4 0.074 9.0 46.0 0.9962 3.41 0.54 9.4 1
7.8 0.5 0.3 1.9 0.075 8.0 22.0 0.9959 3.31 0.56 10.4 1
5.2 0.34 0.0 1.8 0.05 27.0 63.0 0.9916 3.68 0.79 14.0 1
8.0 0.42 0.17 2.0 0.073 6.0 18.0 0.9972 3.29 0.61 9.2 1
7.9 0.545 0.06 4.0 0.087 27.0 61.0 0.9965 3.36 0.67 10.7 1
7.9 0.53 0.24 2.0 0.072 15.0 105.0 0.996 3.27 0.54 9.4 1
10.0 0.49 0.2 11.0 0.071 13.0 50.0 1.0015 3.16 0.69 9.2 1
10.2 0.36 0.64 2.9 0.122 10.0 41.0 0.998 3.23 0.66 12.5 1
11.5 0.59 0.59 2.6 0.087 13.0 49.0 0.9988 3.18 0.65 11.0 1
12.2 0.48 0.54 2.6 0.085 19.0 64.0 1.0 3.1 0.61 10.5 1
11.9 0.37 0.69 2.3 0.078 12.0 24.0 0.9958 3.0 0.65 12.8 1
11.1 0.45 0.73 3.2 0.066 6.0 22.0 0.9986 3.17 0.66 11.2 1
9.5 0.735 0.1 2.1 0.079 6.0 31.0 0.9986 3.23 0.56 10.1 1
10.3 0.5 0.42 2.0 0.069 21.0 51.0 0.9982 3.16 0.72 11.5 1
8.2 0.42 0.49 2.6 0.084 32.0 55.0 0.9988 3.34 0.75 8.7 1
9.0 0.53 0.49 1.9 0.171 6.0 25.0 0.9975 3.27 0.61 9.4 1
10.9 0.53 0.49 4.6 0.118 10.0 17.0 1.0002 3.07 0.56 11.7 1
7.6 0.51 0.24 2.4 0.091 8.0 38.0 0.998 3.47 0.66 9.6 1
13.2 0.46 0.52 2.2 0.071 12.0 35.0 1.0006 3.1 0.56 9.0 1
6.7 0.42 0.27 8.6 0.068 24.0 148.0 0.9948 3.16 0.57 11.3 1
7.2 0.57 0.06 1.6 0.076 9.0 27.0 0.9972 3.36 0.7 9.6 1
7.0 0.65 0.02 2.1 0.066 8.0 25.0 0.9972 3.47 0.67 9.5 1
9.7 0.31 0.47 1.6 0.062 13.0 33.0 0.9983 3.27 0.66 10.0 1
8.1 0.72 0.09 2.8 0.084 18.0 49.0 0.9994 3.43 0.72 11.1 1
5.9 0.61 0.08 2.1 0.071 16.0 24.0 0.99376 3.56 0.77 11.1 1
9.0 0.8 0.12 2.4 0.083 8.0 28.0 0.99836 3.33 0.65 10.4 1
10.1 0.45 0.23 1.9 0.082 10.0 18.0 0.99774 3.22 0.65 9.3 1
7.1 0.59 0.01 2.3 0.08 27.0 43.0 0.9955 3.42 0.58 10.7 1
9.3 0.38 0.48 3.8 0.132 3.0 11.0 0.99577 3.23 0.57 13.2 1
8.8 0.3 0.38 2.3 0.06 19.0 72.0 0.99543 3.39 0.72 11.8 1
8.8 0.3 0.38 2.3 0.06 19.0 72.0 0.99543 3.39 0.72 11.8 1
8.3 0.34 0.4 2.4 0.065 24.0 48.0 0.99554 3.34 0.86 11.0 1
8.9 0.32 0.31 2.0 0.088 12.0 19.0 0.9957 3.17 0.55 10.4 1
7.2 0.34 0.21 2.5 0.075 41.0 68.0 0.99586 3.37 0.54 10.1 1
6.9 0.49 0.19 1.7 0.079 13.0 26.0 0.99547 3.38 0.64 9.8 1
8.9 0.5 0.21 2.2 0.088 21.0 39.0 0.99692 3.33 0.83 11.1 1
7.7 0.61 0.18 2.4 0.083 6.0 20.0 0.9963 3.29 0.6 10.2 1
10.3 0.27 0.56 1.4 0.047 3.0 8.0 0.99471 3.16 0.51 11.8 1
6.6 0.725 0.09 5.5 0.117 9.0 17.0 0.99655 3.35 0.49 10.8 1
7.9 0.33 0.41 1.5 0.056 6.0 35.0 0.99396 3.29 0.71 11.0 1
7.0 0.69 0.07 2.5 0.091 15.0 21.0 0.99572 3.38 0.6 11.3 1
6.5 0.34 0.27 2.8 0.067 8.0 44.0 0.99384 3.21 0.56 12.0 1
7.1 0.59 0.0 2.2 0.078 26.0 44.0 0.99522 3.42 0.68 10.8 1
8.2 0.35 0.33 2.4 0.076 11.0 47.0 0.99599 3.27 0.81 11.0 1
7.9 0.58 0.23 2.3 0.076 23.0 94.0 0.99686 3.21 0.58 9.5 1
7.9 0.57 0.31 2.0 0.079 10.0 79.0 0.99677 3.29 0.69 9.5 1
9.0 0.39 0.4 1.3 0.044 25.0 50.0 0.99478 3.2 0.83 10.9 1
9.0 0.4 0.41 2.0 0.058 15.0 40.0 0.99414 3.22 0.6 12.2 1
8.2 0.635 0.1 2.1 0.073 25.0 60.0 0.99638 3.29 0.75 10.9 1
6.7 0.46 0.24 1.7 0.077 18.0 34.0 0.9948 3.39 0.6 10.6 1
7.2 0.605 0.02 1.9 0.096 10.0 31.0 0.995 3.46 0.53 11.8 1
8.0 0.77 0.32 2.1 0.079 16.0 74.0 0.99656 3.27 0.5 9.8 1
7.2 0.45 0.15 2.0 0.078 10.0 28.0 0.99609 3.29 0.51 9.9 1
6.9 0.74 0.03 2.3 0.054 7.0 16.0 0.99508 3.45 0.63 11.5 1
6.4 0.79 0.04 2.2 0.061 11.0 17.0 0.99588 3.53 0.65 10.4 1
6.5 0.53 0.06 2.0 0.063 29.0 44.0 0.99489 3.38 0.83 10.3 1
7.1 0.69 0.08 2.1 0.063 42.0 52.0 0.99608 3.42 0.6 10.2 1
7.0 0.55 0.13 2.2 0.075 15.0 35.0 0.9959 3.36 0.59 9.7 1
6.2 0.51 0.14 1.9 0.056 15.0 34.0 0.99396 3.48 0.57 11.5 1
7.4 0.35 0.33 2.4 0.068 9.0 26.0 0.9947 3.36 0.6 11.9 1
