0 0 0 2 2 0.0 0.0 0.0 1.0 64 0 0 0 64 1.0 0.0 0.0 0.0 
0 0 2 0 2 0.0 0.0 1.0 0.0 59 5 0 0 64 0.921875 0.078125 0.0 0.0 
0 0 0 2 2 0.0 0.0 0.0 1.0 64 0 0 0 64 1.0 0.0 0.0 0.0 
0 0 0 2 2 0.0 0.0 0.0 1.0 64 0 0 0 64 1.0 0.0 0.0 0.0 
0 0 0 2 2 0.0 0.0 0.0 1.0 64 0 0 0 64 1.0 0.0 0.0 0.0 
0 0 0 2 2 0.0 0.0 0.0 1.0 64 0 0 0 64 1.0 0.0 0.0 0.0 
0 0 0 2 2 0.0 0.0 0.0 1.0 63 0 0 0 63 1.0 0.0 0.0 0.0 
0 0 0 2 2 0.0 0.0 0.0 1.0 63 0 0 0 63 1.0 0.0 0.0 0.0 
0 0 0 1 1 0.0 0.0 0.0 1.0 64 0 0 0 64 1.0 0.0 0.0 0.0 
0 0 0 1 1 0.0 0.0 0.0 1.0 64 0 0 0 64 1.0 0.0 0.0 0.0 
