@relation  winequality-red-8_vs_6
@attribute FixedAcidity real[4.6,15.9]
@attribute VolatileAcidity real[0.12,1.58]
@attribute CitricAcid real[0.0,1.0]
@attribute ResidualSugar real[0.9,15.5]
@attribute Chlorides real[0.012,0.611]
@attribute FreeSulfurDioxide real[1.0,72.0]
@attribute TotalSulfurDioxide real[6.0,289.0]
@attribute Density real[0.99007,1.00369]
@attribute PH real[2.74,4.01]
@attribute Sulphates real[0.33,2.0]
@attribute Alcohol real[8.4,14.9]
@attribute Class{positive,negative}
@inputs FixedAcidity,VolatileAcidity,CitricAcid,ResidualSugar,Chlorides,FreeSulfurDioxide,TotalSulfurDioxide,Density,PH,Sulphates,Alcohol
@outputs Class
@data
9.4, 0.3, 0.56, 2.8, 0.08, 6.0, 17.0, 0.9964, 3.15, 0.92, 11.7, positive
5.5, 0.49, 0.03, 1.8, 0.044, 28.0, 87.0, 0.9908, 3.5, 0.82, 14.0, positive
8.4, 0.37, 0.53, 1.8, 0.413, 9.0, 26.0, 0.9979, 3.06, 1.06, 9.1, negative
9.8, 0.25, 0.49, 2.7, 0.088, 15.0, 33.0, 0.9982, 3.42, 0.9, 10.0, negative
8.0, 0.33, 0.53, 2.5, 0.091, 18.0, 80.0, 0.9976, 3.37, 0.8, 9.6, negative
7.5, 0.64, 0.0, 2.4, 0.077, 18.0, 29.0, 0.9965, 3.32, 0.6, 10.0, negative
7.8, 0.53, 0.04, 1.7, 0.076, 17.0, 31.0, 0.9964, 3.33, 0.56, 10.0, negative
8.6, 0.53, 0.22, 2.0, 0.1, 7.0, 27.0, 0.9967, 3.2, 0.56, 10.2, negative
7.7, 0.56, 0.08, 2.5, 0.114, 14.0, 46.0, 0.9971, 3.24, 0.66, 9.6, negative
9.0, 0.4, 0.43, 2.4, 0.068, 29.0, 46.0, 0.9943, 3.2, 0.6, 12.2, negative
6.9, 0.74, 0.03, 2.3, 0.054, 7.0, 16.0, 0.99508, 3.45, 0.63, 11.5, negative
12.0, 0.45, 0.55, 2.0, 0.073, 25.0, 49.0, 0.9997, 3.1, 0.76, 10.3, negative
7.5, 0.4, 0.12, 3.0, 0.092, 29.0, 53.0, 0.9967, 3.37, 0.7, 10.3, negative
8.7, 0.63, 0.28, 2.7, 0.096, 17.0, 69.0, 0.99734, 3.26, 0.63, 10.2, negative
10.4, 0.52, 0.45, 2.0, 0.08, 6.0, 13.0, 0.99774, 3.22, 0.76, 11.4, negative
11.9, 0.57, 0.5, 2.6, 0.082, 6.0, 32.0, 1.0006, 3.12, 0.78, 10.7, negative
10.3, 0.27, 0.56, 1.4, 0.047, 3.0, 8.0, 0.99471, 3.16, 0.51, 11.8, negative
12.8, 0.84, 0.63, 2.4, 0.088, 13.0, 35.0, 0.9997, 3.1, 0.6, 10.4, negative
5.2, 0.645, 0.0, 2.15, 0.08, 15.0, 28.0, 0.99444, 3.78, 0.61, 12.5, negative
7.4, 0.785, 0.19, 5.2, 0.094, 19.0, 98.0, 0.99713, 3.16, 0.52, 9.56666666666667, negative
7.9, 0.32, 0.51, 1.8, 0.341, 17.0, 56.0, 0.9969, 3.04, 1.08, 9.2, negative
9.1, 0.68, 0.11, 2.8, 0.093, 11.0, 44.0, 0.99888, 3.31, 0.55, 9.5, negative
7.7, 0.53, 0.06, 1.7, 0.074, 9.0, 39.0, 0.99615, 3.35, 0.48, 9.8, negative
10.0, 0.56, 0.24, 2.2, 0.079, 19.0, 58.0, 0.9991, 3.18, 0.56, 10.1, negative
9.7, 0.295, 0.4, 1.5, 0.073, 14.0, 21.0, 0.99556, 3.14, 0.51, 10.9, negative
7.2, 0.5, 0.18, 2.1, 0.071, 12.0, 31.0, 0.99761, 3.52, 0.72, 9.6, negative
12.9, 0.5, 0.55, 2.8, 0.072, 7.0, 24.0, 1.00012, 3.09, 0.68, 10.9, negative
7.6, 0.43, 0.4, 2.7, 0.082, 6.0, 11.0, 0.99538, 3.44, 0.54, 12.2, negative
7.3, 0.66, 0.0, 2.0, 0.084, 6.0, 23.0, 0.9983, 3.61, 0.96, 9.9, negative
7.0, 0.69, 0.0, 1.9, 0.114, 3.0, 10.0, 0.99636, 3.35, 0.6, 9.7, negative
7.2, 0.57, 0.05, 2.3, 0.081, 16.0, 36.0, 0.99564, 3.38, 0.6, 10.3, negative
6.3, 0.36, 0.19, 3.2, 0.075, 15.0, 39.0, 0.9956, 3.56, 0.52, 12.7, negative
8.2, 0.23, 0.42, 1.9, 0.069, 9.0, 17.0, 0.99376, 3.21, 0.54, 12.3, negative
7.6, 0.36, 0.31, 1.7, 0.079, 26.0, 65.0, 0.99716, 3.46, 0.62, 9.5, negative
11.3, 0.36, 0.66, 2.4, 0.123, 3.0, 8.0, 0.99642, 3.2, 0.53, 11.9, negative
8.3, 0.61, 0.3, 2.1, 0.084, 11.0, 50.0, 0.9972, 3.4, 0.61, 10.2, negative
11.5, 0.315, 0.54, 2.1, 0.084, 5.0, 15.0, 0.9987, 2.98, 0.7, 9.2, negative
9.1, 0.785, 0.0, 2.6, 0.093, 11.0, 28.0, 0.9994, 3.36, 0.86, 9.4, negative
6.8, 0.57, 0.0, 2.5, 0.072, 32.0, 64.0, 0.99491, 3.43, 0.56, 11.2, negative
10.4, 0.55, 0.23, 2.7, 0.091, 18.0, 48.0, 0.9994, 3.22, 0.64, 10.3, negative
6.8, 0.62, 0.08, 1.9, 0.068, 28.0, 38.0, 0.99651, 3.42, 0.82, 9.5, negative
6.6, 0.5, 0.04, 2.1, 0.068, 6.0, 14.0, 0.9955, 3.39, 0.64, 9.4, negative
7.2, 0.63, 0.03, 2.2, 0.08, 17.0, 88.0, 0.99745, 3.53, 0.58, 9.8, negative
8.4, 0.36, 0.32, 2.2, 0.081, 32.0, 79.0, 0.9964, 3.3, 0.72, 11.0, negative
6.6, 0.58, 0.02, 2.4, 0.069, 19.0, 40.0, 0.99387, 3.38, 0.66, 12.6, negative
6.7, 0.42, 0.27, 8.6, 0.068, 24.0, 148.0, 0.9948, 3.16, 0.57, 11.3, negative
9.3, 0.5, 0.36, 1.8, 0.084, 6.0, 17.0, 0.99704, 3.27, 0.77, 10.8, negative
8.2, 0.24, 0.34, 5.1, 0.062, 8.0, 22.0, 0.9974, 3.22, 0.94, 10.9, negative
5.9, 0.55, 0.1, 2.2, 0.062, 39.0, 51.0, 0.99512, 3.52, 0.76, 11.2, negative
7.1, 0.39, 0.12, 2.1, 0.065, 14.0, 24.0, 0.99252, 3.3, 0.53, 13.3, negative
6.4, 0.38, 0.14, 2.2, 0.038, 15.0, 25.0, 0.99514, 3.44, 0.65, 11.1, negative
6.6, 0.44, 0.09, 2.2, 0.063, 9.0, 18.0, 0.99444, 3.42, 0.69, 11.3, negative
7.1, 0.75, 0.01, 2.2, 0.059, 11.0, 18.0, 0.99242, 3.39, 0.4, 12.8, negative
12.4, 0.35, 0.49, 2.6, 0.079, 27.0, 69.0, 0.9994, 3.12, 0.75, 10.4, negative
7.3, 0.67, 0.02, 2.2, 0.072, 31.0, 92.0, 0.99566, 3.32, 0.68, 11.1, negative
7.1, 0.6, 0.0, 1.8, 0.074, 16.0, 34.0, 0.9972, 3.47, 0.7, 9.9, negative
7.9, 0.545, 0.06, 4.0, 0.087, 27.0, 61.0, 0.9965, 3.36, 0.67, 10.7, negative
7.9, 0.4, 0.29, 1.8, 0.157, 1.0, 44.0, 0.9973, 3.3, 0.92, 9.5, negative
6.1, 0.53, 0.08, 1.9, 0.077, 24.0, 45.0, 0.99528, 3.6, 0.68, 10.3, negative
8.2, 0.64, 0.27, 2.0, 0.095, 5.0, 77.0, 0.99747, 3.13, 0.62, 9.1, negative
7.4, 0.62, 0.05, 1.9, 0.068, 24.0, 42.0, 0.9961, 3.42, 0.57, 11.5, negative
7.8, 0.6, 0.14, 2.4, 0.086, 3.0, 15.0, 0.9975, 3.42, 0.6, 10.8, negative
6.6, 0.58, 0.0, 2.2, 0.1, 50.0, 63.0, 0.99544, 3.59, 0.68, 11.4, negative
9.0, 0.53, 0.49, 1.9, 0.171, 6.0, 25.0, 0.9975, 3.27, 0.61, 9.4, negative
8.3, 0.66, 0.15, 1.9, 0.079, 17.0, 42.0, 0.9972, 3.31, 0.54, 9.6, negative
5.9, 0.29, 0.25, 13.4, 0.067, 72.0, 160.0, 0.99721, 3.33, 0.54, 10.3, negative
