10.3 0.32 0.45 6.4 0.073 5.0 13.0 0.9976 3.23 0.82 12.6 0
9.4 0.3 0.56 2.8 0.08 6.0 17.0 0.9964 3.15 0.92 11.7 0
7.8 0.645 0.0 2.0 0.082 8.0 16.0 0.9964 3.38 0.59 9.8 1
7.6 0.51 0.15 2.8 0.11 33.0 73.0 0.9955 3.17 0.63 10.2 1
8.3 0.54 0.28 1.9 0.077 11.0 40.0 0.9978 3.39 0.61 10.0 1
6.9 0.49 0.1 2.3 0.074 12.0 30.0 0.9959 3.42 0.58 10.2 1
7.8 0.735 0.08 2.4 0.092 10.0 41.0 0.9974 3.24 0.71 9.8 1
8.6 0.645 0.25 2.0 0.083 8.0 28.0 0.99815 3.28 0.6 10.0 1
7.2 0.63 0.0 1.9 0.097 14.0 38.0 0.99675 3.37 0.58 9.0 1
8.2 1.0 0.09 2.3 0.065 7.0 37.0 0.99685 3.32 0.55 9.0 1
7.1 0.35 0.29 2.5 0.096 20.0 53.0 0.9962 3.42 0.65 11.0 1
10.6 0.42 0.48 2.7 0.065 5.0 18.0 0.9972 3.21 0.87 11.3 1
10.9 0.39 0.47 1.8 0.118 6.0 14.0 0.9982 3.3 0.75 9.8 1
6.1 0.21 0.4 1.4 0.066 40.5 165.0 0.9912 3.25 0.59 11.9 1
11.4 0.6 0.49 2.7 0.085 10.0 41.0 0.9994 3.15 0.63 10.5 1
8.7 0.31 0.46 1.4 0.059 11.0 25.0 0.9966 3.36 0.76 10.1 1
10.4 0.34 0.58 3.7 0.174 6.0 16.0 0.997 3.19 0.7 11.3 1
11.9 0.4 0.65 2.15 0.068 7.0 27.0 0.9988 3.06 0.68 11.3 1
6.8 0.56 0.03 1.7 0.084 18.0 35.0 0.9968 3.44 0.63 10.0 1
8.7 0.69 0.31 3.0 0.086 23.0 81.0 1.0002 3.48 0.74 11.6 1
6.5 0.39 0.23 8.3 0.051 28.0 91.0 0.9952 3.44 0.55 12.1 1
11.2 0.67 0.55 2.3 0.084 6.0 13.0 1.0 3.17 0.71 9.5 1
10.3 0.27 0.24 2.1 0.072 15.0 33.0 0.9956 3.22 0.66 12.8 1
9.5 0.46 0.49 6.3 0.064 5.0 17.0 0.9988 3.21 0.73 11.0 1
7.6 0.29 0.49 2.7 0.092 25.0 60.0 0.9971 3.31 0.61 10.1 1
6.6 0.39 0.49 1.7 0.07 23.0 149.0 0.9922 3.12 0.5 11.5 1
8.7 0.54 0.26 2.5 0.097 7.0 31.0 0.9976 3.27 0.6 9.3 1
8.0 0.45 0.23 2.2 0.094 16.0 29.0 0.9962 3.21 0.49 10.2 1
7.0 0.65 0.02 2.1 0.066 8.0 25.0 0.9972 3.47 0.67 9.5 1
10.6 1.02 0.43 2.9 0.076 26.0 88.0 0.9984 3.08 0.57 10.1 1
7.2 0.49 0.18 2.7 0.069 13.0 34.0 0.9967 3.29 0.48 9.2 1
7.1 0.59 0.02 2.3 0.082 24.0 94.0 0.99744 3.55 0.53 9.7 1
8.4 0.52 0.22 2.7 0.084 4.0 18.0 0.99682 3.26 0.57 9.9 1
9.3 0.36 0.39 1.5 0.08 41.0 55.0 0.99652 3.47 0.73 10.9 1
5.8 1.01 0.66 2.0 0.039 15.0 88.0 0.99357 3.66 0.6 11.5 1
7.1 0.59 0.01 2.3 0.08 27.0 43.0 0.9955 3.42 0.58 10.7 1
7.3 0.305 0.39 1.2 0.059 7.0 11.0 0.99331 3.29 0.52 11.5 1
8.6 0.315 0.4 2.2 0.079 3.0 6.0 0.99512 3.27 0.67 11.9 1
6.8 0.41 0.31 8.8 0.084 26.0 45.0 0.99824 3.38 0.64 10.1 1
9.4 0.24 0.33 2.3 0.061 52.0 73.0 0.99786 3.47 0.9 10.2 1
9.0 0.36 0.52 2.1 0.111 5.0 10.0 0.99568 3.31 0.62 11.3 1
9.7 0.295 0.4 1.5 0.073 14.0 21.0 0.99556 3.14 0.51 10.9 1
10.2 0.29 0.65 2.4 0.075 6.0 17.0 0.99565 3.22 0.63 11.8 1
8.2 0.74 0.09 2.0 0.067 5.0 10.0 0.99418 3.28 0.57 11.8 1
7.0 0.54 0.09 2.0 0.081 10.0 16.0 0.99479 3.43 0.59 11.5 1
8.4 0.34 0.42 2.1 0.072 23.0 36.0 0.99392 3.11 0.78 12.4 1
10.8 0.47 0.43 2.1 0.171 27.0 66.0 0.9982 3.17 0.76 10.8 1
8.9 0.24 0.39 1.6 0.074 3.0 10.0 0.99698 3.12 0.59 9.5 1
10.4 0.52 0.45 2.0 0.08 6.0 13.0 0.99774 3.22 0.76 11.4 1
6.8 0.65 0.02 2.1 0.078 8.0 15.0 0.99498 3.35 0.62 10.4 1
8.8 0.27 0.46 2.1 0.095 20.0 29.0 0.99488 3.26 0.56 11.3 1
12.6 0.39 0.49 2.5 0.08 8.0 20.0 0.9992 3.07 0.82 10.3 1
7.2 0.53 0.14 2.1 0.064 15.0 29.0 0.99323 3.35 0.61 12.1 1
6.7 0.86 0.07 2.0 0.1 20.0 57.0 0.99598 3.6 0.74 11.7 1
9.9 0.44 0.46 2.2 0.091 10.0 41.0 0.99638 3.18 0.69 11.9 1
11.6 0.475 0.4 1.4 0.091 6.0 28.0 0.99704 3.07 0.65 10.0333333333333 1
7.2 0.67 0.0 2.2 0.068 10.0 24.0 0.9956 3.42 0.72 11.1 1
6.0 0.51 0.0 2.1 0.064 40.0 54.0 0.995 3.54 0.93 10.7 1
6.4 0.47 0.4 2.4 0.071 8.0 19.0 0.9963 3.56 0.73 10.6 1
5.9 0.44 0.0 1.6 0.042 3.0 11.0 0.9944 3.48 0.85 11.7 1
7.4 0.785 0.19 5.2 0.094 19.0 98.0 0.99713 3.16 0.52 9.56666666666667 1
6.4 0.36 0.21 2.2 0.047 26.0 48.0 0.99661 3.47 0.77 9.7 1
7.1 0.53 0.07 1.7 0.071 15.0 24.0 0.9951 3.29 0.66 10.8 1
5.4 0.58 0.08 1.9 0.059 20.0 31.0 0.99484 3.5 0.64 10.2 1
6.4 0.36 0.53 2.2 0.23 19.0 35.0 0.9934 3.37 0.93 12.4 1
