5.0 0.42 0.24 2.0 0.06 19.0 50.0 0.9917 3.72 0.74 14.0 0
7.9 0.54 0.34 2.5 0.076 8.0 17.0 0.99235 3.2 0.72 13.1 0
7.7 0.63 0.08 1.9 0.076 15.0 27.0 0.9967 3.32 0.54 9.5 1
7.9 1.04 0.05 2.2 0.084 13.0 29.0 0.9959 3.22 0.55 9.9 1
11.6 0.44 0.64 2.1 0.059 5.0 15.0 0.998 3.21 0.67 10.2 1
7.8 0.34 0.37 2.0 0.082 24.0 58.0 0.9964 3.34 0.59 9.4 1
8.5 0.37 0.2 2.8 0.09 18.0 58.0 0.998 3.34 0.7 9.6 1
7.2 0.63 0.0 1.9 0.097 14.0 38.0 0.99675 3.37 0.58 9.0 1
6.9 0.54 0.04 3.0 0.077 7.0 27.0 0.9987 3.69 0.91 9.4 1
8.0 0.58 0.28 3.2 0.066 21.0 114.0 0.9973 3.22 0.54 9.4 1
9.1 0.785 0.0 2.6 0.093 11.0 28.0 0.9994 3.36 0.86 9.4 1
7.4 0.63 0.07 2.4 0.09 11.0 37.0 0.9979 3.43 0.76 9.7 1
7.8 0.46 0.26 1.9 0.088 23.0 53.0 0.9981 3.43 0.74 9.2 1
7.7 0.26 0.3 1.7 0.059 20.0 38.0 0.9949 3.29 0.47 10.8 1
9.5 0.78 0.22 1.9 0.077 6.0 32.0 0.9988 3.26 0.56 10.6 1
9.2 0.43 0.52 2.3 0.083 14.0 23.0 0.9976 3.35 0.61 11.3 1
9.6 0.54 0.42 2.4 0.081 25.0 52.0 0.997 3.2 0.71 11.4 1
10.5 0.28 0.51 1.7 0.08 10.0 24.0 0.9982 3.2 0.89 9.4 1
10.0 0.59 0.31 2.2 0.09 26.0 62.0 0.9994 3.18 0.63 10.2 1
10.0 0.48 0.24 2.7 0.102 13.0 32.0 1.0 3.28 0.56 10.0 1
6.2 0.36 0.24 2.2 0.095 19.0 42.0 0.9946 3.57 0.57 11.7 1
10.6 0.31 0.49 2.2 0.063 18.0 40.0 0.9976 3.14 0.51 9.8 1
8.5 0.585 0.18 2.1 0.078 5.0 30.0 0.9967 3.2 0.48 9.8 1
8.3 0.6 0.13 2.6 0.085 6.0 24.0 0.9984 3.31 0.59 9.2 1
10.1 0.65 0.37 5.1 0.11 11.0 65.0 1.0026 3.32 0.64 10.4 1
6.3 0.36 0.19 3.2 0.075 15.0 39.0 0.9956 3.56 0.52 12.7 1
8.7 0.54 0.26 2.5 0.097 7.0 31.0 0.9976 3.27 0.6 9.3 1
6.4 0.865 0.03 3.2 0.071 27.0 58.0 0.995 3.61 0.49 12.7 1
7.2 0.5 0.18 2.1 0.071 12.0 31.0 0.99761 3.52 0.72 9.6 1
9.2 0.67 0.1 3.0 0.091 12.0 48.0 0.99888 3.31 0.54 9.5 1
7.4 0.37 0.43 2.6 0.082 18.0 82.0 0.99708 3.33 0.68 9.7 1
12.9 0.5 0.55 2.8 0.072 7.0 24.0 1.00012 3.09 0.68 10.9 1
9.8 0.51 0.19 3.2 0.081 8.0 30.0 0.9984 3.23 0.58 10.5 1
5.9 0.61 0.08 2.1 0.071 16.0 24.0 0.99376 3.56 0.77 11.1 1
9.3 0.36 0.39 1.5 0.08 41.0 55.0 0.99652 3.47 0.73 10.9 1
7.7 0.715 0.01 2.1 0.064 31.0 43.0 0.99371 3.41 0.57 11.8 1
8.8 0.61 0.19 4.0 0.094 30.0 69.0 0.99787 3.22 0.5 10.0 1
7.4 0.52 0.13 2.4 0.078 34.0 61.0 0.99528 3.43 0.59 10.8 1
9.1 0.28 0.46 9.0 0.114 3.0 9.0 0.99901 3.18 0.6 10.9 1
7.3 0.305 0.39 1.2 0.059 7.0 11.0 0.99331 3.29 0.52 11.5 1
8.4 0.36 0.32 2.2 0.081 32.0 79.0 0.9964 3.3 0.72 11.0 1
7.6 0.43 0.4 2.7 0.082 6.0 11.0 0.99538 3.44 0.54 12.2 1
8.2 0.32 0.42 2.3 0.098 3.0 9.0 0.99506 3.27 0.55 12.3 1
7.9 0.34 0.42 2.0 0.086 8.0 19.0 0.99546 3.35 0.6 11.4 1
6.1 0.48 0.09 1.7 0.078 18.0 30.0 0.99402 3.45 0.54 11.2 1
8.0 0.48 0.34 2.2 0.073 16.0 25.0 0.9936 3.28 0.66 12.4 1
8.0 0.25 0.43 1.7 0.067 22.0 50.0 0.9946 3.38 0.6 11.9 1
10.4 0.52 0.45 2.0 0.08 6.0 13.0 0.99774 3.22 0.76 11.4 1
9.7 0.42 0.46 2.1 0.074 5.0 16.0 0.99649 3.27 0.74 12.3 1
8.2 0.34 0.37 1.9 0.057 43.0 74.0 0.99408 3.23 0.81 12.0 1
7.7 0.18 0.34 2.7 0.066 15.0 58.0 0.9947 3.37 0.78 11.8 1
7.1 0.75 0.01 2.2 0.059 11.0 18.0 0.99242 3.39 0.4 12.8 1
7.2 0.57 0.05 2.3 0.081 16.0 36.0 0.99564 3.38 0.6 10.3 1
7.2 0.57 0.05 2.3 0.081 16.0 36.0 0.99564 3.38 0.6 10.3 1
7.0 0.69 0.0 1.9 0.114 3.0 10.0 0.99636 3.35 0.6 9.7 1
7.5 0.63 0.27 2.0 0.083 17.0 91.0 0.99616 3.26 0.58 9.8 1
7.3 0.43 0.24 2.5 0.078 27.0 67.0 0.99648 3.6 0.59 11.1 1
11.6 0.475 0.4 1.4 0.091 6.0 28.0 0.99704 3.07 0.65 10.0333333333333 1
6.0 0.51 0.0 2.1 0.064 40.0 54.0 0.995 3.54 0.93 10.7 1
7.0 0.54 0.0 2.1 0.079 39.0 55.0 0.9956 3.39 0.84 11.4 1
7.0 0.43 0.02 1.9 0.08 15.0 28.0 0.99492 3.35 0.81 10.6 1
7.5 0.38 0.57 2.3 0.106 5.0 12.0 0.99605 3.36 0.55 11.4 1
6.6 0.44 0.09 2.2 0.063 9.0 18.0 0.99444 3.42 0.69 11.3 1
6.4 0.38 0.14 2.2 0.038 15.0 25.0 0.99514 3.44 0.65 11.1 1
5.8 0.61 0.11 1.8 0.066 18.0 28.0 0.99483 3.55 0.66 10.9 1
5.4 0.74 0.09 1.7 0.089 16.0 26.0 0.99402 3.67 0.56 11.6 1
