12.6 0.31 0.72 2.2 0.072 6.0 29.0 0.9987 2.88 0.82 9.8 0
6.3 0.3 0.48 1.8 0.069 18.0 61.0 0.9959 3.44 0.78 10.3 1
8.6 0.49 0.28 1.9 0.11 20.0 136.0 0.9972 2.93 1.95 9.9 1
8.1 0.545 0.18 1.9 0.08 13.0 35.0 0.9972 3.3 0.59 9.0 1
8.8 0.55 0.04 2.2 0.119 14.0 56.0 0.9962 3.21 0.6 10.9 1
7.0 0.69 0.08 1.8 0.097 22.0 89.0 0.9959 3.34 0.54 9.2 1
8.0 0.42 0.17 2.0 0.073 6.0 18.0 0.9972 3.29 0.61 9.2 1
8.9 0.59 0.5 2.0 0.337 27.0 81.0 0.9964 3.04 1.61 9.5 1
8.0 0.38 0.06 1.8 0.078 12.0 49.0 0.99625 3.37 0.52 9.9 1
7.3 0.66 0.0 2.0 0.084 6.0 23.0 0.9983 3.61 0.96 9.9 1
11.1 0.18 0.48 1.5 0.068 7.0 15.0 0.9973 3.22 0.64 10.1 1
10.0 0.49 0.2 11.0 0.071 13.0 50.0 1.0015 3.16 0.69 9.2 1
6.7 0.75 0.01 2.4 0.078 17.0 32.0 0.9955 3.55 0.61 12.8 1
8.6 0.45 0.31 2.6 0.086 21.0 50.0 0.9982 3.37 0.91 9.9 1
14.0 0.41 0.63 3.8 0.089 6.0 47.0 1.0014 3.01 0.81 10.8 1
11.5 0.59 0.59 2.6 0.087 13.0 49.0 0.9988 3.18 0.65 11.0 1
8.6 0.53 0.22 2.0 0.1 7.0 27.0 0.9967 3.2 0.56 10.2 1
12.5 0.37 0.55 2.6 0.083 25.0 68.0 0.9995 3.15 0.82 10.4 1
10.9 0.21 0.49 2.8 0.088 11.0 32.0 0.9972 3.22 0.68 11.7 1
9.8 0.25 0.49 2.7 0.088 15.0 33.0 0.9982 3.42 0.9 10.0 1
7.0 0.38 0.49 2.5 0.097 33.0 85.0 0.9962 3.39 0.77 11.4 1
9.1 0.22 0.24 2.1 0.078 1.0 28.0 0.999 3.41 0.87 10.3 1
9.1 0.22 0.24 2.1 0.078 1.0 28.0 0.999 3.41 0.87 10.3 1
9.8 0.5 0.49 2.6 0.25 5.0 20.0 0.999 3.31 0.79 10.7 1
8.8 0.48 0.41 3.3 0.092 26.0 52.0 0.9982 3.31 0.53 10.5 1
9.2 0.755 0.18 2.2 0.148 10.0 103.0 0.9969 2.87 1.36 10.2 1
10.1 0.28 0.46 1.8 0.05 5.0 13.0 0.9974 3.04 0.79 10.2 1
7.0 0.65 0.02 2.1 0.066 8.0 25.0 0.9972 3.47 0.67 9.5 1
7.3 0.51 0.18 2.1 0.07 12.0 28.0 0.99768 3.52 0.73 9.5 1
7.1 0.61 0.02 2.5 0.081 17.0 87.0 0.99745 3.48 0.6 9.7 1
6.8 0.56 0.22 1.8 0.074 15.0 24.0 0.99438 3.4 0.82 11.2 1
6.1 0.56 0.0 2.2 0.079 6.0 9.0 0.9948 3.59 0.54 11.5 1
8.4 0.36 0.32 2.2 0.081 32.0 79.0 0.9964 3.3 0.72 11.0 1
8.5 0.47 0.27 1.9 0.058 18.0 38.0 0.99518 3.16 0.85 11.1 1
7.3 0.52 0.32 2.1 0.07 51.0 70.0 0.99418 3.34 0.82 12.9 1
7.4 0.58 0.0 2.0 0.064 7.0 11.0 0.99562 3.45 0.58 11.3 1
7.7 0.6 0.06 2.0 0.079 19.0 41.0 0.99697 3.39 0.62 10.1 1
8.0 0.18 0.37 0.9 0.049 36.0 109.0 0.99007 2.89 0.44 12.7 1
7.9 0.31 0.32 1.9 0.066 14.0 36.0 0.99364 3.41 0.56 12.6 1
6.4 0.39 0.33 3.3 0.046 12.0 53.0 0.99294 3.36 0.62 12.2 1
7.4 0.49 0.27 2.1 0.071 14.0 25.0 0.99388 3.35 0.63 12.0 1
9.1 0.6 0.0 1.9 0.058 5.0 10.0 0.9977 3.18 0.63 10.4 1
10.0 0.35 0.47 2.0 0.061 6.0 11.0 0.99585 3.23 0.52 12.0 1
6.1 0.58 0.23 2.5 0.044 16.0 70.0 0.99352 3.46 0.65 12.5 1
7.6 0.36 0.31 1.7 0.079 26.0 65.0 0.99716 3.46 0.62 9.5 1
8.2 0.35 0.33 2.4 0.076 11.0 47.0 0.99599 3.27 0.81 11.0 1
10.2 0.4 0.4 2.5 0.068 41.0 54.0 0.99754 3.38 0.86 10.5 1
7.0 0.745 0.12 1.8 0.114 15.0 64.0 0.99588 3.22 0.59 9.5 1
7.8 0.55 0.0 1.7 0.07 7.0 17.0 0.99659 3.26 0.64 9.4 1
10.4 0.43 0.5 2.3 0.068 13.0 19.0 0.996 3.1 0.87 11.4 1
6.9 0.41 0.31 2.0 0.079 21.0 51.0 0.99668 3.47 0.55 9.5 1
8.0 0.715 0.22 2.3 0.075 13.0 81.0 0.99688 3.24 0.54 9.5 1
5.7 0.6 0.0 1.4 0.063 11.0 18.0 0.99191 3.45 0.56 12.2 1
9.1 0.37 0.32 2.1 0.064 4.0 15.0 0.99576 3.3 0.8 11.2 1
7.0 0.36 0.21 2.4 0.086 24.0 69.0 0.99556 3.4 0.53 10.1 1
6.7 0.46 0.24 1.7 0.077 18.0 34.0 0.9948 3.39 0.6 10.6 1
7.5 0.51 0.02 1.7 0.084 13.0 31.0 0.99538 3.36 0.54 10.5 1
7.5 0.57 0.02 2.6 0.077 11.0 35.0 0.99557 3.36 0.62 10.8 1
7.3 0.67 0.02 2.2 0.072 31.0 92.0 0.99566 3.32 0.68 11.0666666666667 1
6.9 0.63 0.01 2.4 0.076 14.0 39.0 0.99522 3.34 0.53 10.8 1
6.2 0.44 0.39 2.5 0.077 6.0 14.0 0.99555 3.51 0.69 11.0 1
7.9 0.29 0.49 2.2 0.096 21.0 59.0 0.99714 3.31 0.67 10.1 1
6.7 0.855 0.02 1.9 0.064 29.0 38.0 0.99472 3.3 0.56 10.75 1
7.5 0.31 0.41 2.4 0.065 34.0 60.0 0.99492 3.34 0.85 11.4 1
6.8 0.62 0.08 1.9 0.068 28.0 38.0 0.99651 3.42 0.82 9.5 1
