-109.0 267.0 0
-99.0 -384.0 0
-342.0 -12.0 0
117.0 116.0 0
71.0 76.0 0
-87.0 -39.0 0
-86.0 21.0 0
32.0 -96.0 0
299.0 -109.0 0
-22.0 265.0 0
135.0 29.0 0
334.0 152.0 0
223.0 96.0 0
-199.0 -62.0 0
-163.0 212.0 0
-78.0 -189.0 0
-73.0 -144.0 0
-150.0 144.0 0
222.0 -141.0 0
117.0 -7.0 0
-300.0 -334.0 1
251.0 -73.0 1
-404.0 203.0 1
-413.0 -351.0 1
232.0 98.0 1
-533.0 -359.0 1
35.0 -351.0 1
497.0 -95.0 1
430.0 -210.0 1
-154.0 278.0 1
332.0 107.0 1
-162.0 40.0 1
22.0 191.0 1
412.0 242.0 1
456.0 294.0 1
246.0 -303.0 1
-14.0 381.0 1
488.0 -300.0 1
-177.0 -268.0 1
56.0 -94.0 1
-381.0 60.0 1
11.0 -273.0 1
-510.0 207.0 1
167.0 -301.0 1
-275.0 334.0 1
-55.0 315.0 1
-443.0 289.0 1
-329.0 157.0 1
-337.0 177.0 1
102.0 -363.0 1
-397.0 1.0 1
402.0 -24.0 1
-554.0 81.0 1
134.0 182.0 1
526.0 332.0 1
-568.0 -400.0 1
479.0 90.0 1
-384.0 -195.0 1
-440.0 -308.0 1
-360.0 322.0 1
-127.0 126.0 1
90.0 284.0 1
348.0 -199.0 1
118.0 39.0 1
5.0 -248.0 1
450.0 -384.0 1
-513.0 -150.0 1
37.0 237.0 1
-123.0 68.0 1
-290.0 -367.0 1
51.0 -178.0 1
490.0 -319.0 1
200.0 227.0 1
-303.0 -287.0 1
249.0 289.0 1
79.0 -296.0 1
-175.0 204.0 1
279.0 -165.0 1
413.0 397.0 1
-228.0 -115.0 1
-283.0 406.0 1
-231.0 330.0 1
300.0 390.0 1
296.0 356.0 1
179.0 352.0 1
-241.0 -282.0 1
-311.0 79.0 1
377.0 259.0 1
503.0 145.0 1
-414.0 307.0 1
-531.0 -113.0 1
-147.0 154.0 1
473.0 -69.0 1
486.0 -382.0 1
-463.0 -256.0 1
511.0 168.0 1
71.0 111.0 1
-476.0 406.0 1
-280.0 -128.0 1
330.0 -106.0 1
440.0 -299.0 1
183.0 295.0 1
42.0 320.0 1
456.0 -101.0 1
-320.0 -85.0 1
462.0 327.0 1
134.0 171.0 1
38.0 -252.0 1
-128.0 365.0 1
251.0 -361.0 1
-171.0 121.0 1
302.0 -288.0 1
477.0 -177.0 1
-216.0 89.0 1
-460.0 79.0 1
-490.0 35.0 1
-216.0 -361.0 1
59.0 408.0 1
159.0 -262.0 1
188.0 188.0 1
-97.0 -390.0 1
36.0 -300.0 1
382.0 -401.0 1
-413.0 -266.0 1
348.0 136.0 1
-529.0 197.0 1
-477.0 -175.0 1
-514.0 -109.0 1
-419.0 -47.0 1
-521.0 -310.0 1
445.0 -63.0 1
330.0 -132.0 1
-282.0 -239.0 1
-360.0 251.0 1
313.0 2.0 1
118.0 345.0 1
351.0 -358.0 1
-156.0 -139.0 1
-90.0 408.0 1
260.0 -2.0 1
-463.0 -72.0 1
419.0 -175.0 1
522.0 286.0 1
35.0 396.0 1
448.0 351.0 1
-291.0 -93.0 1
8.0 -352.0 1
-222.0 -308.0 1
-538.0 377.0 1
-551.0 -315.0 1
347.0 -30.0 1
50.0 255.0 1
207.0 -15.0 1
184.0 -56.0 1
293.0 -267.0 1
57.0 -3.0 1
334.0 -234.0 1
310.0 180.0 1
-464.0 -220.0 1
374.0 260.0 1
