329.0 210.0 0
-40.0 162.0 0
-32.0 -226.0 0
234.0 249.0 0
-78.0 -189.0 0
32.0 -96.0 0
133.0 114.0 0
115.0 100.0 0
-199.0 -62.0 0
-73.0 -144.0 0
259.0 -133.0 1
-384.0 -195.0 1
51.0 -178.0 1
263.0 -413.0 1
535.0 326.0 1
427.0 201.0 1
-37.0 401.0 1
-540.0 -286.0 1
-476.0 373.0 1
330.0 -106.0 1
-486.0 384.0 1
-548.0 0.0 1
510.0 -124.0 1
348.0 -199.0 1
-206.0 -309.0 1
-263.0 270.0 1
-162.0 249.0 1
-472.0 -1.0 1
-347.0 169.0 1
368.0 -64.0 1
382.0 -401.0 1
-254.0 -234.0 1
448.0 -172.0 1
-290.0 -367.0 1
56.0 227.0 1
477.0 -177.0 1
-128.0 -393.0 1
479.0 -153.0 1
-538.0 -165.0 1
519.0 -217.0 1
448.0 351.0 1
-460.0 79.0 1
-381.0 60.0 1
116.0 -387.0 1
240.0 224.0 1
-90.0 125.0 1
-331.0 168.0 1
-31.0 361.0 1
416.0 -286.0 1
95.0 322.0 1
-573.0 360.0 1
199.0 249.0 1
-401.0 -147.0 1
-175.0 204.0 1
351.0 -358.0 1
11.0 -273.0 1
102.0 -363.0 1
-305.0 244.0 1
-444.0 -311.0 1
490.0 366.0 1
-354.0 46.0 1
225.0 -327.0 1
234.0 -120.0 1
-224.0 -365.0 1
271.0 -136.0 1
102.0 -263.0 1
134.0 44.0 1
260.0 -2.0 1
410.0 319.0 1
-273.0 -276.0 1
-252.0 169.0 1
-311.0 79.0 1
51.0 -201.0 1
-183.0 94.0 1
-413.0 238.0 1
-443.0 368.0 1
-490.0 35.0 1
446.0 274.0 1
334.0 -234.0 1
191.0 -304.0 1
