335.0 170.0 0
158.0 192.0 0
-68.0 157.0 0
-37.0 105.0 0
-367.0 12.0 0
-145.0 5.0 0
-327.0 19.0 0
-135.0 -239.0 0
98.0 -53.0 0
-176.0 -268.0 0
315.0 -325.0 1
488.0 -300.0 1
-486.0 -291.0 1
441.0 -128.0 1
239.0 -59.0 1
268.0 -399.0 1
207.0 -15.0 1
447.0 149.0 1
71.0 -176.0 1
420.0 258.0 1
490.0 166.0 1
-413.0 -351.0 1
355.0 -42.0 1
18.0 75.0 1
-369.0 29.0 1
226.0 -214.0 1
486.0 -382.0 1
437.0 -367.0 1
251.0 -73.0 1
36.0 -296.0 1
435.0 -367.0 1
-16.0 220.0 1
479.0 90.0 1
-281.0 -345.0 1
-568.0 -400.0 1
-500.0 -23.0 1
434.0 -10.0 1
101.0 253.0 1
527.0 261.0 1
394.0 -91.0 1
-231.0 330.0 1
12.0 388.0 1
-510.0 207.0 1
-216.0 -361.0 1
-453.0 -153.0 1
57.0 -3.0 1
528.0 196.0 1
119.0 376.0 1
278.0 147.0 1
322.0 -290.0 1
267.0 259.0 1
296.0 356.0 1
327.0 365.0 1
60.0 231.0 1
-328.0 216.0 1
310.0 180.0 1
399.0 273.0 1
184.0 -56.0 1
475.0 -286.0 1
59.0 -240.0 1
-9.0 311.0 1
35.0 -351.0 1
134.0 182.0 1
97.0 182.0 1
490.0 -319.0 1
-399.0 -259.0 1
-521.0 -310.0 1
-525.0 260.0 1
-413.0 -266.0 1
-330.0 -115.0 1
337.0 -189.0 1
77.0 -140.0 1
188.0 239.0 1
203.0 -285.0 1
391.0 -35.0 1
-537.0 -147.0 1
489.0 115.0 1
511.0 168.0 1
-404.0 203.0 1
464.0 -102.0 1
