-22.0 265.0 0
-164.0 -253.0 0
-299.0 79.0 0
153.0 195.0 0
-14.0 13.0 0
-73.0 -47.0 0
8.0 -255.0 0
193.0 -53.0 0
-150.0 144.0 0
-123.0 391.0 0
-290.0 -367.0 1
251.0 -97.0 1
-408.0 306.0 1
-448.0 -407.0 1
207.0 -15.0 1
-568.0 -400.0 1
102.0 -363.0 1
489.0 -158.0 1
442.0 -244.0 1
-148.0 320.0 1
348.0 136.0 1
-148.0 62.0 1
-35.0 275.0 1
412.0 143.0 1
399.0 273.0 1
251.0 -361.0 1
-37.0 401.0 1
521.0 -208.0 1
-145.0 -157.0 1
-43.0 -31.0 1
-405.0 22.0 1
-4.0 -261.0 1
-451.0 137.0 1
137.0 -304.0 1
-313.0 247.0 1
-377.0 141.0 1
104.0 -270.0 1
464.0 -39.0 1
-486.0 -22.0 1
134.0 171.0 1
484.0 368.0 1
-491.0 -276.0 1
489.0 115.0 1
-321.0 -200.0 1
-384.0 349.0 1
-120.0 144.0 1
50.0 255.0 1
324.0 -154.0 1
158.0 14.0 1
-13.0 -361.0 1
470.0 -319.0 1
-531.0 -113.0 1
71.0 111.0 1
-538.0 377.0 1
-231.0 -331.0 1
249.0 289.0 1
-307.0 -242.0 1
323.0 -105.0 1
346.0 352.0 1
-280.0 -128.0 1
190.0 405.0 1
118.0 345.0 1
-181.0 122.0 1
-201.0 219.0 1
406.0 -276.0 1
377.0 259.0 1
35.0 396.0 1
-324.0 -121.0 1
425.0 -111.0 1
-97.0 -390.0 1
-92.0 358.0 1
285.0 -358.0 1
377.0 162.0 1
-414.0 24.0 1
-413.0 -266.0 1
-572.0 411.0 1
-464.0 -220.0 1
-552.0 -218.0 1
312.0 3.0 1
293.0 -267.0 1
