71.0 76.0 0
31.0 187.0 0
60.0 60.0 0
33.0 129.0 0
-332.0 -61.0 0
61.0 -63.0 0
32.0 -29.0 0
-99.0 -384.0 0
135.0 29.0 0
-230.0 67.0 0
446.0 -204.0 1
37.0 237.0 1
-11.0 -378.0 1
522.0 286.0 1
386.0 318.0 1
-514.0 71.0 1
-262.0 -238.0 1
496.0 99.0 1
-1.0 -172.0 1
51.0 78.0 1
-411.0 -330.0 1
-165.0 81.0 1
311.0 -273.0 1
-463.0 -256.0 1
-498.0 -205.0 1
53.0 153.0 1
-73.0 386.0 1
-283.0 406.0 1
399.0 260.0 1
265.0 402.0 1
285.0 -116.0 1
377.0 162.0 1
467.0 -286.0 1
-370.0 -211.0 1
332.0 107.0 1
-414.0 307.0 1
233.0 -39.0 1
450.0 -384.0 1
251.0 -361.0 1
200.0 227.0 1
29.0 328.0 1
-165.0 347.0 1
54.0 -156.0 1
-5.0 -310.0 1
347.0 -30.0 1
-398.0 -394.0 1
305.0 -103.0 1
-403.0 78.0 1
-123.0 -51.0 1
-24.0 320.0 1
-168.0 85.0 1
-5.0 -242.0 1
-494.0 301.0 1
496.0 -247.0 1
379.0 372.0 1
-340.0 310.0 1
70.0 -302.0 1
-446.0 104.0 1
443.0 -202.0 1
-194.0 287.0 1
-491.0 -276.0 1
-480.0 -178.0 1
-264.0 -390.0 1
-378.0 -86.0 1
-479.0 10.0 1
118.0 345.0 1
374.0 260.0 1
-572.0 -52.0 1
118.0 39.0 1
148.0 -246.0 1
-55.0 315.0 1
-151.0 162.0 1
348.0 -112.0 1
147.0 184.0 1
377.0 259.0 1
478.0 -303.0 1
477.0 -29.0 1
-414.0 24.0 1
321.0 -380.0 1
-73.0 98.0 1
