-186.0 82.0 0
-139.0 113.0 0
-72.0 223.0 0
27.0 76.0 0
-226.0 75.0 0
-147.0 264.0 0
-73.0 -47.0 0
-87.0 -39.0 0
-136.0 172.0 0
-22.0 265.0 0
-529.0 197.0 1
300.0 390.0 1
-451.0 137.0 1
379.0 376.0 1
-265.0 -177.0 1
-206.0 -334.0 1
473.0 -69.0 1
129.0 -43.0 1
375.0 -90.0 1
137.0 -304.0 1
-313.0 247.0 1
433.0 -46.0 1
261.0 -62.0 1
-537.0 121.0 1
-351.0 153.0 1
16.0 309.0 1
2.0 -279.0 1
36.0 -300.0 1
-149.0 280.0 1
324.0 88.0 1
-191.0 291.0 1
166.0 -309.0 1
-9.0 411.0 1
-429.0 -204.0 1
-531.0 -113.0 1
162.0 284.0 1
-8.0 216.0 1
380.0 -365.0 1
377.0 22.0 1
66.0 -202.0 1
-195.0 269.0 1
-365.0 278.0 1
247.0 -109.0 1
150.0 19.0 1
483.0 -89.0 1
-309.0 -268.0 1
246.0 -303.0 1
-505.0 -248.0 1
-363.0 -80.0 1
23.0 368.0 1
-563.0 -111.0 1
-9.0 -8.0 1
-321.0 -200.0 1
347.0 -124.0 1
-513.0 -150.0 1
-540.0 390.0 1
-147.0 154.0 1
-551.0 -129.0 1
73.0 240.0 1
464.0 25.0 1
330.0 -132.0 1
383.0 411.0 1
-531.0 132.0 1
324.0 -154.0 1
58.0 -391.0 1
-525.0 153.0 1
490.0 -14.0 1
-551.0 -315.0 1
-384.0 349.0 1
432.0 199.0 1
346.0 352.0 1
521.0 -208.0 1
-517.0 -336.0 1
-9.0 -183.0 1
25.0 -60.0 1
-247.0 -79.0 1
518.0 -326.0 1
398.0 48.0 1
-205.0 -134.0 1
292.0 80.0 1
