50.0 17.0 0
-50.0 166.0 0
-127.0 -31.0 0
-14.0 13.0 0
-167.0 403.0 0
-123.0 391.0 0
67.0 -164.0 0
-150.0 144.0 0
299.0 -109.0 0
193.0 -53.0 0
401.0 -391.0 1
-554.0 81.0 1
-216.0 89.0 1
412.0 242.0 1
445.0 -63.0 1
-391.0 71.0 1
-222.0 -171.0 1
-29.0 351.0 1
-76.0 35.0 1
139.0 46.0 1
216.0 360.0 1
371.0 -122.0 1
216.0 54.0 1
243.0 390.0 1
-433.0 11.0 1
496.0 -121.0 1
-24.0 346.0 1
133.0 287.0 1
179.0 352.0 1
-171.0 57.0 1
-233.0 -106.0 1
-357.0 -222.0 1
-159.0 258.0 1
-133.0 -358.0 1
457.0 279.0 1
4.0 -297.0 1
-564.0 -386.0 1
232.0 296.0 1
-183.0 370.0 1
452.0 -128.0 1
-201.0 219.0 1
-420.0 57.0 1
513.0 -38.0 1
523.0 76.0 1
-536.0 -123.0 1
145.0 -223.0 1
107.0 219.0 1
-231.0 -331.0 1
163.0 269.0 1
230.0 219.0 1
42.0 320.0 1
260.0 1.0 1
38.0 -252.0 1
159.0 -262.0 1
304.0 325.0 1
-236.0 -163.0 1
533.0 -93.0 1
523.0 369.0 1
-264.0 -164.0 1
-280.0 -128.0 1
-266.0 -180.0 1
190.0 405.0 1
-540.0 -368.0 1
323.0 -105.0 1
274.0 303.0 1
71.0 111.0 1
-425.0 -263.0 1
12.0 -372.0 1
249.0 289.0 1
-333.0 -308.0 1
286.0 318.0 1
455.0 -117.0 1
-14.0 381.0 1
-303.0 -354.0 1
421.0 116.0 1
42.0 -314.0 1
-405.0 -270.0 1
357.0 182.0 1
-252.0 104.0 1
-92.0 370.0 1
