133.0 114.0 0
-87.0 -39.0 0
115.0 100.0 0
-99.0 -384.0 0
135.0 29.0 0
67.0 -164.0 0
-150.0 144.0 0
-176.0 -268.0 0
-199.0 -62.0 0
-96.0 -18.0 0
-60.0 19.0 0
299.0 -109.0 0
-373.0 13.0 0
-136.0 172.0 0
218.0 -59.0 0
-73.0 -144.0 0
193.0 -53.0 0
-230.0 67.0 0
-22.0 265.0 0
212.0 -154.0 0
-337.0 177.0 1
490.0 -319.0 1
425.0 -211.0 1
473.0 162.0 1
-170.0 76.0 1
-538.0 377.0 1
120.0 -20.0 1
464.0 -39.0 1
102.0 -263.0 1
-467.0 90.0 1
196.0 -387.0 1
134.0 44.0 1
260.0 -2.0 1
410.0 319.0 1
-273.0 -276.0 1
26.0 96.0 1
398.0 334.0 1
526.0 332.0 1
-399.0 -259.0 1
-272.0 231.0 1
5.0 -248.0 1
111.0 343.0 1
-252.0 169.0 1
-360.0 322.0 1
118.0 39.0 1
-374.0 -107.0 1
-333.0 -308.0 1
286.0 318.0 1
-454.0 239.0 1
54.0 172.0 1
-311.0 79.0 1
455.0 -117.0 1
148.0 -246.0 1
-521.0 -310.0 1
490.0 -14.0 1
-226.0 384.0 1
-525.0 260.0 1
297.0 -55.0 1
-55.0 315.0 1
462.0 327.0 1
-151.0 162.0 1
-404.0 -73.0 1
444.0 -38.0 1
348.0 -112.0 1
-14.0 381.0 1
96.0 -282.0 1
-551.0 -315.0 1
-524.0 -409.0 1
-320.0 -85.0 1
-413.0 -266.0 1
-330.0 -115.0 1
147.0 184.0 1
-223.0 -365.0 1
-487.0 303.0 1
-395.0 -280.0 1
70.0 380.0 1
-567.0 -84.0 1
-291.0 218.0 1
-398.0 -335.0 1
79.0 -296.0 1
337.0 -189.0 1
-160.0 80.0 1
317.0 -305.0 1
-384.0 349.0 1
522.0 342.0 1
125.0 279.0 1
-498.0 80.0 1
-463.0 -72.0 1
432.0 199.0 1
448.0 28.0 1
-282.0 -239.0 1
-287.0 367.0 1
346.0 352.0 1
521.0 -208.0 1
51.0 -201.0 1
377.0 259.0 1
-402.0 214.0 1
-183.0 94.0 1
-448.0 -407.0 1
-517.0 -336.0 1
-303.0 -354.0 1
-413.0 238.0 1
-9.0 -183.0 1
421.0 116.0 1
-443.0 368.0 1
-259.0 -69.0 1
77.0 -140.0 1
162.0 359.0 1
-490.0 35.0 1
446.0 274.0 1
-324.0 -121.0 1
188.0 239.0 1
478.0 -303.0 1
334.0 -234.0 1
-365.0 -311.0 1
-142.0 67.0 1
-544.0 132.0 1
-445.0 353.0 1
25.0 -60.0 1
203.0 -285.0 1
391.0 -35.0 1
-537.0 -147.0 1
-102.0 35.0 1
-348.0 84.0 1
-360.0 251.0 1
42.0 -314.0 1
489.0 115.0 1
477.0 -29.0 1
-505.0 246.0 1
511.0 168.0 1
-404.0 203.0 1
-238.0 -339.0 1
-414.0 24.0 1
111.0 185.0 1
464.0 -102.0 1
-13.0 -361.0 1
321.0 -380.0 1
96.0 -196.0 1
-175.0 183.0 1
-405.0 -270.0 1
-247.0 -79.0 1
-214.0 -162.0 1
413.0 397.0 1
357.0 182.0 1
191.0 -304.0 1
518.0 -326.0 1
-567.0 319.0 1
330.0 360.0 1
-73.0 98.0 1
398.0 48.0 1
-252.0 104.0 1
-126.0 405.0 1
-92.0 370.0 1
140.0 -358.0 1
83.0 -322.0 1
90.0 284.0 1
-205.0 -134.0 1
292.0 80.0 1
252.0 23.0 1
192.0 -404.0 1
