-68.0 157.0 0
-109.0 -306.0 0
-332.0 -61.0 0
116.0 136.0 0
60.0 60.0 0
-138.0 -63.0 0
19.0 -203.0 0
275.0 -214.0 0
-37.0 105.0 0
329.0 210.0 0
-333.0 -308.0 1
236.0 -71.0 1
-402.0 214.0 1
-398.0 -394.0 1
208.0 95.0 1
-564.0 -386.0 1
70.0 -390.0 1
496.0 -121.0 1
446.0 -204.0 1
-137.0 278.0 1
327.0 73.0 1
-170.0 76.0 1
-16.0 220.0 1
427.0 201.0 1
457.0 279.0 1
242.0 -311.0 1
-29.0 351.0 1
505.0 -264.0 1
-163.0 -233.0 1
40.0 -77.0 1
-369.0 29.0 1
2.0 -279.0 1
-477.0 260.0 1
173.0 -294.0 1
-239.0 282.0 1
-351.0 169.0 1
134.0 -338.0 1
433.0 -46.0 1
-572.0 -52.0 1
106.0 192.0 1
522.0 342.0 1
-525.0 -412.0 1
449.0 49.0 1
-364.0 -207.0 1
-343.0 330.0 1
-90.0 125.0 1
102.0 290.0 1
336.0 -176.0 1
129.0 -43.0 1
-50.0 -286.0 1
461.0 -348.0 1
-538.0 -165.0 1
53.0 153.0 1
-476.0 373.0 1
-267.0 -364.0 1
230.0 219.0 1
-309.0 -268.0 1
259.0 -133.0 1
379.0 372.0 1
-259.0 -69.0 1
261.0 398.0 1
162.0 359.0 1
-252.0 104.0 1
-175.0 204.0 1
519.0 -342.0 1
231.0 318.0 1
18.0 75.0 1
-265.0 -177.0 1
455.0 -117.0 1
66.0 -202.0 1
-142.0 378.0 1
317.0 -305.0 1
511.0 168.0 1
-467.0 90.0 1
-206.0 -309.0 1
-544.0 132.0 1
-453.0 -153.0 1
-378.0 -86.0 1
351.0 15.0 1
59.0 408.0 1
