71.0 76.0 0
175.0 87.0 0
334.0 152.0 0
50.0 17.0 0
60.0 60.0 0
-40.0 162.0 0
-109.0 267.0 0
-332.0 -61.0 0
314.0 193.0 0
-327.0 19.0 0
-32.0 -226.0 0
153.0 195.0 0
-135.0 -239.0 0
8.0 -255.0 0
160.0 9.0 0
-89.0 -295.0 0
148.0 -127.0 0
-299.0 79.0 0
19.0 -203.0 0
303.0 -208.0 0
446.0 -204.0 1
503.0 145.0 1
37.0 237.0 1
476.0 -370.0 1
186.0 -84.0 1
-408.0 306.0 1
522.0 286.0 1
-253.0 -285.0 1
-216.0 89.0 1
386.0 318.0 1
-15.0 199.0 1
412.0 242.0 1
56.0 -94.0 1
285.0 -358.0 1
488.0 -300.0 1
-486.0 -291.0 1
-234.0 -228.0 1
-540.0 -286.0 1
-419.0 -47.0 1
-265.0 -177.0 1
51.0 78.0 1
-181.0 213.0 1
-448.0 -156.0 1
311.0 -273.0 1
510.0 -124.0 1
188.0 188.0 1
375.0 -90.0 1
-197.0 -255.0 1
-180.0 284.0 1
453.0 -167.0 1
-498.0 -205.0 1
480.0 -154.0 1
-263.0 270.0 1
-15.0 383.0 1
442.0 -244.0 1
-142.0 378.0 1
490.0 166.0 1
-472.0 -1.0 1
243.0 390.0 1
-73.0 386.0 1
16.0 309.0 1
399.0 260.0 1
-410.0 327.0 1
-24.0 346.0 1
285.0 -116.0 1
36.0 -300.0 1
-128.0 199.0 1
76.0 -382.0 1
506.0 341.0 1
-496.0 -127.0 1
-364.0 -207.0 1
114.0 -347.0 1
166.0 -309.0 1
332.0 107.0 1
-226.0 80.0 1
8.0 -352.0 1
-414.0 307.0 1
-480.0 -305.0 1
233.0 -39.0 1
56.0 227.0 1
-345.0 336.0 1
-531.0 -113.0 1
456.0 294.0 1
327.0 181.0 1
179.0 352.0 1
167.0 -45.0 1
22.0 191.0 1
-376.0 -21.0 1
479.0 90.0 1
-191.0 -298.0 1
-382.0 -22.0 1
134.0 171.0 1
-281.0 -345.0 1
-343.0 330.0 1
350.0 79.0 1
-568.0 -400.0 1
4.0 -297.0 1
-145.0 -157.0 1
163.0 390.0 1
-365.0 278.0 1
-171.0 121.0 1
247.0 -109.0 1
483.0 -89.0 1
-403.0 78.0 1
-381.0 60.0 1
-464.0 -302.0 1
-123.0 -51.0 1
236.0 -71.0 1
-307.0 -242.0 1
402.0 -24.0 1
527.0 261.0 1
394.0 -91.0 1
523.0 76.0 1
392.0 316.0 1
-31.0 361.0 1
163.0 269.0 1
260.0 1.0 1
95.0 322.0 1
456.0 -101.0 1
119.0 376.0 1
278.0 147.0 1
19.0 179.0 1
-9.0 -8.0 1
159.0 -262.0 1
443.0 -202.0 1
296.0 356.0 1
-401.0 -147.0 1
43.0 217.0 1
-513.0 -150.0 1
199.0 -198.0 1
-540.0 390.0 1
-228.0 -115.0 1
376.0 -329.0 1
-264.0 -164.0 1
399.0 273.0 1
351.0 -358.0 1
-491.0 -276.0 1
73.0 240.0 1
-177.0 -268.0 1
-480.0 -178.0 1
208.0 95.0 1
-477.0 -316.0 1
-148.0 62.0 1
293.0 -267.0 1
-97.0 -390.0 1
-444.0 -311.0 1
349.0 -311.0 1
470.0 -319.0 1
71.0 111.0 1
-351.0 169.0 1
217.0 270.0 1
12.0 -372.0 1
475.0 -286.0 1
249.0 289.0 1
489.0 -158.0 1
-9.0 311.0 1
70.0 -390.0 1
514.0 99.0 1
-115.0 -160.0 1
-572.0 -52.0 1
