-68.0 157.0 0
-109.0 -306.0 0
-332.0 -61.0 0
116.0 136.0 0
60.0 60.0 0
-138.0 -63.0 0
-60.0 19.0 0
19.0 -203.0 0
275.0 -214.0 0
-40.0 162.0 0
115.0 100.0 0
329.0 210.0 0
158.0 192.0 0
-230.0 67.0 0
-167.0 403.0 0
-164.0 -253.0 0
-73.0 -47.0 0
-367.0 12.0 0
193.0 -53.0 0
8.0 -250.0 0
-333.0 -308.0 1
236.0 -71.0 1
-402.0 214.0 1
-398.0 -394.0 1
208.0 95.0 1
-564.0 -386.0 1
70.0 -390.0 1
496.0 -121.0 1
446.0 -204.0 1
-137.0 278.0 1
327.0 73.0 1
-170.0 76.0 1
-16.0 220.0 1
427.0 201.0 1
457.0 279.0 1
242.0 -311.0 1
-29.0 351.0 1
505.0 -264.0 1
-163.0 -233.0 1
40.0 -77.0 1
-369.0 29.0 1
2.0 -279.0 1
-477.0 260.0 1
173.0 -294.0 1
-239.0 282.0 1
-35.0 321.0 1
-494.0 301.0 1
-351.0 169.0 1
-377.0 141.0 1
134.0 -338.0 1
-382.0 -22.0 1
433.0 -46.0 1
-572.0 -52.0 1
106.0 192.0 1
522.0 342.0 1
-525.0 -412.0 1
449.0 49.0 1
-364.0 -207.0 1
-464.0 -302.0 1
-343.0 330.0 1
-90.0 125.0 1
102.0 290.0 1
336.0 -176.0 1
129.0 -43.0 1
-4.0 -261.0 1
461.0 -348.0 1
-538.0 -165.0 1
60.0 231.0 1
-102.0 35.0 1
-267.0 -364.0 1
71.0 -176.0 1
470.0 -319.0 1
230.0 219.0 1
-309.0 -268.0 1
238.0 307.0 1
102.0 -263.0 1
-180.0 284.0 1
259.0 -133.0 1
379.0 372.0 1
-259.0 -69.0 1
-287.0 367.0 1
-191.0 291.0 1
261.0 398.0 1
330.0 360.0 1
162.0 359.0 1
-254.0 -234.0 1
-252.0 104.0 1
399.0 260.0 1
514.0 99.0 1
-410.0 327.0 1
-563.0 -111.0 1
-120.0 144.0 1
464.0 -39.0 1
519.0 -342.0 1
-486.0 -291.0 1
473.0 170.0 1
18.0 75.0 1
-486.0 384.0 1
-265.0 -177.0 1
323.0 -105.0 1
399.0 -272.0 1
210.0 355.0 1
16.0 309.0 1
455.0 -117.0 1
-324.0 -121.0 1
392.0 316.0 1
66.0 162.0 1
59.0 -240.0 1
-165.0 347.0 1
182.0 -386.0 1
-168.0 85.0 1
317.0 -305.0 1
480.0 -154.0 1
-189.0 160.0 1
-451.0 137.0 1
-498.0 80.0 1
-206.0 -309.0 1
70.0 380.0 1
145.0 -223.0 1
143.0 197.0 1
-128.0 -393.0 1
45.0 -318.0 1
401.0 -391.0 1
-398.0 -335.0 1
407.0 110.0 1
-531.0 132.0 1
-453.0 -153.0 1
-552.0 -218.0 1
-414.0 24.0 1
-425.0 -263.0 1
483.0 -89.0 1
347.0 -124.0 1
-307.0 -242.0 1
-328.0 216.0 1
278.0 147.0 1
125.0 279.0 1
313.0 -396.0 1
-115.0 -160.0 1
-92.0 370.0 1
251.0 -97.0 1
-448.0 -88.0 1
448.0 -172.0 1
527.0 261.0 1
1.0 381.0 1
484.0 368.0 1
-214.0 -162.0 1
-9.0 -183.0 1
-224.0 -365.0 1
-573.0 360.0 1
-472.0 -1.0 1
351.0 15.0 1
-111.0 390.0 1
220.0 1.0 1
226.0 -214.0 1
166.0 -309.0 1
-11.0 -378.0 1
394.0 -91.0 1
158.0 14.0 1
-429.0 -204.0 1
286.0 318.0 1
