-50.0 -311.0 0
52.0 55.0 0
-90.0 99.0 0
-109.0 267.0 0
314.0 193.0 0
223.0 96.0 0
105.0 24.0 0
-342.0 -12.0 0
-127.0 -196.0 0
-96.0 -18.0 0
-156.0 -139.0 1
1.0 381.0 1
-297.0 -76.0 1
56.0 -94.0 1
285.0 -358.0 1
232.0 98.0 1
-234.0 -228.0 1
-420.0 -359.0 1
50.0 255.0 1
-197.0 -255.0 1
473.0 170.0 1
-23.0 -265.0 1
-525.0 -412.0 1
-410.0 327.0 1
506.0 341.0 1
-486.0 -22.0 1
-289.0 325.0 1
134.0 -338.0 1
84.0 116.0 1
22.0 191.0 1
-191.0 -298.0 1
399.0 -272.0 1
-35.0 275.0 1
-256.0 123.0 1
-267.0 -364.0 1
-389.0 -296.0 1
-477.0 -175.0 1
-465.0 -153.0 1
288.0 -261.0 1
-307.0 -242.0 1
30.0 -260.0 1
402.0 -24.0 1
158.0 14.0 1
-533.0 -359.0 1
167.0 -229.0 1
-119.0 -110.0 1
167.0 -301.0 1
231.0 318.0 1
-476.0 406.0 1
198.0 84.0 1
-306.0 -108.0 1
40.0 -77.0 1
376.0 -329.0 1
208.0 95.0 1
-477.0 -316.0 1
-120.0 144.0 1
-148.0 320.0 1
-351.0 169.0 1
425.0 -111.0 1
-443.0 289.0 1
473.0 162.0 1
398.0 334.0 1
5.0 -248.0 1
-226.0 384.0 1
-404.0 -73.0 1
96.0 -282.0 1
-320.0 -85.0 1
-487.0 303.0 1
522.0 342.0 1
-463.0 -72.0 1
-282.0 -239.0 1
-287.0 367.0 1
-448.0 -407.0 1
-365.0 -311.0 1
-544.0 132.0 1
-360.0 251.0 1
96.0 -196.0 1
-175.0 183.0 1
140.0 -358.0 1
83.0 -322.0 1
