-163.0 212.0 0
-176.0 -268.0 0
-367.0 12.0 0
115.0 100.0 0
61.0 -63.0 0
-86.0 21.0 0
171.0 -116.0 0
189.0 35.0 0
133.0 114.0 0
-226.0 75.0 0
-322.0 -280.0 1
234.0 -120.0 1
-360.0 251.0 1
-440.0 -308.0 1
220.0 1.0 1
-517.0 -336.0 1
45.0 -318.0 1
481.0 -94.0 1
453.0 -167.0 1
-180.0 284.0 1
375.0 110.0 1
-160.0 80.0 1
37.0 237.0 1
473.0 170.0 1
410.0 319.0 1
203.0 -285.0 1
-24.0 320.0 1
467.0 -286.0 1
-156.0 -139.0 1
5.0 -155.0 1
-376.0 -21.0 1
5.0 -248.0 1
-487.0 303.0 1
167.0 -229.0 1
-289.0 325.0 1
-395.0 163.0 1
145.0 -223.0 1
464.0 25.0 1
-567.0 -84.0 1
142.0 192.0 1
535.0 326.0 1
-505.0 -248.0 1
523.0 76.0 1
-429.0 -204.0 1
-287.0 367.0 1
-123.0 68.0 1
60.0 231.0 1
330.0 -132.0 1
167.0 -45.0 1
-1.0 -172.0 1
440.0 -299.0 1
-533.0 -188.0 1
29.0 328.0 1
-540.0 390.0 1
-227.0 -321.0 1
199.0 249.0 1
-262.0 -238.0 1
330.0 -106.0 1
392.0 316.0 1
-236.0 -163.0 1
216.0 360.0 1
162.0 284.0 1
-171.0 121.0 1
-128.0 365.0 1
399.0 -272.0 1
183.0 295.0 1
70.0 361.0 1
-330.0 -115.0 1
483.0 -89.0 1
-102.0 -389.0 1
-78.0 377.0 1
313.0 -396.0 1
407.0 110.0 1
-514.0 71.0 1
-425.0 -263.0 1
-397.0 1.0 1
-444.0 -94.0 1
260.0 -2.0 1
375.0 -90.0 1
268.0 -399.0 1
