-72.0 223.0 0
-89.0 -295.0 0
-305.0 -74.0 0
83.0 173.0 0
52.0 55.0 0
-130.0 -69.0 0
-14.0 13.0 0
67.0 -164.0 0
303.0 -208.0 0
-18.0 135.0 0
133.0 114.0 0
314.0 193.0 0
234.0 249.0 0
-222.0 7.0 0
-123.0 391.0 0
-176.0 -268.0 0
-96.0 -18.0 0
-299.0 79.0 0
171.0 -116.0 0
8.0 -255.0 0
-336.0 -348.0 1
219.0 -78.0 1
-413.0 238.0 1
-410.0 -390.0 1
198.0 84.0 1
-561.0 -354.0 1
58.0 -391.0 1
510.0 -124.0 1
443.0 -202.0 1
-140.0 271.0 1
324.0 88.0 1
-171.0 57.0 1
-15.0 199.0 1
432.0 199.0 1
450.0 283.0 1
225.0 -327.0 1
-31.0 361.0 1
496.0 -247.0 1
-162.0 -221.0 1
25.0 -60.0 1
-354.0 46.0 1
4.0 -297.0 1
-468.0 215.0 1
178.0 -291.0 1
-263.0 270.0 1
-24.0 320.0 1
-487.0 303.0 1
-351.0 153.0 1
-395.0 163.0 1
140.0 -358.0 1
-376.0 -21.0 1
434.0 -10.0 1
-548.0 0.0 1
111.0 185.0 1
523.0 369.0 1
-524.0 -409.0 1
460.0 52.0 1
-370.0 -211.0 1
-458.0 -299.0 1
-340.0 310.0 1
-88.0 112.0 1
101.0 253.0 1
337.0 -189.0 1
120.0 -20.0 1
-23.0 -265.0 1
451.0 -342.0 1
-537.0 -147.0 1
56.0 227.0 1
-76.0 35.0 1
-264.0 -390.0 1
77.0 -140.0 1
478.0 -303.0 1
240.0 224.0 1
-291.0 -272.0 1
232.0 296.0 1
104.0 -270.0 1
-162.0 249.0 1
271.0 -136.0 1
379.0 376.0 1
-247.0 -79.0 1
-262.0 372.0 1
-194.0 287.0 1
265.0 402.0 1
346.0 352.0 1
163.0 390.0 1
-234.0 -228.0 1
-270.0 95.0 1
420.0 258.0 1
496.0 99.0 1
-384.0 349.0 1
-567.0 -84.0 1
-128.0 199.0 1
477.0 -29.0 1
518.0 -326.0 1
-491.0 -276.0 1
473.0 162.0 1
26.0 96.0 1
-476.0 373.0 1
-264.0 -164.0 1
305.0 -103.0 1
406.0 -276.0 1
195.0 352.0 1
14.0 293.0 1
462.0 -115.0 1
-330.0 -115.0 1
410.0 319.0 1
84.0 116.0 1
51.0 -201.0 1
-183.0 370.0 1
196.0 -387.0 1
-183.0 94.0 1
315.0 -325.0 1
489.0 -158.0 1
-179.0 185.0 1
-446.0 104.0 1
-500.0 79.0 1
-206.0 -334.0 1
56.0 373.0 1
167.0 -229.0 1
142.0 192.0 1
-133.0 -358.0 1
83.0 -322.0 1
435.0 -367.0 1
-411.0 -330.0 1
375.0 110.0 1
-525.0 153.0 1
-465.0 -153.0 1
-533.0 -188.0 1
-405.0 22.0 1
-448.0 -407.0 1
481.0 -94.0 1
348.0 -112.0 1
-322.0 -280.0 1
-291.0 218.0 1
292.0 80.0 1
133.0 287.0 1
321.0 -380.0 1
-119.0 -110.0 1
-92.0 358.0 1
261.0 -62.0 1
-444.0 -94.0 1
521.0 -208.0 1
511.0 261.0 1
12.0 388.0 1
535.0 326.0 1
-205.0 -134.0 1
-1.0 -172.0 1
-238.0 -339.0 1
-572.0 411.0 1
-562.0 92.0 1
377.0 22.0 1
-37.0 401.0 1
226.0 49.0 1
234.0 -120.0 1
203.0 -285.0 1
-13.0 -361.0 1
368.0 -64.0 1
150.0 19.0 1
-417.0 -198.0 1
274.0 303.0 1
