-115.0 185.0 0
-135.0 -239.0 0
-327.0 19.0 0
33.0 129.0 0
105.0 24.0 0
-145.0 5.0 0
98.0 -53.0 0
234.0 -237.0 0
-60.0 19.0 0
234.0 249.0 0
-365.0 -311.0 1
186.0 -84.0 1
-454.0 239.0 1
-420.0 -359.0 1
215.0 44.0 1
-569.0 -315.0 1
12.0 -372.0 1
521.0 -90.0 1
425.0 -211.0 1
-159.0 258.0 1
350.0 79.0 1
-165.0 81.0 1
19.0 179.0 1
447.0 149.0 1
462.0 327.0 1
198.0 -344.0 1
-15.0 383.0 1
475.0 -286.0 1
-168.0 -151.0 1
-9.0 -8.0 1
-391.0 71.0 1
36.0 -296.0 1
-505.0 246.0 1
185.0 -262.0 1
-305.0 244.0 1
-331.0 168.0 1
192.0 -404.0 1
448.0 28.0 1
-479.0 10.0 1
107.0 219.0 1
490.0 366.0 1
-480.0 -305.0 1
497.0 12.0 1
-391.0 -256.0 1
-365.0 278.0 1
-120.0 136.0 1
73.0 240.0 1
338.0 -229.0 1
150.0 19.0 1
38.0 -252.0 1
437.0 -367.0 1
-547.0 -124.0 1
14.0 293.0 1
-443.0 368.0 1
-238.0 -339.0 1
267.0 259.0 1
-306.0 -249.0 1
305.0 -103.0 1
398.0 334.0 1
-297.0 -76.0 1
305.0 395.0 1
195.0 352.0 1
-216.0 89.0 1
-175.0 183.0 1
388.0 -323.0 1
346.0 227.0 1
51.0 -178.0 1
-214.0 -162.0 1
452.0 -128.0 1
199.0 -198.0 1
-111.0 390.0 1
349.0 -311.0 1
503.0 247.0 1
-500.0 79.0 1
-405.0 -270.0 1
-563.0 -111.0 1
-480.0 -178.0 1
-382.0 -22.0 1
355.0 -42.0 1
448.0 400.0 1
