358.0 400.0 0
413.0 295.0 0
516.0 365.0 0
325.0 329.0 0
439.0 429.0 0
421.0 403.0 0
406.0 302.0 0
424.0 321.0 0
407.0 299.0 0
364.0 366.0 0
452.0 394.0 0
441.0 358.0 0
475.0 401.0 0
472.0 678.0 0
445.0 775.0 0
433.0 684.0 0
434.0 680.0 0
435.0 629.0 0
428.0 714.0 0
518.0 638.0 0
463.0 778.0 0
540.0 682.0 0
541.0 646.0 0
222.0 545.0 0
252.0 459.0 0
175.0 563.0 0
316.0 477.0 0
307.0 515.0 0
343.0 510.0 0
274.0 410.0 0
190.0 463.0 0
247.0 461.0 0
320.0 449.0 0
328.0 472.0 0
283.0 541.0 0
192.0 576.0 0
253.0 516.0 0
338.0 524.0 0
404.0 387.0 0
527.0 363.0 0
316.0 366.0 0
502.0 350.0 0
376.0 631.0 0
541.0 647.0 0
249.0 410.0 0
255.0 412.0 0
623.0 660.0 1
441.0 991.0 1
225.0 622.0 1
345.0 107.0 1
514.0 233.0 1
34.0 440.0 1
541.0 124.0 1
461.0 509.0 1
729.0 788.0 1
447.0 506.0 1
178.0 571.0 1
188.0 918.0 1
383.0 89.0 1
666.0 564.0 1
608.0 108.0 1
-25.0 805.0 1
66.0 308.0 1
322.0 621.0 1
143.0 512.0 1
452.0 789.0 1
609.0 423.0 1
538.0 263.0 1
761.0 642.0 1
485.0 91.0 1
154.0 317.0 1
698.0 453.0 1
490.0 479.0 1
438.0 485.0 1
372.0 931.0 1
73.0 809.0 1
708.0 127.0 1
389.0 969.0 1
343.0 662.0 1
287.0 72.0 1
462.0 549.0 1
135.0 445.0 1
228.0 645.0 1
583.0 429.0 1
-2.0 681.0 1
741.0 762.0 1
293.0 854.0 1
17.0 67.0 1
31.0 575.0 1
-14.0 257.0 1
218.0 367.0 1
737.0 778.0 1
526.0 462.0 1
24.0 608.0 1
4.0 927.0 1
608.0 148.0 1
-3.0 654.0 1
143.0 676.0 1
138.0 537.0 1
-18.0 103.0 1
193.0 700.0 1
399.0 280.0 1
313.0 639.0 1
370.0 249.0 1
459.0 489.0 1
711.0 356.0 1
121.0 92.0 1
750.0 277.0 1
108.0 296.0 1
108.0 212.0 1
594.0 387.0 1
277.0 186.0 1
86.0 74.0 1
345.0 442.0 1
740.0 304.0 1
262.0 261.0 1
669.0 527.0 1
285.0 898.0 1
207.0 68.0 1
673.0 322.0 1
571.0 877.0 1
582.0 443.0 1
759.0 341.0 1
433.0 843.0 1
393.0 278.0 1
198.0 395.0 1
632.0 715.0 1
715.0 490.0 1
623.0 863.0 1
111.0 705.0 1
300.0 180.0 1
694.0 634.0 1
82.0 850.0 1
-32.0 627.0 1
-15.0 746.0 1
66.0 214.0 1
743.0 983.0 1
203.0 165.0 1
437.0 847.0 1
646.0 966.0 1
337.0 436.0 1
279.0 289.0 1
510.0 810.0 1
69.0 433.0 1
643.0 603.0 1
277.0 736.0 1
545.0 736.0 1
212.0 332.0 1
738.0 257.0 1
539.0 412.0 1
4.0 582.0 1
66.0 618.0 1
391.0 795.0 1
728.0 172.0 1
718.0 114.0 1
681.0 292.0 1
532.0 584.0 1
-49.0 620.0 1
716.0 711.0 1
236.0 615.0 1
598.0 165.0 1
651.0 886.0 1
352.0 753.0 1
453.0 506.0 1
183.0 212.0 1
671.0 800.0 1
-19.0 609.0 1
167.0 263.0 1
15.0 630.0 1
492.0 199.0 1
502.0 235.0 1
576.0 128.0 1
557.0 526.0 1
587.0 966.0 1
566.0 342.0 1
762.0 895.0 1
727.0 192.0 1
682.0 755.0 1
79.0 534.0 1
646.0 951.0 1
-44.0 389.0 1
188.0 273.0 1
143.0 99.0 1
51.0 476.0 1
209.0 155.0 1
695.0 458.0 1
228.0 768.0 1
29.0 354.0 1
240.0 620.0 1
595.0 223.0 1
-55.0 632.0 1
460.0 481.0 1
415.0 934.0 1
400.0 816.0 1
755.0 902.0 1
408.0 986.0 1
643.0 428.0 1
692.0 385.0 1
746.0 426.0 1
341.0 922.0 1
466.0 188.0 1
367.0 251.0 1
209.0 182.0 1
21.0 194.0 1
95.0 890.0 1
670.0 690.0 1
452.0 573.0 1
523.0 579.0 1
596.0 533.0 1
467.0 581.0 1
222.0 709.0 1
603.0 602.0 1
696.0 696.0 1
305.0 687.0 1
115.0 183.0 1
23.0 719.0 1
336.0 609.0 1
185.0 846.0 1
167.0 832.0 1
99.0 545.0 1
131.0 618.0 1
242.0 808.0 1
511.0 143.0 1
11.0 527.0 1
-37.0 665.0 1
40.0 542.0 1
703.0 398.0 1
575.0 324.0 1
105.0 718.0 1
474.0 254.0 1
733.0 393.0 1
268.0 671.0 1
346.0 232.0 1
520.0 927.0 1
375.0 876.0 1
365.0 216.0 1
-27.0 821.0 1
390.0 973.0 1
661.0 821.0 1
71.0 242.0 1
637.0 457.0 1
561.0 979.0 1
250.0 711.0 1
576.0 398.0 1
644.0 711.0 1
694.0 485.0 1
648.0 79.0 1
623.0 404.0 1
420.0 100.0 1
740.0 911.0 1
724.0 941.0 1
448.0 140.0 1
280.0 966.0 1
52.0 307.0 1
374.0 943.0 1
353.0 917.0 1
164.0 903.0 1
266.0 250.0 1
103.0 605.0 1
111.0 660.0 1
241.0 245.0 1
674.0 794.0 1
627.0 445.0 1
432.0 874.0 1
735.0 161.0 1
460.0 959.0 1
551.0 333.0 1
142.0 951.0 1
39.0 225.0 1
453.0 566.0 1
456.0 267.0 1
288.0 990.0 1
543.0 469.0 1
23.0 127.0 1
342.0 184.0 1
707.0 960.0 1
665.0 738.0 1
662.0 91.0 1
247.0 373.0 1
364.0 956.0 1
279.0 274.0 1
-38.0 208.0 1
281.0 276.0 1
160.0 220.0 1
716.0 451.0 1
57.0 158.0 1
50.0 126.0 1
743.0 390.0 1
699.0 760.0 1
-7.0 299.0 1
716.0 720.0 1
677.0 818.0 1
438.0 476.0 1
-24.0 181.0 1
261.0 841.0 1
-27.0 67.0 1
585.0 467.0 1
652.0 167.0 1
433.0 549.0 1
707.0 139.0 1
