325.0 329.0 0
403.0 352.0 0
411.0 757.0 0
320.0 449.0 0
200.0 526.0 0
185.0 481.0 0
349.0 339.0 0
386.0 409.0 0
371.0 728.0 0
331.0 450.0 0
541.0 124.0 1
188.0 918.0 1
-25.0 805.0 1
268.0 325.0 1
73.0 809.0 1
462.0 549.0 1
228.0 645.0 1
671.0 460.0 1
526.0 462.0 1
753.0 375.0 1
4.0 927.0 1
585.0 122.0 1
240.0 979.0 1
739.0 678.0 1
720.0 570.0 1
300.0 180.0 1
662.0 245.0 1
510.0 810.0 1
4.0 582.0 1
696.0 300.0 1
-49.0 620.0 1
69.0 713.0 1
1.0 203.0 1
51.0 476.0 1
609.0 410.0 1
490.0 175.0 1
746.0 426.0 1
197.0 337.0 1
670.0 690.0 1
308.0 775.0 1
686.0 477.0 1
232.0 613.0 1
305.0 687.0 1
242.0 808.0 1
575.0 324.0 1
474.0 254.0 1
390.0 973.0 1
648.0 79.0 1
1.0 504.0 1
518.0 451.0 1
704.0 154.0 1
620.0 372.0 1
179.0 944.0 1
680.0 549.0 1
100.0 507.0 1
61.0 555.0 1
313.0 836.0 1
308.0 961.0 1
82.0 687.0 1
62.0 447.0 1
