439.0 429.0 0
515.0 751.0 0
476.0 702.0 0
517.0 678.0 0
234.0 433.0 0
274.0 410.0 0
328.0 472.0 0
283.0 541.0 0
192.0 576.0 0
300.0 482.0 0
344.0 223.0 1
620.0 262.0 1
413.0 125.0 1
287.0 72.0 1
400.0 888.0 1
494.0 781.0 1
31.0 575.0 1
138.0 537.0 1
108.0 212.0 1
330.0 887.0 1
673.0 322.0 1
433.0 843.0 1
143.0 856.0 1
227.0 620.0 1
623.0 863.0 1
503.0 126.0 1
437.0 847.0 1
-8.0 176.0 1
646.0 966.0 1
672.0 564.0 1
422.0 976.0 1
643.0 603.0 1
111.0 727.0 1
598.0 165.0 1
596.0 85.0 1
591.0 972.0 1
-8.0 79.0 1
439.0 234.0 1
-19.0 609.0 1
502.0 235.0 1
733.0 641.0 1
8.0 947.0 1
1.0 959.0 1
467.0 581.0 1
640.0 392.0 1
577.0 886.0 1
166.0 562.0 1
-62.0 990.0 1
40.0 542.0 1
268.0 671.0 1
628.0 481.0 1
266.0 250.0 1
111.0 660.0 1
432.0 874.0 1
39.0 225.0 1
23.0 127.0 1
229.0 848.0 1
699.0 760.0 1
-24.0 181.0 1
585.0 467.0 1
