404.0 387.0 0
527.0 363.0 0
389.0 387.0 0
316.0 366.0 0
502.0 350.0 0
349.0 339.0 0
386.0 409.0 0
366.0 348.0 0
400.0 683.0 0
395.0 727.0 0
376.0 631.0 0
371.0 728.0 0
541.0 647.0 0
363.0 650.0 0
300.0 482.0 0
229.0 437.0 0
331.0 450.0 0
249.0 410.0 0
255.0 412.0 0
282.0 501.0 0
353.0 917.0 1
164.0 903.0 1
518.0 451.0 1
115.0 229.0 1
638.0 677.0 1
459.0 906.0 1
266.0 250.0 1
103.0 605.0 1
111.0 660.0 1
241.0 245.0 1
674.0 794.0 1
704.0 154.0 1
446.0 242.0 1
636.0 325.0 1
627.0 445.0 1
-63.0 596.0 1
432.0 874.0 1
735.0 161.0 1
73.0 958.0 1
620.0 372.0 1
179.0 944.0 1
278.0 918.0 1
460.0 959.0 1
585.0 632.0 1
551.0 333.0 1
502.0 134.0 1
527.0 980.0 1
142.0 951.0 1
39.0 225.0 1
680.0 549.0 1
453.0 566.0 1
456.0 267.0 1
288.0 990.0 1
276.0 203.0 1
156.0 540.0 1
543.0 469.0 1
251.0 243.0 1
23.0 127.0 1
342.0 184.0 1
100.0 507.0 1
594.0 365.0 1
707.0 960.0 1
47.0 213.0 1
252.0 854.0 1
665.0 738.0 1
197.0 969.0 1
378.0 195.0 1
662.0 91.0 1
556.0 379.0 1
247.0 373.0 1
738.0 692.0 1
354.0 105.0 1
162.0 636.0 1
364.0 956.0 1
174.0 210.0 1
279.0 274.0 1
624.0 322.0 1
61.0 555.0 1
-38.0 208.0 1
281.0 276.0 1
331.0 679.0 1
160.0 220.0 1
716.0 451.0 1
57.0 158.0 1
50.0 126.0 1
313.0 836.0 1
-45.0 529.0 1
71.0 610.0 1
743.0 390.0 1
423.0 826.0 1
160.0 788.0 1
216.0 243.0 1
446.0 913.0 1
229.0 848.0 1
699.0 760.0 1
-7.0 299.0 1
397.0 172.0 1
279.0 222.0 1
524.0 933.0 1
716.0 720.0 1
693.0 255.0 1
524.0 590.0 1
677.0 818.0 1
540.0 304.0 1
438.0 476.0 1
308.0 961.0 1
101.0 701.0 1
-24.0 181.0 1
82.0 687.0 1
261.0 841.0 1
728.0 513.0 1
-27.0 67.0 1
585.0 467.0 1
707.0 896.0 1
62.0 447.0 1
268.0 753.0 1
652.0 167.0 1
487.0 182.0 1
433.0 549.0 1
707.0 139.0 1
