425.0 431.0 0
452.0 394.0 0
441.0 358.0 0
434.0 680.0 0
518.0 638.0 0
488.0 649.0 0
541.0 646.0 0
527.0 363.0 0
363.0 650.0 0
255.0 412.0 0
345.0 107.0 1
306.0 122.0 1
447.0 506.0 1
178.0 571.0 1
608.0 108.0 1
143.0 512.0 1
121.0 552.0 1
98.0 690.0 1
372.0 931.0 1
51.0 394.0 1
-2.0 681.0 1
362.0 109.0 1
115.0 434.0 1
64.0 107.0 1
-18.0 103.0 1
594.0 387.0 1
277.0 186.0 1
571.0 877.0 1
318.0 682.0 1
759.0 341.0 1
632.0 715.0 1
-15.0 746.0 1
545.0 736.0 1
539.0 412.0 1
141.0 443.0 1
753.0 849.0 1
76.0 311.0 1
167.0 263.0 1
566.0 342.0 1
-19.0 406.0 1
623.0 305.0 1
18.0 242.0 1
57.0 92.0 1
603.0 602.0 1
-33.0 318.0 1
728.0 169.0 1
352.0 958.0 1
-27.0 821.0 1
740.0 911.0 1
91.0 297.0 1
115.0 229.0 1
446.0 242.0 1
156.0 540.0 1
197.0 969.0 1
174.0 210.0 1
624.0 322.0 1
71.0 610.0 1
160.0 788.0 1
728.0 513.0 1
487.0 182.0 1
