422.0 345.0 0
338.0 524.0 0
524.0 711.0 0
358.0 400.0 0
411.0 757.0 0
538.0 648.0 0
311.0 429.0 0
407.0 299.0 0
202.0 536.0 0
249.0 410.0 0
532.0 584.0 1
670.0 690.0 1
1.0 203.0 1
24.0 608.0 1
364.0 956.0 1
740.0 911.0 1
609.0 423.0 1
365.0 216.0 1
305.0 687.0 1
240.0 979.0 1
526.0 794.0 1
210.0 359.0 1
242.0 808.0 1
128.0 77.0 1
156.0 567.0 1
251.0 243.0 1
252.0 854.0 1
-32.0 627.0 1
503.0 126.0 1
643.0 603.0 1
608.0 108.0 1
79.0 534.0 1
300.0 180.0 1
433.0 549.0 1
694.0 485.0 1
729.0 788.0 1
701.0 342.0 1
526.0 462.0 1
71.0 242.0 1
432.0 874.0 1
662.0 245.0 1
66.0 618.0 1
502.0 235.0 1
561.0 979.0 1
50.0 126.0 1
638.0 677.0 1
761.0 642.0 1
673.0 322.0 1
143.0 856.0 1
433.0 459.0 1
142.0 951.0 1
-44.0 389.0 1
-31.0 751.0 1
718.0 114.0 1
583.0 297.0 1
362.0 109.0 1
227.0 620.0 1
14.0 476.0 1
32.0 960.0 1
738.0 257.0 1
