413.0 295.0 0
422.0 345.0 0
516.0 365.0 0
325.0 329.0 0
439.0 429.0 0
347.0 386.0 0
406.0 302.0 0
424.0 321.0 0
378.0 310.0 0
407.0 299.0 0
475.0 401.0 0
472.0 678.0 0
433.0 684.0 0
451.0 590.0 0
520.0 668.0 0
418.0 591.0 0
411.0 757.0 0
538.0 648.0 0
517.0 678.0 0
421.0 666.0 0
524.0 711.0 0
428.0 714.0 0
401.0 758.0 0
541.0 646.0 0
222.0 545.0 0
175.0 563.0 0
234.0 433.0 0
307.0 515.0 0
343.0 510.0 0
159.0 507.0 0
190.0 463.0 0
328.0 472.0 0
200.0 526.0 0
202.0 536.0 0
192.0 576.0 0
253.0 516.0 0
338.0 524.0 0
185.0 481.0 0
316.0 366.0 0
349.0 339.0 0
400.0 683.0 0
395.0 727.0 0
371.0 728.0 0
541.0 647.0 0
229.0 437.0 0
249.0 410.0 0
282.0 501.0 0
623.0 660.0 1
683.0 872.0 1
441.0 991.0 1
14.0 476.0 1
593.0 785.0 1
306.0 122.0 1
447.0 506.0 1
178.0 571.0 1
479.0 161.0 1
383.0 89.0 1
666.0 564.0 1
344.0 223.0 1
608.0 108.0 1
-25.0 805.0 1
322.0 621.0 1
121.0 552.0 1
94.0 746.0 1
620.0 262.0 1
413.0 125.0 1
761.0 642.0 1
268.0 325.0 1
154.0 317.0 1
698.0 453.0 1
622.0 545.0 1
78.0 672.0 1
438.0 485.0 1
98.0 690.0 1
721.0 278.0 1
372.0 931.0 1
73.0 809.0 1
343.0 662.0 1
712.0 685.0 1
51.0 394.0 1
546.0 446.0 1
352.0 599.0 1
741.0 762.0 1
614.0 361.0 1
17.0 67.0 1
31.0 575.0 1
-59.0 911.0 1
737.0 778.0 1
290.0 403.0 1
608.0 148.0 1
585.0 122.0 1
193.0 700.0 1
640.0 565.0 1
399.0 280.0 1
711.0 356.0 1
742.0 619.0 1
121.0 92.0 1
750.0 277.0 1
108.0 296.0 1
594.0 387.0 1
277.0 186.0 1
86.0 74.0 1
624.0 694.0 1
330.0 887.0 1
345.0 442.0 1
262.0 261.0 1
346.0 718.0 1
669.0 527.0 1
632.0 906.0 1
207.0 68.0 1
673.0 322.0 1
456.0 825.0 1
519.0 596.0 1
504.0 569.0 1
315.0 99.0 1
582.0 443.0 1
759.0 341.0 1
433.0 843.0 1
-58.0 717.0 1
643.0 123.0 1
673.0 228.0 1
715.0 490.0 1
623.0 863.0 1
75.0 323.0 1
504.0 828.0 1
300.0 180.0 1
313.0 731.0 1
82.0 850.0 1
66.0 214.0 1
743.0 983.0 1
210.0 359.0 1
32.0 960.0 1
203.0 165.0 1
437.0 847.0 1
646.0 966.0 1
756.0 619.0 1
445.0 577.0 1
69.0 433.0 1
643.0 603.0 1
584.0 581.0 1
277.0 736.0 1
308.0 876.0 1
66.0 618.0 1
696.0 300.0 1
391.0 795.0 1
728.0 172.0 1
681.0 292.0 1
706.0 588.0 1
532.0 584.0 1
-49.0 620.0 1
716.0 711.0 1
59.0 873.0 1
236.0 615.0 1
598.0 165.0 1
651.0 886.0 1
352.0 753.0 1
591.0 972.0 1
453.0 506.0 1
-8.0 79.0 1
671.0 800.0 1
15.0 630.0 1
559.0 66.0 1
463.0 578.0 1
542.0 507.0 1
566.0 342.0 1
762.0 895.0 1
727.0 192.0 1
79.0 534.0 1
27.0 683.0 1
335.0 978.0 1
1.0 203.0 1
51.0 476.0 1
669.0 886.0 1
165.0 330.0 1
8.0 947.0 1
209.0 155.0 1
-19.0 406.0 1
609.0 410.0 1
695.0 458.0 1
228.0 768.0 1
595.0 223.0 1
460.0 481.0 1
660.0 903.0 1
691.0 194.0 1
490.0 175.0 1
408.0 986.0 1
643.0 428.0 1
65.0 239.0 1
623.0 305.0 1
692.0 385.0 1
746.0 426.0 1
341.0 922.0 1
367.0 251.0 1
175.0 719.0 1
95.0 890.0 1
670.0 690.0 1
623.0 119.0 1
57.0 92.0 1
701.0 342.0 1
433.0 459.0 1
541.0 462.0 1
596.0 533.0 1
563.0 82.0 1
686.0 477.0 1
603.0 602.0 1
696.0 696.0 1
558.0 460.0 1
232.0 613.0 1
-33.0 318.0 1
721.0 356.0 1
446.0 469.0 1
84.0 409.0 1
370.0 984.0 1
577.0 886.0 1
167.0 832.0 1
352.0 958.0 1
-62.0 990.0 1
11.0 527.0 1
-37.0 665.0 1
40.0 542.0 1
575.0 324.0 1
268.0 671.0 1
520.0 927.0 1
365.0 216.0 1
152.0 985.0 1
390.0 973.0 1
71.0 242.0 1
321.0 882.0 1
561.0 979.0 1
666.0 220.0 1
57.0 896.0 1
250.0 711.0 1
576.0 398.0 1
390.0 192.0 1
644.0 711.0 1
694.0 485.0 1
251.0 843.0 1
740.0 911.0 1
352.0 956.0 1
724.0 941.0 1
-6.0 386.0 1
605.0 628.0 1
1.0 504.0 1
221.0 856.0 1
448.0 140.0 1
280.0 966.0 1
625.0 546.0 1
52.0 307.0 1
164.0 903.0 1
115.0 229.0 1
638.0 677.0 1
266.0 250.0 1
111.0 660.0 1
241.0 245.0 1
674.0 794.0 1
704.0 154.0 1
627.0 445.0 1
-63.0 596.0 1
432.0 874.0 1
735.0 161.0 1
73.0 958.0 1
620.0 372.0 1
278.0 918.0 1
460.0 959.0 1
585.0 632.0 1
551.0 333.0 1
527.0 980.0 1
142.0 951.0 1
453.0 566.0 1
251.0 243.0 1
23.0 127.0 1
342.0 184.0 1
100.0 507.0 1
594.0 365.0 1
707.0 960.0 1
47.0 213.0 1
252.0 854.0 1
378.0 195.0 1
662.0 91.0 1
354.0 105.0 1
624.0 322.0 1
281.0 276.0 1
160.0 220.0 1
716.0 451.0 1
57.0 158.0 1
50.0 126.0 1
313.0 836.0 1
160.0 788.0 1
229.0 848.0 1
699.0 760.0 1
-7.0 299.0 1
397.0 172.0 1
524.0 933.0 1
677.0 818.0 1
540.0 304.0 1
101.0 701.0 1
728.0 513.0 1
585.0 467.0 1
707.0 896.0 1
62.0 447.0 1
