490.0 360.0 0
399.0 335.0 0
463.0 778.0 0
522.0 691.0 0
252.0 459.0 0
299.0 549.0 0
404.0 387.0 0
389.0 387.0 0
400.0 683.0 0
229.0 437.0 0
66.0 308.0 1
538.0 263.0 1
490.0 479.0 1
573.0 207.0 1
132.0 474.0 1
352.0 599.0 1
741.0 762.0 1
614.0 361.0 1
737.0 778.0 1
24.0 608.0 1
290.0 403.0 1
552.0 343.0 1
399.0 280.0 1
313.0 639.0 1
459.0 489.0 1
711.0 356.0 1
108.0 296.0 1
345.0 442.0 1
669.0 527.0 1
456.0 825.0 1
75.0 323.0 1
694.0 634.0 1
313.0 731.0 1
583.0 297.0 1
59.0 873.0 1
92.0 517.0 1
188.0 273.0 1
695.0 458.0 1
595.0 223.0 1
752.0 214.0 1
691.0 194.0 1
558.0 460.0 1
729.0 715.0 1
365.0 216.0 1
152.0 985.0 1
345.0 917.0 1
644.0 711.0 1
623.0 404.0 1
221.0 856.0 1
103.0 605.0 1
674.0 794.0 1
627.0 445.0 1
288.0 990.0 1
279.0 274.0 1
160.0 220.0 1
50.0 126.0 1
743.0 390.0 1
677.0 818.0 1
438.0 476.0 1
261.0 841.0 1
