413.0 295.0 0
340.0 387.0 0
407.0 299.0 0
475.0 401.0 0
451.0 590.0 0
435.0 629.0 0
427.0 605.0 0
524.0 711.0 0
428.0 714.0 0
395.0 727.0 0
623.0 660.0 1
34.0 440.0 1
729.0 788.0 1
666.0 564.0 1
-33.0 319.0 1
485.0 91.0 1
135.0 445.0 1
712.0 685.0 1
64.0 915.0 1
509.0 848.0 1
640.0 565.0 1
121.0 92.0 1
624.0 694.0 1
346.0 718.0 1
504.0 569.0 1
315.0 99.0 1
582.0 443.0 1
643.0 123.0 1
198.0 395.0 1
725.0 397.0 1
717.0 492.0 1
-32.0 627.0 1
32.0 960.0 1
203.0 165.0 1
279.0 289.0 1
573.0 547.0 1
212.0 332.0 1
502.0 434.0 1
-31.0 751.0 1
587.0 966.0 1
-44.0 389.0 1
415.0 934.0 1
95.0 890.0 1
588.0 206.0 1
336.0 609.0 1
55.0 135.0 1
156.0 567.0 1
71.0 242.0 1
724.0 941.0 1
280.0 966.0 1
374.0 943.0 1
278.0 918.0 1
527.0 980.0 1
556.0 379.0 1
738.0 692.0 1
354.0 105.0 1
331.0 679.0 1
423.0 826.0 1
397.0 172.0 1
268.0 753.0 1
