516.0 365.0 0
465.0 350.0 0
390.0 626.0 0
461.0 661.0 0
175.0 563.0 0
164.0 485.0 0
220.0 479.0 0
253.0 516.0 0
541.0 647.0 0
282.0 501.0 0
289.0 98.0 1
593.0 785.0 1
94.0 746.0 1
583.0 429.0 1
218.0 367.0 1
637.0 556.0 1
393.0 278.0 1
531.0 913.0 1
743.0 983.0 1
-15.0 933.0 1
584.0 581.0 1
308.0 876.0 1
391.0 795.0 1
236.0 615.0 1
671.0 800.0 1
510.0 95.0 1
557.0 526.0 1
698.0 315.0 1
727.0 192.0 1
79.0 534.0 1
27.0 683.0 1
646.0 951.0 1
165.0 330.0 1
-55.0 632.0 1
541.0 462.0 1
721.0 356.0 1
84.0 409.0 1
167.0 832.0 1
25.0 797.0 1
99.0 545.0 1
11.0 527.0 1
703.0 398.0 1
733.0 393.0 1
375.0 876.0 1
194.0 959.0 1
561.0 979.0 1
605.0 628.0 1
353.0 917.0 1
638.0 677.0 1
460.0 959.0 1
502.0 134.0 1
142.0 951.0 1
342.0 184.0 1
707.0 960.0 1
247.0 373.0 1
-38.0 208.0 1
-7.0 299.0 1
-27.0 67.0 1
652.0 167.0 1
707.0 139.0 1
