465.0 350.0 0
282.0 501.0 0
472.0 678.0 0
347.0 386.0 0
463.0 778.0 0
518.0 638.0 0
331.0 450.0 0
406.0 302.0 0
175.0 563.0 0
220.0 479.0 0
524.0 590.0 1
712.0 685.0 1
-24.0 181.0 1
4.0 582.0 1
352.0 956.0 1
707.0 960.0 1
582.0 443.0 1
370.0 249.0 1
331.0 679.0 1
280.0 966.0 1
504.0 828.0 1
218.0 367.0 1
268.0 753.0 1
121.0 92.0 1
166.0 562.0 1
241.0 245.0 1
261.0 841.0 1
-55.0 632.0 1
510.0 95.0 1
605.0 628.0 1
585.0 122.0 1
92.0 517.0 1
276.0 203.0 1
453.0 566.0 1
715.0 490.0 1
737.0 778.0 1
711.0 356.0 1
541.0 462.0 1
65.0 239.0 1
437.0 847.0 1
673.0 228.0 1
131.0 618.0 1
456.0 267.0 1
591.0 972.0 1
55.0 135.0 1
624.0 694.0 1
742.0 619.0 1
696.0 300.0 1
73.0 809.0 1
337.0 436.0 1
188.0 918.0 1
-33.0 319.0 1
-15.0 746.0 1
707.0 139.0 1
620.0 262.0 1
413.0 125.0 1
225.0 622.0 1
34.0 440.0 1
1.0 959.0 1
573.0 547.0 1
