419.0 390.0 0
421.0 403.0 0
401.0 392.0 0
364.0 366.0 0
538.0 648.0 0
421.0 666.0 0
517.0 630.0 0
222.0 545.0 0
202.0 536.0 0
366.0 348.0 0
622.0 545.0 1
128.0 77.0 1
546.0 446.0 1
17.0 67.0 1
608.0 148.0 1
143.0 676.0 1
750.0 277.0 1
175.0 119.0 1
740.0 304.0 1
262.0 261.0 1
285.0 898.0 1
632.0 906.0 1
519.0 596.0 1
-58.0 717.0 1
448.0 789.0 1
534.0 851.0 1
210.0 359.0 1
687.0 641.0 1
66.0 618.0 1
-37.0 951.0 1
709.0 485.0 1
15.0 630.0 1
576.0 128.0 1
335.0 978.0 1
460.0 481.0 1
341.0 922.0 1
21.0 194.0 1
129.0 806.0 1
452.0 573.0 1
701.0 342.0 1
433.0 459.0 1
115.0 183.0 1
370.0 984.0 1
321.0 882.0 1
637.0 457.0 1
251.0 843.0 1
352.0 956.0 1
-6.0 386.0 1
88.0 562.0 1
636.0 325.0 1
-63.0 596.0 1
276.0 203.0 1
594.0 365.0 1
162.0 636.0 1
-45.0 529.0 1
446.0 913.0 1
279.0 222.0 1
524.0 933.0 1
524.0 590.0 1
540.0 304.0 1
