425.0 431.0 0
415.0 294.0 0
422.0 345.0 0
340.0 387.0 0
490.0 360.0 0
516.0 365.0 0
325.0 329.0 0
396.0 409.0 0
347.0 386.0 0
421.0 403.0 0
378.0 310.0 0
403.0 352.0 0
401.0 392.0 0
364.0 366.0 0
452.0 394.0 0
472.0 678.0 0
435.0 629.0 0
411.0 757.0 0
476.0 702.0 0
538.0 648.0 0
421.0 666.0 0
461.0 661.0 0
401.0 758.0 0
518.0 638.0 0
522.0 691.0 0
488.0 649.0 0
540.0 682.0 0
541.0 646.0 0
263.0 553.0 0
316.0 477.0 0
292.0 545.0 0
343.0 510.0 0
159.0 507.0 0
190.0 463.0 0
247.0 461.0 0
200.0 526.0 0
202.0 536.0 0
220.0 479.0 0
316.0 366.0 0
502.0 350.0 0
349.0 339.0 0
400.0 683.0 0
376.0 631.0 0
371.0 728.0 0
300.0 482.0 0
255.0 412.0 0
623.0 660.0 1
441.0 991.0 1
34.0 440.0 1
593.0 785.0 1
461.0 509.0 1
729.0 788.0 1
178.0 571.0 1
479.0 161.0 1
188.0 918.0 1
383.0 89.0 1
666.0 564.0 1
344.0 223.0 1
608.0 108.0 1
-25.0 805.0 1
66.0 308.0 1
322.0 621.0 1
-33.0 319.0 1
452.0 789.0 1
94.0 746.0 1
609.0 423.0 1
761.0 642.0 1
485.0 91.0 1
82.0 374.0 1
78.0 672.0 1
573.0 207.0 1
372.0 931.0 1
73.0 809.0 1
389.0 969.0 1
343.0 662.0 1
462.0 549.0 1
400.0 888.0 1
135.0 445.0 1
712.0 685.0 1
228.0 645.0 1
132.0 474.0 1
583.0 429.0 1
546.0 446.0 1
-2.0 681.0 1
352.0 599.0 1
741.0 762.0 1
201.0 316.0 1
64.0 915.0 1
293.0 854.0 1
614.0 361.0 1
17.0 67.0 1
362.0 109.0 1
31.0 575.0 1
115.0 434.0 1
-59.0 911.0 1
737.0 778.0 1
24.0 608.0 1
290.0 403.0 1
753.0 375.0 1
4.0 927.0 1
526.0 794.0 1
-3.0 654.0 1
143.0 676.0 1
138.0 537.0 1
-18.0 103.0 1
399.0 280.0 1
313.0 639.0 1
711.0 356.0 1
739.0 678.0 1
108.0 212.0 1
594.0 387.0 1
624.0 694.0 1
175.0 119.0 1
285.0 898.0 1
673.0 322.0 1
637.0 556.0 1
571.0 877.0 1
318.0 682.0 1
504.0 569.0 1
179.0 607.0 1
582.0 443.0 1
759.0 341.0 1
-58.0 717.0 1
143.0 856.0 1
227.0 620.0 1
715.0 490.0 1
720.0 570.0 1
623.0 863.0 1
624.0 821.0 1
75.0 323.0 1
717.0 492.0 1
504.0 828.0 1
531.0 913.0 1
313.0 731.0 1
82.0 850.0 1
-32.0 627.0 1
583.0 297.0 1
534.0 851.0 1
743.0 983.0 1
210.0 359.0 1
119.0 462.0 1
646.0 966.0 1
-15.0 933.0 1
510.0 810.0 1
756.0 619.0 1
672.0 564.0 1
445.0 577.0 1
69.0 433.0 1
573.0 547.0 1
734.0 220.0 1
643.0 603.0 1
545.0 736.0 1
738.0 257.0 1
4.0 582.0 1
391.0 795.0 1
502.0 434.0 1
-49.0 620.0 1
598.0 165.0 1
-31.0 751.0 1
316.0 634.0 1
202.0 629.0 1
76.0 311.0 1
-37.0 951.0 1
596.0 85.0 1
352.0 753.0 1
591.0 972.0 1
-8.0 79.0 1
709.0 485.0 1
183.0 212.0 1
-19.0 609.0 1
15.0 630.0 1
492.0 199.0 1
559.0 66.0 1
502.0 235.0 1
69.0 713.0 1
542.0 507.0 1
557.0 526.0 1
92.0 517.0 1
698.0 315.0 1
682.0 755.0 1
27.0 683.0 1
646.0 951.0 1
-44.0 389.0 1
143.0 99.0 1
51.0 476.0 1
669.0 886.0 1
165.0 330.0 1
-19.0 406.0 1
695.0 458.0 1
228.0 768.0 1
-55.0 632.0 1
752.0 214.0 1
460.0 481.0 1
1.0 959.0 1
660.0 903.0 1
691.0 194.0 1
490.0 175.0 1
400.0 816.0 1
643.0 428.0 1
623.0 305.0 1
746.0 426.0 1
197.0 337.0 1
341.0 922.0 1
209.0 182.0 1
21.0 194.0 1
95.0 890.0 1
452.0 573.0 1
701.0 342.0 1
541.0 462.0 1
596.0 533.0 1
308.0 775.0 1
467.0 581.0 1
603.0 602.0 1
696.0 696.0 1
558.0 460.0 1
588.0 206.0 1
-33.0 318.0 1
721.0 356.0 1
728.0 169.0 1
640.0 392.0 1
115.0 183.0 1
23.0 719.0 1
370.0 984.0 1
577.0 886.0 1
166.0 562.0 1
336.0 609.0 1
185.0 846.0 1
25.0 797.0 1
352.0 958.0 1
257.0 952.0 1
-62.0 990.0 1
131.0 618.0 1
511.0 143.0 1
11.0 527.0 1
-37.0 665.0 1
40.0 542.0 1
156.0 567.0 1
268.0 671.0 1
346.0 232.0 1
628.0 481.0 1
520.0 927.0 1
375.0 876.0 1
-27.0 821.0 1
321.0 882.0 1
637.0 457.0 1
561.0 979.0 1
57.0 896.0 1
686.0 140.0 1
390.0 192.0 1
623.0 404.0 1
740.0 911.0 1
352.0 956.0 1
605.0 628.0 1
1.0 504.0 1
448.0 140.0 1
280.0 966.0 1
88.0 562.0 1
625.0 546.0 1
374.0 943.0 1
353.0 917.0 1
164.0 903.0 1
518.0 451.0 1
266.0 250.0 1
103.0 605.0 1
111.0 660.0 1
627.0 445.0 1
620.0 372.0 1
179.0 944.0 1
278.0 918.0 1
585.0 632.0 1
527.0 980.0 1
142.0 951.0 1
680.0 549.0 1
156.0 540.0 1
543.0 469.0 1
23.0 127.0 1
342.0 184.0 1
47.0 213.0 1
247.0 373.0 1
354.0 105.0 1
162.0 636.0 1
364.0 956.0 1
624.0 322.0 1
61.0 555.0 1
-38.0 208.0 1
331.0 679.0 1
160.0 220.0 1
743.0 390.0 1
524.0 933.0 1
524.0 590.0 1
540.0 304.0 1
308.0 961.0 1
-24.0 181.0 1
82.0 687.0 1
261.0 841.0 1
728.0 513.0 1
707.0 896.0 1
62.0 447.0 1
487.0 182.0 1
433.0 549.0 1
