425.0 431.0 0
415.0 294.0 0
422.0 345.0 0
419.0 390.0 0
340.0 387.0 0
490.0 360.0 0
396.0 409.0 0
347.0 386.0 0
378.0 310.0 0
403.0 352.0 0
465.0 350.0 0
401.0 392.0 0
399.0 335.0 0
451.0 590.0 0
520.0 668.0 0
515.0 751.0 0
390.0 626.0 0
418.0 591.0 0
411.0 757.0 0
476.0 702.0 0
538.0 648.0 0
517.0 678.0 0
427.0 605.0 0
421.0 666.0 0
517.0 630.0 0
461.0 661.0 0
524.0 711.0 0
401.0 758.0 0
522.0 691.0 0
488.0 649.0 0
234.0 433.0 0
263.0 553.0 0
292.0 545.0 0
159.0 507.0 0
311.0 429.0 0
164.0 485.0 0
167.0 489.0 0
299.0 549.0 0
200.0 526.0 0
202.0 536.0 0
220.0 479.0 0
185.0 481.0 0
389.0 387.0 0
349.0 339.0 0
386.0 409.0 0
366.0 348.0 0
400.0 683.0 0
395.0 727.0 0
371.0 728.0 0
363.0 650.0 0
300.0 482.0 0
229.0 437.0 0
331.0 450.0 0
282.0 501.0 0
289.0 98.0 1
683.0 872.0 1
14.0 476.0 1
593.0 785.0 1
306.0 122.0 1
479.0 161.0 1
344.0 223.0 1
-33.0 319.0 1
121.0 552.0 1
94.0 746.0 1
620.0 262.0 1
413.0 125.0 1
652.0 202.0 1
82.0 374.0 1
268.0 325.0 1
622.0 545.0 1
78.0 672.0 1
98.0 690.0 1
128.0 77.0 1
721.0 278.0 1
573.0 207.0 1
400.0 888.0 1
712.0 685.0 1
51.0 394.0 1
494.0 781.0 1
132.0 474.0 1
546.0 446.0 1
208.0 870.0 1
352.0 599.0 1
201.0 316.0 1
64.0 915.0 1
58.0 526.0 1
614.0 361.0 1
362.0 109.0 1
115.0 434.0 1
-59.0 911.0 1
671.0 460.0 1
64.0 107.0 1
290.0 403.0 1
753.0 375.0 1
509.0 848.0 1
526.0 794.0 1
55.0 113.0 1
552.0 343.0 1
585.0 122.0 1
640.0 565.0 1
240.0 979.0 1
739.0 678.0 1
40.0 247.0 1
742.0 619.0 1
624.0 694.0 1
-13.0 728.0 1
330.0 887.0 1
175.0 119.0 1
346.0 718.0 1
632.0 906.0 1
456.0 825.0 1
519.0 596.0 1
637.0 556.0 1
318.0 682.0 1
504.0 569.0 1
315.0 99.0 1
179.0 607.0 1
333.0 112.0 1
-58.0 717.0 1
143.0 856.0 1
643.0 123.0 1
227.0 620.0 1
673.0 228.0 1
720.0 570.0 1
624.0 821.0 1
725.0 397.0 1
448.0 789.0 1
75.0 323.0 1
690.0 434.0 1
717.0 492.0 1
504.0 828.0 1
531.0 913.0 1
313.0 731.0 1
662.0 245.0 1
583.0 297.0 1
534.0 851.0 1
503.0 126.0 1
210.0 359.0 1
32.0 960.0 1
119.0 462.0 1
-8.0 176.0 1
-15.0 933.0 1
756.0 619.0 1
672.0 564.0 1
445.0 577.0 1
422.0 976.0 1
573.0 547.0 1
734.0 220.0 1
584.0 581.0 1
687.0 641.0 1
308.0 876.0 1
696.0 300.0 1
111.0 727.0 1
502.0 434.0 1
706.0 588.0 1
59.0 873.0 1
-31.0 751.0 1
316.0 634.0 1
141.0 443.0 1
753.0 849.0 1
202.0 629.0 1
76.0 311.0 1
-37.0 951.0 1
596.0 85.0 1
591.0 972.0 1
-8.0 79.0 1
709.0 485.0 1
439.0 234.0 1
510.0 95.0 1
559.0 66.0 1
463.0 578.0 1
733.0 641.0 1
69.0 713.0 1
542.0 507.0 1
92.0 517.0 1
698.0 315.0 1
27.0 683.0 1
335.0 978.0 1
1.0 203.0 1
669.0 886.0 1
165.0 330.0 1
8.0 947.0 1
-19.0 406.0 1
609.0 410.0 1
296.0 986.0 1
752.0 214.0 1
1.0 959.0 1
660.0 903.0 1
691.0 194.0 1
490.0 175.0 1
65.0 239.0 1
623.0 305.0 1
197.0 337.0 1
175.0 719.0 1
129.0 806.0 1
623.0 119.0 1
18.0 242.0 1
57.0 92.0 1
701.0 342.0 1
433.0 459.0 1
541.0 462.0 1
563.0 82.0 1
308.0 775.0 1
686.0 477.0 1
518.0 512.0 1
558.0 460.0 1
232.0 613.0 1
588.0 206.0 1
-33.0 318.0 1
721.0 356.0 1
446.0 469.0 1
728.0 169.0 1
640.0 392.0 1
84.0 409.0 1
370.0 984.0 1
577.0 886.0 1
166.0 562.0 1
25.0 797.0 1
165.0 556.0 1
527.0 531.0 1
352.0 958.0 1
257.0 952.0 1
-62.0 990.0 1
729.0 715.0 1
544.0 966.0 1
55.0 135.0 1
156.0 567.0 1
628.0 481.0 1
194.0 959.0 1
152.0 985.0 1
321.0 882.0 1
666.0 220.0 1
57.0 896.0 1
345.0 917.0 1
686.0 140.0 1
390.0 192.0 1
251.0 843.0 1
352.0 956.0 1
-6.0 386.0 1
605.0 628.0 1
1.0 504.0 1
221.0 856.0 1
91.0 297.0 1
88.0 562.0 1
625.0 546.0 1
518.0 451.0 1
115.0 229.0 1
638.0 677.0 1
459.0 906.0 1
704.0 154.0 1
446.0 242.0 1
636.0 325.0 1
-63.0 596.0 1
73.0 958.0 1
620.0 372.0 1
179.0 944.0 1
278.0 918.0 1
585.0 632.0 1
502.0 134.0 1
527.0 980.0 1
680.0 549.0 1
276.0 203.0 1
156.0 540.0 1
251.0 243.0 1
100.0 507.0 1
594.0 365.0 1
47.0 213.0 1
252.0 854.0 1
197.0 969.0 1
378.0 195.0 1
556.0 379.0 1
738.0 692.0 1
354.0 105.0 1
162.0 636.0 1
174.0 210.0 1
624.0 322.0 1
61.0 555.0 1
331.0 679.0 1
313.0 836.0 1
-45.0 529.0 1
71.0 610.0 1
423.0 826.0 1
160.0 788.0 1
216.0 243.0 1
446.0 913.0 1
229.0 848.0 1
397.0 172.0 1
279.0 222.0 1
524.0 933.0 1
693.0 255.0 1
524.0 590.0 1
540.0 304.0 1
308.0 961.0 1
101.0 701.0 1
82.0 687.0 1
728.0 513.0 1
707.0 896.0 1
62.0 447.0 1
268.0 753.0 1
487.0 182.0 1
