452.0 394.0 0
300.0 482.0 0
461.0 661.0 0
316.0 366.0 0
515.0 751.0 0
541.0 647.0 0
252.0 459.0 0
415.0 294.0 0
222.0 545.0 0
418.0 591.0 0
504.0 569.0 1
738.0 692.0 1
21.0 194.0 1
61.0 555.0 1
335.0 978.0 1
707.0 896.0 1
585.0 467.0 1
344.0 223.0 1
313.0 639.0 1
194.0 959.0 1
494.0 781.0 1
268.0 325.0 1
277.0 736.0 1
86.0 74.0 1
178.0 571.0 1
188.0 273.0 1
185.0 846.0 1
-19.0 609.0 1
420.0 100.0 1
640.0 565.0 1
623.0 119.0 1
119.0 462.0 1
342.0 184.0 1
447.0 506.0 1
686.0 477.0 1
682.0 755.0 1
753.0 375.0 1
518.0 451.0 1
66.0 308.0 1
400.0 888.0 1
691.0 194.0 1
162.0 636.0 1
514.0 233.0 1
527.0 980.0 1
-18.0 103.0 1
593.0 785.0 1
720.0 570.0 1
721.0 278.0 1
94.0 746.0 1
446.0 469.0 1
64.0 915.0 1
-6.0 386.0 1
27.0 683.0 1
686.0 140.0 1
540.0 304.0 1
354.0 105.0 1
240.0 620.0 1
623.0 404.0 1
-59.0 911.0 1
669.0 886.0 1
