422.0 345.0 0
338.0 524.0 0
524.0 711.0 0
540.0 682.0 0
358.0 400.0 0
411.0 757.0 0
311.0 429.0 0
325.0 329.0 0
421.0 666.0 0
389.0 387.0 0
202.0 536.0 0
427.0 605.0 0
274.0 410.0 0
164.0 485.0 0
541.0 647.0 0
516.0 365.0 0
283.0 541.0 0
386.0 409.0 0
413.0 295.0 0
371.0 728.0 0
532.0 584.0 1
670.0 690.0 1
1.0 203.0 1
24.0 608.0 1
364.0 956.0 1
740.0 911.0 1
609.0 423.0 1
365.0 216.0 1
557.0 526.0 1
305.0 687.0 1
240.0 979.0 1
526.0 794.0 1
210.0 359.0 1
242.0 808.0 1
128.0 77.0 1
156.0 567.0 1
251.0 243.0 1
252.0 854.0 1
-32.0 627.0 1
228.0 645.0 1
503.0 126.0 1
643.0 603.0 1
541.0 124.0 1
99.0 545.0 1
300.0 180.0 1
352.0 599.0 1
652.0 167.0 1
279.0 274.0 1
463.0 578.0 1
694.0 485.0 1
729.0 788.0 1
701.0 342.0 1
526.0 462.0 1
18.0 242.0 1
594.0 387.0 1
423.0 826.0 1
753.0 849.0 1
662.0 245.0 1
174.0 210.0 1
644.0 711.0 1
131.0 618.0 1
313.0 731.0 1
108.0 212.0 1
57.0 92.0 1
446.0 242.0 1
677.0 818.0 1
561.0 979.0 1
308.0 876.0 1
143.0 856.0 1
728.0 169.0 1
761.0 642.0 1
698.0 453.0 1
673.0 322.0 1
290.0 403.0 1
487.0 182.0 1
179.0 944.0 1
152.0 985.0 1
98.0 690.0 1
-7.0 299.0 1
459.0 489.0 1
115.0 434.0 1
524.0 933.0 1
461.0 509.0 1
-31.0 751.0 1
341.0 922.0 1
718.0 114.0 1
632.0 906.0 1
566.0 342.0 1
669.0 527.0 1
378.0 195.0 1
333.0 112.0 1
64.0 915.0 1
73.0 809.0 1
733.0 393.0 1
69.0 433.0 1
738.0 257.0 1
58.0 526.0 1
583.0 297.0 1
69.0 713.0 1
370.0 984.0 1
625.0 546.0 1
-27.0 67.0 1
179.0 607.0 1
638.0 677.0 1
-19.0 406.0 1
623.0 305.0 1
672.0 564.0 1
400.0 816.0 1
143.0 676.0 1
212.0 332.0 1
52.0 307.0 1
643.0 428.0 1
27.0 683.0 1
209.0 182.0 1
648.0 79.0 1
383.0 89.0 1
441.0 991.0 1
-59.0 911.0 1
287.0 72.0 1
95.0 890.0 1
