413.0 295.0 0
425.0 431.0 0
490.0 360.0 0
403.0 352.0 0
465.0 350.0 0
364.0 366.0 0
452.0 394.0 0
441.0 358.0 0
435.0 629.0 0
476.0 702.0 0
538.0 648.0 0
517.0 678.0 0
461.0 661.0 0
524.0 711.0 0
401.0 758.0 0
541.0 646.0 0
311.0 429.0 0
200.0 526.0 0
283.0 541.0 0
185.0 481.0 0
623.0 660.0 1
289.0 98.0 1
683.0 872.0 1
441.0 991.0 1
225.0 622.0 1
34.0 440.0 1
541.0 124.0 1
593.0 785.0 1
178.0 571.0 1
666.0 564.0 1
608.0 108.0 1
-25.0 805.0 1
143.0 512.0 1
609.0 423.0 1
485.0 91.0 1
268.0 325.0 1
698.0 453.0 1
372.0 931.0 1
343.0 662.0 1
287.0 72.0 1
228.0 645.0 1
132.0 474.0 1
208.0 870.0 1
64.0 915.0 1
115.0 434.0 1
737.0 778.0 1
-3.0 654.0 1
-18.0 103.0 1
585.0 122.0 1
640.0 565.0 1
108.0 212.0 1
594.0 387.0 1
86.0 74.0 1
262.0 261.0 1
346.0 718.0 1
519.0 596.0 1
637.0 556.0 1
179.0 607.0 1
198.0 395.0 1
623.0 863.0 1
690.0 434.0 1
717.0 492.0 1
300.0 180.0 1
-32.0 627.0 1
662.0 245.0 1
203.0 165.0 1
119.0 462.0 1
-8.0 176.0 1
337.0 436.0 1
734.0 220.0 1
4.0 582.0 1
706.0 588.0 1
-49.0 620.0 1
716.0 711.0 1
598.0 165.0 1
316.0 634.0 1
141.0 443.0 1
596.0 85.0 1
439.0 234.0 1
492.0 199.0 1
559.0 66.0 1
502.0 235.0 1
576.0 128.0 1
557.0 526.0 1
566.0 342.0 1
646.0 951.0 1
-44.0 389.0 1
51.0 476.0 1
8.0 947.0 1
595.0 223.0 1
-55.0 632.0 1
691.0 194.0 1
197.0 337.0 1
466.0 188.0 1
129.0 806.0 1
523.0 579.0 1
686.0 477.0 1
696.0 696.0 1
588.0 206.0 1
446.0 469.0 1
728.0 169.0 1
166.0 562.0 1
165.0 556.0 1
257.0 952.0 1
-62.0 990.0 1
511.0 143.0 1
-37.0 665.0 1
55.0 135.0 1
268.0 671.0 1
628.0 481.0 1
365.0 216.0 1
-27.0 821.0 1
390.0 973.0 1
71.0 242.0 1
57.0 896.0 1
686.0 140.0 1
623.0 404.0 1
448.0 140.0 1
52.0 307.0 1
374.0 943.0 1
