441.0 358.0 0
307.0 515.0 0
476.0 702.0 0
340.0 387.0 0
445.0 775.0 0
517.0 630.0 0
320.0 449.0 0
378.0 310.0 0
192.0 576.0 0
164.0 485.0 0
523.0 579.0 1
696.0 696.0 1
-38.0 208.0 1
31.0 575.0 1
352.0 958.0 1
724.0 941.0 1
583.0 429.0 1
367.0 251.0 1
318.0 682.0 1
257.0 952.0 1
510.0 810.0 1
247.0 373.0 1
228.0 768.0 1
143.0 99.0 1
165.0 556.0 1
216.0 243.0 1
251.0 843.0 1
-49.0 620.0 1
485.0 91.0 1
603.0 602.0 1
576.0 128.0 1
100.0 507.0 1
277.0 186.0 1
445.0 577.0 1
709.0 485.0 1
741.0 762.0 1
721.0 356.0 1
543.0 469.0 1
40.0 247.0 1
433.0 843.0 1
666.0 220.0 1
103.0 605.0 1
474.0 254.0 1
587.0 966.0 1
57.0 158.0 1
632.0 715.0 1
756.0 619.0 1
681.0 292.0 1
129.0 806.0 1
345.0 442.0 1
164.0 903.0 1
-33.0 318.0 1
-13.0 728.0 1
708.0 127.0 1
588.0 206.0 1
397.0 172.0 1
228.0 645.0 1
84.0 409.0 1
8.0 947.0 1
690.0 434.0 1
