403.0 352.0 0
343.0 510.0 0
522.0 691.0 0
364.0 366.0 0
401.0 758.0 0
541.0 646.0 0
328.0 472.0 0
413.0 295.0 0
200.0 526.0 0
439.0 429.0 0
519.0 596.0 1
716.0 711.0 1
-8.0 176.0 1
40.0 542.0 1
374.0 943.0 1
743.0 983.0 1
576.0 398.0 1
346.0 232.0 1
343.0 662.0 1
278.0 918.0 1
509.0 848.0 1
198.0 395.0 1
222.0 709.0 1
175.0 119.0 1
156.0 540.0 1
266.0 250.0 1
293.0 854.0 1
-63.0 596.0 1
502.0 134.0 1
585.0 632.0 1
608.0 148.0 1
132.0 474.0 1
279.0 222.0 1
462.0 549.0 1
717.0 492.0 1
699.0 760.0 1
725.0 397.0 1
542.0 507.0 1
52.0 307.0 1
400.0 816.0 1
652.0 202.0 1
111.0 660.0 1
439.0 234.0 1
544.0 966.0 1
23.0 127.0 1
545.0 736.0 1
706.0 588.0 1
698.0 315.0 1
82.0 850.0 1
438.0 476.0 1
152.0 985.0 1
29.0 354.0 1
23.0 719.0 1
704.0 154.0 1
575.0 324.0 1
383.0 89.0 1
232.0 613.0 1
165.0 330.0 1
-37.0 951.0 1
683.0 872.0 1
