452.0 394.0 0
300.0 482.0 0
461.0 661.0 0
517.0 630.0 0
316.0 366.0 0
428.0 714.0 0
316.0 477.0 0
378.0 310.0 0
435.0 629.0 0
396.0 409.0 0
222.0 545.0 0
488.0 649.0 0
229.0 437.0 0
220.0 479.0 0
395.0 727.0 0
475.0 401.0 0
247.0 461.0 0
424.0 321.0 0
299.0 549.0 0
159.0 507.0 0
504.0 569.0 1
738.0 692.0 1
21.0 194.0 1
61.0 555.0 1
335.0 978.0 1
707.0 896.0 1
585.0 467.0 1
344.0 223.0 1
573.0 547.0 1
313.0 639.0 1
308.0 961.0 1
494.0 781.0 1
268.0 325.0 1
277.0 736.0 1
86.0 74.0 1
178.0 571.0 1
188.0 273.0 1
221.0 856.0 1
-19.0 609.0 1
316.0 634.0 1
420.0 100.0 1
585.0 632.0 1
608.0 148.0 1
79.0 534.0 1
342.0 184.0 1
227.0 620.0 1
573.0 207.0 1
201.0 316.0 1
467.0 581.0 1
686.0 477.0 1
729.0 715.0 1
753.0 375.0 1
546.0 446.0 1
71.0 242.0 1
620.0 372.0 1
456.0 825.0 1
669.0 886.0 1
691.0 194.0 1
154.0 317.0 1
716.0 720.0 1
88.0 562.0 1
391.0 795.0 1
57.0 158.0 1
55.0 135.0 1
439.0 234.0 1
624.0 821.0 1
646.0 966.0 1
330.0 887.0 1
129.0 806.0 1
735.0 161.0 1
694.0 634.0 1
690.0 434.0 1
693.0 255.0 1
438.0 476.0 1
511.0 143.0 1
208.0 870.0 1
296.0 986.0 1
82.0 687.0 1
-44.0 389.0 1
438.0 485.0 1
132.0 474.0 1
577.0 886.0 1
433.0 549.0 1
-58.0 717.0 1
375.0 876.0 1
686.0 140.0 1
683.0 872.0 1
540.0 304.0 1
680.0 549.0 1
448.0 140.0 1
315.0 99.0 1
8.0 947.0 1
82.0 850.0 1
692.0 385.0 1
62.0 447.0 1
752.0 214.0 1
14.0 476.0 1
492.0 199.0 1
175.0 719.0 1
422.0 976.0 1
640.0 565.0 1
17.0 67.0 1
232.0 613.0 1
706.0 588.0 1
29.0 354.0 1
594.0 365.0 1
593.0 785.0 1
459.0 906.0 1
15.0 630.0 1
75.0 323.0 1
115.0 183.0 1
539.0 412.0 1
193.0 700.0 1
306.0 122.0 1
596.0 85.0 1
502.0 434.0 1
415.0 934.0 1
4.0 927.0 1
759.0 341.0 1
372.0 931.0 1
