441.0 358.0 0
307.0 515.0 0
476.0 702.0 0
517.0 678.0 0
340.0 387.0 0
445.0 775.0 0
320.0 449.0 0
349.0 339.0 0
434.0 680.0 0
404.0 387.0 0
192.0 576.0 0
451.0 590.0 0
255.0 412.0 0
185.0 481.0 0
515.0 751.0 0
502.0 350.0 0
253.0 516.0 0
421.0 403.0 0
407.0 299.0 0
376.0 631.0 0
523.0 579.0 1
696.0 696.0 1
-38.0 208.0 1
31.0 575.0 1
352.0 958.0 1
724.0 941.0 1
583.0 429.0 1
367.0 251.0 1
527.0 531.0 1
318.0 682.0 1
257.0 952.0 1
510.0 810.0 1
247.0 373.0 1
228.0 768.0 1
143.0 99.0 1
165.0 556.0 1
216.0 243.0 1
251.0 843.0 1
-49.0 620.0 1
268.0 671.0 1
485.0 91.0 1
603.0 602.0 1
576.0 128.0 1
100.0 507.0 1
277.0 186.0 1
322.0 621.0 1
598.0 165.0 1
279.0 289.0 1
445.0 577.0 1
709.0 485.0 1
741.0 762.0 1
721.0 356.0 1
543.0 469.0 1
40.0 247.0 1
609.0 410.0 1
433.0 843.0 1
755.0 902.0 1
666.0 220.0 1
167.0 263.0 1
665.0 738.0 1
103.0 605.0 1
346.0 718.0 1
66.0 214.0 1
64.0 107.0 1
474.0 254.0 1
671.0 800.0 1
587.0 966.0 1
313.0 836.0 1
167.0 832.0 1
727.0 192.0 1
756.0 619.0 1
671.0 460.0 1
681.0 292.0 1
345.0 442.0 1
479.0 161.0 1
164.0 903.0 1
197.0 969.0 1
101.0 701.0 1
-33.0 318.0 1
490.0 479.0 1
135.0 445.0 1
531.0 913.0 1
453.0 506.0 1
-13.0 728.0 1
285.0 898.0 1
708.0 127.0 1
623.0 863.0 1
551.0 333.0 1
728.0 513.0 1
397.0 172.0 1
345.0 107.0 1
73.0 958.0 1
25.0 797.0 1
746.0 426.0 1
84.0 409.0 1
750.0 277.0 1
11.0 527.0 1
538.0 263.0 1
94.0 746.0 1
390.0 973.0 1
596.0 533.0 1
-18.0 103.0 1
202.0 629.0 1
739.0 678.0 1
34.0 440.0 1
636.0 325.0 1
623.0 660.0 1
448.0 789.0 1
138.0 537.0 1
165.0 330.0 1
66.0 308.0 1
628.0 481.0 1
-2.0 681.0 1
203.0 165.0 1
643.0 123.0 1
399.0 280.0 1
527.0 980.0 1
-62.0 990.0 1
563.0 82.0 1
57.0 896.0 1
