358.0 400.0 0
425.0 431.0 0
340.0 387.0 0
516.0 365.0 0
325.0 329.0 0
347.0 386.0 0
421.0 403.0 0
406.0 302.0 0
378.0 310.0 0
403.0 352.0 0
465.0 350.0 0
401.0 392.0 0
399.0 335.0 0
452.0 394.0 0
441.0 358.0 0
475.0 401.0 0
472.0 678.0 0
445.0 775.0 0
515.0 751.0 0
435.0 629.0 0
418.0 591.0 0
538.0 648.0 0
427.0 605.0 0
421.0 666.0 0
461.0 661.0 0
428.0 714.0 0
541.0 646.0 0
252.0 459.0 0
175.0 563.0 0
263.0 553.0 0
316.0 477.0 0
190.0 463.0 0
299.0 549.0 0
328.0 472.0 0
202.0 536.0 0
283.0 541.0 0
192.0 576.0 0
338.0 524.0 0
185.0 481.0 0
527.0 363.0 0
389.0 387.0 0
316.0 366.0 0
349.0 339.0 0
386.0 409.0 0
363.0 650.0 0
229.0 437.0 0
249.0 410.0 0
282.0 501.0 0
289.0 98.0 1
441.0 991.0 1
225.0 622.0 1
514.0 233.0 1
541.0 124.0 1
593.0 785.0 1
461.0 509.0 1
306.0 122.0 1
729.0 788.0 1
479.0 161.0 1
188.0 918.0 1
383.0 89.0 1
344.0 223.0 1
608.0 108.0 1
-25.0 805.0 1
322.0 621.0 1
-33.0 319.0 1
143.0 512.0 1
452.0 789.0 1
94.0 746.0 1
609.0 423.0 1
620.0 262.0 1
413.0 125.0 1
485.0 91.0 1
154.0 317.0 1
622.0 545.0 1
78.0 672.0 1
438.0 485.0 1
721.0 278.0 1
372.0 931.0 1
708.0 127.0 1
343.0 662.0 1
287.0 72.0 1
462.0 549.0 1
135.0 445.0 1
228.0 645.0 1
494.0 781.0 1
132.0 474.0 1
583.0 429.0 1
546.0 446.0 1
352.0 599.0 1
201.0 316.0 1
64.0 915.0 1
293.0 854.0 1
614.0 361.0 1
362.0 109.0 1
115.0 434.0 1
737.0 778.0 1
526.0 462.0 1
290.0 403.0 1
4.0 927.0 1
509.0 848.0 1
143.0 676.0 1
138.0 537.0 1
585.0 122.0 1
640.0 565.0 1
399.0 280.0 1
313.0 639.0 1
459.0 489.0 1
711.0 356.0 1
739.0 678.0 1
40.0 247.0 1
750.0 277.0 1
624.0 694.0 1
-13.0 728.0 1
175.0 119.0 1
740.0 304.0 1
262.0 261.0 1
346.0 718.0 1
669.0 527.0 1
285.0 898.0 1
632.0 906.0 1
456.0 825.0 1
519.0 596.0 1
637.0 556.0 1
571.0 877.0 1
318.0 682.0 1
179.0 607.0 1
582.0 443.0 1
759.0 341.0 1
333.0 112.0 1
433.0 843.0 1
-58.0 717.0 1
227.0 620.0 1
673.0 228.0 1
632.0 715.0 1
715.0 490.0 1
720.0 570.0 1
623.0 863.0 1
725.0 397.0 1
448.0 789.0 1
690.0 434.0 1
504.0 828.0 1
694.0 634.0 1
313.0 731.0 1
583.0 297.0 1
534.0 851.0 1
503.0 126.0 1
210.0 359.0 1
32.0 960.0 1
437.0 847.0 1
-15.0 933.0 1
279.0 289.0 1
510.0 810.0 1
756.0 619.0 1
672.0 564.0 1
69.0 433.0 1
643.0 603.0 1
545.0 736.0 1
212.0 332.0 1
738.0 257.0 1
4.0 582.0 1
696.0 300.0 1
728.0 172.0 1
141.0 443.0 1
753.0 849.0 1
202.0 629.0 1
76.0 311.0 1
-37.0 951.0 1
596.0 85.0 1
651.0 886.0 1
-8.0 79.0 1
183.0 212.0 1
671.0 800.0 1
-19.0 609.0 1
15.0 630.0 1
492.0 199.0 1
559.0 66.0 1
463.0 578.0 1
542.0 507.0 1
576.0 128.0 1
587.0 966.0 1
335.0 978.0 1
188.0 273.0 1
143.0 99.0 1
165.0 330.0 1
8.0 947.0 1
209.0 155.0 1
-19.0 406.0 1
228.0 768.0 1
296.0 986.0 1
-55.0 632.0 1
415.0 934.0 1
490.0 175.0 1
400.0 816.0 1
408.0 986.0 1
65.0 239.0 1
341.0 922.0 1
209.0 182.0 1
175.0 719.0 1
95.0 890.0 1
18.0 242.0 1
523.0 579.0 1
57.0 92.0 1
596.0 533.0 1
563.0 82.0 1
686.0 477.0 1
222.0 709.0 1
603.0 602.0 1
232.0 613.0 1
305.0 687.0 1
721.0 356.0 1
446.0 469.0 1
728.0 169.0 1
84.0 409.0 1
115.0 183.0 1
23.0 719.0 1
370.0 984.0 1
166.0 562.0 1
336.0 609.0 1
185.0 846.0 1
167.0 832.0 1
25.0 797.0 1
99.0 545.0 1
352.0 958.0 1
257.0 952.0 1
242.0 808.0 1
729.0 715.0 1
511.0 143.0 1
11.0 527.0 1
40.0 542.0 1
703.0 398.0 1
575.0 324.0 1
156.0 567.0 1
520.0 927.0 1
375.0 876.0 1
194.0 959.0 1
-27.0 821.0 1
390.0 973.0 1
661.0 821.0 1
71.0 242.0 1
321.0 882.0 1
561.0 979.0 1
686.0 140.0 1
250.0 711.0 1
648.0 79.0 1
420.0 100.0 1
352.0 956.0 1
1.0 504.0 1
448.0 140.0 1
280.0 966.0 1
88.0 562.0 1
353.0 917.0 1
164.0 903.0 1
638.0 677.0 1
103.0 605.0 1
111.0 660.0 1
674.0 794.0 1
627.0 445.0 1
-63.0 596.0 1
432.0 874.0 1
735.0 161.0 1
585.0 632.0 1
551.0 333.0 1
502.0 134.0 1
527.0 980.0 1
142.0 951.0 1
453.0 566.0 1
251.0 243.0 1
23.0 127.0 1
342.0 184.0 1
707.0 960.0 1
665.0 738.0 1
662.0 91.0 1
354.0 105.0 1
162.0 636.0 1
364.0 956.0 1
174.0 210.0 1
279.0 274.0 1
-38.0 208.0 1
160.0 220.0 1
716.0 451.0 1
50.0 126.0 1
313.0 836.0 1
-45.0 529.0 1
71.0 610.0 1
743.0 390.0 1
160.0 788.0 1
229.0 848.0 1
699.0 760.0 1
397.0 172.0 1
279.0 222.0 1
716.0 720.0 1
693.0 255.0 1
524.0 590.0 1
540.0 304.0 1
438.0 476.0 1
728.0 513.0 1
-27.0 67.0 1
707.0 896.0 1
62.0 447.0 1
652.0 167.0 1
