415.0 294.0 0
396.0 409.0 0
445.0 775.0 0
520.0 668.0 0
540.0 682.0 0
263.0 553.0 0
316.0 477.0 0
307.0 515.0 0
247.0 461.0 0
376.0 631.0 0
683.0 872.0 1
441.0 991.0 1
225.0 622.0 1
14.0 476.0 1
609.0 423.0 1
652.0 202.0 1
154.0 317.0 1
721.0 278.0 1
208.0 870.0 1
58.0 526.0 1
-3.0 654.0 1
742.0 619.0 1
-13.0 728.0 1
715.0 490.0 1
690.0 434.0 1
504.0 828.0 1
337.0 436.0 1
445.0 577.0 1
277.0 736.0 1
728.0 172.0 1
681.0 292.0 1
651.0 886.0 1
669.0 886.0 1
209.0 155.0 1
228.0 768.0 1
296.0 986.0 1
240.0 620.0 1
660.0 903.0 1
367.0 251.0 1
209.0 182.0 1
175.0 719.0 1
623.0 119.0 1
222.0 709.0 1
527.0 531.0 1
511.0 143.0 1
520.0 927.0 1
57.0 896.0 1
576.0 398.0 1
625.0 546.0 1
459.0 906.0 1
735.0 161.0 1
585.0 632.0 1
551.0 333.0 1
456.0 267.0 1
543.0 469.0 1
662.0 91.0 1
281.0 276.0 1
716.0 451.0 1
716.0 720.0 1
433.0 549.0 1
