-50.0 -311.0 0
-186.0 82.0 0
329.0 210.0 0
-50.0 166.0 0
-138.0 -63.0 0
-37.0 105.0 0
-139.0 113.0 0
-72.0 223.0 0
223.0 96.0 0
-305.0 -74.0 0
-367.0 12.0 0
83.0 173.0 0
-222.0 7.0 0
-342.0 -12.0 0
334.0 258.0 0
-73.0 -47.0 0
-163.0 212.0 0
-167.0 403.0 0
222.0 -141.0 0
-123.0 391.0 0
259.0 -133.0 1
-337.0 177.0 1
-156.0 -139.0 1
503.0 145.0 1
37.0 237.0 1
186.0 -84.0 1
1.0 381.0 1
226.0 49.0 1
-529.0 197.0 1
-384.0 -195.0 1
313.0 -396.0 1
-15.0 199.0 1
464.0 -39.0 1
-262.0 -238.0 1
56.0 -94.0 1
185.0 -262.0 1
496.0 99.0 1
488.0 -300.0 1
-547.0 -124.0 1
-486.0 -291.0 1
-265.0 -177.0 1
-206.0 -334.0 1
445.0 -63.0 1
26.0 96.0 1
-486.0 384.0 1
170.0 -316.0 1
441.0 -128.0 1
-197.0 -255.0 1
137.0 -304.0 1
-206.0 -309.0 1
312.0 3.0 1
268.0 -399.0 1
-498.0 -205.0 1
216.0 360.0 1
480.0 -154.0 1
9.0 406.0 1
-239.0 282.0 1
216.0 54.0 1
-73.0 386.0 1
-127.0 126.0 1
16.0 309.0 1
-226.0 384.0 1
-525.0 -412.0 1
368.0 -64.0 1
406.0 -276.0 1
-128.0 199.0 1
444.0 -38.0 1
348.0 -112.0 1
506.0 341.0 1
388.0 -323.0 1
-289.0 325.0 1
8.0 -352.0 1
-320.0 -85.0 1
437.0 365.0 1
134.0 -338.0 1
84.0 116.0 1
450.0 -384.0 1
200.0 227.0 1
437.0 -367.0 1
327.0 181.0 1
179.0 352.0 1
36.0 -296.0 1
-567.0 -84.0 1
-444.0 -94.0 1
162.0 284.0 1
449.0 49.0 1
-191.0 -298.0 1
134.0 171.0 1
481.0 -94.0 1
522.0 342.0 1
125.0 279.0 1
350.0 79.0 1
432.0 199.0 1
-184.0 -375.0 1
347.0 -30.0 1
-123.0 68.0 1
150.0 19.0 1
232.0 296.0 1
-464.0 -302.0 1
-477.0 -175.0 1
236.0 -71.0 1
388.0 275.0 1
377.0 259.0 1
513.0 -38.0 1
158.0 14.0 1
12.0 388.0 1
-402.0 214.0 1
392.0 316.0 1
-536.0 -123.0 1
145.0 -223.0 1
167.0 -229.0 1
451.0 -342.0 1
163.0 269.0 1
-510.0 207.0 1
66.0 162.0 1
416.0 -286.0 1
-119.0 -110.0 1
528.0 196.0 1
-53.0 -297.0 1
267.0 259.0 1
