-50.0 -311.0 0
52.0 55.0 0
-90.0 99.0 0
-109.0 267.0 0
314.0 193.0 0
223.0 96.0 0
105.0 24.0 0
-342.0 -12.0 0
-127.0 -196.0 0
-96.0 -18.0 0
259.0 -133.0 1
186.0 -84.0 1
-408.0 306.0 1
-384.0 -195.0 1
-499.0 -401.0 1
56.0 -94.0 1
-540.0 -286.0 1
410.0 319.0 1
26.0 96.0 1
375.0 -90.0 1
-206.0 -309.0 1
215.0 44.0 1
-189.0 160.0 1
480.0 -154.0 1
220.0 1.0 1
-15.0 383.0 1
-142.0 378.0 1
243.0 390.0 1
-73.0 386.0 1
355.0 -42.0 1
-226.0 384.0 1
368.0 -64.0 1
-404.0 -73.0 1
-128.0 199.0 1
-14.0 381.0 1
5.0 -155.0 1
461.0 -348.0 1
-500.0 79.0 1
56.0 227.0 1
22.0 191.0 1
-191.0 -298.0 1
-498.0 80.0 1
142.0 192.0 1
-464.0 -302.0 1
240.0 224.0 1
392.0 316.0 1
-448.0 -407.0 1
-510.0 207.0 1
231.0 318.0 1
278.0 147.0 1
267.0 259.0 1
207.0 -15.0 1
-374.0 -107.0 1
-290.0 -367.0 1
-370.0 -211.0 1
-226.0 80.0 1
-291.0 218.0 1
-4.0 -261.0 1
521.0 -208.0 1
-340.0 310.0 1
