-22.0 265.0 0
-164.0 -253.0 0
-299.0 79.0 0
153.0 195.0 0
-14.0 13.0 0
-73.0 -47.0 0
8.0 -255.0 0
193.0 -53.0 0
-150.0 144.0 0
-123.0 391.0 0
-176.0 74.0 1
216.0 360.0 1
-551.0 -315.0 1
521.0 -208.0 1
410.0 319.0 1
198.0 -344.0 1
-463.0 -72.0 1
-414.0 307.0 1
-273.0 -276.0 1
-494.0 301.0 1
510.0 -124.0 1
-443.0 368.0 1
56.0 -94.0 1
125.0 279.0 1
102.0 -263.0 1
-405.0 22.0 1
392.0 316.0 1
-233.0 -106.0 1
195.0 352.0 1
-73.0 386.0 1
490.0 166.0 1
145.0 -223.0 1
9.0 406.0 1
-500.0 79.0 1
59.0 408.0 1
-458.0 -299.0 1
388.0 -323.0 1
448.0 -172.0 1
348.0 -112.0 1
-183.0 94.0 1
-267.0 -364.0 1
441.0 -128.0 1
-411.0 -330.0 1
312.0 3.0 1
233.0 -39.0 1
99.0 210.0 1
56.0 227.0 1
-11.0 -378.0 1
4.0 -297.0 1
-391.0 71.0 1
-239.0 282.0 1
-151.0 162.0 1
-370.0 -211.0 1
260.0 1.0 1
232.0 98.0 1
77.0 -140.0 1
188.0 188.0 1
440.0 -299.0 1
-448.0 -156.0 1
527.0 261.0 1
