175.0 87.0 0
117.0 116.0 0
-130.0 -69.0 0
117.0 -7.0 0
153.0 195.0 0
-164.0 -253.0 0
-109.0 -306.0 0
-89.0 -295.0 0
148.0 -127.0 0
-60.0 19.0 0
-156.0 -139.0 1
503.0 145.0 1
37.0 237.0 1
490.0 -319.0 1
-262.0 -238.0 1
173.0 -294.0 1
349.0 -184.0 1
535.0 326.0 1
445.0 -63.0 1
-165.0 81.0 1
441.0 -128.0 1
-463.0 -256.0 1
321.0 65.0 1
148.0 -246.0 1
16.0 309.0 1
-283.0 406.0 1
506.0 341.0 1
-486.0 -22.0 1
93.0 17.0 1
-524.0 -409.0 1
462.0 -115.0 1
-429.0 -204.0 1
-165.0 347.0 1
14.0 293.0 1
79.0 -296.0 1
-160.0 80.0 1
-384.0 349.0 1
54.0 -156.0 1
-365.0 278.0 1
-267.0 -364.0 1
448.0 28.0 1
143.0 197.0 1
-287.0 367.0 1
-309.0 -268.0 1
12.0 388.0 1
-363.0 -80.0 1
66.0 162.0 1
95.0 322.0 1
-324.0 -121.0 1
-170.0 76.0 1
-76.0 35.0 1
45.0 -318.0 1
-176.0 74.0 1
198.0 -344.0 1
-521.0 -310.0 1
-133.0 -224.0 1
399.0 -272.0 1
317.0 -305.0 1
-201.0 219.0 1
322.0 -290.0 1
