-40.0 162.0 0
-78.0 -189.0 0
-199.0 -62.0 0
71.0 76.0 0
32.0 -29.0 0
-96.0 -18.0 0
8.0 -250.0 0
218.0 -59.0 0
-139.0 113.0 0
223.0 96.0 0
-171.0 57.0 1
267.0 259.0 1
-505.0 -248.0 1
496.0 -247.0 1
446.0 274.0 1
288.0 -261.0 1
-500.0 -23.0 1
-408.0 306.0 1
-322.0 -280.0 1
-487.0 303.0 1
473.0 -69.0 1
-476.0 406.0 1
118.0 39.0 1
79.0 265.0 1
36.0 -300.0 1
-419.0 -47.0 1
386.0 318.0 1
-259.0 -69.0 1
327.0 181.0 1
-31.0 361.0 1
473.0 162.0 1
148.0 -246.0 1
14.0 369.0 1
-498.0 80.0 1
-137.0 278.0 1
-464.0 -302.0 1
401.0 -391.0 1
442.0 -244.0 1
371.0 -122.0 1
-171.0 121.0 1
-206.0 -309.0 1
455.0 -117.0 1
-413.0 -266.0 1
479.0 90.0 1
247.0 -109.0 1
26.0 96.0 1
-16.0 220.0 1
-53.0 -297.0 1
-5.0 -242.0 1
-395.0 163.0 1
-263.0 270.0 1
-90.0 125.0 1
-303.0 -354.0 1
260.0 -2.0 1
158.0 14.0 1
66.0 -202.0 1
200.0 227.0 1
432.0 -347.0 1
-554.0 81.0 1
511.0 261.0 1
