-109.0 267.0 0
-99.0 -384.0 0
-342.0 -12.0 0
117.0 116.0 0
27.0 76.0 0
-87.0 -39.0 0
148.0 -127.0 0
299.0 -109.0 0
-102.0 110.0 0
334.0 258.0 0
-165.0 81.0 1
230.0 219.0 1
-540.0 -286.0 1
519.0 -342.0 1
484.0 368.0 1
302.0 -288.0 1
-454.0 -115.0 1
-343.0 330.0 1
-291.0 -272.0 1
-451.0 137.0 1
464.0 -39.0 1
-476.0 373.0 1
57.0 -3.0 1
42.0 320.0 1
36.0 -296.0 1
-397.0 1.0 1
420.0 258.0 1
-330.0 -115.0 1
265.0 402.0 1
-29.0 351.0 1
447.0 149.0 1
166.0 -309.0 1
-9.0 411.0 1
-433.0 11.0 1
-165.0 347.0 1
-533.0 -359.0 1
382.0 -401.0 1
449.0 -191.0 1
394.0 -91.0 1
-226.0 80.0 1
-231.0 -331.0 1
462.0 -115.0 1
-399.0 -259.0 1
460.0 52.0 1
261.0 -62.0 1
51.0 78.0 1
-8.0 216.0 1
-133.0 -224.0 1
-4.0 -261.0 1
-331.0 168.0 1
-329.0 381.0 1
-145.0 -157.0 1
-241.0 -282.0 1
349.0 -184.0 1
226.0 49.0 1
54.0 -156.0 1
188.0 239.0 1
486.0 -382.0 1
-162.0 249.0 1
-564.0 -386.0 1
