334.0 152.0 0
-138.0 -63.0 0
-86.0 21.0 0
-222.0 7.0 0
-115.0 185.0 0
-299.0 79.0 0
-120.0 94.0 0
171.0 -116.0 0
-373.0 13.0 0
212.0 -154.0 0
-337.0 177.0 1
226.0 49.0 1
-514.0 71.0 1
-514.0 -109.0 1
440.0 -299.0 1
-239.0 282.0 1
-537.0 121.0 1
35.0 396.0 1
18.0 75.0 1
-149.0 280.0 1
351.0 15.0 1
-417.0 -198.0 1
332.0 107.0 1
233.0 -39.0 1
-531.0 -113.0 1
-487.0 303.0 1
-444.0 -94.0 1
380.0 -365.0 1
-376.0 -21.0 1
-171.0 57.0 1
-303.0 -287.0 1
449.0 49.0 1
-281.0 -345.0 1
125.0 279.0 1
-398.0 -394.0 1
261.0 236.0 1
-426.0 150.0 1
30.0 -260.0 1
-389.0 -9.0 1
-420.0 57.0 1
-5.0 -242.0 1
-50.0 -286.0 1
496.0 -247.0 1
-331.0 168.0 1
56.0 373.0 1
511.0 261.0 1
456.0 -101.0 1
446.0 -204.0 1
460.0 52.0 1
139.0 46.0 1
53.0 153.0 1
286.0 318.0 1
-525.0 260.0 1
285.0 -116.0 1
90.0 -24.0 1
-552.0 -218.0 1
-540.0 293.0 1
-31.0 361.0 1
119.0 376.0 1
-9.0 -8.0 1
