31.0 187.0 0
117.0 116.0 0
116.0 136.0 0
158.0 192.0 0
33.0 129.0 0
-18.0 135.0 0
-68.0 157.0 0
234.0 -237.0 0
27.0 76.0 0
117.0 -7.0 0
-325.0 -28.0 0
-86.0 21.0 0
105.0 24.0 0
-127.0 -196.0 0
-226.0 75.0 0
234.0 249.0 0
-147.0 264.0 0
-109.0 -306.0 0
-102.0 110.0 0
-14.0 13.0 0
-11.0 -378.0 1
425.0 -211.0 1
-253.0 -285.0 1
-538.0 377.0 1
-241.0 -282.0 1
412.0 242.0 1
196.0 -387.0 1
134.0 44.0 1
240.0 -19.0 1
379.0 376.0 1
51.0 78.0 1
330.0 -106.0 1
-181.0 213.0 1
99.0 210.0 1
522.0 -281.0 1
129.0 -43.0 1
70.0 361.0 1
510.0 -124.0 1
348.0 -199.0 1
-222.0 -171.0 1
5.0 -248.0 1
111.0 343.0 1
-360.0 322.0 1
-180.0 284.0 1
118.0 39.0 1
348.0 -366.0 1
453.0 -167.0 1
451.0 206.0 1
447.0 149.0 1
-533.0 -188.0 1
-333.0 -308.0 1
420.0 258.0 1
490.0 166.0 1
243.0 390.0 1
148.0 -246.0 1
-377.0 141.0 1
210.0 355.0 1
297.0 -55.0 1
462.0 327.0 1
18.0 75.0 1
-404.0 -73.0 1
382.0 -401.0 1
76.0 -382.0 1
-14.0 381.0 1
-496.0 -127.0 1
-486.0 -22.0 1
-111.0 390.0 1
351.0 15.0 1
93.0 17.0 1
226.0 -214.0 1
467.0 -286.0 1
486.0 -382.0 1
332.0 107.0 1
183.0 295.0 1
-102.0 -389.0 1
-291.0 -272.0 1
167.0 -45.0 1
435.0 -367.0 1
70.0 380.0 1
-8.0 216.0 1
-16.0 220.0 1
-303.0 -287.0 1
377.0 22.0 1
-281.0 -345.0 1
-398.0 -335.0 1
430.0 -210.0 1
104.0 -270.0 1
-384.0 349.0 1
-163.0 -233.0 1
-159.0 258.0 1
-463.0 -72.0 1
479.0 -153.0 1
-454.0 -115.0 1
448.0 28.0 1
142.0 192.0 1
143.0 197.0 1
-322.0 -280.0 1
-500.0 -23.0 1
434.0 -10.0 1
305.0 -103.0 1
101.0 253.0 1
-381.0 60.0 1
-123.0 -51.0 1
452.0 -128.0 1
288.0 -261.0 1
240.0 224.0 1
30.0 -260.0 1
251.0 -97.0 1
-448.0 -407.0 1
-494.0 301.0 1
496.0 -247.0 1
-363.0 -80.0 1
-331.0 168.0 1
260.0 1.0 1
-216.0 -361.0 1
95.0 322.0 1
-453.0 -153.0 1
57.0 -3.0 1
167.0 -301.0 1
-465.0 -240.0 1
