50.0 17.0 0
-50.0 166.0 0
-127.0 -31.0 0
-14.0 13.0 0
-167.0 403.0 0
-123.0 391.0 0
67.0 -164.0 0
-150.0 144.0 0
299.0 -109.0 0
193.0 -53.0 0
1.0 381.0 1
522.0 286.0 1
-15.0 199.0 1
185.0 -262.0 1
427.0 201.0 1
-234.0 -228.0 1
-265.0 -177.0 1
70.0 361.0 1
50.0 255.0 1
510.0 -124.0 1
188.0 188.0 1
137.0 -304.0 1
-360.0 322.0 1
118.0 39.0 1
496.0 -121.0 1
-525.0 -412.0 1
406.0 -276.0 1
484.0 368.0 1
-289.0 325.0 1
448.0 -172.0 1
-320.0 -85.0 1
435.0 -367.0 1
377.0 22.0 1
134.0 171.0 1
430.0 -210.0 1
-463.0 -72.0 1
4.0 -297.0 1
432.0 199.0 1
448.0 351.0 1
434.0 -10.0 1
150.0 19.0 1
-381.0 60.0 1
452.0 -128.0 1
-231.0 330.0 1
-183.0 94.0 1
-494.0 301.0 1
163.0 269.0 1
57.0 -3.0 1
70.0 -302.0 1
-270.0 95.0 1
-37.0 401.0 1
239.0 -59.0 1
433.0 -46.0 1
442.0 -244.0 1
-55.0 315.0 1
242.0 -311.0 1
-133.0 -358.0 1
-533.0 -359.0 1
421.0 116.0 1
38.0 -252.0 1
