-115.0 185.0 0
-135.0 -239.0 0
-327.0 19.0 0
33.0 129.0 0
105.0 24.0 0
-145.0 5.0 0
98.0 -53.0 0
234.0 -237.0 0
-60.0 19.0 0
234.0 249.0 0
-170.0 76.0 1
240.0 224.0 1
-498.0 -205.0 1
519.0 -217.0 1
456.0 294.0 1
317.0 -305.0 1
-567.0 -84.0 1
-345.0 336.0 1
-307.0 -242.0 1
-510.0 207.0 1
497.0 -95.0 1
-540.0 293.0 1
129.0 -43.0 1
101.0 253.0 1
104.0 -270.0 1
-369.0 29.0 1
412.0 242.0 1
-374.0 -107.0 1
243.0 390.0 1
-24.0 346.0 1
473.0 170.0 1
116.0 -387.0 1
12.0 388.0 1
-548.0 0.0 1
-183.0 370.0 1
-486.0 -291.0 1
315.0 -325.0 1
419.0 -175.0 1
347.0 -30.0 1
-216.0 89.0 1
-184.0 -375.0 1
452.0 -128.0 1
-398.0 -335.0 1
351.0 15.0 1
239.0 -59.0 1
54.0 172.0 1
37.0 237.0 1
-163.0 -233.0 1
2.0 -279.0 1
-377.0 141.0 1
-231.0 330.0 1
-9.0 -8.0 1
-357.0 -222.0 1
348.0 -199.0 1
216.0 54.0 1
71.0 -176.0 1
163.0 390.0 1
461.0 -348.0 1
-562.0 92.0 1
-568.0 -400.0 1
