133.0 114.0 0
-87.0 -39.0 0
115.0 100.0 0
-99.0 -384.0 0
135.0 29.0 0
67.0 -164.0 0
-150.0 144.0 0
-176.0 -268.0 0
-199.0 -62.0 0
-96.0 -18.0 0
-60.0 19.0 0
299.0 -109.0 0
-373.0 13.0 0
-136.0 172.0 0
218.0 -59.0 0
-73.0 -144.0 0
193.0 -53.0 0
-230.0 67.0 0
-22.0 265.0 0
212.0 -154.0 0
446.0 -204.0 1
401.0 -391.0 1
-270.0 95.0 1
476.0 -370.0 1
460.0 52.0 1
-170.0 76.0 1
-216.0 89.0 1
386.0 318.0 1
102.0 -263.0 1
-405.0 22.0 1
-1.0 -172.0 1
-37.0 401.0 1
-419.0 -47.0 1
-273.0 -276.0 1
-562.0 92.0 1
526.0 332.0 1
513.0 -92.0 1
-76.0 35.0 1
412.0 143.0 1
239.0 -59.0 1
433.0 -46.0 1
207.0 -15.0 1
139.0 46.0 1
45.0 -318.0 1
-176.0 74.0 1
53.0 153.0 1
-374.0 -107.0 1
286.0 318.0 1
-263.0 270.0 1
442.0 -244.0 1
-311.0 79.0 1
198.0 -344.0 1
-472.0 -1.0 1
455.0 -117.0 1
-351.0 153.0 1
-521.0 -310.0 1
490.0 -14.0 1
2.0 -279.0 1
-525.0 260.0 1
-55.0 315.0 1
-410.0 327.0 1
285.0 -116.0 1
377.0 162.0 1
114.0 -347.0 1
-369.0 29.0 1
133.0 287.0 1
96.0 -282.0 1
-133.0 -224.0 1
-290.0 -367.0 1
90.0 -24.0 1
-370.0 -211.0 1
-226.0 80.0 1
-551.0 -315.0 1
-414.0 307.0 1
-330.0 -115.0 1
519.0 -342.0 1
-395.0 -280.0 1
242.0 -311.0 1
-552.0 -218.0 1
399.0 -272.0 1
-291.0 218.0 1
-233.0 -106.0 1
317.0 -305.0 1
-343.0 330.0 1
-357.0 -222.0 1
-133.0 -358.0 1
-35.0 275.0 1
-538.0 -165.0 1
457.0 279.0 1
-4.0 -261.0 1
-145.0 -157.0 1
505.0 -264.0 1
-564.0 -386.0 1
-389.0 -296.0 1
483.0 -89.0 1
-540.0 293.0 1
521.0 -208.0 1
51.0 -201.0 1
-183.0 370.0 1
-201.0 219.0 1
402.0 -24.0 1
-168.0 85.0 1
-505.0 -248.0 1
527.0 261.0 1
394.0 -91.0 1
-533.0 -359.0 1
-517.0 -336.0 1
-9.0 -183.0 1
421.0 116.0 1
379.0 372.0 1
107.0 219.0 1
-31.0 361.0 1
230.0 219.0 1
-259.0 -69.0 1
38.0 -252.0 1
-340.0 310.0 1
119.0 376.0 1
188.0 239.0 1
322.0 -290.0 1
-9.0 -8.0 1
