-186.0 82.0 0
-139.0 113.0 0
-72.0 223.0 0
27.0 76.0 0
-226.0 75.0 0
-147.0 264.0 0
-73.0 -47.0 0
-87.0 -39.0 0
-136.0 172.0 0
-22.0 265.0 0
-11.0 -378.0 1
473.0 162.0 1
315.0 -325.0 1
-529.0 197.0 1
313.0 -396.0 1
464.0 -39.0 1
412.0 242.0 1
260.0 -2.0 1
488.0 -300.0 1
-476.0 373.0 1
-181.0 213.0 1
99.0 210.0 1
-486.0 384.0 1
-548.0 0.0 1
-197.0 -255.0 1
268.0 -399.0 1
451.0 206.0 1
71.0 -176.0 1
-454.0 239.0 1
-572.0 411.0 1
-347.0 169.0 1
265.0 402.0 1
14.0 369.0 1
226.0 -214.0 1
450.0 -384.0 1
-9.0 411.0 1
183.0 295.0 1
456.0 294.0 1
162.0 284.0 1
-398.0 -335.0 1
-472.0 355.0 1
-179.0 185.0 1
-322.0 -280.0 1
346.0 352.0 1
-123.0 -51.0 1
236.0 -71.0 1
246.0 -303.0 1
451.0 -342.0 1
-563.0 -111.0 1
-476.0 406.0 1
476.0 -370.0 1
-419.0 -47.0 1
-351.0 153.0 1
133.0 287.0 1
-330.0 -115.0 1
-395.0 -280.0 1
-538.0 -165.0 1
-145.0 -157.0 1
107.0 219.0 1
188.0 239.0 1
