335.0 170.0 0
158.0 192.0 0
-68.0 157.0 0
-37.0 105.0 0
-367.0 12.0 0
-145.0 5.0 0
-327.0 19.0 0
-135.0 -239.0 0
98.0 -53.0 0
-176.0 -268.0 0
-395.0 163.0 1
300.0 390.0 1
330.0 -106.0 1
311.0 -273.0 1
348.0 -199.0 1
-272.0 231.0 1
-410.0 -390.0 1
261.0 -62.0 1
-533.0 -188.0 1
216.0 360.0 1
489.0 -321.0 1
371.0 -122.0 1
9.0 406.0 1
-162.0 249.0 1
-377.0 141.0 1
432.0 -347.0 1
36.0 -300.0 1
166.0 -309.0 1
467.0 -286.0 1
-345.0 336.0 1
-397.0 1.0 1
-291.0 -272.0 1
-567.0 -84.0 1
29.0 328.0 1
-195.0 269.0 1
163.0 390.0 1
-454.0 -115.0 1
347.0 -30.0 1
-460.0 79.0 1
-171.0 121.0 1
-282.0 -239.0 1
116.0 -387.0 1
-307.0 -242.0 1
260.0 1.0 1
195.0 352.0 1
167.0 -301.0 1
-465.0 -240.0 1
446.0 274.0 1
19.0 179.0 1
-273.0 -276.0 1
526.0 332.0 1
455.0 -117.0 1
-410.0 327.0 1
-551.0 -315.0 1
-35.0 275.0 1
-564.0 -386.0 1
51.0 -201.0 1
-183.0 370.0 1
-168.0 85.0 1
527.0 261.0 1
