309.0 -146.0 0
-18.0 135.0 0
234.0 -237.0 0
189.0 35.0 0
334.0 258.0 0
160.0 9.0 0
-102.0 110.0 0
154.0 195.0 0
-163.0 212.0 0
303.0 -208.0 0
425.0 -211.0 1
-554.0 81.0 1
120.0 -20.0 1
-241.0 -282.0 1
263.0 -413.0 1
134.0 44.0 1
-451.0 137.0 1
129.0 -43.0 1
398.0 334.0 1
-399.0 -259.0 1
79.0 265.0 1
-252.0 169.0 1
348.0 -366.0 1
-498.0 -205.0 1
216.0 54.0 1
-433.0 11.0 1
444.0 -38.0 1
-496.0 -127.0 1
388.0 -323.0 1
-480.0 -305.0 1
437.0 365.0 1
84.0 116.0 1
251.0 -361.0 1
147.0 184.0 1
-102.0 -389.0 1
327.0 181.0 1
167.0 -45.0 1
-8.0 216.0 1
479.0 90.0 1
-256.0 123.0 1
305.0 -103.0 1
232.0 296.0 1
-477.0 -175.0 1
288.0 -261.0 1
377.0 259.0 1
513.0 -38.0 1
523.0 76.0 1
251.0 -97.0 1
-402.0 214.0 1
42.0 320.0 1
416.0 -286.0 1
162.0 359.0 1
-490.0 35.0 1
-53.0 -297.0 1
401.0 -391.0 1
-405.0 22.0 1
114.0 -347.0 1
-369.0 29.0 1
-414.0 307.0 1
-343.0 330.0 1
