329.0 210.0 0
-40.0 162.0 0
-32.0 -226.0 0
234.0 249.0 0
-78.0 -189.0 0
32.0 -96.0 0
133.0 114.0 0
115.0 100.0 0
-199.0 -62.0 0
-73.0 -144.0 0
305.0 395.0 1
-467.0 90.0 1
285.0 -358.0 1
449.0 -191.0 1
-206.0 -334.0 1
-448.0 -156.0 1
-90.0 408.0 1
-420.0 -359.0 1
170.0 -316.0 1
-391.0 71.0 1
59.0 408.0 1
-222.0 -171.0 1
-458.0 -299.0 1
111.0 343.0 1
-180.0 284.0 1
-313.0 247.0 1
453.0 -167.0 1
302.0 -288.0 1
473.0 170.0 1
-456.0 170.0 1
-137.0 278.0 1
297.0 -55.0 1
399.0 260.0 1
-24.0 346.0 1
-413.0 -266.0 1
-16.0 220.0 1
66.0 -202.0 1
104.0 -270.0 1
522.0 342.0 1
-163.0 -233.0 1
350.0 79.0 1
-403.0 78.0 1
-90.0 125.0 1
167.0 -229.0 1
-231.0 -331.0 1
-443.0 368.0 1
23.0 368.0 1
-119.0 -110.0 1
-446.0 104.0 1
386.0 318.0 1
-1.0 -172.0 1
-562.0 92.0 1
-472.0 -1.0 1
519.0 -342.0 1
-233.0 -106.0 1
-357.0 -222.0 1
457.0 279.0 1
-505.0 -248.0 1
394.0 -91.0 1
379.0 372.0 1
