-109.0 267.0 0
-99.0 -384.0 0
-342.0 -12.0 0
117.0 116.0 0
71.0 76.0 0
-87.0 -39.0 0
-86.0 21.0 0
32.0 -96.0 0
299.0 -109.0 0
-22.0 265.0 0
135.0 29.0 0
334.0 152.0 0
223.0 96.0 0
-199.0 -62.0 0
-163.0 212.0 0
-78.0 -189.0 0
-73.0 -144.0 0
-150.0 144.0 0
222.0 -141.0 0
117.0 -7.0 0
-165.0 81.0 1
230.0 219.0 1
-540.0 -286.0 1
519.0 -342.0 1
484.0 368.0 1
302.0 -288.0 1
-536.0 -123.0 1
-343.0 330.0 1
-291.0 -272.0 1
-402.0 214.0 1
464.0 -39.0 1
-476.0 373.0 1
57.0 -3.0 1
42.0 320.0 1
-454.0 -115.0 1
36.0 -296.0 1
-397.0 1.0 1
420.0 258.0 1
170.0 -316.0 1
-330.0 -115.0 1
51.0 -178.0 1
398.0 334.0 1
30.0 -260.0 1
-29.0 351.0 1
447.0 149.0 1
198.0 -344.0 1
-9.0 411.0 1
-463.0 -72.0 1
-37.0 401.0 1
-171.0 57.0 1
188.0 239.0 1
-480.0 -305.0 1
382.0 -401.0 1
449.0 -191.0 1
394.0 -91.0 1
-283.0 406.0 1
179.0 352.0 1
-226.0 80.0 1
-231.0 -331.0 1
35.0 396.0 1
453.0 -167.0 1
535.0 326.0 1
-399.0 -259.0 1
402.0 -24.0 1
261.0 -62.0 1
51.0 78.0 1
-472.0 355.0 1
-8.0 216.0 1
-133.0 -224.0 1
-331.0 168.0 1
457.0 279.0 1
452.0 -128.0 1
450.0 -384.0 1
163.0 269.0 1
-145.0 -157.0 1
-234.0 -228.0 1
288.0 -261.0 1
297.0 -55.0 1
215.0 44.0 1
332.0 107.0 1
467.0 -286.0 1
-5.0 -242.0 1
-463.0 -256.0 1
142.0 192.0 1
448.0 -172.0 1
2.0 -279.0 1
-391.0 71.0 1
-259.0 -69.0 1
-443.0 368.0 1
473.0 162.0 1
-404.0 -73.0 1
-53.0 -297.0 1
-514.0 71.0 1
-151.0 162.0 1
18.0 75.0 1
-410.0 -390.0 1
-460.0 79.0 1
23.0 368.0 1
416.0 -286.0 1
-357.0 -222.0 1
167.0 -229.0 1
337.0 -189.0 1
-263.0 270.0 1
528.0 196.0 1
16.0 309.0 1
445.0 -63.0 1
-417.0 -198.0 1
186.0 -84.0 1
226.0 49.0 1
-281.0 -345.0 1
150.0 19.0 1
-239.0 282.0 1
-568.0 -400.0 1
232.0 98.0 1
-398.0 -394.0 1
-149.0 280.0 1
-137.0 278.0 1
-448.0 -407.0 1
476.0 -370.0 1
167.0 -45.0 1
