-68.0 157.0 0
-109.0 -306.0 0
-332.0 -61.0 0
116.0 136.0 0
60.0 60.0 0
-138.0 -63.0 0
19.0 -203.0 0
275.0 -214.0 0
-37.0 105.0 0
329.0 210.0 0
-160.0 80.0 1
231.0 318.0 1
-533.0 -188.0 1
505.0 -264.0 1
437.0 365.0 1
242.0 -311.0 1
-531.0 -113.0 1
-360.0 322.0 1
-306.0 -249.0 1
-456.0 170.0 1
513.0 -92.0 1
-486.0 384.0 1
120.0 -20.0 1
111.0 343.0 1
70.0 -302.0 1
-376.0 -21.0 1
399.0 260.0 1
-297.0 -76.0 1
305.0 395.0 1
-24.0 320.0 1
432.0 199.0 1
114.0 -347.0 1
-15.0 383.0 1
-472.0 -1.0 1
-111.0 390.0 1
-517.0 -336.0 1
380.0 -365.0 1
425.0 -211.0 1
375.0 -90.0 1
-270.0 95.0 1
-223.0 -365.0 1
479.0 -153.0 1
-395.0 -280.0 1
448.0 28.0 1
236.0 -71.0 1
66.0 162.0 1
19.0 179.0 1
-128.0 -393.0 1
38.0 -252.0 1
-337.0 177.0 1
-283.0 406.0 1
-119.0 -110.0 1
-254.0 -234.0 1
285.0 -116.0 1
207.0 -15.0 1
-1.0 -172.0 1
163.0 269.0 1
451.0 -342.0 1
-181.0 213.0 1
-398.0 -394.0 1
