71.0 76.0 0
175.0 87.0 0
334.0 152.0 0
50.0 17.0 0
60.0 60.0 0
-40.0 162.0 0
-109.0 267.0 0
-332.0 -61.0 0
314.0 193.0 0
-327.0 19.0 0
-32.0 -226.0 0
153.0 195.0 0
-135.0 -239.0 0
8.0 -255.0 0
160.0 9.0 0
-89.0 -295.0 0
148.0 -127.0 0
-299.0 79.0 0
19.0 -203.0 0
303.0 -208.0 0
-554.0 81.0 1
-408.0 306.0 1
315.0 -325.0 1
120.0 -20.0 1
-499.0 -401.0 1
-467.0 90.0 1
51.0 -178.0 1
263.0 -413.0 1
285.0 -358.0 1
232.0 98.0 1
260.0 -2.0 1
535.0 326.0 1
427.0 201.0 1
-540.0 -286.0 1
410.0 319.0 1
-514.0 -109.0 1
440.0 -299.0 1
-548.0 0.0 1
-29.0 351.0 1
-458.0 -299.0 1
-463.0 -256.0 1
215.0 44.0 1
-189.0 160.0 1
321.0 65.0 1
261.0 -62.0 1
302.0 -288.0 1
489.0 -321.0 1
371.0 -122.0 1
-456.0 170.0 1
-15.0 383.0 1
54.0 172.0 1
-162.0 249.0 1
-537.0 121.0 1
-413.0 -351.0 1
-433.0 11.0 1
496.0 -121.0 1
-23.0 -265.0 1
355.0 -42.0 1
-137.0 278.0 1
-283.0 406.0 1
-391.0 -256.0 1
265.0 402.0 1
-24.0 346.0 1
36.0 -300.0 1
-149.0 280.0 1
484.0 368.0 1
324.0 88.0 1
-191.0 291.0 1
-364.0 -207.0 1
5.0 -155.0 1
166.0 -309.0 1
-417.0 -198.0 1
14.0 369.0 1
-254.0 -234.0 1
462.0 -115.0 1
-480.0 -305.0 1
56.0 227.0 1
-345.0 336.0 1
-223.0 -365.0 1
419.0 -175.0 1
-397.0 1.0 1
477.0 -177.0 1
-531.0 -113.0 1
-487.0 303.0 1
22.0 191.0 1
380.0 -365.0 1
-376.0 -21.0 1
29.0 328.0 1
14.0 293.0 1
79.0 -296.0 1
337.0 -189.0 1
-160.0 80.0 1
-195.0 269.0 1
-256.0 123.0 1
504.0 374.0 1
-472.0 355.0 1
-5.0 -310.0 1
4.0 -297.0 1
448.0 351.0 1
-179.0 185.0 1
-282.0 -239.0 1
-403.0 78.0 1
-465.0 -153.0 1
116.0 -387.0 1
-389.0 -9.0 1
-420.0 57.0 1
523.0 76.0 1
-90.0 125.0 1
-329.0 381.0 1
-50.0 -286.0 1
-303.0 -354.0 1
-413.0 238.0 1
77.0 -140.0 1
162.0 359.0 1
23.0 368.0 1
-490.0 35.0 1
456.0 -101.0 1
70.0 -302.0 1
278.0 147.0 1
19.0 179.0 1
