-50.0 -311.0 0
175.0 87.0 0
31.0 187.0 0
335.0 170.0 0
329.0 210.0 0
117.0 116.0 0
116.0 136.0 0
33.0 129.0 0
-90.0 99.0 0
-37.0 105.0 0
-332.0 -61.0 0
27.0 76.0 0
314.0 193.0 0
117.0 -7.0 0
-86.0 21.0 0
-127.0 -31.0 0
-305.0 -74.0 0
83.0 173.0 0
-327.0 19.0 0
-342.0 -12.0 0
334.0 258.0 0
-226.0 75.0 0
-32.0 -226.0 0
234.0 249.0 0
-147.0 264.0 0
153.0 195.0 0
-135.0 -239.0 0
8.0 -255.0 0
160.0 9.0 0
-89.0 -295.0 0
-102.0 110.0 0
8.0 -250.0 0
154.0 195.0 0
-163.0 212.0 0
148.0 -127.0 0
-299.0 79.0 0
32.0 -29.0 0
-14.0 13.0 0
-167.0 403.0 0
-120.0 94.0 0
171.0 -116.0 0
133.0 114.0 0
135.0 29.0 0
-176.0 -268.0 0
-199.0 -62.0 0
-96.0 -18.0 0
-60.0 19.0 0
299.0 -109.0 0
-373.0 13.0 0
218.0 -59.0 0
193.0 -53.0 0
-22.0 265.0 0
259.0 -133.0 1
-156.0 -139.0 1
-11.0 -378.0 1
490.0 -319.0 1
186.0 -84.0 1
315.0 -325.0 1
-529.0 197.0 1
-384.0 -195.0 1
305.0 395.0 1
412.0 242.0 1
-467.0 90.0 1
173.0 -294.0 1
263.0 -413.0 1
134.0 44.0 1
185.0 -262.0 1
496.0 99.0 1
285.0 -358.0 1
260.0 -2.0 1
300.0 390.0 1
449.0 -191.0 1
427.0 201.0 1
379.0 376.0 1
-295.0 -383.0 1
410.0 319.0 1
-476.0 373.0 1
445.0 -63.0 1
-181.0 213.0 1
-90.0 408.0 1
-165.0 81.0 1
311.0 -273.0 1
522.0 -281.0 1
129.0 -43.0 1
398.0 334.0 1
70.0 361.0 1
440.0 -299.0 1
-548.0 0.0 1
-391.0 71.0 1
510.0 -124.0 1
-399.0 -259.0 1
79.0 265.0 1
348.0 -199.0 1
441.0 -128.0 1
-222.0 -171.0 1
-197.0 -255.0 1
5.0 -248.0 1
-252.0 169.0 1
-360.0 322.0 1
-463.0 -256.0 1
215.0 44.0 1
453.0 -167.0 1
312.0 3.0 1
268.0 -399.0 1
451.0 206.0 1
-498.0 -205.0 1
447.0 149.0 1
302.0 -288.0 1
-333.0 -308.0 1
-162.0 40.0 1
220.0 1.0 1
-15.0 383.0 1
490.0 166.0 1
243.0 390.0 1
-537.0 121.0 1
-73.0 386.0 1
-23.0 -265.0 1
-137.0 278.0 1
210.0 355.0 1
-226.0 384.0 1
-525.0 -412.0 1
35.0 396.0 1
-391.0 -256.0 1
368.0 -64.0 1
265.0 402.0 1
406.0 -276.0 1
462.0 327.0 1
18.0 75.0 1
-128.0 199.0 1
444.0 -38.0 1
348.0 -112.0 1
76.0 -382.0 1
506.0 341.0 1
-486.0 -22.0 1
-191.0 291.0 1
5.0 -155.0 1
388.0 -323.0 1
351.0 15.0 1
166.0 -309.0 1
93.0 17.0 1
-417.0 -198.0 1
226.0 -214.0 1
467.0 -286.0 1
486.0 -382.0 1
332.0 107.0 1
-306.0 -249.0 1
462.0 -115.0 1
-500.0 79.0 1
8.0 -352.0 1
-480.0 -305.0 1
-320.0 -85.0 1
437.0 365.0 1
-413.0 -266.0 1
233.0 -39.0 1
134.0 -338.0 1
56.0 227.0 1
84.0 116.0 1
147.0 184.0 1
-223.0 -365.0 1
-102.0 -389.0 1
-397.0 1.0 1
437.0 -367.0 1
456.0 294.0 1
-487.0 303.0 1
36.0 -296.0 1
-128.0 -393.0 1
435.0 -367.0 1
-444.0 -94.0 1
162.0 284.0 1
-8.0 216.0 1
-16.0 220.0 1
380.0 -365.0 1
-376.0 -21.0 1
479.0 90.0 1
-171.0 57.0 1
-303.0 -287.0 1
449.0 49.0 1
-191.0 -298.0 1
377.0 22.0 1
134.0 171.0 1
-165.0 347.0 1
430.0 -210.0 1
104.0 -270.0 1
337.0 -189.0 1
-384.0 349.0 1
522.0 342.0 1
-163.0 -233.0 1
-195.0 269.0 1
-159.0 258.0 1
54.0 -156.0 1
350.0 79.0 1
-256.0 123.0 1
504.0 374.0 1
-472.0 355.0 1
-5.0 -310.0 1
4.0 -297.0 1
432.0 199.0 1
-184.0 -375.0 1
-365.0 278.0 1
-454.0 -115.0 1
448.0 351.0 1
347.0 -30.0 1
-460.0 79.0 1
143.0 197.0 1
-171.0 121.0 1
-282.0 -239.0 1
-398.0 -394.0 1
434.0 -10.0 1
305.0 -103.0 1
101.0 253.0 1
232.0 296.0 1
-403.0 78.0 1
-464.0 -302.0 1
-123.0 -51.0 1
-465.0 -153.0 1
-24.0 320.0 1
377.0 259.0 1
-309.0 -268.0 1
158.0 14.0 1
523.0 76.0 1
251.0 -97.0 1
-402.0 214.0 1
392.0 316.0 1
-303.0 -354.0 1
-494.0 301.0 1
496.0 -247.0 1
-536.0 -123.0 1
-413.0 238.0 1
145.0 -223.0 1
167.0 -229.0 1
-231.0 -331.0 1
195.0 352.0 1
-216.0 -361.0 1
66.0 162.0 1
-443.0 368.0 1
95.0 322.0 1
162.0 359.0 1
23.0 368.0 1
-453.0 -153.0 1
-119.0 -110.0 1
167.0 -301.0 1
-563.0 -111.0 1
231.0 318.0 1
446.0 274.0 1
456.0 -101.0 1
-446.0 104.0 1
-476.0 406.0 1
-324.0 -121.0 1
-53.0 -297.0 1
267.0 259.0 1
-270.0 95.0 1
476.0 -370.0 1
-170.0 76.0 1
-216.0 89.0 1
-405.0 22.0 1
-37.0 401.0 1
-419.0 -47.0 1
-273.0 -276.0 1
412.0 143.0 1
239.0 -59.0 1
433.0 -46.0 1
207.0 -15.0 1
139.0 46.0 1
-263.0 270.0 1
442.0 -244.0 1
198.0 -344.0 1
-472.0 -1.0 1
455.0 -117.0 1
-351.0 153.0 1
-521.0 -310.0 1
-55.0 315.0 1
-410.0 327.0 1
377.0 162.0 1
114.0 -347.0 1
133.0 287.0 1
96.0 -282.0 1
-290.0 -367.0 1
90.0 -24.0 1
-370.0 -211.0 1
-395.0 -280.0 1
242.0 -311.0 1
399.0 -272.0 1
-291.0 218.0 1
-343.0 330.0 1
-4.0 -261.0 1
505.0 -264.0 1
-564.0 -386.0 1
-540.0 293.0 1
-183.0 370.0 1
-505.0 -248.0 1
-533.0 -359.0 1
-517.0 -336.0 1
-9.0 -183.0 1
421.0 116.0 1
379.0 372.0 1
230.0 219.0 1
-340.0 310.0 1
188.0 239.0 1
322.0 -290.0 1
-9.0 -8.0 1
