-115.0 185.0 0
-135.0 -239.0 0
-327.0 19.0 0
33.0 129.0 0
27.0 76.0 0
-145.0 5.0 0
-37.0 105.0 0
148.0 -127.0 0
234.0 -237.0 0
-102.0 110.0 0
153.0 195.0 0
334.0 258.0 0
189.0 35.0 0
-186.0 82.0 0
-136.0 172.0 0
-32.0 -226.0 0
-139.0 113.0 0
105.0 24.0 0
218.0 -59.0 0
160.0 9.0 0
-170.0 76.0 1
240.0 224.0 1
-498.0 -205.0 1
519.0 -217.0 1
456.0 294.0 1
317.0 -305.0 1
-547.0 -124.0 1
-345.0 336.0 1
-307.0 -242.0 1
-451.0 137.0 1
497.0 -95.0 1
-540.0 293.0 1
129.0 -43.0 1
101.0 253.0 1
-500.0 -23.0 1
104.0 -270.0 1
-369.0 29.0 1
412.0 242.0 1
137.0 -304.0 1
-363.0 -80.0 1
71.0 -176.0 1
386.0 318.0 1
38.0 -252.0 1
-24.0 346.0 1
473.0 170.0 1
148.0 -246.0 1
12.0 388.0 1
-433.0 11.0 1
-142.0 378.0 1
-171.0 121.0 1
278.0 147.0 1
-533.0 -359.0 1
315.0 -325.0 1
419.0 -175.0 1
347.0 -30.0 1
-287.0 367.0 1
243.0 390.0 1
-216.0 89.0 1
-184.0 -375.0 1
119.0 376.0 1
496.0 -121.0 1
504.0 374.0 1
-398.0 -335.0 1
448.0 28.0 1
239.0 -59.0 1
54.0 172.0 1
-414.0 307.0 1
37.0 237.0 1
-191.0 -298.0 1
-377.0 141.0 1
286.0 318.0 1
441.0 -128.0 1
432.0 -347.0 1
79.0 265.0 1
-162.0 40.0 1
-273.0 -276.0 1
322.0 -290.0 1
348.0 -112.0 1
260.0 1.0 1
312.0 3.0 1
486.0 -382.0 1
5.0 -248.0 1
-465.0 -240.0 1
56.0 227.0 1
442.0 -244.0 1
76.0 -382.0 1
-381.0 60.0 1
-253.0 -285.0 1
-395.0 163.0 1
503.0 145.0 1
-419.0 -47.0 1
51.0 -201.0 1
-562.0 92.0 1
-201.0 219.0 1
26.0 96.0 1
-413.0 -266.0 1
-498.0 80.0 1
147.0 184.0 1
440.0 -299.0 1
-241.0 -282.0 1
185.0 -262.0 1
377.0 22.0 1
-289.0 325.0 1
490.0 166.0 1
-31.0 361.0 1
460.0 52.0 1
-505.0 -248.0 1
260.0 -2.0 1
216.0 54.0 1
-267.0 -364.0 1
158.0 14.0 1
-554.0 81.0 1
-564.0 -386.0 1
9.0 406.0 1
-290.0 -367.0 1
-159.0 258.0 1
-162.0 249.0 1
-295.0 -383.0 1
451.0 -342.0 1
134.0 171.0 1
