0 0 9 1 10 0.0 0.0 0.9 0.1 61 9 0 0 70 0.8714285714285714 0.12857142857142856 0.0 0.0 
0 0 8 2 10 0.0 0.0 0.8 0.2 61 9 0 0 70 0.8714285714285714 0.12857142857142856 0.0 0.0 
0 0 6 4 10 0.0 0.0 0.6 0.4 62 8 0 0 70 0.8857142857142857 0.11428571428571428 0.0 0.0 
0 0 10 0 10 0.0 0.0 1.0 0.0 61 9 0 0 70 0.8714285714285714 0.12857142857142856 0.0 0.0 
0 0 10 0 10 0.0 0.0 1.0 0.0 64 6 0 0 70 0.9142857142857143 0.08571428571428572 0.0 0.0 
0 0 8 2 10 0.0 0.0 0.8 0.2 60 10 0 0 70 0.8571428571428571 0.14285714285714285 0.0 0.0 
0 1 5 4 10 0.0 0.1 0.5 0.4 64 6 0 0 70 0.9142857142857143 0.08571428571428572 0.0 0.0 
0 3 7 0 10 0.0 0.3 0.7 0.0 61 8 1 0 70 0.8714285714285714 0.11428571428571428 0.014285714285714285 0.0 
0 5 4 1 10 0.0 0.5 0.4 0.1 62 8 0 0 70 0.8857142857142857 0.11428571428571428 0.0 0.0 
0 4 4 2 10 0.0 0.4 0.4 0.2 64 6 0 0 70 0.9142857142857143 0.08571428571428572 0.0 0.0 
