3 39 32 16 90 0.03333333333333333 0.43333333333333335 0.35555555555555557 0.17777777777777778 556 72 2 0 630 0.8825396825396825 0.11428571428571428 0.0031746031746031746 0.0 
2 35 34 19 90 0.022222222222222223 0.3888888888888889 0.37777777777777777 0.2111111111111111 551 77 2 0 630 0.8746031746031746 0.12222222222222222 0.0031746031746031746 0.0 
4 36 36 14 90 0.044444444444444446 0.4 0.4 0.15555555555555556 556 69 5 0 630 0.8825396825396825 0.10952380952380952 0.007936507936507936 0.0 
4 37 28 21 90 0.044444444444444446 0.4111111111111111 0.3111111111111111 0.23333333333333334 559 68 3 0 630 0.8873015873015873 0.10793650793650794 0.004761904761904762 0.0 
1 40 33 16 90 0.011111111111111112 0.4444444444444444 0.36666666666666664 0.17777777777777778 553 75 2 0 630 0.8777777777777778 0.11904761904761904 0.0031746031746031746 0.0 
4 39 30 17 90 0.044444444444444446 0.43333333333333335 0.3333333333333333 0.18888888888888888 552 77 1 0 630 0.8761904761904762 0.12222222222222222 0.0015873015873015873 0.0 
3 33 37 17 90 0.03333333333333333 0.36666666666666664 0.4111111111111111 0.18888888888888888 554 72 4 0 630 0.8793650793650793 0.11428571428571428 0.006349206349206349 0.0 
4 37 31 18 90 0.044444444444444446 0.4111111111111111 0.34444444444444444 0.2 559 71 0 0 630 0.8873015873015873 0.1126984126984127 0.0 0.0 
4 36 29 21 90 0.044444444444444446 0.4 0.32222222222222224 0.23333333333333334 559 70 1 0 630 0.8873015873015873 0.1111111111111111 0.0015873015873015873 0.0 
3 38 34 15 90 0.03333333333333333 0.4222222222222222 0.37777777777777777 0.16666666666666666 557 70 3 0 630 0.8841269841269841 0.1111111111111111 0.004761904761904762 0.0 
