50 24 11 5 90 0.5555555555555556 0.26666666666666666 0.12222222222222222 0.05555555555555555 605 25 0 0 630 0.9603174603174603 0.03968253968253968 0.0 0.0 
48 27 8 7 90 0.5333333333333333 0.3 0.08888888888888889 0.07777777777777778 605 24 1 0 630 0.9603174603174603 0.0380952380952381 0.0015873015873015873 0.0 
50 27 8 5 90 0.5555555555555556 0.3 0.08888888888888889 0.05555555555555555 605 24 1 0 630 0.9603174603174603 0.0380952380952381 0.0015873015873015873 0.0 
45 30 9 6 90 0.5 0.3333333333333333 0.1 0.06666666666666667 598 31 1 0 630 0.9492063492063492 0.049206349206349205 0.0015873015873015873 0.0 
45 27 12 6 90 0.5 0.3 0.13333333333333333 0.06666666666666667 598 31 1 0 630 0.9492063492063492 0.049206349206349205 0.0015873015873015873 0.0 
48 31 6 5 90 0.5333333333333333 0.34444444444444444 0.06666666666666667 0.05555555555555555 603 26 1 0 630 0.9571428571428572 0.04126984126984127 0.0015873015873015873 0.0 
48 28 8 6 90 0.5333333333333333 0.3111111111111111 0.08888888888888889 0.06666666666666667 603 26 1 0 630 0.9571428571428572 0.04126984126984127 0.0015873015873015873 0.0 
46 31 10 3 90 0.5111111111111111 0.34444444444444444 0.1111111111111111 0.03333333333333333 602 27 1 0 630 0.9555555555555556 0.04285714285714286 0.0015873015873015873 0.0 
47 28 13 2 90 0.5222222222222223 0.3111111111111111 0.14444444444444443 0.022222222222222223 602 26 2 0 630 0.9555555555555556 0.04126984126984127 0.0031746031746031746 0.0 
51 25 10 4 90 0.5666666666666667 0.2777777777777778 0.1111111111111111 0.044444444444444446 602 25 3 0 630 0.9555555555555556 0.03968253968253968 0.004761904761904762 0.0 
