0 0 9 1 10 0.0 0.0 0.9 0.1 37 13 0 0 50 0.74 0.26 0.0 0.0 
0 2 7 1 10 0.0 0.2 0.7 0.1 33 17 0 0 50 0.66 0.34 0.0 0.0 
0 1 6 3 10 0.0 0.1 0.6 0.3 42 8 0 0 50 0.84 0.16 0.0 0.0 
0 2 4 4 10 0.0 0.2 0.4 0.4 38 12 0 0 50 0.76 0.24 0.0 0.0 
0 3 0 7 10 0.0 0.3 0.0 0.7 40 10 0 0 50 0.8 0.2 0.0 0.0 
0 0 8 2 10 0.0 0.0 0.8 0.2 31 19 0 0 50 0.62 0.38 0.0 0.0 
0 1 7 2 10 0.0 0.1 0.7 0.2 37 13 0 0 50 0.74 0.26 0.0 0.0 
0 0 8 2 10 0.0 0.0 0.8 0.2 36 14 0 0 50 0.72 0.28 0.0 0.0 
0 0 8 2 10 0.0 0.0 0.8 0.2 35 15 0 0 50 0.7 0.3 0.0 0.0 
0 6 3 1 10 0.0 0.6 0.3 0.1 34 15 1 0 50 0.68 0.3 0.02 0.0 
