12 44 20 14 90 0.13333333333333333 0.4888888888888889 0.2222222222222222 0.15555555555555556 383 66 1 0 450 0.8511111111111112 0.14666666666666667 0.0022222222222222222 0.0 
11 34 29 16 90 0.12222222222222222 0.37777777777777777 0.32222222222222224 0.17777777777777778 377 72 1 0 450 0.8377777777777777 0.16 0.0022222222222222222 0.0 
13 39 23 15 90 0.14444444444444443 0.43333333333333335 0.25555555555555554 0.16666666666666666 379 69 2 0 450 0.8422222222222222 0.15333333333333332 0.0044444444444444444 0.0 
12 34 29 15 90 0.13333333333333333 0.37777777777777777 0.32222222222222224 0.16666666666666666 381 68 1 0 450 0.8466666666666667 0.1511111111111111 0.0022222222222222222 0.0 
13 38 22 17 90 0.14444444444444443 0.4222222222222222 0.24444444444444444 0.18888888888888888 384 66 0 0 450 0.8533333333333334 0.14666666666666667 0.0 0.0 
14 35 29 12 90 0.15555555555555556 0.3888888888888889 0.32222222222222224 0.13333333333333333 380 69 1 0 450 0.8444444444444444 0.15333333333333332 0.0022222222222222222 0.0 
13 36 32 9 90 0.14444444444444443 0.4 0.35555555555555557 0.1 375 74 1 0 450 0.8333333333333334 0.16444444444444445 0.0022222222222222222 0.0 
12 34 33 11 90 0.13333333333333333 0.37777777777777777 0.36666666666666664 0.12222222222222222 379 71 0 0 450 0.8422222222222222 0.15777777777777777 0.0 0.0 
17 32 28 13 90 0.18888888888888888 0.35555555555555557 0.3111111111111111 0.14444444444444443 385 62 3 0 450 0.8555555555555555 0.13777777777777778 0.006666666666666667 0.0 
14 36 25 15 90 0.15555555555555556 0.4 0.2777777777777778 0.16666666666666666 381 67 2 0 450 0.8466666666666667 0.14888888888888888 0.0044444444444444444 0.0 
