0 0 10 0 10 0.0 0.0 1.0 0.0 36 14 0 0 50 0.72 0.28 0.0 0.0 
0 2 7 1 10 0.0 0.2 0.7 0.1 39 11 0 0 50 0.78 0.22 0.0 0.0 
0 2 6 2 10 0.0 0.2 0.6 0.2 42 8 0 0 50 0.84 0.16 0.0 0.0 
0 0 10 0 10 0.0 0.0 1.0 0.0 39 11 0 0 50 0.78 0.22 0.0 0.0 
0 0 10 0 10 0.0 0.0 1.0 0.0 38 12 0 0 50 0.76 0.24 0.0 0.0 
0 2 7 1 10 0.0 0.2 0.7 0.1 39 11 0 0 50 0.78 0.22 0.0 0.0 
0 2 6 2 10 0.0 0.2 0.6 0.2 39 11 0 0 50 0.78 0.22 0.0 0.0 
0 4 6 0 10 0.0 0.4 0.6 0.0 42 6 2 0 50 0.84 0.12 0.04 0.0 
0 3 5 2 10 0.0 0.3 0.5 0.2 37 13 0 0 50 0.74 0.26 0.0 0.0 
0 6 3 1 10 0.0 0.6 0.3 0.1 35 15 0 0 50 0.7 0.3 0.0 0.0 
