5 46 27 12 90 0.05555555555555555 0.5111111111111111 0.3 0.13333333333333333 549 74 6 1 630 0.8714285714285714 0.11746031746031746 0.009523809523809525 0.0015873015873015873 
4 47 21 18 90 0.044444444444444446 0.5222222222222223 0.23333333333333334 0.2 549 77 3 1 630 0.8714285714285714 0.12222222222222222 0.004761904761904762 0.0015873015873015873 
3 47 28 12 90 0.03333333333333333 0.5222222222222223 0.3111111111111111 0.13333333333333333 548 78 3 1 630 0.8698412698412699 0.12380952380952381 0.004761904761904762 0.0015873015873015873 
6 48 22 14 90 0.06666666666666667 0.5333333333333333 0.24444444444444444 0.15555555555555556 553 73 3 1 630 0.8777777777777778 0.11587301587301588 0.004761904761904762 0.0015873015873015873 
7 41 30 12 90 0.07777777777777778 0.45555555555555555 0.3333333333333333 0.13333333333333333 547 76 5 2 630 0.8682539682539683 0.12063492063492064 0.007936507936507936 0.0031746031746031746 
7 42 25 16 90 0.07777777777777778 0.4666666666666667 0.2777777777777778 0.17777777777777778 559 67 3 1 630 0.8873015873015873 0.10634920634920635 0.004761904761904762 0.0015873015873015873 
12 38 27 13 90 0.13333333333333333 0.4222222222222222 0.3 0.14444444444444443 560 64 5 1 630 0.8888888888888888 0.10158730158730159 0.007936507936507936 0.0015873015873015873 
7 36 31 16 90 0.07777777777777778 0.4 0.34444444444444444 0.17777777777777778 549 76 4 1 630 0.8714285714285714 0.12063492063492064 0.006349206349206349 0.0015873015873015873 
12 35 29 14 90 0.13333333333333333 0.3888888888888889 0.32222222222222224 0.15555555555555556 560 66 4 0 630 0.8888888888888888 0.10476190476190476 0.006349206349206349 0.0 
9 36 29 16 90 0.1 0.4 0.32222222222222224 0.17777777777777778 549 76 4 1 630 0.8714285714285714 0.12063492063492064 0.006349206349206349 0.0015873015873015873 
