0 3 4 3 10 0.0 0.3 0.4 0.3 59 11 0 0 70 0.8428571428571429 0.15714285714285714 0.0 0.0 
0 2 5 3 10 0.0 0.2 0.5 0.3 57 13 0 0 70 0.8142857142857143 0.18571428571428572 0.0 0.0 
0 1 6 3 10 0.0 0.1 0.6 0.3 62 8 0 0 70 0.8857142857142857 0.11428571428571428 0.0 0.0 
0 1 6 3 10 0.0 0.1 0.6 0.3 58 12 0 0 70 0.8285714285714286 0.17142857142857143 0.0 0.0 
0 1 6 3 10 0.0 0.1 0.6 0.3 60 10 0 0 70 0.8571428571428571 0.14285714285714285 0.0 0.0 
0 4 3 3 10 0.0 0.4 0.3 0.3 62 6 2 0 70 0.8857142857142857 0.08571428571428572 0.02857142857142857 0.0 
0 3 3 4 10 0.0 0.3 0.3 0.4 56 14 0 0 70 0.8 0.2 0.0 0.0 
1 4 2 3 10 0.1 0.4 0.2 0.3 62 6 1 1 70 0.8857142857142857 0.08571428571428572 0.014285714285714285 0.014285714285714285 
0 3 4 3 10 0.0 0.3 0.4 0.3 57 12 1 0 70 0.8142857142857143 0.17142857142857143 0.014285714285714285 0.0 
2 2 2 4 10 0.2 0.2 0.2 0.4 63 7 0 0 70 0.9 0.1 0.0 0.0 
