3 43 27 17 90 0.03333333333333333 0.4777777777777778 0.3 0.18888888888888888 550 74 6 0 630 0.873015873015873 0.11746031746031746 0.009523809523809525 0.0 
1 41 33 15 90 0.011111111111111112 0.45555555555555555 0.36666666666666664 0.16666666666666666 546 80 4 0 630 0.8666666666666667 0.12698412698412698 0.006349206349206349 0.0 
2 37 35 16 90 0.022222222222222223 0.4111111111111111 0.3888888888888889 0.17777777777777778 543 83 4 0 630 0.861904761904762 0.13174603174603175 0.006349206349206349 0.0 
2 47 31 10 90 0.022222222222222223 0.5222222222222223 0.34444444444444444 0.1111111111111111 555 70 4 1 630 0.8809523809523809 0.1111111111111111 0.006349206349206349 0.0015873015873015873 
2 39 33 16 90 0.022222222222222223 0.43333333333333335 0.36666666666666664 0.17777777777777778 548 80 2 0 630 0.8698412698412699 0.12698412698412698 0.0031746031746031746 0.0 
2 43 26 19 90 0.022222222222222223 0.4777777777777778 0.28888888888888886 0.2111111111111111 551 75 4 0 630 0.8746031746031746 0.11904761904761904 0.006349206349206349 0.0 
2 37 36 15 90 0.022222222222222223 0.4111111111111111 0.4 0.16666666666666666 557 69 3 1 630 0.8841269841269841 0.10952380952380952 0.004761904761904762 0.0015873015873015873 
2 38 31 19 90 0.022222222222222223 0.4222222222222222 0.34444444444444444 0.2111111111111111 558 69 2 1 630 0.8857142857142857 0.10952380952380952 0.0031746031746031746 0.0015873015873015873 
2 38 33 17 90 0.022222222222222223 0.4222222222222222 0.36666666666666664 0.18888888888888888 557 69 4 0 630 0.8841269841269841 0.10952380952380952 0.006349206349206349 0.0 
3 42 27 18 90 0.03333333333333333 0.4666666666666667 0.3 0.2 560 65 5 0 630 0.8888888888888888 0.10317460317460317 0.007936507936507936 0.0 
