0 3 3 4 10 0.0 0.3 0.3 0.4 39 11 0 0 50 0.78 0.22 0.0 0.0 
0 2 5 3 10 0.0 0.2 0.5 0.3 39 10 1 0 50 0.78 0.2 0.02 0.0 
0 3 4 3 10 0.0 0.3 0.4 0.3 41 9 0 0 50 0.82 0.18 0.0 0.0 
0 4 2 4 10 0.0 0.4 0.2 0.4 43 6 1 0 50 0.86 0.12 0.02 0.0 
0 3 3 4 10 0.0 0.3 0.3 0.4 38 11 1 0 50 0.76 0.22 0.02 0.0 
0 5 4 1 10 0.0 0.5 0.4 0.1 44 4 2 0 50 0.88 0.08 0.04 0.0 
0 6 2 2 10 0.0 0.6 0.2 0.2 41 9 0 0 50 0.82 0.18 0.0 0.0 
0 3 7 0 10 0.0 0.3 0.7 0.0 36 14 0 0 50 0.72 0.28 0.0 0.0 
0 4 5 1 10 0.0 0.4 0.5 0.1 40 9 1 0 50 0.8 0.18 0.02 0.0 
0 2 7 1 10 0.0 0.2 0.7 0.1 40 10 0 0 50 0.8 0.2 0.0 0.0 
