0 4 2 4 10 0.0 0.4 0.2 0.4 41 8 1 0 50 0.82 0.16 0.02 0.0 
0 2 5 3 10 0.0 0.2 0.5 0.3 39 9 2 0 50 0.78 0.18 0.04 0.0 
0 6 0 4 10 0.0 0.6 0.0 0.4 40 10 0 0 50 0.8 0.2 0.0 0.0 
0 3 4 3 10 0.0 0.3 0.4 0.3 39 11 0 0 50 0.78 0.22 0.0 0.0 
0 3 3 4 10 0.0 0.3 0.3 0.4 43 5 2 0 50 0.86 0.1 0.04 0.0 
0 5 4 1 10 0.0 0.5 0.4 0.1 38 12 0 0 50 0.76 0.24 0.0 0.0 
0 0 6 4 10 0.0 0.0 0.6 0.4 38 12 0 0 50 0.76 0.24 0.0 0.0 
0 5 4 1 10 0.0 0.5 0.4 0.1 42 8 0 0 50 0.84 0.16 0.0 0.0 
0 2 5 3 10 0.0 0.2 0.5 0.3 41 9 0 0 50 0.82 0.18 0.0 0.0 
0 5 5 0 10 0.0 0.5 0.5 0.0 40 9 1 0 50 0.8 0.18 0.02 0.0 
