0 4 4 2 10 0.0 0.4 0.4 0.2 41 7 2 0 50 0.82 0.14 0.04 0.0 
0 3 5 2 10 0.0 0.3 0.5 0.2 41 7 2 0 50 0.82 0.14 0.04 0.0 
0 3 4 3 10 0.0 0.3 0.4 0.3 38 11 1 0 50 0.76 0.22 0.02 0.0 
0 1 6 3 10 0.0 0.1 0.6 0.3 37 13 0 0 50 0.74 0.26 0.0 0.0 
0 1 7 2 10 0.0 0.1 0.7 0.2 34 15 1 0 50 0.68 0.3 0.02 0.0 
0 5 3 2 10 0.0 0.5 0.3 0.2 38 12 0 0 50 0.76 0.24 0.0 0.0 
0 3 3 4 10 0.0 0.3 0.3 0.4 36 14 0 0 50 0.72 0.28 0.0 0.0 
2 5 1 2 10 0.2 0.5 0.1 0.2 41 8 0 1 50 0.82 0.16 0.0 0.02 
0 3 5 2 10 0.0 0.3 0.5 0.2 39 10 1 0 50 0.78 0.2 0.02 0.0 
1 5 1 3 10 0.1 0.5 0.1 0.3 41 9 0 0 50 0.82 0.18 0.0 0.0 
