7 50 23 10 90 0.07777777777777778 0.5555555555555556 0.25555555555555554 0.1111111111111111 380 64 6 0 450 0.8444444444444444 0.14222222222222222 0.013333333333333334 0.0 
4 50 26 10 90 0.044444444444444446 0.5555555555555556 0.28888888888888886 0.1111111111111111 374 66 9 1 450 0.8311111111111111 0.14666666666666667 0.02 0.0022222222222222222 
6 45 31 8 90 0.06666666666666667 0.5 0.34444444444444444 0.08888888888888889 377 66 5 2 450 0.8377777777777777 0.14666666666666667 0.011111111111111112 0.0044444444444444444 
6 54 24 6 90 0.06666666666666667 0.6 0.26666666666666666 0.06666666666666667 374 72 2 2 450 0.8311111111111111 0.16 0.0044444444444444444 0.0044444444444444444 
7 48 28 7 90 0.07777777777777778 0.5333333333333333 0.3111111111111111 0.07777777777777778 374 70 5 1 450 0.8311111111111111 0.15555555555555556 0.011111111111111112 0.0022222222222222222 
3 54 23 10 90 0.03333333333333333 0.6 0.25555555555555554 0.1111111111111111 380 60 9 1 450 0.8444444444444444 0.13333333333333333 0.02 0.0022222222222222222 
3 46 31 10 90 0.03333333333333333 0.5111111111111111 0.34444444444444444 0.1111111111111111 372 70 5 3 450 0.8266666666666667 0.15555555555555556 0.011111111111111112 0.006666666666666667 
5 46 27 12 90 0.05555555555555555 0.5111111111111111 0.3 0.13333333333333333 379 64 5 2 450 0.8422222222222222 0.14222222222222222 0.011111111111111112 0.0044444444444444444 
7 49 26 8 90 0.07777777777777778 0.5444444444444444 0.28888888888888886 0.08888888888888889 373 70 5 2 450 0.8288888888888889 0.15555555555555556 0.011111111111111112 0.0044444444444444444 
6 48 28 8 90 0.06666666666666667 0.5333333333333333 0.3111111111111111 0.08888888888888889 375 67 7 1 450 0.8333333333333334 0.14888888888888888 0.015555555555555555 0.0022222222222222222 
