45 45 0 0 90 0.5 0.5 0.0 0.0 417 30 2 1 450 0.9266666666666666 0.06666666666666667 0.0044444444444444444 0.0022222222222222222 
46 44 0 0 90 0.5111111111111111 0.4888888888888889 0.0 0.0 413 32 3 2 450 0.9177777777777778 0.07111111111111111 0.006666666666666667 0.0044444444444444444 
47 42 1 0 90 0.5222222222222223 0.4666666666666667 0.011111111111111112 0.0 412 34 2 2 450 0.9155555555555556 0.07555555555555556 0.0044444444444444444 0.0044444444444444444 
49 40 1 0 90 0.5444444444444444 0.4444444444444444 0.011111111111111112 0.0 410 34 3 3 450 0.9111111111111111 0.07555555555555556 0.006666666666666667 0.006666666666666667 
43 46 1 0 90 0.4777777777777778 0.5111111111111111 0.011111111111111112 0.0 413 29 6 2 450 0.9177777777777778 0.06444444444444444 0.013333333333333334 0.0044444444444444444 
46 41 3 0 90 0.5111111111111111 0.45555555555555555 0.03333333333333333 0.0 419 28 1 2 450 0.9311111111111111 0.06222222222222222 0.0022222222222222222 0.0044444444444444444 
50 38 2 0 90 0.5555555555555556 0.4222222222222222 0.022222222222222223 0.0 416 29 3 2 450 0.9244444444444444 0.06444444444444444 0.006666666666666667 0.0044444444444444444 
46 42 2 0 90 0.5111111111111111 0.4666666666666667 0.022222222222222223 0.0 418 27 4 1 450 0.9288888888888889 0.06 0.008888888888888889 0.0022222222222222222 
48 40 2 0 90 0.5333333333333333 0.4444444444444444 0.022222222222222223 0.0 420 26 3 1 450 0.9333333333333333 0.057777777777777775 0.006666666666666667 0.0022222222222222222 
55 32 3 0 90 0.6111111111111112 0.35555555555555557 0.03333333333333333 0.0 418 29 2 1 450 0.9288888888888889 0.06444444444444444 0.0044444444444444444 0.0022222222222222222 
