0 3 4 3 10 0.0 0.3 0.4 0.3 38 12 0 0 50 0.76 0.24 0.0 0.0 
0 3 5 2 10 0.0 0.3 0.5 0.2 39 11 0 0 50 0.78 0.22 0.0 0.0 
0 3 5 2 10 0.0 0.3 0.5 0.2 37 13 0 0 50 0.74 0.26 0.0 0.0 
0 1 6 3 10 0.0 0.1 0.6 0.3 40 10 0 0 50 0.8 0.2 0.0 0.0 
0 4 2 4 10 0.0 0.4 0.2 0.4 43 6 1 0 50 0.86 0.12 0.02 0.0 
0 5 2 3 10 0.0 0.5 0.2 0.3 42 7 1 0 50 0.84 0.14 0.02 0.0 
0 5 3 2 10 0.0 0.5 0.3 0.2 42 6 2 0 50 0.84 0.12 0.04 0.0 
0 4 4 2 10 0.0 0.4 0.4 0.2 43 6 1 0 50 0.86 0.12 0.02 0.0 
0 4 4 2 10 0.0 0.4 0.4 0.2 36 14 0 0 50 0.72 0.28 0.0 0.0 
1 3 3 3 10 0.1 0.3 0.3 0.3 41 8 0 1 50 0.82 0.16 0.0 0.02 
