28 41 13 8 90 0.3111111111111111 0.45555555555555555 0.14444444444444443 0.08888888888888889 402 42 5 1 450 0.8933333333333333 0.09333333333333334 0.011111111111111112 0.0022222222222222222 
29 40 12 9 90 0.32222222222222224 0.4444444444444444 0.13333333333333333 0.1 396 48 5 1 450 0.88 0.10666666666666667 0.011111111111111112 0.0022222222222222222 
29 42 12 7 90 0.32222222222222224 0.4666666666666667 0.13333333333333333 0.07777777777777778 397 46 7 0 450 0.8822222222222222 0.10222222222222223 0.015555555555555555 0.0 
28 44 12 6 90 0.3111111111111111 0.4888888888888889 0.13333333333333333 0.06666666666666667 401 44 4 1 450 0.8911111111111111 0.09777777777777778 0.008888888888888889 0.0022222222222222222 
30 40 14 6 90 0.3333333333333333 0.4444444444444444 0.15555555555555556 0.06666666666666667 399 46 5 0 450 0.8866666666666667 0.10222222222222223 0.011111111111111112 0.0 
37 35 14 4 90 0.4111111111111111 0.3888888888888889 0.15555555555555556 0.044444444444444446 400 44 6 0 450 0.8888888888888888 0.09777777777777778 0.013333333333333334 0.0 
31 40 14 5 90 0.34444444444444444 0.4444444444444444 0.15555555555555556 0.05555555555555555 397 48 5 0 450 0.8822222222222222 0.10666666666666667 0.011111111111111112 0.0 
35 35 11 9 90 0.3888888888888889 0.3888888888888889 0.12222222222222222 0.1 406 41 3 0 450 0.9022222222222223 0.09111111111111111 0.006666666666666667 0.0 
37 33 15 5 90 0.4111111111111111 0.36666666666666664 0.16666666666666666 0.05555555555555555 400 44 3 3 450 0.8888888888888888 0.09777777777777778 0.006666666666666667 0.006666666666666667 
36 35 13 6 90 0.4 0.3888888888888889 0.14444444444444443 0.06666666666666667 400 46 4 0 450 0.8888888888888888 0.10222222222222223 0.008888888888888889 0.0 
