10 42 25 13 90 0.1111111111111111 0.4666666666666667 0.2777777777777778 0.14444444444444443 565 63 2 0 630 0.8968253968253969 0.1 0.0031746031746031746 0.0 
9 44 22 15 90 0.1 0.4888888888888889 0.24444444444444444 0.16666666666666666 563 66 1 0 630 0.8936507936507937 0.10476190476190476 0.0015873015873015873 0.0 
11 41 21 17 90 0.12222222222222222 0.45555555555555555 0.23333333333333334 0.18888888888888888 563 64 3 0 630 0.8936507936507937 0.10158730158730159 0.004761904761904762 0.0 
6 51 22 11 90 0.06666666666666667 0.5666666666666667 0.24444444444444444 0.12222222222222222 563 64 3 0 630 0.8936507936507937 0.10158730158730159 0.004761904761904762 0.0 
12 41 21 16 90 0.13333333333333333 0.45555555555555555 0.23333333333333334 0.17777777777777778 571 54 5 0 630 0.9063492063492063 0.08571428571428572 0.007936507936507936 0.0 
11 40 26 13 90 0.12222222222222222 0.4444444444444444 0.28888888888888886 0.14444444444444443 577 48 5 0 630 0.9158730158730158 0.0761904761904762 0.007936507936507936 0.0 
11 42 24 13 90 0.12222222222222222 0.4666666666666667 0.26666666666666666 0.14444444444444443 582 44 4 0 630 0.9238095238095239 0.06984126984126984 0.006349206349206349 0.0 
12 39 26 13 90 0.13333333333333333 0.43333333333333335 0.28888888888888886 0.14444444444444443 574 55 1 0 630 0.9111111111111111 0.0873015873015873 0.0015873015873015873 0.0 
12 43 22 13 90 0.13333333333333333 0.4777777777777778 0.24444444444444444 0.14444444444444443 574 55 1 0 630 0.9111111111111111 0.0873015873015873 0.0015873015873015873 0.0 
14 42 22 12 90 0.15555555555555556 0.4666666666666667 0.24444444444444444 0.13333333333333333 579 49 2 0 630 0.919047619047619 0.07777777777777778 0.0031746031746031746 0.0 
