0 2 3 5 10 0.0 0.2 0.3 0.5 65 5 0 0 70 0.9285714285714286 0.07142857142857142 0.0 0.0 
0 2 2 6 10 0.0 0.2 0.2 0.6 62 8 0 0 70 0.8857142857142857 0.11428571428571428 0.0 0.0 
0 2 6 2 10 0.0 0.2 0.6 0.2 60 10 0 0 70 0.8571428571428571 0.14285714285714285 0.0 0.0 
0 5 1 4 10 0.0 0.5 0.1 0.4 60 10 0 0 70 0.8571428571428571 0.14285714285714285 0.0 0.0 
0 0 6 4 10 0.0 0.0 0.6 0.4 60 10 0 0 70 0.8571428571428571 0.14285714285714285 0.0 0.0 
0 4 3 3 10 0.0 0.4 0.3 0.3 60 9 1 0 70 0.8571428571428571 0.12857142857142856 0.014285714285714285 0.0 
0 4 5 1 10 0.0 0.4 0.5 0.1 58 12 0 0 70 0.8285714285714286 0.17142857142857143 0.0 0.0 
0 2 4 4 10 0.0 0.2 0.4 0.4 62 8 0 0 70 0.8857142857142857 0.11428571428571428 0.0 0.0 
0 2 6 2 10 0.0 0.2 0.6 0.2 60 10 0 0 70 0.8571428571428571 0.14285714285714285 0.0 0.0 
0 4 3 3 10 0.0 0.4 0.3 0.3 60 10 0 0 70 0.8571428571428571 0.14285714285714285 0.0 0.0 
