0 4 4 2 10 0.0 0.4 0.4 0.2 60 10 0 0 70 0.8571428571428571 0.14285714285714285 0.0 0.0 
0 3 6 1 10 0.0 0.3 0.6 0.1 59 11 0 0 70 0.8428571428571429 0.15714285714285714 0.0 0.0 
0 0 4 6 10 0.0 0.0 0.4 0.6 64 6 0 0 70 0.9142857142857143 0.08571428571428572 0.0 0.0 
0 3 4 3 10 0.0 0.3 0.4 0.3 64 6 0 0 70 0.9142857142857143 0.08571428571428572 0.0 0.0 
0 3 3 4 10 0.0 0.3 0.3 0.4 62 8 0 0 70 0.8857142857142857 0.11428571428571428 0.0 0.0 
0 1 5 4 10 0.0 0.1 0.5 0.4 61 9 0 0 70 0.8714285714285714 0.12857142857142856 0.0 0.0 
0 2 3 5 10 0.0 0.2 0.3 0.5 60 10 0 0 70 0.8571428571428571 0.14285714285714285 0.0 0.0 
1 5 3 1 10 0.1 0.5 0.3 0.1 62 7 1 0 70 0.8857142857142857 0.1 0.014285714285714285 0.0 
0 7 3 0 10 0.0 0.7 0.3 0.0 62 8 0 0 70 0.8857142857142857 0.11428571428571428 0.0 0.0 
0 6 3 1 10 0.0 0.6 0.3 0.1 61 8 1 0 70 0.8714285714285714 0.11428571428571428 0.014285714285714285 0.0 
