1 6 3 0 10 0.1 0.6 0.3 0.0 40 9 1 0 50 0.8 0.18 0.02 0.0 
0 8 2 0 10 0.0 0.8 0.2 0.0 40 9 1 0 50 0.8 0.18 0.02 0.0 
2 7 1 0 10 0.2 0.7 0.1 0.0 40 9 1 0 50 0.8 0.18 0.02 0.0 
2 5 3 0 10 0.2 0.5 0.3 0.0 39 11 0 0 50 0.78 0.22 0.0 0.0 
1 7 2 0 10 0.1 0.7 0.2 0.0 41 9 0 0 50 0.82 0.18 0.0 0.0 
1 8 1 0 10 0.1 0.8 0.1 0.0 42 7 1 0 50 0.84 0.14 0.02 0.0 
0 8 2 0 10 0.0 0.8 0.2 0.0 40 9 1 0 50 0.8 0.18 0.02 0.0 
3 7 0 0 10 0.3 0.7 0.0 0.0 41 9 0 0 50 0.82 0.18 0.0 0.0 
1 9 0 0 10 0.1 0.9 0.0 0.0 41 9 0 0 50 0.82 0.18 0.0 0.0 
1 9 0 0 10 0.1 0.9 0.0 0.0 43 6 1 0 50 0.86 0.12 0.02 0.0 
