30 20 25 15 90 0.3333333333333333 0.2222222222222222 0.2777777777777778 0.16666666666666666 575 51 3 1 630 0.9126984126984127 0.08095238095238096 0.004761904761904762 0.0015873015873015873 
31 24 22 13 90 0.34444444444444444 0.26666666666666666 0.24444444444444444 0.14444444444444443 575 49 5 1 630 0.9126984126984127 0.07777777777777778 0.007936507936507936 0.0015873015873015873 
32 20 25 13 90 0.35555555555555557 0.2222222222222222 0.2777777777777778 0.14444444444444443 567 58 4 1 630 0.9 0.09206349206349207 0.006349206349206349 0.0015873015873015873 
30 24 24 12 90 0.3333333333333333 0.26666666666666666 0.26666666666666666 0.13333333333333333 568 56 5 1 630 0.9015873015873016 0.08888888888888889 0.007936507936507936 0.0015873015873015873 
29 26 23 12 90 0.32222222222222224 0.28888888888888886 0.25555555555555554 0.13333333333333333 568 58 3 1 630 0.9015873015873016 0.09206349206349207 0.004761904761904762 0.0015873015873015873 
31 23 25 11 90 0.34444444444444444 0.25555555555555554 0.2777777777777778 0.12222222222222222 578 47 4 1 630 0.9174603174603174 0.0746031746031746 0.006349206349206349 0.0015873015873015873 
30 27 23 10 90 0.3333333333333333 0.3 0.25555555555555554 0.1111111111111111 578 48 3 1 630 0.9174603174603174 0.0761904761904762 0.004761904761904762 0.0015873015873015873 
30 27 21 12 90 0.3333333333333333 0.3 0.23333333333333334 0.13333333333333333 583 43 3 1 630 0.9253968253968254 0.06825396825396825 0.004761904761904762 0.0015873015873015873 
33 22 23 12 90 0.36666666666666664 0.24444444444444444 0.25555555555555554 0.13333333333333333 571 53 4 2 630 0.9063492063492063 0.08412698412698413 0.006349206349206349 0.0031746031746031746 
31 27 22 10 90 0.34444444444444444 0.3 0.24444444444444444 0.1111111111111111 575 50 4 1 630 0.9126984126984127 0.07936507936507936 0.006349206349206349 0.0015873015873015873 
