37 26 19 8 90 0.4111111111111111 0.28888888888888886 0.2111111111111111 0.08888888888888889 396 50 4 0 450 0.88 0.1111111111111111 0.008888888888888889 0.0 
37 28 19 6 90 0.4111111111111111 0.3111111111111111 0.2111111111111111 0.06666666666666667 394 52 4 0 450 0.8755555555555555 0.11555555555555555 0.008888888888888889 0.0 
36 27 20 7 90 0.4 0.3 0.2222222222222222 0.07777777777777778 394 50 6 0 450 0.8755555555555555 0.1111111111111111 0.013333333333333334 0.0 
39 23 23 5 90 0.43333333333333335 0.25555555555555554 0.25555555555555554 0.05555555555555555 394 50 5 1 450 0.8755555555555555 0.1111111111111111 0.011111111111111112 0.0022222222222222222 
38 29 18 5 90 0.4222222222222222 0.32222222222222224 0.2 0.05555555555555555 397 48 5 0 450 0.8822222222222222 0.10666666666666667 0.011111111111111112 0.0 
35 31 18 6 90 0.3888888888888889 0.34444444444444444 0.2 0.06666666666666667 393 51 6 0 450 0.8733333333333333 0.11333333333333333 0.013333333333333334 0.0 
37 30 17 6 90 0.4111111111111111 0.3333333333333333 0.18888888888888888 0.06666666666666667 399 44 6 1 450 0.8866666666666667 0.09777777777777778 0.013333333333333334 0.0022222222222222222 
40 26 15 9 90 0.4444444444444444 0.28888888888888886 0.16666666666666666 0.1 404 42 4 0 450 0.8977777777777778 0.09333333333333334 0.008888888888888889 0.0 
36 26 21 7 90 0.4 0.28888888888888886 0.23333333333333334 0.07777777777777778 405 40 5 0 450 0.9 0.08888888888888889 0.011111111111111112 0.0 
39 30 16 5 90 0.43333333333333335 0.3333333333333333 0.17777777777777778 0.05555555555555555 398 47 5 0 450 0.8844444444444445 0.10444444444444445 0.011111111111111112 0.0 
