35 24 24 7 90 0.3888888888888889 0.26666666666666666 0.26666666666666666 0.07777777777777778 389 57 3 1 450 0.8644444444444445 0.12666666666666668 0.006666666666666667 0.0022222222222222222 
35 25 21 9 90 0.3888888888888889 0.2777777777777778 0.23333333333333334 0.1 394 51 4 1 450 0.8755555555555555 0.11333333333333333 0.008888888888888889 0.0022222222222222222 
32 28 22 8 90 0.35555555555555557 0.3111111111111111 0.24444444444444444 0.08888888888888889 389 55 5 1 450 0.8644444444444445 0.12222222222222222 0.011111111111111112 0.0022222222222222222 
32 32 18 8 90 0.35555555555555557 0.35555555555555557 0.2 0.08888888888888889 390 57 2 1 450 0.8666666666666667 0.12666666666666668 0.0044444444444444444 0.0022222222222222222 
34 32 13 11 90 0.37777777777777777 0.35555555555555557 0.14444444444444443 0.12222222222222222 397 49 3 1 450 0.8822222222222222 0.10888888888888888 0.006666666666666667 0.0022222222222222222 
32 32 16 10 90 0.35555555555555557 0.35555555555555557 0.17777777777777778 0.1111111111111111 387 60 2 1 450 0.86 0.13333333333333333 0.0044444444444444444 0.0022222222222222222 
31 29 23 7 90 0.34444444444444444 0.32222222222222224 0.25555555555555554 0.07777777777777778 391 56 2 1 450 0.8688888888888889 0.12444444444444444 0.0044444444444444444 0.0022222222222222222 
28 33 22 7 90 0.3111111111111111 0.36666666666666664 0.24444444444444444 0.07777777777777778 390 57 1 2 450 0.8666666666666667 0.12666666666666668 0.0022222222222222222 0.0044444444444444444 
31 29 22 8 90 0.34444444444444444 0.32222222222222224 0.24444444444444444 0.08888888888888889 391 57 1 1 450 0.8688888888888889 0.12666666666666668 0.0022222222222222222 0.0022222222222222222 
34 27 23 6 90 0.37777777777777777 0.3 0.25555555555555554 0.06666666666666667 389 57 4 0 450 0.8644444444444445 0.12666666666666668 0.008888888888888889 0.0 
