16 23 38 13 90 0.17777777777777778 0.25555555555555554 0.4222222222222222 0.14444444444444443 547 81 1 1 630 0.8682539682539683 0.12857142857142856 0.0015873015873015873 0.0015873015873015873 
14 23 43 10 90 0.15555555555555556 0.25555555555555554 0.4777777777777778 0.1111111111111111 547 80 2 1 630 0.8682539682539683 0.12698412698412698 0.0031746031746031746 0.0015873015873015873 
15 27 37 11 90 0.16666666666666666 0.3 0.4111111111111111 0.12222222222222222 548 78 2 2 630 0.8698412698412699 0.12380952380952381 0.0031746031746031746 0.0031746031746031746 
17 25 38 10 90 0.18888888888888888 0.2777777777777778 0.4222222222222222 0.1111111111111111 549 77 3 1 630 0.8714285714285714 0.12222222222222222 0.004761904761904762 0.0015873015873015873 
17 29 35 9 90 0.18888888888888888 0.32222222222222224 0.3888888888888889 0.1 552 75 2 1 630 0.8761904761904762 0.11904761904761904 0.0031746031746031746 0.0015873015873015873 
14 29 33 14 90 0.15555555555555556 0.32222222222222224 0.36666666666666664 0.15555555555555556 556 71 1 2 630 0.8825396825396825 0.1126984126984127 0.0015873015873015873 0.0031746031746031746 
16 32 30 12 90 0.17777777777777778 0.35555555555555557 0.3333333333333333 0.13333333333333333 552 75 1 2 630 0.8761904761904762 0.11904761904761904 0.0015873015873015873 0.0031746031746031746 
17 29 34 10 90 0.18888888888888888 0.32222222222222224 0.37777777777777777 0.1111111111111111 559 69 1 1 630 0.8873015873015873 0.10952380952380952 0.0015873015873015873 0.0015873015873015873 
17 33 28 12 90 0.18888888888888888 0.36666666666666664 0.3111111111111111 0.13333333333333333 559 67 2 2 630 0.8873015873015873 0.10634920634920635 0.0031746031746031746 0.0031746031746031746 
15 31 31 13 90 0.16666666666666666 0.34444444444444444 0.34444444444444444 0.14444444444444443 556 72 1 1 630 0.8825396825396825 0.11428571428571428 0.0015873015873015873 0.0015873015873015873 
