1 5 4 0 10 0.1 0.5 0.4 0.0 61 9 0 0 70 0.8714285714285714 0.12857142857142856 0.0 0.0 
0 7 3 0 10 0.0 0.7 0.3 0.0 61 9 0 0 70 0.8714285714285714 0.12857142857142856 0.0 0.0 
1 6 3 0 10 0.1 0.6 0.3 0.0 62 7 1 0 70 0.8857142857142857 0.1 0.014285714285714285 0.0 
1 5 3 1 10 0.1 0.5 0.3 0.1 63 7 0 0 70 0.9 0.1 0.0 0.0 
0 9 1 0 10 0.0 0.9 0.1 0.0 63 7 0 0 70 0.9 0.1 0.0 0.0 
0 7 3 0 10 0.0 0.7 0.3 0.0 60 9 0 1 70 0.8571428571428571 0.12857142857142856 0.0 0.014285714285714285 
0 7 2 1 10 0.0 0.7 0.2 0.1 62 7 0 1 70 0.8857142857142857 0.1 0.0 0.014285714285714285 
3 6 1 0 10 0.3 0.6 0.1 0.0 61 9 0 0 70 0.8714285714285714 0.12857142857142856 0.0 0.0 
0 8 2 0 10 0.0 0.8 0.2 0.0 57 13 0 0 70 0.8142857142857143 0.18571428571428572 0.0 0.0 
1 8 1 0 10 0.1 0.8 0.1 0.0 61 9 0 0 70 0.8714285714285714 0.12857142857142856 0.0 0.0 
