25 25 28 12 90 0.2777777777777778 0.2777777777777778 0.3111111111111111 0.13333333333333333 570 56 4 0 630 0.9047619047619048 0.08888888888888889 0.006349206349206349 0.0 
27 22 27 14 90 0.3 0.24444444444444444 0.3 0.15555555555555556 572 55 1 2 630 0.9079365079365079 0.0873015873015873 0.0015873015873015873 0.0031746031746031746 
25 24 27 14 90 0.2777777777777778 0.26666666666666666 0.3 0.15555555555555556 569 57 3 1 630 0.9031746031746032 0.09047619047619047 0.004761904761904762 0.0015873015873015873 
20 33 22 15 90 0.2222222222222222 0.36666666666666664 0.24444444444444444 0.16666666666666666 567 59 4 0 630 0.9 0.09365079365079365 0.006349206349206349 0.0 
23 29 22 16 90 0.25555555555555554 0.32222222222222224 0.24444444444444444 0.17777777777777778 570 55 5 0 630 0.9047619047619048 0.0873015873015873 0.007936507936507936 0.0 
21 32 21 16 90 0.23333333333333334 0.35555555555555557 0.23333333333333334 0.17777777777777778 575 51 4 0 630 0.9126984126984127 0.08095238095238096 0.006349206349206349 0.0 
21 33 22 14 90 0.23333333333333334 0.36666666666666664 0.24444444444444444 0.15555555555555556 568 58 4 0 630 0.9015873015873016 0.09206349206349207 0.006349206349206349 0.0 
19 35 23 13 90 0.2111111111111111 0.3888888888888889 0.25555555555555554 0.14444444444444443 571 56 3 0 630 0.9063492063492063 0.08888888888888889 0.004761904761904762 0.0 
20 32 24 14 90 0.2222222222222222 0.35555555555555557 0.26666666666666666 0.15555555555555556 567 60 3 0 630 0.9 0.09523809523809523 0.004761904761904762 0.0 
24 32 23 11 90 0.26666666666666666 0.35555555555555557 0.25555555555555554 0.12222222222222222 569 58 3 0 630 0.9031746031746032 0.09206349206349207 0.004761904761904762 0.0 
