68 18 3 1 90 0.7555555555555555 0.2 0.03333333333333333 0.011111111111111112 607 18 4 1 630 0.9634920634920635 0.02857142857142857 0.006349206349206349 0.0015873015873015873 
69 17 3 1 90 0.7666666666666667 0.18888888888888888 0.03333333333333333 0.011111111111111112 610 15 4 1 630 0.9682539682539683 0.023809523809523808 0.006349206349206349 0.0015873015873015873 
68 16 6 0 90 0.7555555555555555 0.17777777777777778 0.06666666666666667 0.0 607 19 3 1 630 0.9634920634920635 0.03015873015873016 0.004761904761904762 0.0015873015873015873 
67 18 5 0 90 0.7444444444444445 0.2 0.05555555555555555 0.0 612 13 4 1 630 0.9714285714285714 0.020634920634920634 0.006349206349206349 0.0015873015873015873 
65 21 4 0 90 0.7222222222222222 0.23333333333333334 0.044444444444444446 0.0 613 13 4 0 630 0.973015873015873 0.020634920634920634 0.006349206349206349 0.0 
65 19 5 1 90 0.7222222222222222 0.2111111111111111 0.05555555555555555 0.011111111111111112 610 14 5 1 630 0.9682539682539683 0.022222222222222223 0.007936507936507936 0.0015873015873015873 
64 20 5 1 90 0.7111111111111111 0.2222222222222222 0.05555555555555555 0.011111111111111112 610 16 3 1 630 0.9682539682539683 0.025396825396825397 0.004761904761904762 0.0015873015873015873 
59 27 4 0 90 0.6555555555555556 0.3 0.044444444444444446 0.0 609 16 4 1 630 0.9666666666666667 0.025396825396825397 0.006349206349206349 0.0015873015873015873 
62 22 5 1 90 0.6888888888888889 0.24444444444444444 0.05555555555555555 0.011111111111111112 610 13 6 1 630 0.9682539682539683 0.020634920634920634 0.009523809523809525 0.0015873015873015873 
63 20 6 1 90 0.7 0.2222222222222222 0.06666666666666667 0.011111111111111112 608 16 6 0 630 0.9650793650793651 0.025396825396825397 0.009523809523809525 0.0 
