0 6 3 1 10 0.0 0.6 0.3 0.1 61 9 0 0 70 0.8714285714285714 0.12857142857142856 0.0 0.0 
0 5 4 1 10 0.0 0.5 0.4 0.1 63 5 2 0 70 0.9 0.07142857142857142 0.02857142857142857 0.0 
0 4 4 2 10 0.0 0.4 0.4 0.2 64 6 0 0 70 0.9142857142857143 0.08571428571428572 0.0 0.0 
1 5 4 0 10 0.1 0.5 0.4 0.0 62 8 0 0 70 0.8857142857142857 0.11428571428571428 0.0 0.0 
1 5 3 1 10 0.1 0.5 0.3 0.1 63 7 0 0 70 0.9 0.1 0.0 0.0 
0 4 5 1 10 0.0 0.4 0.5 0.1 61 9 0 0 70 0.8714285714285714 0.12857142857142856 0.0 0.0 
0 6 2 2 10 0.0 0.6 0.2 0.2 61 9 0 0 70 0.8714285714285714 0.12857142857142856 0.0 0.0 
0 5 4 1 10 0.0 0.5 0.4 0.1 63 7 0 0 70 0.9 0.1 0.0 0.0 
0 5 4 1 10 0.0 0.5 0.4 0.1 65 5 0 0 70 0.9285714285714286 0.07142857142857142 0.0 0.0 
0 5 4 1 10 0.0 0.5 0.4 0.1 62 8 0 0 70 0.8857142857142857 0.11428571428571428 0.0 0.0 
