44 22 13 11 90 0.4888888888888889 0.24444444444444444 0.14444444444444443 0.12222222222222222 591 35 3 1 630 0.9380952380952381 0.05555555555555555 0.004761904761904762 0.0015873015873015873 
44 22 12 12 90 0.4888888888888889 0.24444444444444444 0.13333333333333333 0.13333333333333333 594 34 1 1 630 0.9428571428571428 0.05396825396825397 0.0015873015873015873 0.0015873015873015873 
48 19 9 14 90 0.5333333333333333 0.2111111111111111 0.1 0.15555555555555556 589 37 3 1 630 0.9349206349206349 0.05873015873015873 0.004761904761904762 0.0015873015873015873 
46 20 16 8 90 0.5111111111111111 0.2222222222222222 0.17777777777777778 0.08888888888888889 587 39 3 1 630 0.9317460317460318 0.06190476190476191 0.004761904761904762 0.0015873015873015873 
44 22 13 11 90 0.4888888888888889 0.24444444444444444 0.14444444444444443 0.12222222222222222 586 41 2 1 630 0.9301587301587302 0.06507936507936508 0.0031746031746031746 0.0015873015873015873 
48 17 15 10 90 0.5333333333333333 0.18888888888888888 0.16666666666666666 0.1111111111111111 589 38 1 2 630 0.9349206349206349 0.06031746031746032 0.0015873015873015873 0.0031746031746031746 
47 21 11 11 90 0.5222222222222223 0.23333333333333334 0.12222222222222222 0.12222222222222222 595 32 2 1 630 0.9444444444444444 0.050793650793650794 0.0031746031746031746 0.0015873015873015873 
44 20 15 11 90 0.4888888888888889 0.2222222222222222 0.16666666666666666 0.12222222222222222 595 32 2 1 630 0.9444444444444444 0.050793650793650794 0.0031746031746031746 0.0015873015873015873 
48 20 11 11 90 0.5333333333333333 0.2222222222222222 0.12222222222222222 0.12222222222222222 595 33 2 0 630 0.9444444444444444 0.05238095238095238 0.0031746031746031746 0.0 
47 23 8 12 90 0.5222222222222223 0.25555555555555554 0.08888888888888889 0.13333333333333333 600 27 2 1 630 0.9523809523809523 0.04285714285714286 0.0031746031746031746 0.0015873015873015873 
