0 0 7 15 22 0.0 0.0 0.3181818181818182 0.6818181818181818 1311 3 0 0 1314 0.997716894977169 0.00228310502283105 0.0 0.0 
0 0 8 14 22 0.0 0.0 0.36363636363636365 0.6363636363636364 1311 3 0 0 1314 0.997716894977169 0.00228310502283105 0.0 0.0 
0 0 9 13 22 0.0 0.0 0.4090909090909091 0.5909090909090909 1312 2 0 0 1314 0.9984779299847792 0.0015220700152207 0.0 0.0 
0 3 6 13 22 0.0 0.13636363636363635 0.2727272727272727 0.5909090909090909 1314 0 0 0 1314 1.0 0.0 0.0 0.0 
0 3 4 15 22 0.0 0.13636363636363635 0.18181818181818182 0.6818181818181818 1314 0 0 0 1314 1.0 0.0 0.0 0.0 
0 3 7 13 23 0.0 0.13043478260869565 0.30434782608695654 0.5652173913043478 1310 4 0 0 1314 0.9969558599695586 0.0030441400304414 0.0 0.0 
0 3 6 14 23 0.0 0.13043478260869565 0.2608695652173913 0.6086956521739131 1311 3 0 0 1314 0.997716894977169 0.00228310502283105 0.0 0.0 
0 3 5 15 23 0.0 0.13043478260869565 0.21739130434782608 0.6521739130434783 1310 4 0 0 1314 0.9969558599695586 0.0030441400304414 0.0 0.0 
0 3 8 12 23 0.0 0.13043478260869565 0.34782608695652173 0.5217391304347826 1310 4 0 0 1314 0.9969558599695586 0.0030441400304414 0.0 0.0 
0 3 7 13 23 0.0 0.13043478260869565 0.30434782608695654 0.5652173913043478 1312 2 0 0 1314 0.9984779299847792 0.0015220700152207 0.0 0.0 
