0 0 0 3 3 0.0 0.0 0.0 1.0 146 0 0 0 146 1.0 0.0 0.0 0.0 
0 0 1 2 3 0.0 0.0 0.3333333333333333 0.6666666666666666 146 0 0 0 146 1.0 0.0 0.0 0.0 
0 0 0 3 3 0.0 0.0 0.0 1.0 146 0 0 0 146 1.0 0.0 0.0 0.0 
0 0 0 3 3 0.0 0.0 0.0 1.0 146 0 0 0 146 1.0 0.0 0.0 0.0 
0 0 0 3 3 0.0 0.0 0.0 1.0 146 0 0 0 146 1.0 0.0 0.0 0.0 
0 0 0 2 2 0.0 0.0 0.0 1.0 146 0 0 0 146 1.0 0.0 0.0 0.0 
0 0 0 2 2 0.0 0.0 0.0 1.0 146 0 0 0 146 1.0 0.0 0.0 0.0 
0 0 0 2 2 0.0 0.0 0.0 1.0 146 0 0 0 146 1.0 0.0 0.0 0.0 
0 0 0 2 2 0.0 0.0 0.0 1.0 146 0 0 0 146 1.0 0.0 0.0 0.0 
0 0 0 2 2 0.0 0.0 0.0 1.0 146 0 0 0 146 1.0 0.0 0.0 0.0 
