277.0 78.0 0
114.0 308.0 0
222.0 598.0 0
107.0 671.0 0
171.0 886.0 0
291.0 1166.0 0
266.0 1177.0 0
242.0 1245.0 0
150.0 603.0 0
233.0 1102.0 0
400.0 151.0 1
450.0 815.0 1
-30.0 498.0 1
169.0 -176.0 1
88.0 1342.0 1
270.0 1095.0 1
382.0 280.0 1
-43.0 838.0 1
92.0 925.0 1
9.0 1417.0 1
469.0 772.0 1
385.0 300.0 1
33.0 -4.0 1
368.0 329.0 1
115.0 773.0 1
274.0 774.0 1
-63.0 786.0 1
6.0 416.0 1
402.0 740.0 1
334.0 993.0 1
466.0 80.0 1
342.0 314.0 1
453.0 -191.0 1
325.0 705.0 1
371.0 -94.0 1
151.0 113.0 1
-5.0 498.0 1
116.0 1055.0 1
-72.0 600.0 1
-28.0 51.0 1
431.0 500.0 1
436.0 77.0 1
330.0 171.0 1
-32.0 596.0 1
-66.0 859.0 1
151.0 1434.0 1
402.0 648.0 1
13.0 552.0 1
429.0 150.0 1
89.0 373.0 1
372.0 -51.0 1
293.0 1433.0 1
114.0 -202.0 1
439.0 661.0 1
439.0 1351.0 1
343.0 1104.0 1
330.0 447.0 1
9.0 580.0 1
415.0 547.0 1
338.0 391.0 1
-20.0 -270.0 1
-56.0 -119.0 1
403.0 1394.0 1
38.0 543.0 1
443.0 384.0 1
374.0 -19.0 1
321.0 472.0 1
321.0 1104.0 1
-2.0 -194.0 1
304.0 418.0 1
85.0 -3.0 1
69.0 9.0 1
162.0 1471.0 1
434.0 -39.0 1
59.0 18.0 1
124.0 1341.0 1
-6.0 722.0 1
39.0 959.0 1
42.0 341.0 1
365.0 1295.0 1
