141.0 274.0 0
121.0 948.0 0
218.0 598.0 0
150.0 603.0 0
180.0 61.0 0
292.0 238.0 0
290.0 1202.0 0
184.0 1133.0 0
113.0 870.0 0
288.0 -84.0 0
17.0 371.0 1
171.0 1068.0 1
399.0 338.0 1
388.0 -182.0 1
396.0 211.0 1
-75.0 773.0 1
-45.0 328.0 1
-47.0 -257.0 1
24.0 1289.0 1
436.0 516.0 1
127.0 410.0 1
152.0 116.0 1
407.0 1280.0 1
5.0 -117.0 1
-44.0 1244.0 1
445.0 1422.0 1
443.0 -116.0 1
208.0 -200.0 1
215.0 1367.0 1
74.0 1177.0 1
388.0 1156.0 1
325.0 705.0 1
414.0 57.0 1
29.0 928.0 1
452.0 964.0 1
-2.0 -194.0 1
372.0 -51.0 1
95.0 232.0 1
360.0 156.0 1
-39.0 -22.0 1
114.0 776.0 1
13.0 609.0 1
-66.0 1405.0 1
234.0 124.0 1
69.0 9.0 1
331.0 472.0 1
463.0 339.0 1
190.0 752.0 1
118.0 759.0 1
15.0 901.0 1
345.0 1458.0 1
482.0 815.0 1
28.0 558.0 1
201.0 1340.0 1
-13.0 63.0 1
420.0 1116.0 1
455.0 398.0 1
260.0 1049.0 1
121.0 721.0 1
455.0 122.0 1
267.0 -141.0 1
92.0 925.0 1
310.0 -227.0 1
201.0 1413.0 1
-37.0 701.0 1
249.0 1452.0 1
41.0 472.0 1
390.0 439.0 1
-47.0 -73.0 1
364.0 -15.0 1
-35.0 224.0 1
94.0 1439.0 1
329.0 375.0 1
419.0 595.0 1
73.0 545.0 1
332.0 1078.0 1
303.0 1231.0 1
398.0 883.0 1
-73.0 133.0 1
-63.0 786.0 1
