268.0 287.0 0
288.0 868.0 0
155.0 586.0 0
246.0 651.0 0
148.0 50.0 0
165.0 238.0 0
291.0 1166.0 0
179.0 1137.0 0
177.0 825.0 0
121.0 -38.0 0
45.0 416.0 1
69.0 1093.0 1
421.0 354.0 1
401.0 -173.0 1
422.0 204.0 1
2.0 768.0 1
-5.0 343.0 1
18.0 -267.0 1
-1.0 1299.0 1
451.0 525.0 1
137.0 408.0 1
140.0 119.0 1
387.0 1237.0 1
65.0 -137.0 1
-40.0 1248.0 1
403.0 1404.0 1
475.0 -131.0 1
188.0 -194.0 1
245.0 1372.0 1
-23.0 1112.0 1
402.0 1154.0 1
361.0 699.0 1
422.0 25.0 1
35.0 935.0 1
376.0 988.0 1
-80.0 -225.0 1
408.0 -23.0 1
11.0 183.0 1
338.0 225.0 1
-36.0 -51.0 1
93.0 772.0 1
-13.0 624.0 1
-18.0 1422.0 1
241.0 130.0 1
43.0 0.0 1
321.0 472.0 1
385.0 300.0 1
235.0 767.0 1
294.0 788.0 1
-66.0 859.0 1
403.0 1433.0 1
437.0 800.0 1
-72.0 600.0 1
196.0 1340.0 1
8.0 52.0 1
321.0 1104.0 1
338.0 391.0 1
143.0 1026.0 1
306.0 675.0 1
475.0 119.0 1
270.0 -194.0 1
-42.0 890.0 1
302.0 -225.0 1
210.0 1414.0 1
-19.0 688.0 1
214.0 1468.0 1
-42.0 469.0 1
397.0 462.0 1
-73.0 -73.0 1
373.0 -19.0 1
-66.0 246.0 1
82.0 1391.0 1
382.0 280.0 1
315.0 567.0 1
14.0 439.0 1
440.0 1040.0 1
479.0 1310.0 1
328.0 809.0 1
-46.0 160.0 1
467.0 910.0 1
