148.0 50.0 0
204.0 89.0 0
277.0 78.0 0
152.0 -97.0 0
258.0 1.0 0
165.0 238.0 0
237.0 287.0 0
153.0 307.0 0
227.0 342.0 0
126.0 551.0 0
140.0 846.0 0
161.0 977.0 0
267.0 898.0 0
277.0 816.0 0
211.0 881.0 0
274.0 931.0 0
290.0 1202.0 0
291.0 1166.0 0
213.0 1253.0 0
257.0 1215.0 0
430.0 161.0 1
373.0 -19.0 1
29.0 275.0 1
341.0 1039.0 1
400.0 151.0 1
65.0 925.0 1
209.0 747.0 1
450.0 815.0 1
14.0 439.0 1
158.0 -221.0 1
429.0 1254.0 1
73.0 545.0 1
275.0 1319.0 1
30.0 745.0 1
35.0 848.0 1
386.0 90.0 1
243.0 -170.0 1
482.0 815.0 1
293.0 -235.0 1
65.0 196.0 1
387.0 630.0 1
423.0 1105.0 1
353.0 -14.0 1
52.0 439.0 1
-28.0 -281.0 1
390.0 439.0 1
208.0 -200.0 1
-84.0 726.0 1
377.0 -126.0 1
92.0 925.0 1
467.0 884.0 1
276.0 1419.0 1
127.0 410.0 1
321.0 1459.0 1
101.0 -279.0 1
316.0 727.0 1
306.0 675.0 1
426.0 638.0 1
82.0 749.0 1
308.0 773.0 1
454.0 679.0 1
434.0 419.0 1
437.0 800.0 1
15.0 1212.0 1
367.0 288.0 1
360.0 156.0 1
470.0 1466.0 1
-18.0 1422.0 1
41.0 472.0 1
-51.0 1371.0 1
479.0 771.0 1
421.0 666.0 1
417.0 999.0 1
460.0 -81.0 1
453.0 -191.0 1
-75.0 773.0 1
451.0 948.0 1
0.0 1255.0 1
56.0 436.0 1
79.0 -9.0 1
407.0 1280.0 1
344.0 -282.0 1
388.0 205.0 1
332.0 557.0 1
355.0 -164.0 1
328.0 809.0 1
459.0 -42.0 1
-71.0 333.0 1
-39.0 -22.0 1
419.0 1281.0 1
-35.0 1397.0 1
103.0 -113.0 1
437.0 464.0 1
476.0 0.0 1
306.0 1002.0 1
266.0 1333.0 1
48.0 1128.0 1
-28.0 51.0 1
319.0 695.0 1
257.0 465.0 1
-64.0 196.0 1
455.0 269.0 1
17.0 371.0 1
190.0 752.0 1
74.0 1177.0 1
-23.0 1112.0 1
73.0 652.0 1
-84.0 1479.0 1
460.0 955.0 1
66.0 672.0 1
-57.0 -63.0 1
15.0 901.0 1
460.0 569.0 1
361.0 481.0 1
457.0 1386.0 1
-45.0 328.0 1
267.0 -141.0 1
325.0 142.0 1
-47.0 770.0 1
433.0 1380.0 1
-2.0 30.0 1
329.0 516.0 1
39.0 352.0 1
303.0 1231.0 1
32.0 1318.0 1
424.0 225.0 1
433.0 -184.0 1
6.0 0.0 1
-81.0 419.0 1
204.0 1062.0 1
333.0 -66.0 1
16.0 553.0 1
414.0 18.0 1
33.0 1305.0 1
476.0 1330.0 1
125.0 102.0 1
455.0 272.0 1
-66.0 246.0 1
87.0 529.0 1
9.0 -32.0 1
64.0 88.0 1
456.0 408.0 1
-67.0 1226.0 1
61.0 1385.0 1
328.0 1232.0 1
2.0 768.0 1
343.0 1104.0 1
464.0 396.0 1
90.0 1305.0 1
-65.0 336.0 1
425.0 848.0 1
264.0 1069.0 1
295.0 110.0 1
309.0 1352.0 1
76.0 450.0 1
-23.0 271.0 1
38.0 543.0 1
352.0 914.0 1
305.0 1111.0 1
302.0 -225.0 1
