114.0 308.0 0
291.0 867.0 0
222.0 598.0 0
265.0 671.0 0
116.0 56.0 0
227.0 342.0 0
257.0 1215.0 0
108.0 1133.0 0
168.0 811.0 0
290.0 -57.0 0
-81.0 419.0 1
204.0 1062.0 1
442.0 350.0 1
404.0 -179.0 1
481.0 240.0 1
-24.0 749.0 1
39.0 352.0 1
47.0 -262.0 1
60.0 1295.0 1
329.0 516.0 1
275.0 415.0 1
74.0 91.0 1
352.0 1263.0 1
163.0 -128.0 1
57.0 1224.0 1
439.0 1351.0 1
446.0 -166.0 1
158.0 -221.0 1
193.0 1371.0 1
-60.0 1156.0 1
424.0 1151.0 1
439.0 661.0 1
414.0 18.0 1
-9.0 922.0 1
460.0 955.0 1
-53.0 -211.0 1
460.0 -81.0 1
11.0 207.0 1
436.0 166.0 1
-8.0 -3.0 1
115.0 773.0 1
42.0 644.0 1
157.0 1478.0 1
230.0 121.0 1
59.0 18.0 1
361.0 481.0 1
455.0 272.0 1
274.0 774.0 1
305.0 798.0 1
26.0 906.0 1
321.0 1459.0 1
464.0 812.0 1
13.0 552.0 1
194.0 1350.0 1
-49.0 69.0 1
326.0 1213.0 1
464.0 396.0 1
262.0 1049.0 1
374.0 739.0 1
380.0 100.0 1
304.0 -153.0 1
237.0 1084.0 1
156.0 -270.0 1
201.0 1418.0 1
-6.0 722.0 1
204.0 1478.0 1
1.0 444.0 1
434.0 419.0 1
278.0 -122.0 1
353.0 -14.0 1
16.0 303.0 1
-35.0 1397.0 1
339.0 246.0 1
353.0 634.0 1
-47.0 549.0 1
480.0 1019.0 1
-81.0 1327.0 1
467.0 884.0 1
295.0 110.0 1
-79.0 797.0 1
