268.0 287.0 0
288.0 868.0 0
155.0 586.0 0
246.0 651.0 0
148.0 50.0 0
165.0 238.0 0
291.0 1166.0 0
213.0 1253.0 0
201.0 354.0 0
277.0 816.0 0
204.0 89.0 0
179.0 1137.0 0
121.0 -38.0 0
218.0 598.0 0
290.0 -57.0 0
222.0 598.0 0
113.0 870.0 0
168.0 811.0 0
213.0 1298.0 0
270.0 588.0 0
45.0 416.0 1
69.0 1093.0 1
421.0 354.0 1
401.0 -173.0 1
422.0 204.0 1
2.0 768.0 1
-65.0 336.0 1
18.0 -267.0 1
-1.0 1299.0 1
451.0 525.0 1
137.0 408.0 1
334.0 441.0 1
140.0 119.0 1
387.0 1237.0 1
377.0 -202.0 1
65.0 -137.0 1
24.0 1289.0 1
403.0 1404.0 1
475.0 -131.0 1
188.0 -194.0 1
57.0 1224.0 1
309.0 1352.0 1
-23.0 1112.0 1
402.0 1154.0 1
361.0 699.0 1
422.0 25.0 1
56.0 436.0 1
377.0 -126.0 1
35.0 935.0 1
397.0 651.0 1
376.0 988.0 1
57.0 -219.0 1
408.0 -23.0 1
39.0 352.0 1
438.0 918.0 1
11.0 183.0 1
413.0 1313.0 1
439.0 191.0 1
329.0 516.0 1
-36.0 -51.0 1
309.0 1207.0 1
93.0 772.0 1
-13.0 624.0 1
60.0 -185.0 1
-73.0 -73.0 1
140.0 -166.0 1
-18.0 1422.0 1
122.0 763.0 1
330.0 171.0 1
69.0 9.0 1
1.0 444.0 1
321.0 472.0 1
385.0 300.0 1
235.0 767.0 1
308.0 773.0 1
399.0 338.0 1
-66.0 859.0 1
403.0 1433.0 1
388.0 770.0 1
437.0 800.0 1
13.0 609.0 1
82.0 679.0 1
-29.0 86.0 1
196.0 1340.0 1
4.0 0.0 1
310.0 1135.0 1
378.0 372.0 1
306.0 1002.0 1
481.0 240.0 1
472.0 403.0 1
319.0 695.0 1
443.0 -116.0 1
414.0 57.0 1
352.0 1263.0 1
50.0 27.0 1
169.0 -176.0 1
-52.0 1043.0 1
230.0 121.0 1
194.0 1350.0 1
143.0 -240.0 1
270.0 1404.0 1
-19.0 688.0 1
237.0 1084.0 1
321.0 1459.0 1
476.0 0.0 1
8.0 52.0 1
-42.0 469.0 1
382.0 280.0 1
375.0 788.0 1
397.0 462.0 1
-66.0 246.0 1
171.0 1424.0 1
-51.0 1371.0 1
95.0 232.0 1
82.0 1391.0 1
203.0 -208.0 1
359.0 435.0 1
162.0 1471.0 1
315.0 567.0 1
-4.0 176.0 1
343.0 1104.0 1
145.0 490.0 1
427.0 148.0 1
315.0 451.0 1
-24.0 749.0 1
325.0 142.0 1
158.0 -221.0 1
389.0 632.0 1
475.0 119.0 1
423.0 1105.0 1
29.0 928.0 1
483.0 1297.0 1
321.0 1104.0 1
-63.0 786.0 1
239.0 1472.0 1
115.0 1392.0 1
373.0 -19.0 1
73.0 545.0 1
193.0 1371.0 1
310.0 -227.0 1
430.0 1025.0 1
-53.0 -211.0 1
398.0 883.0 1
426.0 638.0 1
449.0 896.0 1
-22.0 893.0 1
-10.0 162.0 1
15.0 901.0 1
60.0 1295.0 1
-46.0 160.0 1
262.0 1481.0 1
440.0 -221.0 1
8.0 753.0 1
353.0 -14.0 1
87.0 529.0 1
49.0 769.0 1
-40.0 552.0 1
-72.0 600.0 1
446.0 -166.0 1
458.0 -216.0 1
