186.0 290.0 0
274.0 931.0 0
201.0 510.0 0
145.0 647.0 0
199.0 38.0 0
114.0 213.0 0
250.0 1182.0 0
213.0 1253.0 0
267.0 850.0 0
116.0 -95.0 0
-18.0 399.0 1
59.0 1065.0 1
355.0 350.0 1
361.0 -175.0 1
454.0 220.0 1
-26.0 770.0 1
-79.0 361.0 1
-28.0 -281.0 1
32.0 1318.0 1
387.0 534.0 1
191.0 423.0 1
88.0 112.0 1
429.0 1254.0 1
90.0 -107.0 1
34.0 1263.0 1
457.0 1386.0 1
431.0 -141.0 1
114.0 -202.0 1
292.0 1366.0 1
48.0 1128.0 1
408.0 1188.0 1
439.0 704.0 1
304.0 39.0 1
6.0 950.0 1
339.0 960.0 1
-1.0 -233.0 1
459.0 -42.0 1
97.0 192.0 1
382.0 195.0 1
-11.0 -36.0 1
70.0 804.0 1
66.0 621.0 1
-84.0 1479.0 1
243.0 166.0 1
79.0 -9.0 1
266.0 486.0 1
477.0 306.0 1
261.0 747.0 1
204.0 776.0 1
77.0 863.0 1
333.0 1433.0 1
479.0 771.0 1
0.0 593.0 1
155.0 1322.0 1
-13.0 20.0 1
346.0 1153.0 1
378.0 397.0 1
220.0 1009.0 1
248.0 708.0 1
466.0 80.0 1
243.0 -170.0 1
-80.0 1015.0 1
222.0 -238.0 1
238.0 1398.0 1
1.0 648.0 1
470.0 1466.0 1
-5.0 498.0 1
439.0 454.0 1
-64.0 -168.0 1
408.0 -90.0 1
-20.0 266.0 1
40.0 1415.0 1
342.0 314.0 1
322.0 603.0 1
76.0 450.0 1
466.0 1075.0 1
365.0 1295.0 1
314.0 846.0 1
19.0 147.0 1
402.0 648.0 1
