133.0 34.0 0
246.0 651.0 0
201.0 510.0 0
145.0 647.0 0
277.0 816.0 0
268.0 858.0 0
172.0 1245.0 0
184.0 1133.0 0
213.0 1253.0 0
288.0 868.0 0
-11.0 -36.0 1
198.0 -193.0 1
429.0 1254.0 1
262.0 1481.0 1
329.0 92.0 1
353.0 -14.0 1
9.0 1134.0 1
-5.0 343.0 1
201.0 733.0 1
396.0 211.0 1
-50.0 81.0 1
-53.0 -211.0 1
361.0 -175.0 1
196.0 434.0 1
316.0 727.0 1
-24.0 -165.0 1
470.0 1466.0 1
403.0 1433.0 1
361.0 699.0 1
-75.0 773.0 1
-54.0 751.0 1
74.0 91.0 1
464.0 812.0 1
57.0 -219.0 1
235.0 767.0 1
103.0 -113.0 1
-20.0 266.0 1
-1.0 -106.0 1
79.0 962.0 1
319.0 695.0 1
-1.0 -233.0 1
441.0 242.0 1
-64.0 196.0 1
-24.0 963.0 1
8.0 52.0 1
408.0 -90.0 1
389.0 632.0 1
-59.0 -273.0 1
-47.0 770.0 1
204.0 1478.0 1
301.0 1353.0 1
-18.0 399.0 1
220.0 1009.0 1
204.0 1062.0 1
77.0 863.0 1
443.0 1197.0 1
-67.0 1226.0 1
115.0 1392.0 1
441.0 326.0 1
408.0 1188.0 1
464.0 396.0 1
50.0 27.0 1
283.0 122.0 1
22.0 428.0 1
193.0 1371.0 1
328.0 1279.0 1
44.0 172.0 1
270.0 -194.0 1
71.0 1313.0 1
315.0 451.0 1
398.0 883.0 1
28.0 558.0 1
305.0 -167.0 1
260.0 1049.0 1
60.0 1295.0 1
278.0 -122.0 1
338.0 443.0 1
455.0 398.0 1
2.0 1057.0 1
471.0 1157.0 1
