148.0 50.0 0
196.0 -81.0 0
258.0 1.0 0
216.0 387.0 0
153.0 307.0 0
238.0 1169.0 0
108.0 1133.0 0
121.0 -38.0 0
116.0 56.0 0
202.0 1159.0 0
430.0 161.0 1
29.0 275.0 1
-42.0 469.0 1
209.0 747.0 1
158.0 -221.0 1
313.0 36.0 1
-17.0 429.0 1
222.0 -238.0 1
106.0 465.0 1
387.0 630.0 1
226.0 1439.0 1
156.0 -270.0 1
52.0 439.0 1
54.0 616.0 1
467.0 884.0 1
82.0 1391.0 1
308.0 773.0 1
332.0 485.0 1
434.0 419.0 1
248.0 708.0 1
367.0 288.0 1
4.0 0.0 1
438.0 163.0 1
70.0 804.0 1
460.0 -81.0 1
451.0 948.0 1
56.0 436.0 1
327.0 277.0 1
369.0 -246.0 1
201.0 1026.0 1
-67.0 -11.0 1
-54.0 365.0 1
239.0 1472.0 1
420.0 907.0 1
-46.0 160.0 1
261.0 747.0 1
399.0 338.0 1
190.0 752.0 1
73.0 652.0 1
311.0 -135.0 1
29.0 928.0 1
63.0 1468.0 1
446.0 1300.0 1
431.0 -141.0 1
305.0 291.0 1
140.0 119.0 1
213.0 -151.0 1
-3.0 1256.0 1
32.0 1318.0 1
455.0 793.0 1
455.0 272.0 1
9.0 -32.0 1
-28.0 -45.0 1
215.0 1430.0 1
40.0 1415.0 1
-52.0 1043.0 1
-18.0 1387.0 1
302.0 -225.0 1
57.0 880.0 1
401.0 -173.0 1
452.0 529.0 1
414.0 57.0 1
-8.0 -3.0 1
447.0 515.0 1
442.0 350.0 1
204.0 776.0 1
468.0 34.0 1
-47.0 549.0 1
235.0 170.0 1
238.0 1398.0 1
