204.0 89.0 0
288.0 -84.0 0
114.0 213.0 0
218.0 598.0 0
161.0 977.0 0
113.0 870.0 0
267.0 850.0 0
274.0 931.0 0
290.0 1202.0 0
298.0 540.0 0
373.0 -19.0 1
-80.0 1015.0 1
65.0 925.0 1
58.0 566.0 1
26.0 906.0 1
449.0 896.0 1
-42.0 890.0 1
390.0 439.0 1
420.0 468.0 1
309.0 1207.0 1
377.0 -126.0 1
388.0 914.0 1
338.0 225.0 1
321.0 1459.0 1
66.0 621.0 1
421.0 666.0 1
249.0 1452.0 1
353.0 634.0 1
432.0 813.0 1
203.0 -208.0 1
445.0 712.0 1
210.0 1414.0 1
407.0 1280.0 1
365.0 1443.0 1
420.0 1116.0 1
328.0 809.0 1
439.0 191.0 1
-71.0 333.0 1
-35.0 1397.0 1
451.0 451.0 1
476.0 0.0 1
-25.0 -39.0 1
369.0 607.0 1
343.0 467.0 1
118.0 759.0 1
364.0 -15.0 1
-84.0 1479.0 1
-59.0 -280.0 1
468.0 1329.0 1
70.0 616.0 1
329.0 516.0 1
338.0 -170.0 1
475.0 -131.0 1
404.0 -179.0 1
121.0 721.0 1
439.0 704.0 1
87.0 529.0 1
430.0 1025.0 1
-26.0 770.0 1
432.0 578.0 1
328.0 1232.0 1
90.0 -107.0 1
327.0 1068.0 1
98.0 -172.0 1
213.0 -169.0 1
443.0 -116.0 1
3.0 1336.0 1
-50.0 978.0 1
155.0 1303.0 1
397.0 651.0 1
363.0 1433.0 1
-79.0 797.0 1
470.0 334.0 1
171.0 1068.0 1
227.0 1446.0 1
216.0 1389.0 1
71.0 -178.0 1
387.0 1352.0 1
145.0 490.0 1
380.0 100.0 1
