139.0 332.0 0
171.0 886.0 0
270.0 588.0 0
245.0 690.0 0
258.0 1.0 0
135.0 398.0 0
242.0 1245.0 0
106.0 1103.0 0
151.0 978.0 0
216.0 387.0 0
-23.0 353.0 1
24.0 1013.0 1
446.0 353.0 1
377.0 -202.0 1
473.0 252.0 1
-54.0 751.0 1
95.0 343.0 1
4.0 -241.0 1
88.0 1342.0 1
472.0 517.0 1
113.0 451.0 1
51.0 81.0 1
328.0 1232.0 1
38.0 -59.0 1
22.0 1194.0 1
320.0 1370.0 1
311.0 -135.0 1
203.0 -208.0 1
325.0 1332.0 1
305.0 1111.0 1
309.0 1207.0 1
402.0 740.0 1
329.0 92.0 1
36.0 978.0 1
306.0 1002.0 1
-6.0 -168.0 1
335.0 -48.0 1
-4.0 176.0 1
438.0 163.0 1
-57.0 -63.0 1
126.0 771.0 1
73.0 662.0 1
9.0 1417.0 1
283.0 122.0 1
-67.0 -11.0 1
343.0 467.0 1
457.0 348.0 1
146.0 745.0 1
375.0 788.0 1
65.0 925.0 1
215.0 1430.0 1
361.0 795.0 1
31.0 556.0 1
115.0 1392.0 1
-50.0 81.0 1
312.0 1085.0 1
472.0 403.0 1
417.0 999.0 1
66.0 672.0 1
476.0 155.0 1
248.0 -217.0 1
327.0 1068.0 1
415.0 -235.0 1
227.0 1446.0 1
30.0 745.0 1
151.0 1434.0 1
87.0 529.0 1
338.0 443.0 1
371.0 -94.0 1
440.0 -221.0 1
-64.0 196.0 1
-32.0 1358.0 1
334.0 441.0 1
432.0 578.0 1
460.0 569.0 1
267.0 1095.0 1
388.0 914.0 1
438.0 918.0 1
468.0 170.0 1
344.0 -282.0 1
