290.0 -57.0 0
194.0 -80.0 0
174.0 33.0 0
201.0 354.0 0
114.0 308.0 0
203.0 251.0 0
189.0 224.0 0
186.0 290.0 0
195.0 695.0 0
201.0 510.0 0
291.0 667.0 0
145.0 647.0 0
107.0 671.0 0
131.0 510.0 0
121.0 948.0 0
226.0 922.0 0
272.0 1211.0 0
284.0 1117.0 0
184.0 1133.0 0
179.0 1137.0 0
-56.0 665.0 1
-42.0 469.0 1
421.0 354.0 1
59.0 830.0 1
367.0 1088.0 1
461.0 1093.0 1
222.0 -238.0 1
377.0 -202.0 1
106.0 465.0 1
42.0 644.0 1
24.0 1013.0 1
408.0 -23.0 1
439.0 454.0 1
26.0 906.0 1
455.0 122.0 1
156.0 -270.0 1
137.0 408.0 1
299.0 1081.0 1
-42.0 890.0 1
469.0 1043.0 1
97.0 192.0 1
0.0 593.0 1
420.0 468.0 1
-37.0 1358.0 1
257.0 168.0 1
361.0 -175.0 1
124.0 1458.0 1
368.0 329.0 1
18.0 -267.0 1
338.0 225.0 1
304.0 -153.0 1
419.0 595.0 1
176.0 -220.0 1
188.0 -194.0 1
157.0 1478.0 1
230.0 121.0 1
422.0 25.0 1
95.0 343.0 1
66.0 621.0 1
274.0 774.0 1
387.0 1237.0 1
325.0 1332.0 1
-63.0 786.0 1
-51.0 1014.0 1
99.0 -93.0 1
403.0 1433.0 1
191.0 423.0 1
151.0 141.0 1
310.0 1135.0 1
353.0 634.0 1
334.0 993.0 1
314.0 846.0 1
4.0 769.0 1
438.0 163.0 1
36.0 978.0 1
467.0 910.0 1
445.0 712.0 1
210.0 1414.0 1
325.0 705.0 1
477.0 1210.0 1
327.0 277.0 1
369.0 -246.0 1
-30.0 793.0 1
342.0 595.0 1
348.0 242.0 1
-22.0 893.0 1
189.0 1456.0 1
403.0 1404.0 1
88.0 112.0 1
-5.0 498.0 1
152.0 116.0 1
-1.0 -106.0 1
8.0 753.0 1
239.0 1472.0 1
387.0 173.0 1
79.0 962.0 1
369.0 607.0 1
431.0 500.0 1
315.0 567.0 1
460.0 -87.0 1
73.0 662.0 1
320.0 715.0 1
330.0 171.0 1
260.0 499.0 1
311.0 -135.0 1
333.0 1433.0 1
294.0 788.0 1
391.0 508.0 1
93.0 1420.0 1
-60.0 1156.0 1
414.0 1157.0 1
397.0 462.0 1
218.0 760.0 1
405.0 -257.0 1
375.0 788.0 1
22.0 157.0 1
19.0 663.0 1
389.0 632.0 1
439.0 231.0 1
-59.0 -273.0 1
52.0 67.0 1
-3.0 1256.0 1
475.0 -131.0 1
305.0 798.0 1
454.0 220.0 1
220.0 1009.0 1
200.0 1071.0 1
360.0 1077.0 1
-73.0 133.0 1
25.0 125.0 1
-28.0 445.0 1
293.0 1433.0 1
114.0 -202.0 1
439.0 1351.0 1
282.0 1020.0 1
275.0 415.0 1
336.0 366.0 1
-28.0 -45.0 1
330.0 447.0 1
332.0 1078.0 1
9.0 580.0 1
50.0 27.0 1
415.0 547.0 1
122.0 782.0 1
479.0 1158.0 1
411.0 405.0 1
215.0 1430.0 1
410.0 1276.0 1
-20.0 -270.0 1
-44.0 1244.0 1
90.0 -107.0 1
422.0 -11.0 1
-42.0 675.0 1
-79.0 361.0 1
438.0 1187.0 1
270.0 1404.0 1
374.0 -19.0 1
438.0 1454.0 1
-84.0 1369.0 1
44.0 172.0 1
