194.0 -80.0 0
189.0 224.0 0
186.0 290.0 0
182.0 269.0 0
291.0 867.0 0
168.0 811.0 0
226.0 922.0 0
201.0 -17.0 0
265.0 671.0 0
106.0 1103.0 0
36.0 1272.0 1
181.0 775.0 1
24.0 1013.0 1
378.0 397.0 1
65.0 196.0 1
12.0 872.0 1
446.0 -166.0 1
50.0 494.0 1
208.0 -200.0 1
-24.0 749.0 1
339.0 246.0 1
234.0 124.0 1
475.0 119.0 1
359.0 435.0 1
57.0 1224.0 1
454.0 679.0 1
387.0 1237.0 1
360.0 156.0 1
99.0 -93.0 1
191.0 423.0 1
310.0 1135.0 1
417.0 999.0 1
11.0 183.0 1
-47.0 -257.0 1
344.0 -282.0 1
428.0 1030.0 1
13.0 609.0 1
403.0 1404.0 1
152.0 116.0 1
73.0 220.0 1
479.0 1310.0 1
257.0 465.0 1
455.0 269.0 1
460.0 -87.0 1
17.0 371.0 1
355.0 209.0 1
294.0 788.0 1
391.0 508.0 1
405.0 -257.0 1
448.0 -10.0 1
-73.0 -73.0 1
39.0 352.0 1
94.0 -180.0 1
443.0 1228.0 1
-81.0 419.0 1
333.0 -66.0 1
5.0 -117.0 1
25.0 125.0 1
-66.0 246.0 1
-32.0 1358.0 1
365.0 378.0 1
122.0 782.0 1
477.0 763.0 1
410.0 1276.0 1
-79.0 361.0 1
-84.0 1369.0 1
451.0 525.0 1
427.0 148.0 1
-39.0 1420.0 1
388.0 -182.0 1
356.0 1280.0 1
86.0 1204.0 1
-1.0 1299.0 1
1.0 444.0 1
-40.0 1248.0 1
357.0 40.0 1
-49.0 69.0 1
440.0 -132.0 1
31.0 556.0 1
436.0 166.0 1
