194.0 -80.0 0
204.0 89.0 0
199.0 38.0 0
277.0 78.0 0
288.0 -84.0 0
133.0 34.0 0
180.0 61.0 0
139.0 332.0 0
201.0 354.0 0
268.0 287.0 0
203.0 251.0 0
165.0 238.0 0
237.0 287.0 0
184.0 340.0 0
153.0 307.0 0
182.0 269.0 0
246.0 651.0 0
222.0 598.0 0
195.0 695.0 0
183.0 604.0 0
184.0 600.0 0
201.0 510.0 0
245.0 690.0 0
270.0 588.0 0
140.0 846.0 0
185.0 849.0 0
267.0 898.0 0
177.0 825.0 0
171.0 886.0 0
277.0 816.0 0
113.0 870.0 0
211.0 881.0 0
274.0 931.0 0
238.0 1169.0 0
290.0 1202.0 0
108.0 1133.0 0
172.0 1245.0 0
284.0 1117.0 0
213.0 1253.0 0
242.0 1245.0 0
257.0 1215.0 0
179.0 1137.0 0
116.0 56.0 0
188.0 227.0 0
135.0 398.0 0
141.0 274.0 0
171.0 662.0 0
155.0 586.0 0
150.0 603.0 0
265.0 671.0 0
288.0 868.0 0
178.0 934.0 0
233.0 1102.0 0
430.0 161.0 1
427.0 22.0 1
465.0 691.0 1
373.0 -19.0 1
341.0 1039.0 1
400.0 151.0 1
198.0 -193.0 1
59.0 830.0 1
65.0 925.0 1
-63.0 211.0 1
388.0 850.0 1
429.0 1254.0 1
-30.0 498.0 1
73.0 545.0 1
313.0 36.0 1
-17.0 429.0 1
169.0 -176.0 1
275.0 1319.0 1
222.0 -238.0 1
377.0 -202.0 1
-58.0 1126.0 1
181.0 775.0 1
58.0 566.0 1
106.0 465.0 1
270.0 1095.0 1
35.0 848.0 1
378.0 397.0 1
329.0 92.0 1
243.0 -170.0 1
408.0 -23.0 1
482.0 815.0 1
65.0 196.0 1
439.0 454.0 1
47.0 -262.0 1
455.0 122.0 1
353.0 -14.0 1
446.0 -166.0 1
156.0 -270.0 1
52.0 439.0 1
299.0 1081.0 1
50.0 494.0 1
360.0 409.0 1
201.0 733.0 1
97.0 192.0 1
0.0 593.0 1
-28.0 -281.0 1
208.0 -200.0 1
3.0 -204.0 1
-84.0 726.0 1
-24.0 749.0 1
-37.0 1358.0 1
309.0 1207.0 1
377.0 -126.0 1
-43.0 838.0 1
257.0 168.0 1
361.0 -175.0 1
92.0 925.0 1
262.0 1049.0 1
399.0 668.0 1
124.0 1458.0 1
467.0 884.0 1
42.0 -233.0 1
475.0 119.0 1
385.0 300.0 1
33.0 -4.0 1
368.0 329.0 1
150.0 1342.0 1
276.0 1419.0 1
18.0 -267.0 1
171.0 498.0 1
304.0 -153.0 1
394.0 1319.0 1
321.0 1459.0 1
316.0 727.0 1
56.0 1404.0 1
220.0 195.0 1
-13.0 20.0 1
306.0 675.0 1
426.0 638.0 1
359.0 435.0 1
188.0 -194.0 1
308.0 773.0 1
57.0 1224.0 1
157.0 1478.0 1
422.0 25.0 1
95.0 343.0 1
66.0 621.0 1
393.0 955.0 1
454.0 679.0 1
332.0 485.0 1
11.0 207.0 1
434.0 419.0 1
325.0 1332.0 1
-63.0 786.0 1
367.0 288.0 1
4.0 0.0 1
470.0 1466.0 1
445.0 1422.0 1
191.0 423.0 1
310.0 1135.0 1
479.0 771.0 1
249.0 1452.0 1
464.0 10.0 1
334.0 993.0 1
466.0 80.0 1
329.0 375.0 1
4.0 769.0 1
438.0 163.0 1
415.0 -235.0 1
203.0 -208.0 1
70.0 804.0 1
460.0 -81.0 1
453.0 -191.0 1
210.0 1414.0 1
-75.0 773.0 1
451.0 948.0 1
0.0 1255.0 1
371.0 -94.0 1
56.0 436.0 1
11.0 183.0 1
369.0 -246.0 1
151.0 113.0 1
201.0 1026.0 1
420.0 1116.0 1
-54.0 751.0 1
-30.0 793.0 1
310.0 -227.0 1
304.0 39.0 1
388.0 205.0 1
355.0 -164.0 1
483.0 1297.0 1
439.0 191.0 1
459.0 -42.0 1
13.0 609.0 1
189.0 1456.0 1
403.0 1404.0 1
-71.0 333.0 1
-39.0 -22.0 1
-5.0 498.0 1
419.0 1281.0 1
152.0 116.0 1
-35.0 1397.0 1
235.0 767.0 1
103.0 -113.0 1
378.0 372.0 1
-1.0 -106.0 1
476.0 0.0 1
479.0 1310.0 1
239.0 1472.0 1
435.0 325.0 1
472.0 403.0 1
95.0 232.0 1
266.0 1333.0 1
79.0 962.0 1
24.0 1289.0 1
420.0 907.0 1
-28.0 51.0 1
-1.0 -233.0 1
369.0 607.0 1
431.0 500.0 1
-46.0 160.0 1
374.0 739.0 1
343.0 467.0 1
364.0 -15.0 1
-64.0 196.0 1
266.0 486.0 1
452.0 964.0 1
399.0 338.0 1
-24.0 963.0 1
190.0 752.0 1
-23.0 1112.0 1
322.0 603.0 1
201.0 1418.0 1
436.0 77.0 1
320.0 715.0 1
136.0 1407.0 1
-84.0 1479.0 1
460.0 955.0 1
-66.0 859.0 1
355.0 209.0 1
31.0 961.0 1
-57.0 -63.0 1
460.0 569.0 1
317.0 1358.0 1
-59.0 -280.0 1
361.0 481.0 1
414.0 1157.0 1
397.0 462.0 1
457.0 1386.0 1
-40.0 552.0 1
22.0 157.0 1
267.0 -141.0 1
408.0 -90.0 1
60.0 -185.0 1
93.0 772.0 1
-59.0 -273.0 1
-47.0 770.0 1
213.0 -151.0 1
45.0 416.0 1
433.0 1380.0 1
329.0 516.0 1
440.0 -221.0 1
204.0 1478.0 1
305.0 798.0 1
424.0 225.0 1
143.0 -240.0 1
-81.0 419.0 1
204.0 1062.0 1
404.0 -179.0 1
360.0 1077.0 1
455.0 793.0 1
439.0 704.0 1
-73.0 133.0 1
414.0 18.0 1
65.0 -137.0 1
429.0 150.0 1
382.0 195.0 1
89.0 373.0 1
11.0 1345.0 1
476.0 1330.0 1
388.0 770.0 1
455.0 272.0 1
77.0 863.0 1
-66.0 246.0 1
467.0 1400.0 1
-82.0 -254.0 1
-32.0 1358.0 1
293.0 1433.0 1
114.0 -202.0 1
387.0 534.0 1
282.0 1020.0 1
275.0 415.0 1
43.0 0.0 1
64.0 88.0 1
4.0 -241.0 1
336.0 366.0 1
432.0 578.0 1
365.0 378.0 1
456.0 408.0 1
61.0 1385.0 1
328.0 1232.0 1
2.0 768.0 1
-28.0 -45.0 1
115.0 1392.0 1
441.0 326.0 1
330.0 447.0 1
-29.0 271.0 1
-9.0 922.0 1
408.0 1188.0 1
332.0 1078.0 1
464.0 396.0 1
9.0 580.0 1
50.0 27.0 1
415.0 547.0 1
477.0 763.0 1
90.0 1305.0 1
410.0 1276.0 1
-64.0 -168.0 1
-20.0 -270.0 1
-56.0 -119.0 1
53.0 -156.0 1
-44.0 1244.0 1
463.0 70.0 1
-65.0 336.0 1
-2.0 1110.0 1
283.0 122.0 1
425.0 848.0 1
403.0 1394.0 1
193.0 1371.0 1
-52.0 1043.0 1
-18.0 1387.0 1
76.0 450.0 1
422.0 -11.0 1
292.0 1366.0 1
163.0 -128.0 1
-79.0 361.0 1
38.0 543.0 1
438.0 1187.0 1
-35.0 1467.0 1
270.0 1404.0 1
302.0 -225.0 1
454.0 -49.0 1
438.0 1454.0 1
44.0 172.0 1
270.0 -194.0 1
401.0 -154.0 1
213.0 -169.0 1
71.0 1313.0 1
114.0 776.0 1
315.0 451.0 1
38.0 28.0 1
398.0 883.0 1
331.0 -172.0 1
215.0 1367.0 1
443.0 -116.0 1
3.0 1336.0 1
321.0 472.0 1
321.0 1104.0 1
241.0 130.0 1
-2.0 -194.0 1
-50.0 978.0 1
155.0 1303.0 1
397.0 651.0 1
352.0 1263.0 1
35.0 935.0 1
28.0 558.0 1
305.0 -167.0 1
-47.0 -73.0 1
-37.0 701.0 1
304.0 418.0 1
85.0 -3.0 1
363.0 1433.0 1
22.0 576.0 1
1.0 648.0 1
69.0 9.0 1
162.0 1471.0 1
124.0 773.0 1
-79.0 797.0 1
434.0 -39.0 1
470.0 334.0 1
171.0 1068.0 1
214.0 1468.0 1
27.0 629.0 1
227.0 1446.0 1
345.0 1458.0 1
355.0 350.0 1
-4.0 176.0 1
216.0 1389.0 1
60.0 1295.0 1
379.0 829.0 1
446.0 353.0 1
278.0 -122.0 1
312.0 1085.0 1
338.0 443.0 1
59.0 18.0 1
124.0 1341.0 1
282.0 1010.0 1
387.0 1352.0 1
145.0 490.0 1
402.0 1154.0 1
-6.0 722.0 1
2.0 1057.0 1
39.0 959.0 1
471.0 1157.0 1
42.0 341.0 1
380.0 100.0 1
365.0 1295.0 1
