174.0 33.0 0
165.0 238.0 0
140.0 846.0 0
185.0 849.0 0
177.0 825.0 0
299.0 1182.0 0
187.0 34.0 0
116.0 -95.0 0
141.0 274.0 0
114.0 805.0 0
465.0 691.0 1
201.0 1340.0 1
367.0 1088.0 1
461.0 1093.0 1
-63.0 199.0 1
42.0 644.0 1
113.0 451.0 1
482.0 815.0 1
439.0 454.0 1
47.0 -262.0 1
360.0 409.0 1
97.0 192.0 1
-28.0 -281.0 1
38.0 418.0 1
-37.0 1358.0 1
127.0 410.0 1
-13.0 20.0 1
426.0 638.0 1
157.0 1478.0 1
306.0 1169.0 1
445.0 1422.0 1
329.0 375.0 1
415.0 -235.0 1
36.0 978.0 1
79.0 -9.0 1
-30.0 793.0 1
348.0 242.0 1
387.0 173.0 1
95.0 232.0 1
69.0 1093.0 1
440.0 1040.0 1
374.0 739.0 1
74.0 1177.0 1
260.0 499.0 1
333.0 1433.0 1
93.0 1420.0 1
387.0 360.0 1
457.0 1386.0 1
445.0 -143.0 1
325.0 142.0 1
-10.0 162.0 1
156.0 -232.0 1
433.0 -184.0 1
143.0 -240.0 1
125.0 102.0 1
-28.0 445.0 1
-82.0 -254.0 1
4.0 -241.0 1
2.0 768.0 1
-64.0 -168.0 1
292.0 1366.0 1
34.0 1263.0 1
-35.0 1467.0 1
480.0 1019.0 1
346.0 1153.0 1
38.0 28.0 1
82.0 679.0 1
5.0 178.0 1
16.0 303.0 1
215.0 1367.0 1
241.0 130.0 1
352.0 1263.0 1
27.0 629.0 1
345.0 1458.0 1
355.0 350.0 1
-4.0 176.0 1
379.0 829.0 1
446.0 353.0 1
312.0 1085.0 1
472.0 517.0 1
