502.0 350.0 0
249.0 410.0 0
433.0 684.0 0
459.0 489.0 0
359.0 484.0 0
623.0 660.0 0
259.0 656.0 0
140.0 617.0 0
301.0 267.0 0
492.0 846.0 0
340.0 697.0 1
160.0 589.0 1
30.0 398.0 1
722.0 922.0 1
428.0 980.0 1
596.0 644.0 1
257.0 359.0 1
567.0 212.0 1
415.0 246.0 1
730.0 503.0 1
444.0 170.0 1
645.0 537.0 1
87.0 945.0 1
234.0 127.0 1
350.0 944.0 1
402.0 546.0 1
63.0 195.0 1
347.0 796.0 1
243.0 917.0 1
556.0 762.0 1
63.0 610.0 1
329.0 127.0 1
233.0 763.0 1
39.0 549.0 1
-44.0 751.0 1
521.0 407.0 1
750.0 862.0 1
589.0 323.0 1
645.0 208.0 1
84.0 842.0 1
519.0 553.0 1
721.0 635.0 1
48.0 860.0 1
739.0 773.0 1
132.0 347.0 1
591.0 115.0 1
-37.0 588.0 1
629.0 966.0 1
146.0 225.0 1
63.0 99.0 1
537.0 858.0 1
48.0 470.0 1
279.0 893.0 1
227.0 232.0 1
470.0 200.0 1
171.0 689.0 1
692.0 334.0 1
-9.0 158.0 1
248.0 604.0 1
-17.0 951.0 1
