358.0 400.0 0
613.0 734.0 0
298.0 485.0 0
422.0 495.0 0
373.0 563.0 0
347.0 386.0 0
399.0 280.0 0
615.0 609.0 0
286.0 645.0 0
556.0 379.0 0
315.0 732.0 0
301.0 479.0 0
399.0 335.0 0
125.0 408.0 0
441.0 358.0 0
179.0 607.0 0
594.0 387.0 0
542.0 331.0 0
487.0 276.0 0
435.0 629.0 0
318.0 627.0 0
538.0 648.0 0
459.0 489.0 0
551.0 295.0 0
461.0 661.0 0
268.0 309.0 0
541.0 646.0 0
252.0 459.0 0
175.0 563.0 0
263.0 553.0 0
501.0 497.0 0
156.0 540.0 0
299.0 549.0 0
322.0 567.0 0
343.0 662.0 0
373.0 751.0 0
286.0 267.0 0
338.0 524.0 0
430.0 575.0 0
527.0 363.0 0
268.0 325.0 0
316.0 366.0 0
349.0 339.0 0
386.0 409.0 0
301.0 267.0 0
229.0 437.0 0
249.0 410.0 0
282.0 501.0 0
-28.0 319.0 1
30.0 943.0 1
-20.0 901.0 1
398.0 81.0 1
656.0 403.0 1
426.0 809.0 1
24.0 102.0 1
547.0 492.0 1
272.0 981.0 1
154.0 96.0 1
726.0 496.0 1
329.0 806.0 1
667.0 532.0 1
549.0 800.0 1
329.0 127.0 1
67.0 630.0 1
86.0 514.0 1
362.0 890.0 1
591.0 115.0 1
171.0 689.0 1
54.0 765.0 1
255.0 657.0 1
87.0 837.0 1
329.0 783.0 1
347.0 796.0 1
182.0 992.0 1
675.0 241.0 1
372.0 543.0 1
48.0 902.0 1
750.0 862.0 1
224.0 139.0 1
-33.0 94.0 1
63.0 195.0 1
302.0 888.0 1
123.0 323.0 1
15.0 509.0 1
239.0 821.0 1
243.0 917.0 1
286.0 393.0 1
562.0 171.0 1
757.0 940.0 1
430.0 194.0 1
-9.0 805.0 1
76.0 75.0 1
68.0 653.0 1
683.0 604.0 1
623.0 687.0 1
681.0 218.0 1
757.0 971.0 1
90.0 612.0 1
150.0 914.0 1
221.0 974.0 1
101.0 481.0 1
40.0 162.0 1
692.0 334.0 1
634.0 889.0 1
493.0 283.0 1
596.0 644.0 1
93.0 725.0 1
-40.0 924.0 1
182.0 623.0 1
286.0 745.0 1
-49.0 483.0 1
424.0 797.0 1
61.0 100.0 1
503.0 450.0 1
194.0 638.0 1
519.0 954.0 1
27.0 855.0 1
227.0 232.0 1
242.0 266.0 1
40.0 409.0 1
667.0 323.0 1
378.0 514.0 1
172.0 325.0 1
619.0 166.0 1
373.0 249.0 1
727.0 67.0 1
760.0 590.0 1
521.0 896.0 1
607.0 743.0 1
149.0 629.0 1
598.0 954.0 1
360.0 925.0 1
735.0 783.0 1
103.0 960.0 1
475.0 526.0 1
84.0 842.0 1
306.0 110.0 1
195.0 230.0 1
627.0 954.0 1
70.0 356.0 1
-62.0 575.0 1
610.0 218.0 1
93.0 498.0 1
677.0 906.0 1
511.0 784.0 1
512.0 207.0 1
205.0 916.0 1
-51.0 836.0 1
629.0 968.0 1
730.0 949.0 1
222.0 816.0 1
437.0 138.0 1
641.0 240.0 1
142.0 640.0 1
26.0 452.0 1
367.0 196.0 1
636.0 626.0 1
67.0 303.0 1
674.0 935.0 1
-32.0 620.0 1
138.0 822.0 1
44.0 278.0 1
431.0 257.0 1
685.0 712.0 1
7.0 186.0 1
144.0 668.0 1
-15.0 702.0 1
442.0 459.0 1
174.0 213.0 1
656.0 101.0 1
400.0 926.0 1
77.0 138.0 1
652.0 489.0 1
701.0 685.0 1
470.0 215.0 1
68.0 438.0 1
-43.0 909.0 1
565.0 531.0 1
570.0 748.0 1
-15.0 791.0 1
521.0 407.0 1
643.0 301.0 1
567.0 212.0 1
52.0 827.0 1
160.0 350.0 1
429.0 810.0 1
318.0 258.0 1
698.0 589.0 1
691.0 649.0 1
430.0 838.0 1
465.0 979.0 1
629.0 966.0 1
723.0 70.0 1
39.0 549.0 1
191.0 682.0 1
-36.0 919.0 1
53.0 920.0 1
263.0 395.0 1
534.0 442.0 1
325.0 908.0 1
339.0 671.0 1
368.0 800.0 1
642.0 304.0 1
717.0 835.0 1
645.0 208.0 1
47.0 442.0 1
298.0 588.0 1
233.0 763.0 1
196.0 189.0 1
-37.0 786.0 1
87.0 288.0 1
670.0 869.0 1
573.0 960.0 1
89.0 220.0 1
340.0 860.0 1
609.0 194.0 1
45.0 881.0 1
434.0 974.0 1
310.0 677.0 1
364.0 123.0 1
101.0 489.0 1
610.0 875.0 1
451.0 982.0 1
737.0 540.0 1
63.0 99.0 1
-9.0 392.0 1
444.0 170.0 1
-57.0 113.0 1
101.0 97.0 1
585.0 199.0 1
126.0 537.0 1
166.0 897.0 1
669.0 118.0 1
556.0 762.0 1
701.0 972.0 1
610.0 364.0 1
89.0 601.0 1
717.0 328.0 1
279.0 893.0 1
63.0 610.0 1
671.0 680.0 1
195.0 593.0 1
346.0 445.0 1
667.0 918.0 1
248.0 604.0 1
755.0 986.0 1
529.0 274.0 1
59.0 500.0 1
608.0 537.0 1
340.0 697.0 1
210.0 965.0 1
494.0 576.0 1
512.0 203.0 1
744.0 645.0 1
111.0 155.0 1
353.0 168.0 1
733.0 878.0 1
537.0 858.0 1
94.0 660.0 1
671.0 395.0 1
75.0 726.0 1
709.0 480.0 1
296.0 941.0 1
389.0 164.0 1
632.0 604.0 1
302.0 284.0 1
704.0 558.0 1
733.0 106.0 1
755.0 106.0 1
548.0 702.0 1
151.0 557.0 1
430.0 85.0 1
-2.0 199.0 1
656.0 144.0 1
11.0 592.0 1
576.0 979.0 1
-39.0 895.0 1
14.0 399.0 1
127.0 981.0 1
628.0 409.0 1
607.0 590.0 1
316.0 927.0 1
-50.0 541.0 1
704.0 541.0 1
52.0 906.0 1
234.0 73.0 1
417.0 275.0 1
141.0 516.0 1
221.0 688.0 1
569.0 742.0 1
106.0 524.0 1
679.0 469.0 1
475.0 555.0 1
563.0 873.0 1
665.0 270.0 1
568.0 580.0 1
96.0 476.0 1
659.0 166.0 1
237.0 266.0 1
52.0 769.0 1
