399.0 335.0 0
274.0 410.0 0
461.0 661.0 0
501.0 497.0 0
301.0 479.0 0
551.0 295.0 0
268.0 325.0 0
455.0 526.0 0
347.0 386.0 0
360.0 523.0 0
606.0 633.0 0
301.0 632.0 0
179.0 607.0 0
291.0 260.0 0
443.0 807.0 0
121.0 552.0 0
263.0 553.0 0
509.0 848.0 0
390.0 626.0 0
315.0 732.0 0
340.0 664.0 1
149.0 629.0 1
18.0 407.0 1
720.0 923.0 1
85.0 391.0 1
465.0 979.0 1
555.0 662.0 1
263.0 395.0 1
550.0 227.0 1
255.0 657.0 1
383.0 251.0 1
704.0 541.0 1
454.0 147.0 1
679.0 527.0 1
115.0 919.0 1
240.0 127.0 1
722.0 588.0 1
349.0 984.0 1
372.0 543.0 1
40.0 162.0 1
414.0 919.0 1
89.0 601.0 1
329.0 806.0 1
248.0 604.0 1
177.0 920.0 1
569.0 742.0 1
368.0 800.0 1
511.0 784.0 1
50.0 638.0 1
318.0 160.0 1
235.0 755.0 1
239.0 821.0 1
2.0 561.0 1
496.0 561.0 1
-15.0 791.0 1
503.0 450.0 1
733.0 878.0 1
627.0 321.0 1
573.0 960.0 1
675.0 241.0 1
77.0 138.0 1
87.0 837.0 1
141.0 516.0 1
586.0 535.0 1
760.0 660.0 1
37.0 863.0 1
431.0 257.0 1
730.0 734.0 1
679.0 469.0 1
518.0 244.0 1
143.0 386.0 1
389.0 164.0 1
602.0 94.0 1
-32.0 620.0 1
627.0 954.0 1
146.0 225.0 1
360.0 925.0 1
171.0 147.0 1
121.0 298.0 1
44.0 436.0 1
52.0 769.0 1
367.0 196.0 1
302.0 888.0 1
568.0 907.0 1
623.0 687.0 1
-11.0 505.0 1
429.0 552.0 1
237.0 266.0 1
278.0 156.0 1
15.0 509.0 1
512.0 203.0 1
264.0 930.0 1
144.0 668.0 1
757.0 971.0 1
101.0 481.0 1
430.0 838.0 1
158.0 953.0 1
656.0 403.0 1
-33.0 94.0 1
733.0 106.0 1
667.0 918.0 1
643.0 302.0 1
-50.0 541.0 1
193.0 317.0 1
-14.0 165.0 1
503.0 255.0 1
45.0 255.0 1
94.0 660.0 1
-40.0 924.0 1
632.0 604.0 1
52.0 906.0 1
302.0 719.0 1
-28.0 319.0 1
221.0 974.0 1
717.0 328.0 1
105.0 726.0 1
610.0 875.0 1
729.0 71.0 1
8.0 74.0 1
739.0 773.0 1
