623.0 660.0 0
298.0 485.0 0
259.0 656.0 0
179.0 607.0 0
301.0 632.0 0
435.0 629.0 0
459.0 489.0 0
443.0 807.0 0
268.0 309.0 0
456.0 825.0 0
586.0 535.0 1
430.0 940.0 1
272.0 981.0 1
121.0 867.0 1
86.0 514.0 1
329.0 783.0 1
123.0 323.0 1
722.0 588.0 1
-9.0 805.0 1
221.0 974.0 1
634.0 889.0 1
352.0 769.0 1
424.0 797.0 1
27.0 855.0 1
351.0 532.0 1
732.0 915.0 1
760.0 590.0 1
470.0 200.0 1
383.0 251.0 1
195.0 230.0 1
609.0 308.0 1
751.0 885.0 1
-51.0 836.0 1
237.0 609.0 1
222.0 816.0 1
379.0 838.0 1
67.0 303.0 1
82.0 740.0 1
-11.0 698.0 1
-15.0 791.0 1
77.0 310.0 1
465.0 979.0 1
534.0 442.0 1
585.0 146.0 1
434.0 974.0 1
650.0 959.0 1
166.0 897.0 1
279.0 893.0 1
545.0 644.0 1
608.0 537.0 1
146.0 824.0 1
143.0 386.0 1
389.0 164.0 1
34.0 107.0 1
234.0 127.0 1
-2.0 199.0 1
44.0 436.0 1
739.0 967.0 1
221.0 688.0 1
323.0 156.0 1
