358.0 400.0 0
224.0 622.0 0
347.0 386.0 0
121.0 552.0 0
433.0 684.0 0
156.0 540.0 0
140.0 617.0 0
316.0 366.0 0
502.0 350.0 0
249.0 410.0 0
154.0 96.0 1
329.0 806.0 1
739.0 773.0 1
675.0 241.0 1
372.0 543.0 1
121.0 298.0 1
-33.0 94.0 1
430.0 194.0 1
76.0 75.0 1
518.0 244.0 1
519.0 553.0 1
607.0 743.0 1
39.0 483.0 1
659.0 547.0 1
664.0 852.0 1
2.0 561.0 1
26.0 452.0 1
674.0 935.0 1
263.0 910.0 1
310.0 657.0 1
400.0 926.0 1
68.0 438.0 1
565.0 531.0 1
567.0 212.0 1
415.0 246.0 1
723.0 70.0 1
39.0 549.0 1
548.0 423.0 1
191.0 682.0 1
-25.0 240.0 1
340.0 664.0 1
339.0 671.0 1
642.0 304.0 1
717.0 835.0 1
310.0 677.0 1
721.0 635.0 1
722.0 922.0 1
708.0 565.0 1
346.0 445.0 1
109.0 756.0 1
59.0 500.0 1
394.0 202.0 1
302.0 284.0 1
704.0 558.0 1
310.0 864.0 1
-17.0 951.0 1
378.0 554.0 1
679.0 469.0 1
465.0 862.0 1
659.0 166.0 1
