623.0 660.0 0
613.0 734.0 0
366.0 493.0 0
556.0 379.0 0
315.0 732.0 0
514.0 233.0 0
125.0 408.0 0
441.0 358.0 0
435.0 629.0 0
476.0 702.0 0
538.0 648.0 0
543.0 469.0 0
461.0 661.0 0
443.0 807.0 0
360.0 523.0 0
541.0 646.0 0
590.0 722.0 0
200.0 526.0 0
373.0 751.0 0
430.0 575.0 0
586.0 535.0 1
-28.0 319.0 1
445.0 954.0 1
30.0 943.0 1
-20.0 901.0 1
430.0 940.0 1
656.0 403.0 1
426.0 809.0 1
198.0 223.0 1
121.0 867.0 1
549.0 800.0 1
329.0 127.0 1
362.0 890.0 1
54.0 765.0 1
329.0 783.0 1
335.0 739.0 1
739.0 773.0 1
750.0 862.0 1
-33.0 94.0 1
63.0 195.0 1
15.0 509.0 1
243.0 917.0 1
193.0 317.0 1
-9.0 805.0 1
623.0 687.0 1
681.0 218.0 1
700.0 380.0 1
50.0 638.0 1
692.0 334.0 1
634.0 889.0 1
334.0 922.0 1
555.0 662.0 1
30.0 398.0 1
519.0 954.0 1
27.0 855.0 1
378.0 514.0 1
172.0 325.0 1
727.0 67.0 1
383.0 251.0 1
306.0 110.0 1
70.0 356.0 1
609.0 308.0 1
745.0 793.0 1
751.0 885.0 1
676.0 524.0 1
237.0 609.0 1
-32.0 420.0 1
690.0 319.0 1
717.0 130.0 1
40.0 623.0 1
-32.0 620.0 1
310.0 657.0 1
466.0 921.0 1
-34.0 537.0 1
233.0 755.0 1
645.0 537.0 1
431.0 257.0 1
442.0 459.0 1
643.0 302.0 1
470.0 215.0 1
68.0 438.0 1
-17.0 604.0 1
570.0 748.0 1
37.0 863.0 1
572.0 231.0 1
696.0 879.0 1
77.0 310.0 1
358.0 904.0 1
160.0 350.0 1
192.0 129.0 1
430.0 838.0 1
132.0 347.0 1
-14.0 165.0 1
340.0 664.0 1
110.0 212.0 1
339.0 671.0 1
645.0 208.0 1
148.0 608.0 1
585.0 146.0 1
87.0 288.0 1
670.0 869.0 1
45.0 881.0 1
326.0 986.0 1
737.0 540.0 1
106.0 755.0 1
444.0 170.0 1
-4.0 132.0 1
650.0 959.0 1
120.0 592.0 1
6.0 352.0 1
350.0 708.0 1
610.0 364.0 1
89.0 601.0 1
279.0 893.0 1
717.0 577.0 1
195.0 593.0 1
624.0 926.0 1
59.0 500.0 1
328.0 915.0 1
146.0 824.0 1
