358.0 400.0 0
301.0 479.0 0
443.0 807.0 0
458.0 540.0 0
263.0 553.0 0
510.0 810.0 0
313.0 731.0 0
322.0 567.0 0
125.0 408.0 0
373.0 563.0 0
302.0 719.0 1
195.0 593.0 1
26.0 452.0 1
696.0 879.0 1
349.0 984.0 1
623.0 687.0 1
193.0 317.0 1
610.0 218.0 1
394.0 202.0 1
676.0 524.0 1
445.0 201.0 1
698.0 589.0 1
158.0 953.0 1
171.0 147.0 1
360.0 925.0 1
298.0 588.0 1
-14.0 165.0 1
340.0 860.0 1
245.0 948.0 1
509.0 814.0 1
62.0 570.0 1
251.0 209.0 1
109.0 756.0 1
-11.0 505.0 1
-11.0 698.0 1
618.0 412.0 1
701.0 835.0 1
667.0 323.0 1
609.0 194.0 1
51.0 860.0 1
656.0 403.0 1
685.0 712.0 1
-36.0 919.0 1
610.0 875.0 1
68.0 438.0 1
723.0 70.0 1
39.0 483.0 1
576.0 979.0 1
196.0 189.0 1
-4.0 132.0 1
424.0 797.0 1
101.0 489.0 1
165.0 960.0 1
444.0 223.0 1
398.0 81.0 1
75.0 726.0 1
729.0 71.0 1
93.0 498.0 1
82.0 740.0 1
727.0 67.0 1
