373.0 563.0 0
556.0 379.0 0
604.0 679.0 0
458.0 540.0 0
200.0 526.0 0
430.0 575.0 0
349.0 339.0 0
386.0 409.0 0
180.0 407.0 0
492.0 846.0 0
656.0 403.0 1
726.0 496.0 1
329.0 127.0 1
335.0 739.0 1
725.0 87.0 1
302.0 888.0 1
15.0 509.0 1
605.0 87.0 1
757.0 971.0 1
614.0 836.0 1
150.0 914.0 1
692.0 334.0 1
-16.0 158.0 1
182.0 623.0 1
84.0 842.0 1
745.0 793.0 1
676.0 524.0 1
437.0 138.0 1
-32.0 620.0 1
138.0 822.0 1
466.0 921.0 1
633.0 538.0 1
4.0 947.0 1
358.0 904.0 1
679.0 527.0 1
629.0 966.0 1
627.0 321.0 1
-14.0 165.0 1
68.0 401.0 1
701.0 739.0 1
645.0 208.0 1
233.0 763.0 1
196.0 189.0 1
63.0 99.0 1
126.0 537.0 1
569.0 241.0 1
89.0 601.0 1
667.0 918.0 1
529.0 274.0 1
264.0 930.0 1
58.0 349.0 1
302.0 719.0 1
396.0 129.0 1
105.0 726.0 1
381.0 766.0 1
677.0 921.0 1
316.0 927.0 1
588.0 667.0 1
710.0 682.0 1
237.0 266.0 1
