347.0 386.0 0
244.0 359.0 0
541.0 646.0 0
455.0 526.0 0
338.0 524.0 0
390.0 626.0 0
348.0 667.0 0
121.0 552.0 0
514.0 233.0 0
349.0 757.0 0
335.0 739.0 1
151.0 557.0 1
6.0 352.0 1
677.0 921.0 1
466.0 921.0 1
636.0 626.0 1
269.0 268.0 1
569.0 241.0 1
431.0 257.0 1
722.0 588.0 1
483.0 115.0 1
586.0 535.0 1
150.0 914.0 1
306.0 139.0 1
325.0 908.0 1
372.0 601.0 1
88.0 150.0 1
381.0 766.0 1
263.0 910.0 1
588.0 814.0 1
89.0 601.0 1
327.0 84.0 1
221.0 688.0 1
15.0 509.0 1
-15.0 702.0 1
475.0 526.0 1
757.0 971.0 1
635.0 333.0 1
739.0 236.0 1
81.0 751.0 1
683.0 604.0 1
671.0 680.0 1
4.0 947.0 1
614.0 836.0 1
124.0 302.0 1
656.0 144.0 1
-17.0 480.0 1
701.0 972.0 1
195.0 230.0 1
8.0 74.0 1
563.0 873.0 1
101.0 481.0 1
414.0 919.0 1
77.0 310.0 1
529.0 274.0 1
105.0 726.0 1
739.0 96.0 1
13.0 292.0 1
141.0 516.0 1
559.0 981.0 1
