358.0 400.0 0
623.0 660.0 0
422.0 495.0 0
373.0 563.0 0
606.0 633.0 0
399.0 280.0 0
615.0 609.0 0
121.0 552.0 0
259.0 656.0 0
514.0 233.0 0
125.0 408.0 0
441.0 358.0 0
179.0 607.0 0
594.0 387.0 0
542.0 331.0 0
433.0 684.0 0
588.0 652.0 0
435.0 629.0 0
268.0 309.0 0
510.0 810.0 0
463.0 778.0 0
287.0 383.0 0
541.0 646.0 0
313.0 731.0 0
252.0 459.0 0
175.0 563.0 0
501.0 497.0 0
263.0 421.0 0
241.0 673.0 0
274.0 410.0 0
156.0 540.0 0
291.0 260.0 0
458.0 540.0 0
322.0 567.0 0
373.0 751.0 0
286.0 267.0 0
253.0 516.0 0
338.0 524.0 0
194.0 614.0 0
527.0 363.0 0
316.0 366.0 0
502.0 350.0 0
349.0 757.0 0
386.0 836.0 0
249.0 410.0 0
545.0 736.0 0
586.0 535.0 1
30.0 943.0 1
-20.0 901.0 1
138.0 700.0 1
398.0 81.0 1
430.0 940.0 1
656.0 403.0 1
24.0 102.0 1
272.0 981.0 1
64.0 364.0 1
198.0 223.0 1
726.0 496.0 1
329.0 806.0 1
121.0 867.0 1
549.0 800.0 1
329.0 127.0 1
-51.0 933.0 1
67.0 630.0 1
362.0 890.0 1
591.0 115.0 1
54.0 765.0 1
-63.0 592.0 1
449.0 215.0 1
329.0 783.0 1
347.0 796.0 1
739.0 773.0 1
338.0 206.0 1
372.0 543.0 1
750.0 862.0 1
725.0 87.0 1
224.0 139.0 1
121.0 298.0 1
-33.0 94.0 1
63.0 195.0 1
302.0 888.0 1
123.0 323.0 1
15.0 509.0 1
286.0 393.0 1
73.0 469.0 1
18.0 407.0 1
76.0 75.0 1
306.0 139.0 1
710.0 912.0 1
50.0 488.0 1
349.0 984.0 1
681.0 218.0 1
757.0 971.0 1
259.0 211.0 1
150.0 914.0 1
580.0 520.0 1
700.0 380.0 1
101.0 481.0 1
40.0 162.0 1
50.0 638.0 1
518.0 244.0 1
493.0 283.0 1
596.0 644.0 1
389.0 836.0 1
93.0 725.0 1
-40.0 924.0 1
352.0 769.0 1
-49.0 483.0 1
568.0 907.0 1
334.0 922.0 1
555.0 662.0 1
509.0 814.0 1
30.0 398.0 1
418.0 946.0 1
194.0 638.0 1
519.0 954.0 1
227.0 232.0 1
242.0 266.0 1
519.0 553.0 1
755.0 784.0 1
619.0 166.0 1
760.0 590.0 1
521.0 896.0 1
149.0 629.0 1
-2.0 183.0 1
383.0 251.0 1
103.0 960.0 1
475.0 526.0 1
306.0 110.0 1
659.0 547.0 1
745.0 793.0 1
610.0 218.0 1
664.0 852.0 1
751.0 885.0 1
73.0 202.0 1
2.0 561.0 1
48.0 860.0 1
237.0 609.0 1
629.0 968.0 1
357.0 532.0 1
717.0 130.0 1
222.0 816.0 1
437.0 138.0 1
26.0 452.0 1
367.0 196.0 1
115.0 734.0 1
636.0 626.0 1
67.0 303.0 1
674.0 935.0 1
63.0 920.0 1
-32.0 620.0 1
325.0 236.0 1
429.0 552.0 1
44.0 278.0 1
263.0 910.0 1
714.0 200.0 1
576.0 616.0 1
466.0 921.0 1
-34.0 537.0 1
687.0 269.0 1
233.0 755.0 1
174.0 213.0 1
350.0 944.0 1
-17.0 480.0 1
400.0 926.0 1
77.0 138.0 1
652.0 489.0 1
91.0 818.0 1
701.0 685.0 1
470.0 215.0 1
-17.0 604.0 1
570.0 748.0 1
37.0 863.0 1
-15.0 791.0 1
572.0 231.0 1
143.0 946.0 1
372.0 601.0 1
146.0 225.0 1
327.0 84.0 1
696.0 879.0 1
77.0 310.0 1
643.0 301.0 1
567.0 212.0 1
358.0 904.0 1
429.0 810.0 1
444.0 223.0 1
698.0 589.0 1
415.0 246.0 1
618.0 412.0 1
192.0 129.0 1
430.0 838.0 1
277.0 945.0 1
465.0 979.0 1
723.0 70.0 1
88.0 150.0 1
39.0 549.0 1
548.0 423.0 1
-25.0 240.0 1
627.0 321.0 1
-36.0 919.0 1
340.0 664.0 1
541.0 220.0 1
53.0 920.0 1
701.0 835.0 1
534.0 442.0 1
68.0 401.0 1
-44.0 751.0 1
339.0 671.0 1
642.0 304.0 1
345.0 227.0 1
47.0 442.0 1
298.0 588.0 1
148.0 608.0 1
196.0 189.0 1
89.0 220.0 1
340.0 860.0 1
434.0 974.0 1
310.0 677.0 1
364.0 123.0 1
610.0 875.0 1
730.0 503.0 1
63.0 99.0 1
444.0 170.0 1
-57.0 113.0 1
-4.0 132.0 1
101.0 97.0 1
585.0 199.0 1
126.0 537.0 1
721.0 635.0 1
569.0 241.0 1
269.0 268.0 1
120.0 592.0 1
722.0 922.0 1
669.0 118.0 1
556.0 762.0 1
350.0 708.0 1
610.0 364.0 1
89.0 601.0 1
717.0 328.0 1
279.0 893.0 1
208.0 625.0 1
671.0 680.0 1
346.0 445.0 1
239.0 135.0 1
8.0 74.0 1
109.0 756.0 1
667.0 918.0 1
624.0 926.0 1
248.0 604.0 1
454.0 147.0 1
545.0 644.0 1
59.0 500.0 1
608.0 537.0 1
328.0 915.0 1
146.0 824.0 1
210.0 965.0 1
494.0 576.0 1
-46.0 450.0 1
744.0 645.0 1
111.0 155.0 1
550.0 227.0 1
353.0 168.0 1
733.0 878.0 1
94.0 660.0 1
671.0 395.0 1
414.0 919.0 1
709.0 480.0 1
632.0 604.0 1
589.0 323.0 1
302.0 284.0 1
347.0 748.0 1
739.0 96.0 1
490.0 430.0 1
733.0 106.0 1
755.0 106.0 1
548.0 702.0 1
151.0 557.0 1
430.0 85.0 1
100.0 931.0 1
11.0 592.0 1
-39.0 895.0 1
14.0 399.0 1
79.0 612.0 1
127.0 981.0 1
628.0 409.0 1
116.0 381.0 1
607.0 590.0 1
52.0 906.0 1
141.0 516.0 1
410.0 157.0 1
106.0 524.0 1
251.0 209.0 1
665.0 270.0 1
18.0 519.0 1
618.0 738.0 1
96.0 476.0 1
512.0 174.0 1
52.0 769.0 1
45.0 255.0 1
115.0 919.0 1
