349.0 339.0 0
287.0 383.0 0
435.0 629.0 0
422.0 495.0 0
253.0 516.0 0
538.0 808.0 0
241.0 673.0 0
156.0 540.0 0
487.0 276.0 0
373.0 751.0 0
335.0 721.0 1
182.0 623.0 1
-8.0 432.0 1
677.0 906.0 1
418.0 946.0 1
568.0 580.0 1
143.0 386.0 1
518.0 244.0 1
367.0 196.0 1
717.0 577.0 1
430.0 194.0 1
679.0 469.0 1
143.0 946.0 1
264.0 173.0 1
328.0 915.0 1
429.0 552.0 1
5.0 151.0 1
289.0 806.0 1
193.0 869.0 1
549.0 800.0 1
53.0 652.0 1
364.0 123.0 1
239.0 821.0 1
11.0 592.0 1
54.0 765.0 1
486.0 513.0 1
670.0 869.0 1
643.0 301.0 1
665.0 270.0 1
121.0 867.0 1
628.0 409.0 1
701.0 685.0 1
30.0 943.0 1
664.0 852.0 1
58.0 349.0 1
619.0 166.0 1
-36.0 661.0 1
624.0 926.0 1
198.0 223.0 1
24.0 102.0 1
389.0 836.0 1
96.0 476.0 1
400.0 926.0 1
44.0 278.0 1
472.0 95.0 1
115.0 734.0 1
733.0 106.0 1
-28.0 319.0 1
126.0 537.0 1
568.0 907.0 1
