358.0 400.0 0
415.0 294.0 0
422.0 495.0 0
373.0 563.0 0
347.0 386.0 0
399.0 335.0 0
179.0 607.0 0
433.0 684.0 0
301.0 632.0 0
244.0 359.0 0
463.0 778.0 0
287.0 383.0 0
313.0 731.0 0
234.0 433.0 0
393.0 798.0 0
263.0 421.0 0
291.0 260.0 0
111.0 601.0 0
286.0 267.0 0
338.0 524.0 0
24.0 102.0 1
272.0 981.0 1
64.0 364.0 1
67.0 630.0 1
86.0 514.0 1
-63.0 592.0 1
87.0 837.0 1
449.0 215.0 1
338.0 206.0 1
372.0 543.0 1
177.0 920.0 1
48.0 902.0 1
725.0 87.0 1
123.0 323.0 1
722.0 588.0 1
286.0 393.0 1
349.0 984.0 1
225.0 703.0 1
40.0 162.0 1
493.0 283.0 1
289.0 806.0 1
352.0 769.0 1
424.0 797.0 1
61.0 100.0 1
503.0 450.0 1
418.0 946.0 1
242.0 266.0 1
40.0 409.0 1
667.0 323.0 1
732.0 915.0 1
607.0 743.0 1
598.0 954.0 1
-2.0 183.0 1
360.0 925.0 1
735.0 783.0 1
84.0 842.0 1
39.0 483.0 1
195.0 230.0 1
335.0 721.0 1
-62.0 575.0 1
664.0 852.0 1
73.0 202.0 1
677.0 906.0 1
205.0 916.0 1
730.0 949.0 1
437.0 138.0 1
142.0 640.0 1
193.0 869.0 1
26.0 452.0 1
379.0 838.0 1
1.0 333.0 1
135.0 657.0 1
636.0 626.0 1
674.0 935.0 1
714.0 200.0 1
576.0 616.0 1
-11.0 698.0 1
-15.0 702.0 1
171.0 910.0 1
656.0 101.0 1
235.0 755.0 1
400.0 926.0 1
77.0 138.0 1
53.0 652.0 1
-15.0 791.0 1
51.0 860.0 1
372.0 601.0 1
521.0 407.0 1
429.0 810.0 1
698.0 589.0 1
415.0 246.0 1
691.0 649.0 1
277.0 945.0 1
88.0 150.0 1
548.0 423.0 1
85.0 391.0 1
-25.0 240.0 1
627.0 321.0 1
68.0 401.0 1
325.0 908.0 1
260.0 629.0 1
720.0 923.0 1
624.0 746.0 1
89.0 220.0 1
101.0 489.0 1
610.0 875.0 1
730.0 503.0 1
-9.0 392.0 1
101.0 97.0 1
585.0 199.0 1
721.0 635.0 1
722.0 922.0 1
346.0 445.0 1
48.0 470.0 1
8.0 74.0 1
248.0 604.0 1
496.0 561.0 1
529.0 274.0 1
608.0 537.0 1
340.0 697.0 1
