527.0 363.0 0
234.0 433.0 0
463.0 778.0 0
556.0 379.0 0
359.0 484.0 0
487.0 276.0 0
316.0 366.0 0
422.0 495.0 0
386.0 409.0 0
322.0 567.0 0
604.0 679.0 0
318.0 627.0 0
140.0 617.0 0
252.0 459.0 0
492.0 846.0 0
145.0 499.0 0
125.0 408.0 0
393.0 798.0 0
348.0 667.0 0
386.0 836.0 0
310.0 677.0 1
139.0 632.0 1
-9.0 392.0 1
732.0 915.0 1
64.0 364.0 1
434.0 974.0 1
576.0 616.0 1
346.0 445.0 1
572.0 231.0 1
260.0 629.0 1
345.0 227.0 1
704.0 558.0 1
410.0 157.0 1
659.0 547.0 1
103.0 960.0 1
224.0 139.0 1
717.0 577.0 1
350.0 944.0 1
378.0 514.0 1
7.0 186.0 1
465.0 862.0 1
79.0 612.0 1
352.0 769.0 1
372.0 601.0 1
171.0 910.0 1
607.0 743.0 1
424.0 797.0 1
537.0 858.0 1
68.0 653.0 1
329.0 127.0 1
286.0 745.0 1
146.0 824.0 1
45.0 549.0 1
494.0 576.0 1
-9.0 805.0 1
534.0 442.0 1
696.0 879.0 1
642.0 304.0 1
559.0 981.0 1
714.0 200.0 1
101.0 97.0 1
52.0 827.0 1
62.0 570.0 1
608.0 537.0 1
691.0 649.0 1
51.0 860.0 1
444.0 223.0 1
701.0 685.0 1
709.0 480.0 1
610.0 218.0 1
123.0 323.0 1
327.0 84.0 1
656.0 101.0 1
11.0 592.0 1
629.0 968.0 1
96.0 260.0 1
334.0 922.0 1
61.0 100.0 1
77.0 310.0 1
48.0 470.0 1
82.0 740.0 1
318.0 258.0 1
310.0 864.0 1
563.0 873.0 1
614.0 836.0 1
-46.0 450.0 1
442.0 459.0 1
227.0 232.0 1
195.0 230.0 1
50.0 488.0 1
470.0 200.0 1
245.0 948.0 1
166.0 684.0 1
755.0 986.0 1
96.0 476.0 1
429.0 810.0 1
210.0 965.0 1
628.0 409.0 1
-16.0 158.0 1
739.0 96.0 1
670.0 869.0 1
667.0 323.0 1
-36.0 661.0 1
172.0 325.0 1
-2.0 183.0 1
430.0 85.0 1
58.0 349.0 1
75.0 726.0 1
-43.0 909.0 1
726.0 496.0 1
30.0 943.0 1
328.0 915.0 1
-59.0 289.0 1
121.0 867.0 1
692.0 334.0 1
-15.0 702.0 1
701.0 835.0 1
755.0 106.0 1
609.0 194.0 1
755.0 784.0 1
