441.0 358.0 0
263.0 421.0 0
476.0 702.0 0
543.0 469.0 0
298.0 485.0 0
588.0 652.0 0
286.0 645.0 0
194.0 614.0 0
286.0 267.0 0
456.0 825.0 0
339.0 671.0 1
148.0 608.0 1
14.0 399.0 1
710.0 912.0 1
451.0 982.0 1
545.0 644.0 1
286.0 393.0 1
541.0 220.0 1
373.0 249.0 1
737.0 540.0 1
437.0 138.0 1
667.0 532.0 1
100.0 931.0 1
239.0 135.0 1
326.0 986.0 1
378.0 554.0 1
47.0 172.0 1
329.0 783.0 1
205.0 916.0 1
570.0 748.0 1
67.0 630.0 1
323.0 156.0 1
233.0 755.0 1
2.0 550.0 1
-37.0 786.0 1
490.0 430.0 1
751.0 885.0 1
609.0 308.0 1
681.0 218.0 1
91.0 818.0 1
565.0 531.0 1
744.0 645.0 1
27.0 855.0 1
701.0 739.0 1
116.0 381.0 1
605.0 87.0 1
-17.0 604.0 1
650.0 959.0 1
110.0 212.0 1
154.0 96.0 1
465.0 862.0 1
47.0 442.0 1
293.0 879.0 1
242.0 266.0 1
512.0 174.0 1
138.0 700.0 1
671.0 395.0 1
-57.0 113.0 1
260.0 629.0 1
-51.0 933.0 1
