224.0 622.0 0
509.0 848.0 0
606.0 633.0 0
399.0 280.0 0
121.0 552.0 0
286.0 645.0 0
301.0 479.0 0
594.0 387.0 0
588.0 652.0 0
438.0 844.0 0
487.0 276.0 0
390.0 626.0 0
459.0 489.0 0
268.0 309.0 0
510.0 810.0 0
342.0 463.0 0
284.0 707.0 0
501.0 497.0 0
241.0 673.0 0
458.0 540.0 0
138.0 700.0 1
398.0 81.0 1
329.0 806.0 1
667.0 532.0 1
591.0 115.0 1
-37.0 588.0 1
255.0 657.0 1
-8.0 432.0 1
675.0 241.0 1
121.0 298.0 1
239.0 821.0 1
562.0 171.0 1
73.0 469.0 1
683.0 604.0 1
710.0 912.0 1
50.0 488.0 1
605.0 87.0 1
614.0 836.0 1
580.0 520.0 1
45.0 549.0 1
518.0 244.0 1
596.0 644.0 1
-16.0 158.0 1
93.0 725.0 1
182.0 623.0 1
286.0 745.0 1
568.0 907.0 1
509.0 814.0 1
160.0 589.0 1
194.0 638.0 1
519.0 553.0 1
149.0 629.0 1
5.0 151.0 1
470.0 200.0 1
475.0 526.0 1
627.0 954.0 1
659.0 547.0 1
610.0 218.0 1
2.0 561.0 1
48.0 860.0 1
-51.0 836.0 1
629.0 968.0 1
357.0 532.0 1
222.0 816.0 1
641.0 240.0 1
2.0 550.0 1
367.0 196.0 1
718.0 930.0 1
115.0 734.0 1
63.0 920.0 1
325.0 236.0 1
-59.0 289.0 1
429.0 552.0 1
144.0 668.0 1
-17.0 480.0 1
701.0 685.0 1
-43.0 909.0 1
633.0 538.0 1
565.0 531.0 1
143.0 946.0 1
62.0 570.0 1
131.0 657.0 1
4.0 947.0 1
52.0 827.0 1
318.0 258.0 1
679.0 527.0 1
444.0 223.0 1
618.0 412.0 1
-9.0 158.0 1
624.0 330.0 1
629.0 966.0 1
723.0 70.0 1
701.0 835.0 1
263.0 395.0 1
534.0 442.0 1
240.0 127.0 1
368.0 800.0 1
717.0 835.0 1
701.0 739.0 1
428.0 980.0 1
345.0 227.0 1
233.0 763.0 1
173.0 376.0 1
196.0 189.0 1
340.0 860.0 1
434.0 974.0 1
364.0 123.0 1
13.0 292.0 1
166.0 897.0 1
569.0 241.0 1
269.0 268.0 1
669.0 118.0 1
556.0 762.0 1
63.0 610.0 1
708.0 565.0 1
239.0 135.0 1
109.0 756.0 1
667.0 918.0 1
47.0 172.0 1
755.0 986.0 1
