527.0 363.0 0
234.0 433.0 0
463.0 778.0 0
556.0 379.0 0
342.0 463.0 0
604.0 679.0 0
318.0 627.0 0
175.0 563.0 0
268.0 309.0 0
509.0 848.0 0
310.0 677.0 1
139.0 632.0 1
-9.0 392.0 1
732.0 915.0 1
434.0 974.0 1
576.0 616.0 1
346.0 445.0 1
572.0 231.0 1
345.0 227.0 1
704.0 558.0 1
410.0 157.0 1
633.0 538.0 1
103.0 960.0 1
224.0 139.0 1
316.0 927.0 1
378.0 514.0 1
7.0 186.0 1
352.0 769.0 1
171.0 910.0 1
607.0 743.0 1
68.0 653.0 1
353.0 168.0 1
228.0 702.0 1
45.0 549.0 1
-9.0 805.0 1
534.0 442.0 1
757.0 940.0 1
642.0 304.0 1
714.0 200.0 1
52.0 827.0 1
496.0 561.0 1
691.0 649.0 1
45.0 881.0 1
735.0 783.0 1
64.0 364.0 1
656.0 101.0 1
-63.0 592.0 1
629.0 968.0 1
111.0 155.0 1
61.0 100.0 1
521.0 896.0 1
50.0 488.0 1
310.0 864.0 1
177.0 317.0 1
470.0 215.0 1
166.0 684.0 1
690.0 319.0 1
-2.0 199.0 1
237.0 609.0 1
127.0 981.0 1
