145.0 499.0 0
298.0 485.0 0
615.0 609.0 0
259.0 656.0 0
542.0 331.0 0
318.0 627.0 0
604.0 679.0 0
551.0 295.0 0
252.0 459.0 0
175.0 563.0 0
263.0 553.0 0
274.0 410.0 0
483.0 540.0 0
156.0 540.0 0
140.0 617.0 0
299.0 549.0 0
322.0 567.0 0
343.0 662.0 0
348.0 667.0 0
253.0 516.0 0
402.0 546.0 1
547.0 492.0 1
154.0 96.0 1
726.0 496.0 1
-51.0 933.0 1
171.0 689.0 1
165.0 960.0 1
347.0 796.0 1
182.0 992.0 1
158.0 953.0 1
486.0 513.0 1
224.0 139.0 1
302.0 888.0 1
668.0 453.0 1
483.0 115.0 1
757.0 940.0 1
18.0 407.0 1
430.0 194.0 1
76.0 75.0 1
559.0 981.0 1
68.0 653.0 1
306.0 139.0 1
33.0 587.0 1
757.0 971.0 1
259.0 211.0 1
90.0 612.0 1
150.0 914.0 1
221.0 974.0 1
257.0 359.0 1
177.0 317.0 1
101.0 481.0 1
389.0 836.0 1
-40.0 924.0 1
-49.0 483.0 1
227.0 232.0 1
755.0 784.0 1
619.0 166.0 1
373.0 249.0 1
351.0 532.0 1
760.0 590.0 1
521.0 896.0 1
103.0 960.0 1
293.0 879.0 1
93.0 498.0 1
511.0 784.0 1
512.0 207.0 1
67.0 303.0 1
138.0 822.0 1
44.0 278.0 1
263.0 910.0 1
82.0 740.0 1
760.0 660.0 1
687.0 269.0 1
685.0 712.0 1
7.0 186.0 1
174.0 213.0 1
350.0 944.0 1
652.0 489.0 1
91.0 818.0 1
264.0 173.0 1
146.0 225.0 1
327.0 84.0 1
643.0 301.0 1
567.0 212.0 1
139.0 632.0 1
472.0 95.0 1
465.0 979.0 1
39.0 549.0 1
191.0 682.0 1
-36.0 919.0 1
541.0 220.0 1
53.0 920.0 1
-44.0 751.0 1
245.0 948.0 1
602.0 94.0 1
642.0 304.0 1
47.0 442.0 1
298.0 588.0 1
-37.0 786.0 1
573.0 960.0 1
609.0 194.0 1
81.0 751.0 1
310.0 677.0 1
258.0 677.0 1
451.0 982.0 1
63.0 99.0 1
-57.0 113.0 1
126.0 537.0 1
701.0 972.0 1
-11.0 505.0 1
717.0 328.0 1
208.0 625.0 1
671.0 680.0 1
96.0 260.0 1
454.0 147.0 1
545.0 644.0 1
725.0 778.0 1
228.0 702.0 1
588.0 814.0 1
-36.0 661.0 1
