386.0 409.0 0
252.0 459.0 0
538.0 648.0 0
594.0 387.0 0
366.0 493.0 0
613.0 734.0 0
343.0 662.0 0
200.0 526.0 0
316.0 366.0 0
393.0 798.0 0
350.0 708.0 1
120.0 592.0 1
68.0 401.0 1
695.0 931.0 1
430.0 940.0 1
588.0 667.0 1
302.0 284.0 1
512.0 203.0 1
318.0 258.0 1
726.0 496.0 1
430.0 85.0 1
608.0 537.0 1
53.0 920.0 1
278.0 156.0 1
296.0 941.0 1
351.0 532.0 1
-2.0 183.0 1
368.0 800.0 1
166.0 897.0 1
618.0 738.0 1
40.0 623.0 1
338.0 206.0 1
222.0 816.0 1
18.0 519.0 1
52.0 769.0 1
442.0 459.0 1
730.0 949.0 1
643.0 302.0 1
641.0 240.0 1
146.0 824.0 1
632.0 604.0 1
760.0 590.0 1
-20.0 901.0 1
745.0 793.0 1
70.0 356.0 1
669.0 118.0 1
-62.0 575.0 1
598.0 954.0 1
96.0 260.0 1
34.0 107.0 1
426.0 809.0 1
59.0 500.0 1
358.0 904.0 1
45.0 255.0 1
449.0 215.0 1
131.0 657.0 1
717.0 130.0 1
-59.0 289.0 1
194.0 638.0 1
86.0 514.0 1
