613.0 734.0 0
415.0 294.0 0
224.0 622.0 0
298.0 485.0 0
366.0 493.0 0
422.0 495.0 0
373.0 563.0 0
509.0 848.0 0
347.0 386.0 0
399.0 280.0 0
286.0 645.0 0
556.0 379.0 0
301.0 479.0 0
514.0 233.0 0
125.0 408.0 0
594.0 387.0 0
435.0 629.0 0
604.0 679.0 0
476.0 702.0 0
538.0 648.0 0
551.0 295.0 0
461.0 661.0 0
360.0 523.0 0
510.0 810.0 0
342.0 463.0 0
284.0 707.0 0
287.0 383.0 0
541.0 646.0 0
263.0 553.0 0
501.0 497.0 0
393.0 798.0 0
241.0 673.0 0
483.0 540.0 0
156.0 540.0 0
291.0 260.0 0
200.0 526.0 0
343.0 662.0 0
348.0 667.0 0
316.0 366.0 0
502.0 350.0 0
349.0 339.0 0
455.0 526.0 0
349.0 757.0 0
180.0 407.0 0
538.0 808.0 0
545.0 736.0 0
586.0 535.0 1
30.0 943.0 1
430.0 940.0 1
426.0 809.0 1
24.0 102.0 1
272.0 981.0 1
198.0 223.0 1
154.0 96.0 1
726.0 496.0 1
329.0 806.0 1
121.0 867.0 1
667.0 532.0 1
549.0 800.0 1
329.0 127.0 1
-51.0 933.0 1
67.0 630.0 1
86.0 514.0 1
591.0 115.0 1
171.0 689.0 1
54.0 765.0 1
449.0 215.0 1
329.0 783.0 1
-8.0 432.0 1
675.0 241.0 1
486.0 513.0 1
750.0 862.0 1
725.0 87.0 1
121.0 298.0 1
-33.0 94.0 1
302.0 888.0 1
668.0 453.0 1
123.0 323.0 1
722.0 588.0 1
15.0 509.0 1
243.0 917.0 1
286.0 393.0 1
562.0 171.0 1
73.0 469.0 1
757.0 940.0 1
18.0 407.0 1
430.0 194.0 1
-9.0 805.0 1
76.0 75.0 1
68.0 653.0 1
306.0 139.0 1
683.0 604.0 1
710.0 912.0 1
623.0 687.0 1
33.0 587.0 1
681.0 218.0 1
259.0 211.0 1
90.0 612.0 1
614.0 836.0 1
150.0 914.0 1
257.0 359.0 1
700.0 380.0 1
101.0 481.0 1
40.0 162.0 1
50.0 638.0 1
493.0 283.0 1
596.0 644.0 1
-40.0 924.0 1
182.0 623.0 1
334.0 922.0 1
555.0 662.0 1
424.0 797.0 1
503.0 450.0 1
242.0 266.0 1
755.0 784.0 1
172.0 325.0 1
619.0 166.0 1
373.0 249.0 1
351.0 532.0 1
727.0 67.0 1
760.0 590.0 1
521.0 896.0 1
598.0 954.0 1
5.0 151.0 1
360.0 925.0 1
475.0 526.0 1
84.0 842.0 1
306.0 110.0 1
39.0 483.0 1
335.0 721.0 1
609.0 308.0 1
-62.0 575.0 1
293.0 879.0 1
93.0 498.0 1
664.0 852.0 1
751.0 885.0 1
677.0 906.0 1
511.0 784.0 1
48.0 860.0 1
205.0 916.0 1
-32.0 420.0 1
357.0 532.0 1
730.0 949.0 1
437.0 138.0 1
641.0 240.0 1
142.0 640.0 1
2.0 550.0 1
26.0 452.0 1
379.0 838.0 1
40.0 623.0 1
367.0 196.0 1
636.0 626.0 1
674.0 935.0 1
-32.0 620.0 1
429.0 552.0 1
82.0 740.0 1
466.0 921.0 1
233.0 755.0 1
-11.0 698.0 1
645.0 537.0 1
7.0 186.0 1
144.0 668.0 1
-15.0 702.0 1
442.0 459.0 1
350.0 944.0 1
171.0 910.0 1
656.0 101.0 1
235.0 755.0 1
400.0 926.0 1
652.0 489.0 1
701.0 685.0 1
470.0 215.0 1
68.0 438.0 1
-17.0 604.0 1
633.0 538.0 1
565.0 531.0 1
37.0 863.0 1
62.0 570.0 1
51.0 860.0 1
146.0 225.0 1
131.0 657.0 1
696.0 879.0 1
77.0 310.0 1
567.0 212.0 1
358.0 904.0 1
139.0 632.0 1
52.0 827.0 1
318.0 258.0 1
444.0 223.0 1
698.0 589.0 1
430.0 838.0 1
-9.0 158.0 1
277.0 945.0 1
624.0 330.0 1
472.0 95.0 1
132.0 347.0 1
629.0 966.0 1
723.0 70.0 1
548.0 423.0 1
85.0 391.0 1
627.0 321.0 1
-14.0 165.0 1
-36.0 919.0 1
53.0 920.0 1
701.0 835.0 1
534.0 442.0 1
-44.0 751.0 1
245.0 948.0 1
602.0 94.0 1
642.0 304.0 1
701.0 739.0 1
345.0 227.0 1
298.0 588.0 1
148.0 608.0 1
720.0 923.0 1
585.0 146.0 1
173.0 376.0 1
-37.0 786.0 1
670.0 869.0 1
624.0 746.0 1
89.0 220.0 1
340.0 860.0 1
609.0 194.0 1
81.0 751.0 1
45.0 881.0 1
434.0 974.0 1
310.0 677.0 1
101.0 489.0 1
451.0 982.0 1
737.0 540.0 1
106.0 755.0 1
730.0 503.0 1
444.0 170.0 1
-57.0 113.0 1
-4.0 132.0 1
101.0 97.0 1
166.0 897.0 1
120.0 592.0 1
722.0 922.0 1
6.0 352.0 1
669.0 118.0 1
556.0 762.0 1
610.0 364.0 1
63.0 610.0 1
208.0 625.0 1
671.0 680.0 1
717.0 577.0 1
195.0 593.0 1
48.0 470.0 1
624.0 926.0 1
454.0 147.0 1
755.0 986.0 1
496.0 561.0 1
529.0 274.0 1
59.0 500.0 1
608.0 537.0 1
340.0 697.0 1
-36.0 661.0 1
146.0 824.0 1
210.0 965.0 1
494.0 576.0 1
264.0 930.0 1
-46.0 450.0 1
744.0 645.0 1
111.0 155.0 1
733.0 878.0 1
302.0 719.0 1
396.0 129.0 1
143.0 386.0 1
75.0 726.0 1
389.0 164.0 1
632.0 604.0 1
105.0 726.0 1
503.0 255.0 1
490.0 430.0 1
733.0 106.0 1
755.0 106.0 1
310.0 864.0 1
100.0 931.0 1
-2.0 199.0 1
656.0 144.0 1
11.0 592.0 1
729.0 71.0 1
677.0 921.0 1
14.0 399.0 1
44.0 436.0 1
127.0 981.0 1
52.0 906.0 1
278.0 156.0 1
475.0 555.0 1
563.0 873.0 1
588.0 667.0 1
18.0 519.0 1
710.0 682.0 1
618.0 738.0 1
568.0 580.0 1
659.0 166.0 1
237.0 266.0 1
87.0 945.0 1
45.0 255.0 1
