415.0 294.0 0
229.0 437.0 0
545.0 736.0 0
483.0 540.0 0
342.0 463.0 0
514.0 233.0 0
268.0 309.0 0
373.0 563.0 0
399.0 280.0 0
299.0 549.0 0
541.0 646.0 0
284.0 707.0 0
175.0 563.0 0
180.0 407.0 0
510.0 810.0 0
200.0 526.0 0
343.0 662.0 0
613.0 734.0 0
373.0 751.0 0
615.0 609.0 0
310.0 657.0 1
142.0 640.0 1
40.0 409.0 1
718.0 930.0 1
70.0 356.0 1
445.0 954.0 1
548.0 702.0 1
173.0 376.0 1
512.0 207.0 1
228.0 702.0 1
325.0 236.0 1
708.0 565.0 1
396.0 129.0 1
645.0 537.0 1
63.0 920.0 1
192.0 129.0 1
760.0 590.0 1
316.0 927.0 1
357.0 532.0 1
73.0 202.0 1
400.0 926.0 1
126.0 537.0 1
335.0 739.0 1
195.0 593.0 1
150.0 914.0 1
624.0 746.0 1
379.0 838.0 1
588.0 814.0 1
40.0 623.0 1
353.0 168.0 1
225.0 703.0 1
193.0 869.0 1
-34.0 537.0 1
519.0 553.0 1
-51.0 836.0 1
548.0 423.0 1
757.0 940.0 1
624.0 330.0 1
598.0 954.0 1
687.0 269.0 1
89.0 220.0 1
138.0 822.0 1
182.0 623.0 1
568.0 580.0 1
710.0 682.0 1
45.0 881.0 1
449.0 215.0 1
725.0 778.0 1
633.0 538.0 1
641.0 240.0 1
160.0 350.0 1
398.0 81.0 1
585.0 146.0 1
-63.0 592.0 1
674.0 935.0 1
198.0 223.0 1
362.0 890.0 1
76.0 75.0 1
67.0 303.0 1
39.0 483.0 1
106.0 755.0 1
259.0 211.0 1
325.0 908.0 1
701.0 972.0 1
671.0 680.0 1
-8.0 432.0 1
350.0 708.0 1
251.0 209.0 1
234.0 73.0 1
86.0 514.0 1
470.0 215.0 1
296.0 941.0 1
135.0 657.0 1
695.0 931.0 1
73.0 469.0 1
340.0 860.0 1
182.0 992.0 1
618.0 412.0 1
24.0 102.0 1
669.0 118.0 1
634.0 889.0 1
665.0 270.0 1
-11.0 698.0 1
430.0 194.0 1
-2.0 199.0 1
472.0 95.0 1
1.0 333.0 1
93.0 725.0 1
-17.0 951.0 1
547.0 492.0 1
-20.0 901.0 1
194.0 638.0 1
-25.0 240.0 1
4.0 947.0 1
659.0 166.0 1
208.0 625.0 1
717.0 835.0 1
656.0 144.0 1
529.0 274.0 1
745.0 793.0 1
