606.0 633.0 0
487.0 276.0 0
476.0 702.0 0
543.0 469.0 0
234.0 433.0 0
274.0 410.0 0
322.0 567.0 0
373.0 751.0 0
286.0 267.0 0
538.0 808.0 0
667.0 532.0 1
255.0 657.0 1
87.0 837.0 1
63.0 195.0 1
668.0 453.0 1
239.0 821.0 1
710.0 912.0 1
40.0 162.0 1
334.0 922.0 1
160.0 589.0 1
755.0 784.0 1
149.0 629.0 1
5.0 151.0 1
360.0 925.0 1
306.0 110.0 1
512.0 207.0 1
629.0 968.0 1
690.0 319.0 1
357.0 532.0 1
142.0 640.0 1
193.0 869.0 1
367.0 196.0 1
-59.0 289.0 1
233.0 755.0 1
442.0 459.0 1
171.0 910.0 1
656.0 101.0 1
643.0 302.0 1
652.0 489.0 1
-17.0 604.0 1
264.0 173.0 1
160.0 350.0 1
624.0 330.0 1
345.0 227.0 1
624.0 746.0 1
81.0 751.0 1
45.0 881.0 1
106.0 755.0 1
101.0 97.0 1
120.0 592.0 1
6.0 352.0 1
-46.0 450.0 1
111.0 155.0 1
94.0 660.0 1
589.0 323.0 1
733.0 106.0 1
417.0 275.0 1
141.0 516.0 1
18.0 519.0 1
512.0 174.0 1
