415.0 294.0 0
229.0 437.0 0
545.0 736.0 0
483.0 540.0 0
299.0 549.0 0
615.0 609.0 0
284.0 707.0 0
111.0 601.0 0
268.0 325.0 0
386.0 836.0 0
310.0 657.0 1
142.0 640.0 1
40.0 409.0 1
718.0 930.0 1
445.0 954.0 1
548.0 702.0 1
173.0 376.0 1
512.0 207.0 1
325.0 236.0 1
708.0 565.0 1
396.0 129.0 1
652.0 489.0 1
63.0 920.0 1
192.0 129.0 1
334.0 922.0 1
357.0 532.0 1
73.0 202.0 1
347.0 748.0 1
210.0 965.0 1
624.0 746.0 1
79.0 612.0 1
306.0 110.0 1
225.0 703.0 1
-34.0 537.0 1
-51.0 836.0 1
548.0 423.0 1
717.0 835.0 1
624.0 330.0 1
687.0 269.0 1
138.0 822.0 1
494.0 576.0 1
710.0 682.0 1
48.0 902.0 1
755.0 784.0 1
123.0 323.0 1
585.0 146.0 1
33.0 587.0 1
674.0 935.0 1
174.0 213.0 1
76.0 75.0 1
429.0 810.0 1
73.0 469.0 1
362.0 890.0 1
172.0 325.0 1
503.0 255.0 1
135.0 657.0 1
717.0 328.0 1
-25.0 240.0 1
208.0 625.0 1
182.0 992.0 1
