-68.0 157.0 0
-118.0 -308.0 0
-342.0 -12.0 0
71.0 76.0 0
234.0 -237.0 0
-18.0 135.0 0
152.0 130.0 0
-32.0 -226.0 0
334.0 258.0 0
153.0 195.0 0
-40.0 162.0 0
-145.0 5.0 0
32.0 -29.0 0
-127.0 -31.0 0
-139.0 113.0 0
222.0 -141.0 0
175.0 87.0 0
-164.0 -253.0 0
-60.0 19.0 0
161.0 81.0 0
99.0 -348.0 1
-418.0 295.0 1
407.0 347.0 1
-291.0 263.0 1
107.0 -207.0 1
397.0 -323.0 1
203.0 366.0 1
-417.0 336.0 1
-371.0 371.0 1
271.0 1.0 1
-434.0 17.0 1
349.0 -177.0 1
109.0 -292.0 1
-134.0 -96.0 1
486.0 -394.0 1
-134.0 -119.0 1
-508.0 233.0 1
-501.0 -122.0 1
72.0 -226.0 1
475.0 42.0 1
-148.0 120.0 1
494.0 344.0 1
-176.0 193.0 1
-352.0 -35.0 1
-357.0 -240.0 1
175.0 41.0 1
233.0 294.0 1
453.0 187.0 1
86.0 -139.0 1
94.0 177.0 1
0.0 -362.0 1
471.0 -293.0 1
374.0 -203.0 1
502.0 9.0 1
0.0 178.0 1
-510.0 67.0 1
-424.0 -318.0 1
-386.0 175.0 1
-5.0 282.0 1
-76.0 -374.0 1
464.0 -43.0 1
200.0 193.0 1
208.0 -254.0 1
69.0 316.0 1
346.0 76.0 1
457.0 10.0 1
-405.0 -383.0 1
-175.0 -40.0 1
-13.0 -322.0 1
335.0 170.0 1
-481.0 373.0 1
410.0 -174.0 1
-533.0 -388.0 1
-356.0 393.0 1
273.0 -282.0 1
-39.0 350.0 1
405.0 -231.0 1
-426.0 -244.0 1
135.0 29.0 1
-402.0 72.0 1
411.0 46.0 1
302.0 -183.0 1
-230.0 136.0 1
245.0 111.0 1
518.0 297.0 1
-433.0 -107.0 1
-256.0 -182.0 1
-234.0 -363.0 1
-287.0 241.0 1
-484.0 18.0 1
360.0 67.0 1
303.0 -81.0 1
-186.0 -348.0 1
446.0 312.0 1
45.0 276.0 1
-159.0 324.0 1
297.0 -294.0 1
28.0 -139.0 1
-301.0 92.0 1
-140.0 -284.0 1
89.0 275.0 1
504.0 -387.0 1
-341.0 203.0 1
229.0 -40.0 1
-163.0 412.0 1
-393.0 -154.0 1
95.0 397.0 1
98.0 -364.0 1
-104.0 -121.0 1
-338.0 -334.0 1
-541.0 327.0 1
88.0 251.0 1
-115.0 71.0 1
-511.0 -43.0 1
305.0 -369.0 1
285.0 401.0 1
-410.0 90.0 1
324.0 -395.0 1
354.0 379.0 1
-319.0 -122.0 1
-567.0 -214.0 1
-302.0 153.0 1
28.0 139.0 1
-207.0 85.0 1
349.0 354.0 1
497.0 -145.0 1
-570.0 38.0 1
280.0 -266.0 1
453.0 395.0 1
-79.0 41.0 1
388.0 -36.0 1
532.0 294.0 1
-430.0 111.0 1
-320.0 -241.0 1
-507.0 -324.0 1
-224.0 -304.0 1
-168.0 -234.0 1
480.0 162.0 1
-115.0 379.0 1
-385.0 -405.0 1
486.0 -29.0 1
381.0 275.0 1
-17.0 370.0 1
87.0 347.0 1
316.0 235.0 1
-134.0 340.0 1
70.0 -252.0 1
-266.0 384.0 1
-249.0 -189.0 1
-543.0 207.0 1
-193.0 312.0 1
-8.0 3.0 1
-436.0 161.0 1
-382.0 -31.0 1
5.0 -169.0 1
-374.0 279.0 1
-228.0 -189.0 1
-340.0 143.0 1
-417.0 213.0 1
465.0 342.0 1
