-50.0 166.0 0
-112.0 -360.0 0
-199.0 -62.0 0
105.0 24.0 0
250.0 -157.0 0
-60.0 19.0 0
172.0 85.0 0
5.0 -63.0 0
234.0 249.0 0
-140.0 35.0 0
40.0 -292.0 1
-417.0 336.0 1
445.0 358.0 1
-295.0 372.0 1
174.0 -220.0 1
397.0 -310.0 1
137.0 401.0 1
291.0 -7.0 1
-404.0 36.0 1
353.0 -185.0 1
-124.0 -95.0 1
-161.0 -105.0 1
-417.0 213.0 1
-433.0 -107.0 1
76.0 -181.0 1
465.0 136.0 1
-115.0 71.0 1
476.0 358.0 1
-171.0 201.0 1
-362.0 -27.0 1
-397.0 -201.0 1
229.0 -40.0 1
196.0 254.0 1
396.0 196.0 1
81.0 239.0 1
-45.0 -382.0 1
434.0 -232.0 1
374.0 -200.0 1
455.0 33.0 1
6.0 242.0 1
-504.0 44.0 1
-384.0 -349.0 1
-378.0 198.0 1
2.0 385.0 1
476.0 -54.0 1
-476.0 -406.0 1
490.0 -408.0 1
-265.0 -112.0 1
-77.0 -348.0 1
369.0 224.0 1
90.0 367.0 1
-537.0 348.0 1
-353.0 358.0 1
208.0 -254.0 1
-115.0 379.0 1
497.0 -145.0 1
-522.0 -258.0 1
-8.0 3.0 1
-398.0 90.0 1
361.0 7.0 1
-302.0 153.0 1
338.0 71.0 1
474.0 272.0 1
-435.0 -41.0 1
-229.0 -357.0 1
-166.0 260.0 1
-511.0 -43.0 1
-185.0 -317.0 1
136.0 297.0 1
-191.0 397.0 1
212.0 -330.0 1
266.0 -320.0 1
285.0 401.0 1
-256.0 -182.0 1
-272.0 53.0 1
331.0 308.0 1
83.0 -158.0 1
-207.0 -241.0 1
-547.0 198.0 1
-567.0 -214.0 1
