175.0 87.0 0
117.0 116.0 0
-95.0 170.0 0
117.0 -7.0 0
153.0 195.0 0
-164.0 -253.0 0
-109.0 -306.0 0
-89.0 -295.0 0
148.0 -127.0 0
-60.0 19.0 0
89.0 -228.0 1
-164.0 270.0 1
-82.0 73.0 1
89.0 323.0 1
191.0 341.0 1
241.0 313.0 1
524.0 102.0 1
504.0 -365.0 1
22.0 96.0 1
43.0 338.0 1
-345.0 189.0 1
-121.0 404.0 1
-280.0 -387.0 1
-557.0 360.0 1
-422.0 333.0 1
528.0 394.0 1
-185.0 155.0 1
-140.0 -284.0 1
-142.0 -151.0 1
362.0 321.0 1
40.0 -292.0 1
-542.0 352.0 1
187.0 -70.0 1
464.0 -43.0 1
209.0 379.0 1
343.0 -324.0 1
488.0 -412.0 1
-21.0 195.0 1
26.0 -247.0 1
457.0 26.0 1
512.0 235.0 1
-169.0 71.0 1
-452.0 -69.0 1
-306.0 113.0 1
365.0 86.0 1
-397.0 -201.0 1
-208.0 -63.0 1
-546.0 339.0 1
-481.0 373.0 1
374.0 -203.0 1
247.0 -94.0 1
-173.0 -406.0 1
-60.0 -329.0 1
478.0 351.0 1
-224.0 -304.0 1
-370.0 -215.0 1
-470.0 -212.0 1
301.0 122.0 1
410.0 -366.0 1
-207.0 85.0 1
-225.0 57.0 1
-144.0 -156.0 1
-165.0 -131.0 1
370.0 -387.0 1
-234.0 -363.0 1
440.0 345.0 1
497.0 -145.0 1
-401.0 -147.0 1
510.0 103.0 1
-338.0 -334.0 1
13.0 -249.0 1
526.0 -377.0 1
445.0 358.0 1
20.0 276.0 1
-510.0 67.0 1
449.0 53.0 1
-126.0 -233.0 1
397.0 -323.0 1
-168.0 -234.0 1
-390.0 -231.0 1
