-95.0 170.0 0
-128.0 -330.0 0
-327.0 19.0 0
27.0 76.0 0
303.0 -208.0 0
-35.0 11.0 0
116.0 136.0 0
-28.0 -146.0 0
251.0 183.0 0
223.0 96.0 0
-50.0 166.0 0
-186.0 82.0 0
98.0 -53.0 0
-51.0 -19.0 0
-140.0 35.0 0
112.0 -92.0 0
172.0 85.0 0
-127.0 -196.0 0
-73.0 -144.0 0
168.0 114.0 0
89.0 -299.0 1
-437.0 298.0 1
440.0 345.0 1
-264.0 328.0 1
99.0 -193.0 1
361.0 -358.0 1
191.0 341.0 1
-389.0 294.0 1
-353.0 358.0 1
299.0 5.0 1
-427.0 18.0 1
341.0 -104.0 1
114.0 -280.0 1
-116.0 -81.0 1
504.0 -375.0 1
-165.0 -131.0 1
-398.0 245.0 1
-478.0 -158.0 1
79.0 -230.0 1
472.0 45.0 1
-141.0 131.0 1
482.0 351.0 1
-174.0 202.0 1
-331.0 -131.0 1
-390.0 -231.0 1
149.0 23.0 1
241.0 313.0 1
412.0 135.0 1
125.0 -154.0 1
102.0 160.0 1
89.0 -396.0 1
495.0 -263.0 1
375.0 -203.0 1
449.0 53.0 1
23.0 212.0 1
-537.0 117.0 1
-393.0 -285.0 1
-345.0 189.0 1
-31.0 295.0 1
-54.0 -332.0 1
470.0 -92.0 1
180.0 208.0 1
223.0 -246.0 1
28.0 294.0 1
328.0 7.0 1
465.0 -11.0 1
-403.0 -383.0 1
-250.0 -85.0 1
-60.0 -329.0 1
348.0 141.0 1
-516.0 331.0 1
434.0 -232.0 1
-478.0 -306.0 1
-332.0 348.0 1
199.0 -287.0 1
-90.0 367.0 1
504.0 -261.0 1
-486.0 -181.0 1
87.0 121.0 1
-361.0 116.0 1
420.0 -4.0 1
355.0 -107.0 1
-267.0 106.0 1
244.0 103.0 1
478.0 351.0 1
-395.0 -81.0 1
-214.0 -135.0 1
-351.0 -385.0 1
-191.0 243.0 1
-435.0 -41.0 1
312.0 -9.0 1
361.0 7.0 1
-173.0 -406.0 1
498.0 226.0 1
6.0 242.0 1
-175.0 209.0 1
343.0 -324.0 1
8.0 -122.0 1
-297.0 99.0 1
-149.0 -286.0 1
89.0 323.0 1
526.0 -377.0 1
-414.0 210.0 1
150.0 -2.0 1
-132.0 357.0 1
-408.0 -151.0 1
86.0 403.0 1
199.0 -316.0 1
-188.0 -169.0 1
-367.0 -276.0 1
-557.0 360.0 1
88.0 323.0 1
-102.0 48.0 1
-534.0 6.0 1
266.0 -320.0 1
263.0 403.0 1
-407.0 -25.0 1
320.0 -388.0 1
356.0 390.0 1
-320.0 -202.0 1
-532.0 -97.0 1
-306.0 161.0 1
1.0 138.0 1
-225.0 57.0 1
362.0 321.0 1
475.0 -179.0 1
-492.0 -87.0 1
275.0 -257.0 1
476.0 358.0 1
-171.0 201.0 1
423.0 -1.0 1
508.0 166.0 1
-432.0 155.0 1
-379.0 -73.0 1
-510.0 -331.0 1
-222.0 -302.0 1
-188.0 -206.0 1
492.0 183.0 1
-115.0 371.0 1
-498.0 -86.0 1
428.0 66.0 1
445.0 358.0 1
2.0 385.0 1
302.0 254.0 1
396.0 196.0 1
-191.0 397.0 1
13.0 -249.0 1
-275.0 378.0 1
-229.0 -357.0 1
-533.0 330.0 1
-227.0 303.0 1
-126.0 -233.0 1
-436.0 182.0 1
-362.0 -27.0 1
218.0 -102.0 1
-302.0 261.0 1
-294.0 -127.0 1
-542.0 401.0 1
-340.0 -283.0 1
-100.0 165.0 1
