-186.0 82.0 0
-139.0 113.0 0
-72.0 223.0 0
27.0 76.0 0
-118.0 -308.0 0
-147.0 264.0 0
-128.0 -350.0 0
-87.0 -39.0 0
-35.0 11.0 0
-22.0 265.0 0
410.0 -174.0 1
-504.0 44.0 1
109.0 -193.0 1
203.0 366.0 1
292.0 -273.0 1
-361.0 -238.0 1
-436.0 182.0 1
-297.0 -283.0 1
465.0 -11.0 1
2.0 385.0 1
508.0 166.0 1
175.0 41.0 1
492.0 183.0 1
-370.0 274.0 1
112.0 208.0 1
518.0 297.0 1
486.0 -394.0 1
109.0 -292.0 1
496.0 311.0 1
-442.0 51.0 1
-18.0 406.0 1
-286.0 343.0 1
-446.0 -117.0 1
73.0 372.0 1
35.0 -326.0 1
211.0 328.0 1
327.0 190.0 1
-480.0 -337.0 1
-264.0 138.0 1
99.0 -193.0 1
520.0 317.0 1
-484.0 18.0 1
-320.0 -202.0 1
-302.0 261.0 1
89.0 -396.0 1
-257.0 340.0 1
-511.0 -43.0 1
-384.0 -349.0 1
-311.0 114.0 1
-331.0 -131.0 1
146.0 -387.0 1
-507.0 -324.0 1
245.0 111.0 1
6.0 242.0 1
-24.0 -270.0 1
8.0 -122.0 1
95.0 397.0 1
149.0 23.0 1
107.0 -320.0 1
297.0 -294.0 1
412.0 135.0 1
-291.0 263.0 1
417.0 163.0 1
-217.0 258.0 1
188.0 385.0 1
263.0 69.0 1
-13.0 -322.0 1
-510.0 -331.0 1
330.0 -278.0 1
474.0 -356.0 1
-173.0 -359.0 1
392.0 -343.0 1
280.0 -266.0 1
-418.0 295.0 1
-139.0 89.0 1
178.0 28.0 1
517.0 -413.0 1
-163.0 412.0 1
136.0 22.0 1
-386.0 -352.0 1
