-54.0 159.0 0
-99.0 -384.0 0
-299.0 79.0 0
32.0 -29.0 0
222.0 -141.0 0
116.0 136.0 0
175.0 87.0 0
-73.0 -144.0 0
223.0 96.0 0
-186.0 82.0 0
71.0 -391.0 1
-441.0 297.0 1
411.0 304.0 1
-302.0 261.0 1
125.0 -154.0 1
370.0 -387.0 1
211.0 328.0 1
327.0 54.0 1
-402.0 72.0 1
364.0 -175.0 1
-105.0 -52.0 1
-104.0 -121.0 1
-436.0 182.0 1
-492.0 -87.0 1
70.0 -252.0 1
439.0 107.0 1
-169.0 71.0 1
478.0 351.0 1
-175.0 209.0 1
-379.0 -73.0 1
-367.0 -276.0 1
165.0 -14.0 1
198.0 227.0 1
428.0 66.0 1
88.0 251.0 1
-13.0 -322.0 1
504.0 -261.0 1
330.0 -278.0 1
457.0 26.0 1
1.0 138.0 1
-534.0 6.0 1
-386.0 -352.0 1
-332.0 183.0 1
20.0 276.0 1
408.0 -67.0 1
-480.0 -337.0 1
526.0 -377.0 1
-191.0 44.0 1
-140.0 -284.0 1
366.0 258.0 1
88.0 323.0 1
-542.0 401.0 1
-254.0 389.0 1
199.0 -287.0 1
-132.0 357.0 1
497.0 -139.0 1
-490.0 -309.0 1
11.0 63.0 1
-410.0 90.0 1
360.0 67.0 1
-243.0 84.0 1
346.0 76.0 1
498.0 226.0 1
-407.0 -25.0 1
-297.0 -283.0 1
-164.0 270.0 1
-554.0 -41.0 1
-183.0 -264.0 1
159.0 273.0 1
-205.0 389.0 1
109.0 -292.0 1
320.0 -388.0 1
356.0 390.0 1
-320.0 -241.0 1
-207.0 85.0 1
385.0 384.0 1
-48.0 -48.0 1
-220.0 -236.0 1
-446.0 369.0 1
-340.0 -283.0 1
