71.0 76.0 0
175.0 87.0 0
334.0 152.0 0
50.0 17.0 0
60.0 60.0 0
-40.0 162.0 0
-109.0 267.0 0
-54.0 159.0 0
314.0 193.0 0
-327.0 19.0 0
-32.0 -226.0 0
153.0 195.0 0
-28.0 -146.0 0
8.0 -255.0 0
-70.0 -273.0 0
-89.0 -295.0 0
148.0 -127.0 0
-299.0 79.0 0
19.0 -203.0 0
303.0 -208.0 0
494.0 362.0 1
89.0 -228.0 1
-542.0 401.0 1
-398.0 245.0 1
477.0 -71.0 1
-82.0 73.0 1
103.0 202.0 1
-123.0 391.0 1
-288.0 153.0 1
206.0 320.0 1
-138.0 -63.0 1
-267.0 106.0 1
5.0 -169.0 1
373.0 107.0 1
-179.0 -75.0 1
-173.0 371.0 1
30.0 274.0 1
330.0 376.0 1
-176.0 193.0 1
292.0 -273.0 1
-165.0 -98.0 1
-432.0 155.0 1
338.0 71.0 1
98.0 -364.0 1
-441.0 297.0 1
504.0 -365.0 1
465.0 -11.0 1
369.0 224.0 1
-345.0 189.0 1
-543.0 207.0 1
-446.0 369.0 1
246.0 -32.0 1
248.0 242.0 1
-557.0 360.0 1
-398.0 90.0 1
305.0 -369.0 1
-414.0 210.0 1
-145.0 114.0 1
40.0 152.0 1
-498.0 -86.0 1
518.0 297.0 1
-322.0 -183.0 1
-166.0 260.0 1
-161.0 346.0 1
528.0 367.0 1
109.0 -292.0 1
-501.0 246.0 1
-77.0 -348.0 1
428.0 66.0 1
348.0 141.0 1
427.0 -277.0 1
528.0 394.0 1
-286.0 343.0 1
312.0 102.0 1
34.0 274.0 1
-14.0 214.0 1
-554.0 -41.0 1
275.0 337.0 1
-294.0 -127.0 1
68.0 347.0 1
187.0 -70.0 1
35.0 -326.0 1
526.0 228.0 1
360.0 67.0 1
-256.0 -182.0 1
343.0 -324.0 1
533.0 54.0 1
-21.0 195.0 1
504.0 -387.0 1
498.0 226.0 1
26.0 -247.0 1
-348.0 384.0 1
-374.0 279.0 1
512.0 235.0 1
420.0 337.0 1
-532.0 -97.0 1
491.0 375.0 1
-189.0 256.0 1
99.0 -348.0 1
-484.0 18.0 1
417.0 362.0 1
-320.0 -202.0 1
89.0 -396.0 1
-491.0 -294.0 1
-428.0 -224.0 1
-134.0 340.0 1
471.0 -293.0 1
-208.0 -63.0 1
91.0 -243.0 1
393.0 -382.0 1
388.0 -36.0 1
-365.0 258.0 1
453.0 138.0 1
490.0 -408.0 1
-469.0 -116.0 1
-6.0 334.0 1
-272.0 -159.0 1
439.0 107.0 1
356.0 390.0 1
-434.0 17.0 1
-417.0 336.0 1
247.0 -94.0 1
-507.0 -324.0 1
-537.0 348.0 1
-416.0 348.0 1
72.0 -226.0 1
-340.0 -283.0 1
474.0 272.0 1
-24.0 -270.0 1
-87.0 52.0 1
8.0 -122.0 1
-175.0 209.0 1
329.0 -299.0 1
118.0 404.0 1
502.0 9.0 1
-344.0 201.0 1
-403.0 -383.0 1
107.0 -320.0 1
-470.0 -212.0 1
465.0 136.0 1
-368.0 64.0 1
462.0 32.0 1
475.0 42.0 1
-357.0 -240.0 1
-225.0 57.0 1
-166.0 -351.0 1
349.0 354.0 1
-407.0 -25.0 1
316.0 235.0 1
411.0 46.0 1
290.0 -369.0 1
-486.0 -181.0 1
-238.0 -389.0 1
271.0 147.0 1
312.0 -9.0 1
223.0 -246.0 1
-2.0 404.0 1
346.0 76.0 1
-499.0 -50.0 1
-191.0 243.0 1
