-72.0 223.0 0
-89.0 -295.0 0
-305.0 -74.0 0
52.0 55.0 0
258.0 -213.0 0
-18.0 135.0 0
133.0 114.0 0
19.0 -203.0 0
314.0 193.0 0
-96.0 -18.0 0
62.0 -332.0 1
-426.0 314.0 1
420.0 349.0 1
-293.0 313.0 1
144.0 -196.0 1
410.0 -366.0 1
188.0 385.0 1
275.0 45.0 1
-442.0 51.0 1
331.0 -147.0 1
-138.0 -63.0 1
-144.0 -156.0 1
-460.0 245.0 1
-469.0 -116.0 1
57.0 -212.0 1
479.0 94.0 1
-139.0 89.0 1
491.0 375.0 1
-181.0 154.0 1
-332.0 -61.0 1
-370.0 -215.0 1
208.0 21.0 1
248.0 242.0 1
431.0 163.0 1
112.0 208.0 1
25.0 -408.0 1
461.0 -254.0 1
372.0 -258.0 1
533.0 54.0 1
-21.0 195.0 1
-531.0 81.0 1
-397.0 -317.0 1
-363.0 174.0 1
-2.0 322.0 1
447.0 -71.0 1
-442.0 -377.0 1
496.0 -377.0 1
-208.0 -63.0 1
-33.0 -288.0 1
350.0 193.0 1
68.0 347.0 1
-512.0 377.0 1
-317.0 403.0 1
238.0 -276.0 1
-63.0 355.0 1
408.0 -183.0 1
-454.0 -230.0 1
88.0 20.0 1
-368.0 64.0 1
396.0 16.0 1
-258.0 143.0 1
271.0 147.0 1
496.0 311.0 1
-424.0 -77.0 1
-280.0 -387.0 1
-239.0 221.0 1
-466.0 -17.0 1
-173.0 -359.0 1
30.0 274.0 1
-158.0 374.0 1
160.0 -369.0 1
297.0 -342.0 1
315.0 380.0 1
-310.0 -162.0 1
-306.0 113.0 1
526.0 228.0 1
28.0 -139.0 1
-79.0 41.0 1
-541.0 327.0 1
-565.0 -371.0 1
