172.0 85.0 0
-186.0 82.0 0
251.0 183.0 0
-50.0 166.0 0
-79.0 259.0 0
-37.0 105.0 0
-139.0 113.0 0
-72.0 223.0 0
223.0 96.0 0
-305.0 -74.0 0
-367.0 12.0 0
-327.0 0.0 0
-222.0 7.0 0
-342.0 -12.0 0
334.0 258.0 0
-128.0 -350.0 0
239.0 -209.0 0
92.0 -54.0 0
222.0 -141.0 0
57.0 -51.0 0
-356.0 393.0 1
-320.0 -241.0 1
-430.0 111.0 1
-563.0 275.0 1
397.0 -310.0 1
-533.0 330.0 1
356.0 62.0 1
-188.0 -206.0 1
-379.0 -73.0 1
-115.0 71.0 1
109.0 -193.0 1
381.0 275.0 1
-265.0 -112.0 1
191.0 341.0 1
-499.0 368.0 1
365.0 -248.0 1
-45.0 -382.0 1
-214.0 -135.0 1
524.0 102.0 1
-222.0 -302.0 1
-397.0 -317.0 1
-454.0 -230.0 1
22.0 96.0 1
231.0 235.0 1
-419.0 -345.0 1
-293.0 313.0 1
299.0 5.0 1
392.0 -112.0 1
107.0 -207.0 1
-280.0 -387.0 1
-324.0 302.0 1
407.0 2.0 1
-573.0 56.0 1
114.0 -280.0 1
-22.0 238.0 1
-243.0 413.0 1
-33.0 -288.0 1
-249.0 349.0 1
-422.0 333.0 1
165.0 -14.0 1
486.0 -394.0 1
160.0 -369.0 1
266.0 -320.0 1
-228.0 -189.0 1
496.0 311.0 1
-420.0 -36.0 1
-442.0 51.0 1
324.0 -395.0 1
-18.0 406.0 1
-140.0 -284.0 1
-249.0 -189.0 1
-427.0 18.0 1
28.0 -139.0 1
-433.0 -328.0 1
208.0 -254.0 1
413.0 -120.0 1
40.0 -292.0 1
-542.0 352.0 1
-243.0 84.0 1
196.0 254.0 1
-102.0 48.0 1
-405.0 -383.0 1
-162.0 -234.0 1
302.0 -183.0 1
0.0 178.0 1
-287.0 89.0 1
315.0 380.0 1
-480.0 -337.0 1
143.0 -294.0 1
-175.0 -40.0 1
-264.0 138.0 1
396.0 16.0 1
-389.0 -291.0 1
420.0 -4.0 1
-175.0 41.0 1
357.0 391.0 1
-452.0 -69.0 1
1.0 138.0 1
-434.0 83.0 1
-302.0 261.0 1
88.0 20.0 1
-534.0 6.0 1
-174.0 202.0 1
-502.0 151.0 1
431.0 163.0 1
-478.0 -306.0 1
-511.0 -43.0 1
-384.0 -349.0 1
-416.0 110.0 1
143.0 -280.0 1
-132.0 -317.0 1
271.0 1.0 1
-404.0 36.0 1
-311.0 114.0 1
-301.0 92.0 1
-417.0 266.0 1
-428.0 -82.0 1
423.0 -1.0 1
341.0 -104.0 1
137.0 401.0 1
-310.0 -162.0 1
-555.0 11.0 1
-60.0 -329.0 1
-134.0 -119.0 1
144.0 -196.0 1
-424.0 -77.0 1
-288.0 70.0 1
-190.0 142.0 1
-367.0 -276.0 1
149.0 23.0 1
492.0 -23.0 1
-264.0 328.0 1
479.0 94.0 1
342.0 186.0 1
453.0 395.0 1
331.0 -147.0 1
475.0 -179.0 1
-476.0 -406.0 1
121.0 -341.0 1
302.0 254.0 1
-417.0 213.0 1
-371.0 371.0 1
-46.0 344.0 1
-291.0 263.0 1
464.0 -225.0 1
-287.0 241.0 1
459.0 -258.0 1
-217.0 258.0 1
159.0 273.0 1
-100.0 165.0 1
-144.0 -156.0 1
-191.0 44.0 1
94.0 177.0 1
188.0 385.0 1
330.0 -183.0 1
-193.0 312.0 1
270.0 -29.0 1
192.0 220.0 1
263.0 69.0 1
303.0 -81.0 1
