-72.0 223.0 0
-89.0 -295.0 0
-305.0 -74.0 0
52.0 55.0 0
258.0 -213.0 0
-17.0 87.0 0
133.0 114.0 0
19.0 -203.0 0
314.0 193.0 0
234.0 249.0 0
-22.0 265.0 0
-222.0 7.0 0
57.0 -51.0 0
-96.0 -18.0 0
-299.0 79.0 0
171.0 -116.0 0
218.0 -59.0 0
-128.0 -350.0 0
-150.0 144.0 0
5.0 -63.0 0
62.0 -332.0 1
-426.0 314.0 1
420.0 349.0 1
-293.0 313.0 1
144.0 -196.0 1
410.0 -366.0 1
188.0 385.0 1
-441.0 297.0 1
-416.0 348.0 1
275.0 45.0 1
-442.0 51.0 1
331.0 -147.0 1
143.0 -294.0 1
-138.0 -63.0 1
474.0 -356.0 1
-144.0 -156.0 1
-460.0 245.0 1
-469.0 -116.0 1
57.0 -212.0 1
479.0 94.0 1
-139.0 89.0 1
491.0 375.0 1
-181.0 154.0 1
-332.0 -61.0 1
-370.0 -215.0 1
208.0 21.0 1
248.0 242.0 1
431.0 163.0 1
76.0 -164.0 1
112.0 208.0 1
25.0 -408.0 1
461.0 -254.0 1
372.0 -258.0 1
533.0 54.0 1
-21.0 195.0 1
-531.0 81.0 1
-397.0 -317.0 1
-363.0 174.0 1
-2.0 322.0 1
-48.0 -397.0 1
447.0 -71.0 1
196.0 254.0 1
174.0 -220.0 1
43.0 338.0 1
327.0 54.0 1
455.0 33.0 1
-442.0 -377.0 1
-208.0 -63.0 1
-33.0 -288.0 1
350.0 193.0 1
-512.0 377.0 1
438.0 -187.0 1
-476.0 -406.0 1
-317.0 403.0 1
238.0 -276.0 1
-63.0 355.0 1
427.0 -277.0 1
-454.0 -230.0 1
88.0 20.0 1
-368.0 64.0 1
396.0 16.0 1
353.0 -185.0 1
-258.0 143.0 1
271.0 147.0 1
496.0 311.0 1
-424.0 -77.0 1
-254.0 -136.0 1
-280.0 -387.0 1
-239.0 221.0 1
-466.0 -17.0 1
312.0 102.0 1
291.0 -7.0 1
-173.0 -359.0 1
474.0 272.0 1
30.0 274.0 1
-164.0 270.0 1
330.0 -278.0 1
53.0 -92.0 1
-288.0 70.0 1
-77.0 -348.0 1
136.0 297.0 1
517.0 -413.0 1
-378.0 198.0 1
178.0 -40.0 1
-158.0 374.0 1
-395.0 -114.0 1
118.0 404.0 1
160.0 -369.0 1
-161.0 -105.0 1
-369.0 -338.0 1
-542.0 352.0 1
81.0 239.0 1
-90.0 99.0 1
-554.0 -41.0 1
297.0 -342.0 1
275.0 337.0 1
-404.0 36.0 1
483.0 -410.0 1
315.0 380.0 1
-310.0 -162.0 1
-526.0 -187.0 1
-306.0 113.0 1
22.0 96.0 1
-243.0 84.0 1
357.0 391.0 1
470.0 -118.0 1
-484.0 28.0 1
212.0 -330.0 1
528.0 394.0 1
-191.0 44.0 1
392.0 -112.0 1
526.0 228.0 1
-396.0 110.0 1
-397.0 -201.0 1
-491.0 -294.0 1
-226.0 -267.0 1
-207.0 -241.0 1
453.0 138.0 1
-121.0 404.0 1
-565.0 -371.0 1
520.0 -142.0 1
411.0 304.0 1
-50.0 407.0 1
211.0 328.0 1
366.0 258.0 1
90.0 367.0 1
44.0 -283.0 1
-257.0 340.0 1
-254.0 -282.0 1
-563.0 275.0 1
-212.0 345.0 1
-105.0 -52.0 1
-509.0 154.0 1
-452.0 -69.0 1
108.0 -272.0 1
-359.0 245.0 1
-162.0 -234.0 1
-243.0 413.0 1
-571.0 40.0 1
272.0 -116.0 1
