133.0 114.0 0
-87.0 -39.0 0
115.0 100.0 0
-99.0 -384.0 0
270.0 190.0 0
-17.0 87.0 0
-150.0 144.0 0
-30.0 111.0 0
-199.0 -62.0 0
-96.0 -18.0 0
-60.0 19.0 0
-51.0 -19.0 0
-373.0 13.0 0
-35.0 11.0 0
218.0 -59.0 0
-73.0 -144.0 0
-128.0 -330.0 0
-230.0 67.0 0
-22.0 265.0 0
212.0 -154.0 0
159.0 -309.0 1
-207.0 -241.0 1
-188.0 -169.0 1
178.0 -40.0 1
-234.0 -363.0 1
-340.0 143.0 1
432.0 177.0 1
-570.0 38.0 1
-159.0 324.0 1
486.0 288.0 1
-272.0 222.0 1
74.0 233.0 1
532.0 294.0 1
-90.0 99.0 1
49.0 -94.0 1
440.0 345.0 1
366.0 394.0 1
497.0 -145.0 1
-130.0 -69.0 1
516.0 -280.0 1
-389.0 294.0 1
229.0 -40.0 1
396.0 196.0 1
-254.0 389.0 1
135.0 29.0 1
-401.0 -147.0 1
101.0 186.0 1
-550.0 -70.0 1
510.0 103.0 1
-338.0 -334.0 1
-538.0 52.0 1
200.0 193.0 1
504.0 217.0 1
-275.0 378.0 1
-13.0 -322.0 1
-186.0 -348.0 1
-409.0 -161.0 1
408.0 -67.0 1
481.0 52.0 1
-104.0 -121.0 1
-389.0 -53.0 1
89.0 -299.0 1
-385.0 -405.0 1
-396.0 110.0 1
465.0 342.0 1
-351.0 -42.0 1
-510.0 -331.0 1
-363.0 174.0 1
-39.0 350.0 1
43.0 -357.0 1
81.0 239.0 1
-226.0 97.0 1
-90.0 367.0 1
76.0 -164.0 1
13.0 -249.0 1
-346.0 175.0 1
53.0 -92.0 1
-226.0 -267.0 1
354.0 379.0 1
-393.0 -154.0 1
496.0 -377.0 1
526.0 -377.0 1
-571.0 40.0 1
330.0 -278.0 1
403.0 288.0 1
-105.0 -52.0 1
445.0 358.0 1
198.0 227.0 1
474.0 -356.0 1
20.0 276.0 1
-402.0 349.0 1
-353.0 358.0 1
-173.0 -359.0 1
392.0 -343.0 1
-376.0 188.0 1
-254.0 -282.0 1
-510.0 67.0 1
-437.0 298.0 1
-508.0 233.0 1
280.0 -266.0 1
-48.0 -48.0 1
420.0 349.0 1
-418.0 295.0 1
11.0 63.0 1
108.0 -272.0 1
449.0 53.0 1
-317.0 403.0 1
355.0 -107.0 1
-115.0 371.0 1
-63.0 355.0 1
-230.0 136.0 1
504.0 391.0 1
238.0 -276.0 1
452.0 273.0 1
-395.0 -114.0 1
-165.0 -358.0 1
-50.0 338.0 1
-158.0 374.0 1
-139.0 89.0 1
320.0 -388.0 1
378.0 -286.0 1
350.0 193.0 1
-31.0 295.0 1
-378.0 198.0 1
331.0 308.0 1
424.0 -53.0 1
405.0 -231.0 1
136.0 297.0 1
-126.0 -233.0 1
-326.0 56.0 1
482.0 351.0 1
-462.0 -9.0 1
-402.0 72.0 1
397.0 -323.0 1
-423.0 -52.0 1
-168.0 -234.0 1
-54.0 -332.0 1
-154.0 66.0 1
-424.0 -318.0 1
486.0 222.0 1
178.0 28.0 1
328.0 7.0 1
-537.0 117.0 1
-426.0 -244.0 1
-332.0 348.0 1
517.0 -413.0 1
-393.0 -285.0 1
-285.0 -162.0 1
504.0 -375.0 1
-163.0 412.0 1
79.0 -230.0 1
-410.0 90.0 1
476.0 -54.0 1
461.0 -254.0 1
212.0 -330.0 1
45.0 276.0 1
136.0 22.0 1
-386.0 -352.0 1
-390.0 -231.0 1
470.0 -118.0 1
