-45.0 202.0 0
-70.0 -273.0 0
-327.0 0.0 0
50.0 17.0 0
239.0 -209.0 0
-37.0 105.0 0
115.0 100.0 0
8.0 -255.0 0
334.0 152.0 0
154.0 195.0 0
-109.0 267.0 0
-199.0 -62.0 0
92.0 -54.0 0
-86.0 21.0 0
-373.0 13.0 0
212.0 -154.0 0
117.0 -7.0 0
-99.0 -384.0 0
-54.0 159.0 0
-78.0 -189.0 0
43.0 -357.0 1
-422.0 295.0 1
417.0 362.0 1
-324.0 302.0 1
109.0 -193.0 1
392.0 -343.0 1
164.0 390.0 1
-417.0 266.0 1
-446.0 369.0 1
285.0 77.0 1
-472.0 55.0 1
330.0 -197.0 1
159.0 -309.0 1
-123.0 -62.0 1
496.0 -377.0 1
-159.0 -152.0 1
-510.0 236.0 1
-446.0 -117.0 1
60.0 -207.0 1
510.0 103.0 1
-154.0 66.0 1
504.0 391.0 1
-190.0 142.0 1
-358.0 -47.0 1
-384.0 -195.0 1
218.0 -18.0 1
254.0 305.0 1
417.0 163.0 1
76.0 -181.0 1
101.0 186.0 1
71.0 -391.0 1
464.0 -225.0 1
378.0 -286.0 1
532.0 116.0 1
-22.0 238.0 1
-538.0 52.0 1
-389.0 -291.0 1
-376.0 188.0 1
-3.0 353.0 1
-46.0 -358.0 1
424.0 -53.0 1
192.0 220.0 1
221.0 -228.0 1
68.0 347.0 1
356.0 62.0 1
462.0 32.0 1
-440.0 -397.0 1
-182.0 -81.0 1
4.0 -297.0 1
327.0 190.0 1
-501.0 358.0 1
408.0 -183.0 1
-493.0 -354.0 1
-295.0 372.0 1
222.0 -267.0 1
-50.0 338.0 1
397.0 -310.0 1
-428.0 -224.0 1
122.0 -2.0 1
-381.0 73.0 1
377.0 6.0 1
374.0 -200.0 1
-239.0 132.0 1
301.0 122.0 1
520.0 317.0 1
-423.0 -52.0 1
-272.0 -159.0 1
-257.0 -341.0 1
-217.0 258.0 1
-503.0 -21.0 1
365.0 86.0 1
246.0 -32.0 1
-166.0 -351.0 1
486.0 222.0 1
20.0 276.0 1
-189.0 256.0 1
292.0 -273.0 1
46.0 -128.0 1
-272.0 53.0 1
-132.0 -317.0 1
159.0 273.0 1
490.0 -408.0 1
-344.0 201.0 1
165.0 -14.0 1
-161.0 346.0 1
-401.0 -147.0 1
109.0 379.0 1
121.0 -341.0 1
-124.0 -95.0 1
-386.0 -352.0 1
-546.0 339.0 1
74.0 233.0 1
-87.0 52.0 1
-555.0 11.0 1
290.0 -369.0 1
281.0 385.0 1
-398.0 90.0 1
516.0 -280.0 1
317.0 407.0 1
-322.0 -183.0 1
-522.0 -258.0 1
-293.0 124.0 1
11.0 63.0 1
-226.0 97.0 1
385.0 384.0 1
497.0 -139.0 1
-499.0 -50.0 1
107.0 -320.0 1
528.0 367.0 1
-169.0 71.0 1
408.0 -67.0 1
504.0 217.0 1
-420.0 97.0 1
-325.0 -206.0 1
-500.0 -331.0 1
-220.0 -236.0 1
-183.0 -264.0 1
439.0 107.0 1
-123.0 391.0 1
-419.0 -345.0 1
492.0 -23.0 1
422.0 283.0 1
-2.0 404.0 1
331.0 308.0 1
336.0 274.0 1
40.0 152.0 1
26.0 -247.0 1
-254.0 389.0 1
-291.0 -271.0 1
-538.0 229.0 1
-205.0 389.0 1
-48.0 -48.0 1
-547.0 198.0 1
-389.0 -53.0 1
89.0 -228.0 1
-370.0 274.0 1
-185.0 -317.0 1
-332.0 183.0 1
-326.0 56.0 1
229.0 -77.0 1
