-109.0 267.0 0
-128.0 -350.0 0
-367.0 12.0 0
57.0 -51.0 0
212.0 -154.0 0
-139.0 113.0 0
153.0 195.0 0
61.0 -63.0 0
117.0 -7.0 0
-230.0 67.0 0
107.0 -320.0 1
-416.0 348.0 1
465.0 342.0 1
-257.0 340.0 1
143.0 -280.0 1
474.0 -356.0 1
206.0 320.0 1
270.0 -29.0 1
-420.0 97.0 1
355.0 -107.0 1
-134.0 -119.0 1
-174.0 -214.0 1
-414.0 210.0 1
-498.0 -86.0 1
76.0 -164.0 1
524.0 102.0 1
-90.0 99.0 1
528.0 367.0 1
-230.0 136.0 1
-319.0 -122.0 1
-325.0 -206.0 1
136.0 22.0 1
302.0 254.0 1
492.0 183.0 1
74.0 233.0 1
4.0 -297.0 1
475.0 -179.0 1
329.0 -299.0 1
492.0 -23.0 1
-5.0 282.0 1
-573.0 56.0 1
-419.0 -345.0 1
-344.0 201.0 1
43.0 338.0 1
452.0 -133.0 1
-493.0 -354.0 1
488.0 -412.0 1
-254.0 -136.0 1
-149.0 -286.0 1
316.0 235.0 1
89.0 323.0 1
-542.0 352.0 1
-371.0 371.0 1
280.0 -266.0 1
-134.0 340.0 1
388.0 -36.0 1
-409.0 -161.0 1
53.0 -92.0 1
-396.0 110.0 1
356.0 62.0 1
-306.0 161.0 1
275.0 337.0 1
452.0 273.0 1
-395.0 -114.0 1
-338.0 -334.0 1
-193.0 312.0 1
-555.0 11.0 1
-222.0 -302.0 1
-2.0 404.0 1
-121.0 404.0 1
114.0 -280.0 1
324.0 -395.0 1
357.0 391.0 1
-249.0 -189.0 1
-359.0 245.0 1
516.0 -280.0 1
-58.0 -49.0 1
-221.0 -273.0 1
-402.0 349.0 1
-389.0 294.0 1
