161.0 81.0 0
-18.0 135.0 0
234.0 -237.0 0
-140.0 35.0 0
334.0 258.0 0
-70.0 -273.0 0
-112.0 -360.0 0
154.0 195.0 0
239.0 -209.0 0
303.0 -208.0 0
-398.0 245.0 1
122.0 -2.0 1
520.0 -142.0 1
-122.0 410.0 1
25.0 -408.0 1
-188.0 -206.0 1
381.0 275.0 1
-176.0 193.0 1
-432.0 155.0 1
-214.0 -135.0 1
-419.0 -345.0 1
218.0 -102.0 1
-516.0 331.0 1
47.0 -399.0 1
246.0 -32.0 1
-221.0 -273.0 1
-324.0 302.0 1
-46.0 -358.0 1
-398.0 90.0 1
76.0 -181.0 1
-573.0 56.0 1
251.0 -270.0 1
-403.0 -298.0 1
160.0 -369.0 1
-77.0 -348.0 1
348.0 141.0 1
427.0 -277.0 1
275.0 337.0 1
526.0 228.0 1
360.0 67.0 1
315.0 380.0 1
420.0 337.0 1
438.0 -187.0 1
-332.0 183.0 1
-134.0 340.0 1
-541.0 327.0 1
490.0 -408.0 1
-132.0 -317.0 1
474.0 272.0 1
-175.0 209.0 1
-426.0 314.0 1
83.0 -158.0 1
268.0 307.0 1
-565.0 -371.0 1
385.0 384.0 1
275.0 45.0 1
453.0 395.0 1
331.0 -147.0 1
-358.0 -47.0 1
475.0 -179.0 1
-357.0 -240.0 1
525.0 408.0 1
221.0 -228.0 1
302.0 254.0 1
455.0 33.0 1
290.0 -369.0 1
312.0 -9.0 1
-191.0 44.0 1
346.0 76.0 1
-499.0 -50.0 1
-115.0 379.0 1
-188.0 -169.0 1
432.0 177.0 1
-272.0 222.0 1
408.0 -67.0 1
-346.0 175.0 1
53.0 -92.0 1
-393.0 -154.0 1
-462.0 -9.0 1
328.0 7.0 1
