172.0 85.0 0
52.0 55.0 0
-27.0 180.0 0
-109.0 267.0 0
314.0 193.0 0
223.0 96.0 0
105.0 24.0 0
-342.0 -12.0 0
-127.0 -196.0 0
-96.0 -18.0 0
-356.0 393.0 1
-430.0 111.0 1
-510.0 236.0 1
5.0 -169.0 1
373.0 107.0 1
-332.0 -61.0 1
30.0 274.0 1
-45.0 -382.0 1
-222.0 -302.0 1
369.0 224.0 1
107.0 -207.0 1
-33.0 -288.0 1
-533.0 -388.0 1
-166.0 260.0 1
428.0 66.0 1
324.0 -395.0 1
28.0 -139.0 1
196.0 254.0 1
180.0 208.0 1
533.0 54.0 1
498.0 226.0 1
150.0 -2.0 1
-422.0 295.0 1
199.0 -287.0 1
-227.0 303.0 1
-434.0 83.0 1
-534.0 6.0 1
434.0 -232.0 1
377.0 6.0 1
91.0 -243.0 1
-509.0 154.0 1
393.0 -382.0 1
375.0 -203.0 1
271.0 1.0 1
-384.0 -195.0 1
-500.0 -331.0 1
349.0 -177.0 1
-310.0 -162.0 1
-369.0 -338.0 1
144.0 -196.0 1
297.0 -342.0 1
-367.0 -276.0 1
329.0 -299.0 1
-368.0 64.0 1
462.0 32.0 1
-100.0 165.0 1
-401.0 -12.0 1
411.0 46.0 1
94.0 177.0 1
192.0 220.0 1
178.0 -40.0 1
366.0 394.0 1
-389.0 294.0 1
-186.0 -348.0 1
89.0 -299.0 1
-351.0 -42.0 1
-39.0 350.0 1
76.0 -164.0 1
403.0 288.0 1
198.0 227.0 1
-402.0 349.0 1
-353.0 358.0 1
-508.0 233.0 1
-395.0 -114.0 1
-50.0 338.0 1
331.0 308.0 1
-154.0 66.0 1
-424.0 -318.0 1
461.0 -254.0 1
212.0 -330.0 1
