172.0 85.0 0
175.0 87.0 0
52.0 55.0 0
334.0 152.0 0
50.0 17.0 0
60.0 60.0 0
-45.0 202.0 0
-27.0 180.0 0
-50.0 166.0 0
-68.0 157.0 0
-40.0 162.0 0
-139.0 113.0 0
-72.0 223.0 0
234.0 -237.0 0
-95.0 170.0 0
-54.0 159.0 0
27.0 76.0 0
-325.0 -28.0 0
-86.0 21.0 0
223.0 96.0 0
-305.0 -74.0 0
-367.0 12.0 0
105.0 24.0 0
-145.0 5.0 0
-222.0 7.0 0
334.0 258.0 0
-32.0 -226.0 0
-128.0 -350.0 0
-28.0 -146.0 0
-164.0 -253.0 0
-109.0 -306.0 0
-112.0 -360.0 0
8.0 -250.0 0
239.0 -209.0 0
32.0 -29.0 0
250.0 -157.0 0
92.0 -54.0 0
98.0 -53.0 0
19.0 -203.0 0
171.0 -116.0 0
57.0 -51.0 0
-87.0 -39.0 0
115.0 100.0 0
-99.0 -384.0 0
270.0 190.0 0
-17.0 87.0 0
-150.0 144.0 0
-30.0 111.0 0
-60.0 19.0 0
-373.0 13.0 0
-35.0 11.0 0
218.0 -59.0 0
-73.0 -144.0 0
-230.0 67.0 0
-22.0 265.0 0
494.0 362.0 1
-226.0 75.0 1
164.0 390.0 1
-356.0 393.0 1
-542.0 401.0 1
-164.0 270.0 1
-398.0 245.0 1
477.0 -71.0 1
-430.0 111.0 1
-563.0 275.0 1
-82.0 73.0 1
218.0 -18.0 1
410.0 -174.0 1
-288.0 153.0 1
-492.0 -87.0 1
206.0 320.0 1
-138.0 -63.0 1
422.0 283.0 1
60.0 -207.0 1
397.0 -310.0 1
-382.0 -31.0 1
-533.0 330.0 1
5.0 -169.0 1
-122.0 410.0 1
-517.0 83.0 1
356.0 62.0 1
25.0 -408.0 1
-332.0 -61.0 1
89.0 323.0 1
-379.0 -73.0 1
-179.0 -75.0 1
-5.0 282.0 1
-239.0 132.0 1
30.0 274.0 1
-176.0 193.0 1
-265.0 -112.0 1
-361.0 -238.0 1
-132.0 -325.0 1
-499.0 368.0 1
338.0 71.0 1
-58.0 -49.0 1
-436.0 182.0 1
222.0 -267.0 1
98.0 -364.0 1
241.0 313.0 1
-214.0 -135.0 1
-395.0 184.0 1
524.0 102.0 1
-222.0 -302.0 1
-454.0 -230.0 1
361.0 -358.0 1
504.0 -365.0 1
-306.0 161.0 1
88.0 323.0 1
-134.0 -96.0 1
369.0 224.0 1
-345.0 189.0 1
-159.0 -152.0 1
-543.0 207.0 1
-198.0 -237.0 1
-205.0 389.0 1
175.0 41.0 1
109.0 379.0 1
-516.0 331.0 1
-132.0 357.0 1
199.0 -290.0 1
246.0 -32.0 1
107.0 -207.0 1
364.0 -175.0 1
486.0 -29.0 1
-324.0 302.0 1
248.0 242.0 1
-557.0 360.0 1
-398.0 90.0 1
305.0 -369.0 1
76.0 -181.0 1
102.0 160.0 1
-573.0 56.0 1
114.0 -280.0 1
112.0 208.0 1
-22.0 238.0 1
-33.0 -288.0 1
-422.0 333.0 1
-325.0 -206.0 1
-533.0 -388.0 1
-403.0 -298.0 1
-322.0 -183.0 1
-257.0 -341.0 1
86.0 -139.0 1
-466.0 -17.0 1
-166.0 260.0 1
-161.0 346.0 1
-228.0 -189.0 1
109.0 -292.0 1
-501.0 246.0 1
263.0 403.0 1
-77.0 -348.0 1
496.0 311.0 1
428.0 66.0 1
-442.0 51.0 1
324.0 -395.0 1
427.0 -277.0 1
528.0 394.0 1
233.0 294.0 1
-140.0 -284.0 1
336.0 274.0 1
-191.0 397.0 1
291.0 -7.0 1
-427.0 18.0 1
441.0 -174.0 1
208.0 -254.0 1
413.0 -120.0 1
174.0 -220.0 1
312.0 102.0 1
40.0 -292.0 1
-542.0 352.0 1
-243.0 84.0 1
-14.0 214.0 1
-554.0 -41.0 1
257.0 118.0 1
-294.0 -127.0 1
196.0 254.0 1
68.0 347.0 1
-102.0 48.0 1
-386.0 175.0 1
464.0 -43.0 1
73.0 372.0 1
-450.0 291.0 1
-183.0 -264.0 1
-162.0 -234.0 1
-433.0 -107.0 1
208.0 21.0 1
343.0 -324.0 1
302.0 -183.0 1
0.0 178.0 1
488.0 -412.0 1
533.0 54.0 1
327.0 190.0 1
-21.0 195.0 1
-3.0 353.0 1
-175.0 -40.0 1
-264.0 138.0 1
99.0 -193.0 1
150.0 -2.0 1
-374.0 279.0 1
-435.0 -41.0 1
457.0 26.0 1
396.0 16.0 1
23.0 212.0 1
520.0 317.0 1
199.0 -287.0 1
-116.0 -81.0 1
438.0 -187.0 1
-8.0 3.0 1
491.0 375.0 1
-189.0 256.0 1
99.0 -348.0 1
372.0 -258.0 1
-227.0 303.0 1
-452.0 -69.0 1
504.0 -261.0 1
-434.0 83.0 1
4.0 -297.0 1
-332.0 183.0 1
-306.0 113.0 1
365.0 86.0 1
-512.0 377.0 1
-442.0 -377.0 1
88.0 20.0 1
-491.0 -294.0 1
-428.0 -224.0 1
-472.0 55.0 1
137.0 350.0 1
-534.0 6.0 1
532.0 116.0 1
434.0 -232.0 1
-174.0 202.0 1
-502.0 151.0 1
431.0 163.0 1
285.0 401.0 1
-478.0 -306.0 1
-541.0 327.0 1
-511.0 -43.0 1
-171.0 201.0 1
49.0 354.0 1
375.0 -203.0 1
-384.0 -349.0 1
388.0 -36.0 1
-365.0 258.0 1
-416.0 110.0 1
143.0 -280.0 1
490.0 -408.0 1
-132.0 -317.0 1
-295.0 372.0 1
57.0 -212.0 1
-404.0 36.0 1
-291.0 -271.0 1
-384.0 -195.0 1
-481.0 373.0 1
-469.0 -116.0 1
-301.0 92.0 1
-417.0 266.0 1
-161.0 -105.0 1
439.0 107.0 1
-229.0 -357.0 1
-500.0 -331.0 1
349.0 -177.0 1
356.0 390.0 1
-369.0 -338.0 1
457.0 10.0 1
-434.0 17.0 1
-373.0 -123.0 1
-522.0 -258.0 1
-507.0 -324.0 1
-173.0 -406.0 1
-416.0 348.0 1
245.0 111.0 1
229.0 -77.0 1
144.0 -196.0 1
-547.0 198.0 1
6.0 242.0 1
374.0 -200.0 1
474.0 272.0 1
-24.0 -270.0 1
62.0 -332.0 1
-424.0 -77.0 1
-87.0 52.0 1
-288.0 70.0 1
8.0 -122.0 1
-190.0 142.0 1
-175.0 209.0 1
297.0 -342.0 1
-254.0 -136.0 1
-538.0 229.0 1
-370.0 -215.0 1
281.0 385.0 1
57.0 -216.0 1
-426.0 314.0 1
0.0 -362.0 1
83.0 -158.0 1
149.0 23.0 1
492.0 -23.0 1
107.0 -320.0 1
-493.0 -354.0 1
385.0 384.0 1
-264.0 328.0 1
479.0 94.0 1
275.0 -257.0 1
410.0 -366.0 1
331.0 -147.0 1
-503.0 -21.0 1
199.0 -316.0 1
-207.0 85.0 1
412.0 135.0 1
-225.0 57.0 1
28.0 139.0 1
121.0 -341.0 1
525.0 408.0 1
221.0 -228.0 1
-181.0 154.0 1
-371.0 371.0 1
-46.0 344.0 1
-291.0 263.0 1
464.0 -225.0 1
459.0 -258.0 1
-436.0 161.0 1
470.0 -92.0 1
159.0 273.0 1
-100.0 165.0 1
-401.0 -12.0 1
411.0 46.0 1
272.0 -116.0 1
254.0 305.0 1
-486.0 -181.0 1
480.0 162.0 1
370.0 -387.0 1
317.0 -341.0 1
-239.0 221.0 1
-440.0 -397.0 1
-193.0 312.0 1
270.0 -29.0 1
159.0 -309.0 1
-207.0 -241.0 1
432.0 177.0 1
-570.0 38.0 1
-159.0 324.0 1
-272.0 222.0 1
74.0 233.0 1
-90.0 99.0 1
440.0 345.0 1
497.0 -145.0 1
516.0 -280.0 1
-389.0 294.0 1
229.0 -40.0 1
396.0 196.0 1
-254.0 389.0 1
135.0 29.0 1
-550.0 -70.0 1
-338.0 -334.0 1
-538.0 52.0 1
-13.0 -322.0 1
-389.0 -53.0 1
89.0 -299.0 1
-385.0 -405.0 1
465.0 342.0 1
-363.0 174.0 1
-39.0 350.0 1
43.0 -357.0 1
-90.0 367.0 1
53.0 -92.0 1
-393.0 -154.0 1
526.0 -377.0 1
-571.0 40.0 1
445.0 358.0 1
198.0 227.0 1
474.0 -356.0 1
20.0 276.0 1
-402.0 349.0 1
-376.0 188.0 1
-254.0 -282.0 1
-510.0 67.0 1
280.0 -266.0 1
108.0 -272.0 1
449.0 53.0 1
-63.0 355.0 1
-230.0 136.0 1
238.0 -276.0 1
-139.0 89.0 1
320.0 -388.0 1
378.0 -286.0 1
-31.0 295.0 1
-126.0 -233.0 1
-402.0 72.0 1
-423.0 -52.0 1
-54.0 -332.0 1
-424.0 -318.0 1
-426.0 -244.0 1
504.0 -375.0 1
-163.0 412.0 1
79.0 -230.0 1
476.0 -54.0 1
461.0 -254.0 1
212.0 -330.0 1
-386.0 -352.0 1
470.0 -118.0 1
