168.0 114.0 0
117.0 116.0 0
116.0 136.0 0
158.0 192.0 0
-45.0 202.0 0
-18.0 135.0 0
-68.0 157.0 0
234.0 -237.0 0
27.0 76.0 0
117.0 -7.0 0
-325.0 -28.0 0
-86.0 21.0 0
105.0 24.0 0
-127.0 -196.0 0
-118.0 -308.0 0
234.0 249.0 0
-147.0 264.0 0
-109.0 -306.0 0
-112.0 -360.0 0
258.0 -213.0 0
-164.0 270.0 1
495.0 -263.0 1
-510.0 236.0 1
-492.0 -87.0 1
-148.0 120.0 1
335.0 170.0 1
60.0 -207.0 1
-122.0 410.0 1
-332.0 -61.0 1
-504.0 44.0 1
89.0 323.0 1
-239.0 132.0 1
-361.0 -238.0 1
-359.0 245.0 1
361.0 -358.0 1
-306.0 161.0 1
317.0 407.0 1
88.0 323.0 1
38.0 72.0 1
2.0 385.0 1
69.0 316.0 1
43.0 338.0 1
508.0 166.0 1
87.0 347.0 1
-198.0 -237.0 1
218.0 -102.0 1
175.0 41.0 1
-526.0 -187.0 1
-516.0 331.0 1
-302.0 153.0 1
492.0 183.0 1
47.0 -399.0 1
83.0 249.0 1
-221.0 -273.0 1
486.0 -29.0 1
-46.0 -358.0 1
76.0 -181.0 1
-258.0 143.0 1
-266.0 384.0 1
112.0 208.0 1
418.0 -257.0 1
251.0 -270.0 1
-533.0 -388.0 1
-466.0 -17.0 1
-462.0 -108.0 1
233.0 294.0 1
-366.0 73.0 1
336.0 274.0 1
-191.0 397.0 1
291.0 -7.0 1
-361.0 116.0 1
-420.0 97.0 1
441.0 -174.0 1
362.0 321.0 1
257.0 118.0 1
-386.0 175.0 1
-433.0 -107.0 1
208.0 21.0 1
327.0 190.0 1
-490.0 -309.0 1
-3.0 353.0 1
99.0 -193.0 1
150.0 -2.0 1
23.0 212.0 1
-422.0 295.0 1
199.0 -287.0 1
-212.0 345.0 1
-169.0 71.0 1
438.0 -187.0 1
-8.0 3.0 1
365.0 86.0 1
-250.0 -85.0 1
-442.0 -377.0 1
-567.0 -214.0 1
-472.0 55.0 1
285.0 77.0 1
137.0 350.0 1
532.0 116.0 1
434.0 -232.0 1
-541.0 327.0 1
-257.0 340.0 1
-171.0 201.0 1
375.0 -203.0 1
-546.0 339.0 1
361.0 7.0 1
-295.0 372.0 1
57.0 -212.0 1
-48.0 -397.0 1
446.0 312.0 1
374.0 -203.0 1
-381.0 73.0 1
-161.0 -105.0 1
-331.0 -131.0 1
327.0 54.0 1
-229.0 -357.0 1
89.0 275.0 1
-500.0 -331.0 1
146.0 -387.0 1
483.0 -410.0 1
-373.0 -123.0 1
353.0 -185.0 1
-173.0 -406.0 1
6.0 242.0 1
453.0 187.0 1
62.0 -332.0 1
297.0 -342.0 1
-254.0 -136.0 1
-538.0 229.0 1
411.0 304.0 1
281.0 385.0 1
57.0 -216.0 1
0.0 -362.0 1
-352.0 -35.0 1
-50.0 407.0 1
83.0 -158.0 1
-149.0 -286.0 1
268.0 307.0 1
-501.0 -122.0 1
-493.0 -354.0 1
275.0 -257.0 1
199.0 -316.0 1
-207.0 85.0 1
412.0 135.0 1
-341.0 203.0 1
407.0 347.0 1
525.0 408.0 1
244.0 103.0 1
221.0 -228.0 1
-181.0 154.0 1
-401.0 -12.0 1
-220.0 -236.0 1
-174.0 -214.0 1
-165.0 -131.0 1
366.0 258.0 1
-217.0 389.0 1
-123.0 -62.0 1
28.0 294.0 1
-460.0 245.0 1
-124.0 -95.0 1
-239.0 221.0 1
