-45.0 202.0 0
-70.0 -273.0 0
-327.0 0.0 0
50.0 17.0 0
239.0 -209.0 0
-37.0 105.0 0
152.0 130.0 0
8.0 -255.0 0
334.0 152.0 0
-86.0 21.0 0
43.0 -357.0 1
-422.0 295.0 1
417.0 362.0 1
-324.0 302.0 1
109.0 -193.0 1
392.0 -343.0 1
164.0 390.0 1
285.0 77.0 1
-472.0 55.0 1
330.0 -197.0 1
-123.0 -62.0 1
-159.0 -152.0 1
-510.0 236.0 1
-446.0 -117.0 1
60.0 -207.0 1
510.0 103.0 1
-154.0 66.0 1
504.0 391.0 1
-190.0 142.0 1
-358.0 -47.0 1
-384.0 -195.0 1
218.0 -18.0 1
254.0 305.0 1
417.0 163.0 1
101.0 186.0 1
0.0 -362.0 1
464.0 -225.0 1
378.0 -286.0 1
502.0 9.0 1
-22.0 238.0 1
-538.0 52.0 1
-389.0 -291.0 1
-376.0 188.0 1
-3.0 353.0 1
424.0 -53.0 1
-440.0 -397.0 1
504.0 -387.0 1
-175.0 -40.0 1
-54.0 -332.0 1
327.0 190.0 1
73.0 372.0 1
-501.0 358.0 1
-356.0 393.0 1
222.0 -267.0 1
-90.0 367.0 1
441.0 -174.0 1
-426.0 -244.0 1
135.0 29.0 1
-381.0 73.0 1
411.0 46.0 1
-267.0 106.0 1
245.0 111.0 1
520.0 317.0 1
-423.0 -52.0 1
-257.0 -341.0 1
-217.0 258.0 1
-503.0 -21.0 1
-166.0 -351.0 1
45.0 276.0 1
-161.0 346.0 1
159.0 -309.0 1
290.0 -369.0 1
317.0 407.0 1
-322.0 -183.0 1
-297.0 99.0 1
403.0 288.0 1
8.0 -122.0 1
-188.0 -206.0 1
-557.0 273.0 1
-510.0 -331.0 1
