152.0 130.0 0
52.0 55.0 0
161.0 81.0 0
-27.0 180.0 0
-95.0 170.0 0
-140.0 35.0 0
-127.0 -31.0 0
-145.0 5.0 0
-78.0 -189.0 0
5.0 -63.0 0
-164.0 -253.0 0
8.0 -250.0 0
154.0 195.0 0
61.0 -63.0 0
32.0 -29.0 0
250.0 -157.0 0
275.0 -214.0 0
98.0 -53.0 0
112.0 -92.0 0
171.0 -116.0 0
-226.0 75.0 1
164.0 390.0 1
447.0 -71.0 1
218.0 -18.0 1
410.0 -174.0 1
122.0 -2.0 1
422.0 283.0 1
520.0 -142.0 1
-382.0 -31.0 1
-517.0 83.0 1
25.0 -408.0 1
-319.0 -122.0 1
-408.0 -151.0 1
-5.0 282.0 1
203.0 366.0 1
-132.0 -325.0 1
-58.0 -49.0 1
-436.0 182.0 1
222.0 -267.0 1
241.0 313.0 1
-297.0 -283.0 1
-395.0 184.0 1
-501.0 358.0 1
497.0 -139.0 1
-134.0 -96.0 1
-159.0 -152.0 1
44.0 -283.0 1
-205.0 389.0 1
109.0 379.0 1
-132.0 357.0 1
90.0 367.0 1
199.0 -290.0 1
-455.0 -381.0 1
-121.0 404.0 1
364.0 -175.0 1
-2.0 322.0 1
102.0 160.0 1
-370.0 274.0 1
-325.0 -206.0 1
-403.0 -298.0 1
-257.0 -341.0 1
86.0 -139.0 1
263.0 403.0 1
-185.0 155.0 1
-142.0 -151.0 1
452.0 -133.0 1
174.0 -220.0 1
180.0 208.0 1
-446.0 -117.0 1
-272.0 53.0 1
464.0 -43.0 1
73.0 372.0 1
209.0 379.0 1
-450.0 291.0 1
-183.0 -264.0 1
408.0 -183.0 1
494.0 344.0 1
488.0 -412.0 1
211.0 328.0 1
187.0 -244.0 1
-182.0 -81.0 1
-76.0 -374.0 1
-435.0 -41.0 1
457.0 26.0 1
330.0 -197.0 1
-362.0 -27.0 1
520.0 317.0 1
-484.0 28.0 1
-116.0 -81.0 1
-557.0 273.0 1
372.0 -258.0 1
-297.0 99.0 1
-227.0 303.0 1
504.0 -261.0 1
4.0 -297.0 1
476.0 358.0 1
-485.0 -175.0 1
-332.0 183.0 1
-306.0 113.0 1
-397.0 -201.0 1
-512.0 377.0 1
-531.0 81.0 1
125.0 -154.0 1
377.0 6.0 1
285.0 401.0 1
-293.0 124.0 1
-509.0 154.0 1
-17.0 370.0 1
49.0 354.0 1
-79.0 41.0 1
-395.0 -81.0 1
46.0 -128.0 1
-291.0 -271.0 1
-384.0 -195.0 1
-481.0 373.0 1
273.0 -282.0 1
88.0 251.0 1
70.0 -252.0 1
349.0 -177.0 1
-369.0 -338.0 1
457.0 10.0 1
-522.0 -258.0 1
87.0 121.0 1
245.0 111.0 1
229.0 -77.0 1
-547.0 198.0 1
374.0 -200.0 1
86.0 403.0 1
478.0 351.0 1
-224.0 -304.0 1
-370.0 -215.0 1
-426.0 314.0 1
95.0 397.0 1
-141.0 131.0 1
-565.0 -371.0 1
385.0 384.0 1
-351.0 -385.0 1
297.0 -294.0 1
301.0 122.0 1
-478.0 -158.0 1
275.0 45.0 1
410.0 -366.0 1
-503.0 -21.0 1
-358.0 -47.0 1
28.0 139.0 1
417.0 163.0 1
-436.0 161.0 1
470.0 -92.0 1
71.0 -391.0 1
-185.0 -317.0 1
455.0 33.0 1
272.0 -116.0 1
254.0 305.0 1
480.0 162.0 1
370.0 -387.0 1
317.0 -341.0 1
472.0 45.0 1
-440.0 -397.0 1
163.0 -195.0 1
-115.0 379.0 1
