-95.0 170.0 0
-128.0 -330.0 0
-327.0 19.0 0
27.0 76.0 0
303.0 -208.0 0
-35.0 11.0 0
161.0 81.0 0
-28.0 -146.0 0
251.0 183.0 0
-145.0 5.0 0
89.0 -299.0 1
-437.0 298.0 1
440.0 345.0 1
-264.0 328.0 1
99.0 -193.0 1
361.0 -358.0 1
191.0 341.0 1
299.0 5.0 1
-427.0 18.0 1
341.0 -104.0 1
-116.0 -81.0 1
-188.0 -169.0 1
-398.0 245.0 1
-478.0 -158.0 1
79.0 -230.0 1
472.0 45.0 1
-141.0 131.0 1
482.0 351.0 1
-174.0 202.0 1
-331.0 -131.0 1
-390.0 -231.0 1
149.0 23.0 1
241.0 313.0 1
412.0 135.0 1
102.0 160.0 1
-48.0 -397.0 1
495.0 -263.0 1
375.0 -203.0 1
462.0 32.0 1
23.0 212.0 1
-537.0 117.0 1
-393.0 -285.0 1
-345.0 189.0 1
-17.0 370.0 1
470.0 -92.0 1
-403.0 -383.0 1
486.0 -394.0 1
-214.0 -135.0 1
13.0 -249.0 1
348.0 141.0 1
69.0 316.0 1
-516.0 331.0 1
-266.0 384.0 1
273.0 -282.0 1
-115.0 371.0 1
392.0 -112.0 1
-491.0 -294.0 1
38.0 72.0 1
-326.0 56.0 1
423.0 -1.0 1
-293.0 124.0 1
200.0 193.0 1
532.0 294.0 1
-420.0 -36.0 1
-351.0 -385.0 1
-189.0 256.0 1
-499.0 -50.0 1
-173.0 -406.0 1
40.0 152.0 1
-159.0 324.0 1
199.0 -316.0 1
297.0 -294.0 1
354.0 379.0 1
-294.0 -127.0 1
-340.0 143.0 1
362.0 321.0 1
49.0 -94.0 1
-198.0 -237.0 1
-543.0 207.0 1
-500.0 -331.0 1
