-186.0 82.0 0
175.0 87.0 0
52.0 55.0 0
334.0 152.0 0
117.0 116.0 0
116.0 136.0 0
161.0 81.0 0
-18.0 135.0 0
-50.0 166.0 0
-68.0 157.0 0
-37.0 105.0 0
-40.0 162.0 0
-109.0 267.0 0
234.0 -237.0 0
-54.0 159.0 0
27.0 76.0 0
-325.0 -28.0 0
-86.0 21.0 0
223.0 96.0 0
-140.0 35.0 0
-127.0 -31.0 0
-305.0 -74.0 0
105.0 24.0 0
-145.0 5.0 0
-32.0 -226.0 0
234.0 249.0 0
-28.0 -146.0 0
-78.0 -189.0 0
5.0 -63.0 0
8.0 -255.0 0
-164.0 -253.0 0
-70.0 -273.0 0
-89.0 -295.0 0
61.0 -63.0 0
148.0 -127.0 0
32.0 -29.0 0
275.0 -214.0 0
92.0 -54.0 0
19.0 -203.0 0
171.0 -116.0 0
303.0 -208.0 0
57.0 -51.0 0
270.0 190.0 0
-17.0 87.0 0
-30.0 111.0 0
-199.0 -62.0 0
-96.0 -18.0 0
-51.0 -19.0 0
-373.0 13.0 0
-35.0 11.0 0
218.0 -59.0 0
-128.0 -330.0 0
212.0 -154.0 0
494.0 362.0 1
-226.0 75.0 1
164.0 390.0 1
89.0 -228.0 1
-398.0 245.0 1
477.0 -71.0 1
495.0 -263.0 1
-563.0 275.0 1
-82.0 73.0 1
218.0 -18.0 1
122.0 -2.0 1
-138.0 -63.0 1
-148.0 120.0 1
-267.0 106.0 1
335.0 170.0 1
60.0 -207.0 1
-382.0 -31.0 1
5.0 -169.0 1
356.0 62.0 1
-188.0 -206.0 1
-332.0 -61.0 1
-504.0 44.0 1
89.0 323.0 1
-379.0 -73.0 1
-408.0 -151.0 1
-179.0 -75.0 1
203.0 366.0 1
-239.0 132.0 1
30.0 274.0 1
381.0 275.0 1
330.0 376.0 1
292.0 -273.0 1
-265.0 -112.0 1
-132.0 -325.0 1
-499.0 368.0 1
338.0 71.0 1
-436.0 182.0 1
365.0 -248.0 1
98.0 -364.0 1
-214.0 -135.0 1
-297.0 -283.0 1
-395.0 184.0 1
-501.0 358.0 1
-397.0 -317.0 1
-454.0 -230.0 1
-441.0 297.0 1
465.0 -11.0 1
-134.0 -96.0 1
369.0 224.0 1
2.0 385.0 1
231.0 235.0 1
43.0 338.0 1
-345.0 189.0 1
-159.0 -152.0 1
-419.0 -345.0 1
-293.0 313.0 1
-543.0 207.0 1
218.0 -102.0 1
-205.0 389.0 1
299.0 5.0 1
-446.0 369.0 1
-132.0 357.0 1
492.0 183.0 1
90.0 367.0 1
199.0 -290.0 1
392.0 -112.0 1
-455.0 -381.0 1
246.0 -32.0 1
107.0 -207.0 1
364.0 -175.0 1
-324.0 302.0 1
-46.0 -358.0 1
-557.0 360.0 1
305.0 -369.0 1
76.0 -181.0 1
102.0 160.0 1
-258.0 143.0 1
-414.0 210.0 1
-145.0 114.0 1
-370.0 274.0 1
114.0 -280.0 1
-498.0 -86.0 1
112.0 208.0 1
-22.0 238.0 1
-33.0 -288.0 1
-249.0 349.0 1
-422.0 333.0 1
251.0 -270.0 1
518.0 297.0 1
-325.0 -206.0 1
-403.0 -298.0 1
-322.0 -183.0 1
160.0 -369.0 1
266.0 -320.0 1
528.0 367.0 1
-462.0 -108.0 1
-501.0 246.0 1
263.0 403.0 1
-442.0 51.0 1
-18.0 406.0 1
427.0 -277.0 1
-185.0 155.0 1
-366.0 73.0 1
-249.0 -189.0 1
291.0 -7.0 1
452.0 -133.0 1
28.0 -139.0 1
-433.0 -328.0 1
-420.0 97.0 1
362.0 321.0 1
174.0 -220.0 1
312.0 102.0 1
34.0 274.0 1
-542.0 352.0 1
-14.0 214.0 1
-554.0 -41.0 1
275.0 337.0 1
257.0 118.0 1
-294.0 -127.0 1
-446.0 -117.0 1
-405.0 -383.0 1
-272.0 53.0 1
-386.0 175.0 1
209.0 379.0 1
-450.0 291.0 1
-162.0 -234.0 1
-433.0 -107.0 1
208.0 21.0 1
526.0 228.0 1
-256.0 -182.0 1
494.0 344.0 1
488.0 -412.0 1
533.0 54.0 1
327.0 190.0 1
315.0 380.0 1
-480.0 -337.0 1
-21.0 195.0 1
504.0 -387.0 1
-175.0 -40.0 1
498.0 226.0 1
-264.0 138.0 1
26.0 -247.0 1
187.0 -244.0 1
-348.0 384.0 1
150.0 -2.0 1
396.0 16.0 1
512.0 235.0 1
520.0 317.0 1
420.0 -4.0 1
-422.0 295.0 1
199.0 -287.0 1
-116.0 -81.0 1
-532.0 -97.0 1
357.0 391.0 1
438.0 -187.0 1
-8.0 3.0 1
-189.0 256.0 1
372.0 -258.0 1
-452.0 -69.0 1
1.0 138.0 1
476.0 358.0 1
-485.0 -175.0 1
-306.0 113.0 1
-397.0 -201.0 1
417.0 362.0 1
-512.0 377.0 1
-531.0 81.0 1
125.0 -154.0 1
-567.0 -214.0 1
-491.0 -294.0 1
-134.0 340.0 1
-472.0 55.0 1
285.0 77.0 1
137.0 350.0 1
-534.0 6.0 1
532.0 116.0 1
-208.0 -63.0 1
91.0 -243.0 1
-293.0 124.0 1
-257.0 340.0 1
49.0 354.0 1
388.0 -36.0 1
453.0 138.0 1
-79.0 41.0 1
-546.0 339.0 1
490.0 -408.0 1
-132.0 -317.0 1
271.0 1.0 1
-469.0 -116.0 1
-381.0 73.0 1
-417.0 266.0 1
-272.0 -159.0 1
-161.0 -105.0 1
-229.0 -357.0 1
349.0 -177.0 1
137.0 401.0 1
356.0 390.0 1
483.0 -410.0 1
457.0 10.0 1
-434.0 17.0 1
247.0 -94.0 1
-373.0 -123.0 1
-522.0 -258.0 1
-134.0 -119.0 1
72.0 -226.0 1
453.0 187.0 1
-24.0 -270.0 1
-87.0 52.0 1
478.0 351.0 1
-190.0 142.0 1
-254.0 -136.0 1
-370.0 -215.0 1
-367.0 -276.0 1
329.0 -299.0 1
57.0 -216.0 1
0.0 -362.0 1
-352.0 -35.0 1
-50.0 407.0 1
83.0 -158.0 1
502.0 9.0 1
268.0 307.0 1
-403.0 -383.0 1
-501.0 -122.0 1
107.0 -320.0 1
385.0 384.0 1
-351.0 -385.0 1
297.0 -294.0 1
-264.0 328.0 1
479.0 94.0 1
275.0 45.0 1
453.0 395.0 1
331.0 -147.0 1
-358.0 -47.0 1
-368.0 64.0 1
199.0 -316.0 1
475.0 -179.0 1
-207.0 85.0 1
412.0 135.0 1
462.0 32.0 1
-357.0 -240.0 1
-225.0 57.0 1
-166.0 -351.0 1
-476.0 -406.0 1
-341.0 203.0 1
407.0 347.0 1
121.0 -341.0 1
525.0 408.0 1
244.0 103.0 1
-181.0 154.0 1
302.0 254.0 1
-407.0 -25.0 1
-417.0 213.0 1
-371.0 371.0 1
-46.0 344.0 1
417.0 163.0 1
316.0 235.0 1
-217.0 258.0 1
71.0 -391.0 1
159.0 273.0 1
-185.0 -317.0 1
455.0 33.0 1
-100.0 165.0 1
-401.0 -12.0 1
411.0 46.0 1
272.0 -116.0 1
254.0 305.0 1
290.0 -369.0 1
-220.0 -236.0 1
-174.0 -214.0 1
366.0 258.0 1
-217.0 389.0 1
312.0 -9.0 1
-191.0 44.0 1
-123.0 -62.0 1
-124.0 -95.0 1
188.0 385.0 1
-2.0 404.0 1
330.0 -183.0 1
472.0 45.0 1
-193.0 312.0 1
-191.0 243.0 1
-115.0 379.0 1
192.0 220.0 1
303.0 -81.0 1
159.0 -309.0 1
-188.0 -169.0 1
-234.0 -363.0 1
-340.0 143.0 1
432.0 177.0 1
-570.0 38.0 1
-159.0 324.0 1
486.0 288.0 1
-272.0 222.0 1
49.0 -94.0 1
440.0 345.0 1
497.0 -145.0 1
516.0 -280.0 1
229.0 -40.0 1
396.0 196.0 1
-254.0 389.0 1
-401.0 -147.0 1
510.0 103.0 1
-338.0 -334.0 1
-538.0 52.0 1
408.0 -67.0 1
-104.0 -121.0 1
-385.0 -405.0 1
465.0 342.0 1
-351.0 -42.0 1
-363.0 174.0 1
-90.0 367.0 1
13.0 -249.0 1
-346.0 175.0 1
53.0 -92.0 1
-226.0 -267.0 1
354.0 379.0 1
-393.0 -154.0 1
526.0 -377.0 1
-105.0 -52.0 1
445.0 358.0 1
20.0 276.0 1
-353.0 358.0 1
-376.0 188.0 1
-510.0 67.0 1
-437.0 298.0 1
420.0 349.0 1
108.0 -272.0 1
449.0 53.0 1
355.0 -107.0 1
-115.0 371.0 1
-63.0 355.0 1
-230.0 136.0 1
452.0 273.0 1
-165.0 -358.0 1
-158.0 374.0 1
-31.0 295.0 1
-462.0 -9.0 1
397.0 -323.0 1
-168.0 -234.0 1
328.0 7.0 1
-537.0 117.0 1
-393.0 -285.0 1
-285.0 -162.0 1
-410.0 90.0 1
45.0 276.0 1
-390.0 -231.0 1
470.0 -118.0 1
