1.51848516 13.6427 3.87038 1.26905 71.9604 0.54027 8.32444 0.0 0.1632 0
1.52613924 13.70255 0.0 1.35893 71.238 0.19251 13.43544 0.0 0.051 0
1.51743728 12.19965 3.25076 1.15991 73.5508 0.621 8.89472 0.0 0.1224 0
1.5159338 13.09075 3.592 1.51943 73.0972 0.67068 7.82948 0.0 0.0 0
1.51645774 13.4033 3.48873 1.51943 72.6492 0.67068 8.07696 0.0 0.051 0
1.51568322 13.23705 3.48873 1.47128 73.2484 0.37881 8.03392 0.0 0.0 0
1.51800678 13.7092 3.92875 1.53869 71.8092 0.54027 8.20608 0.0 0.0765 0
1.5167311 13.2969 3.64139 1.52906 72.5316 0.65205 8.03392 0.0 0.1479 0
1.51761952 12.79815 3.65935 1.26905 73.0076 0.60237 8.56116 0.0 0.0 1
1.51793844 12.7915 3.5022 1.12139 73.03 0.63963 8.7656 0.0 0.0 1
1.51595658 12.7915 3.60996 1.61894 72.9684 0.63963 8.0662 0.0 0.1326 1
1.51910022 13.88875 3.52914 1.32041 71.8092 0.50922 8.77636 0.11025 0.0 1
1.52101374 13.6427 4.49 1.09892 71.7812 0.0621 8.75484 0.0 0.0 1
1.52171992 13.4831 3.74017 0.8999 72.0108 0.18009 9.60488 0.0 0.0357 1
1.5174145 13.2703 3.61894 1.24016 73.0804 0.55269 8.0662 0.0 0.0 1
1.5177562 13.52965 3.40791 1.51943 72.0388 0.57753 8.78712 0.0 0.0 1
1.51609326 13.33015 3.52914 1.33967 72.6716 0.5589 8.3352 0.0 0.0 1
1.5183257 13.33015 3.34056 1.53869 72.1396 0.5589 8.99156 0.0 0.0 1
1.51666276 12.858 0.0 1.8308 73.8812 0.96876 10.17516 0.0 0.0 1
1.51613882 13.8821 1.77804 1.78907 73.0972 0.0 8.66876 0.75915 0.0 1
1.516845 14.9195 0.0 1.9913 73.58 0.0 8.39976 1.59075 0.0 1
1.51657164 14.7998 0.0 1.9913 73.1084 0.0 8.2814 1.71045 0.0 1
