1.51871296 12.93115 3.65935 1.56116 72.5092 0.57753 8.5504 0.0 0.0612 0
1.52474966 11.4482 0.0 1.87895 72.19 0.8073 13.24176 0.0 0.1734 0
1.5159338 13.25035 3.44832 1.42955 73.17 0.60858 7.86176 0.0 0.0 0
1.51568322 13.23705 3.48873 1.47128 73.2484 0.37881 8.03392 0.0 0.0 0
1.51689056 13.33015 3.53812 1.60931 72.5428 0.6831 8.10924 0.0 0.0 0
1.52408904 13.8289 2.90054 1.16954 71.1484 0.08073 10.78848 0.0 0.0 0
1.51812068 13.4299 3.97814 1.17917 72.4924 0.57753 8.15228 0.0 0.0 0
1.51408862 14.24785 3.08912 2.08118 72.2796 1.09917 7.07628 0.0 0.0 0
1.5215149 13.05085 3.65037 0.87101 72.218 0.19251 9.85236 0.0 0.0867 1
1.52226664 14.16805 3.81201 0.78113 71.35 0.0 9.69096 0.0 0.0 1
1.51609326 15.126 0.0 2.51132 73.0524 0.04968 8.83016 0.5292 0.0 1
1.5174145 13.2703 3.61894 1.24016 73.0804 0.55269 8.0662 0.0 0.0 1
1.5165033 14.38085 0.0 1.93994 73.6124 0.0 8.47508 1.5687 0.0 1
1.51566044 13.29025 3.44832 1.21127 72.7388 0.5589 8.57192 0.0 0.0 1
1.51828014 14.46065 2.24051 1.61894 72.3804 0.0 9.26056 0.0 0.0 1
1.51652608 11.94695 0.0 1.1888 75.1804 2.70135 8.927 0.0 0.0 1
1.5176423 12.9777 3.53812 1.21127 73.002 0.65205 8.52888 0.0 0.0 1
1.51807512 13.4299 2.86911 1.1888 72.8396 0.55269 9.0346 0.0 0.0 1
1.5177562 13.52965 3.40791 1.51943 72.0388 0.57753 8.78712 0.0 0.0 1
1.5190091 13.48975 3.47975 1.3493 71.9492 0.55269 9.00232 0.0 0.0 1
1.51755118 13.1506 3.60996 1.05077 73.2372 0.57132 8.23836 0.0 0.0 1
1.523679 13.4432 0.0 1.58042 72.218 0.32292 12.24108 0.0 0.0 1
