1.51859906 13.35675 3.43036 1.42955 72.2628 0.50922 8.6042 0.0 0.0 0
1.52222108 14.4274 0.0 0.99941 72.6716 0.09936 11.52016 0.0 0.0408 0
1.5167311 12.7915 3.52016 1.53869 73.3604 0.65826 7.9048 0.0 0.0 0
1.51625272 13.35675 3.57853 1.49054 72.722 0.44712 8.20608 0.0 0.0 0
1.51891798 13.46315 3.82997 1.25942 72.5484 0.57132 8.20608 0.0 0.0714 0
1.51841682 13.0176 3.61894 1.0604 72.3412 0.63963 9.13144 0.0 0.0765 0
1.51613882 13.922 3.52016 1.24979 72.8788 0.3726 7.93708 0.0 0.0714 0
1.52210718 13.72915 3.83895 0.72014 71.7588 0.16767 9.74476 0.0 0.0 1
1.5219705 14.3609 3.84793 0.89027 71.3612 0.14904 9.15296 0.0 0.0 1
1.51732338 14.95275 0.0 1.7987 72.9908 0.0 8.61496 1.5498 0.0 1
1.51766508 13.21045 3.69078 1.29152 72.61 0.57132 8.21684 0.0 0.0 1
1.51622994 14.14145 0.0 2.88047 72.61 0.08073 9.18524 1.06155 0.0 1
1.51645774 13.03755 3.39893 1.25942 73.0076 0.52164 8.58268 0.0 0.0 1
1.51905466 14.0018 2.38868 1.56116 72.3692 0.0 9.5726 0.0 0.0 1
1.51666276 12.858 0.0 1.8308 73.8812 0.96876 10.17516 0.0 0.0 1
1.51750562 12.81145 3.56955 1.3493 73.0188 0.621 8.59344 0.0 0.0 1
1.51782454 12.69175 3.53812 1.33967 72.9516 0.57132 8.75484 0.0 0.0 1
1.51793844 13.21045 3.47975 1.41029 72.638 0.58995 8.43204 0.0 0.0 1
1.51736894 12.7782 3.61894 1.29152 72.7892 0.58995 8.70104 0.0 0.0 1
1.51937358 13.789 2.41113 1.1888 72.7612 0.0 9.76628 0.0 0.0 1
1.5215149 11.02925 1.71069 1.56116 73.4388 0.57753 11.617 0.0 0.0 1
