0 8 0 0 8 0.0 1.0 0.0 0.0 2 11 1 0 14 0.14285714285714285 0.7857142857142857 0.07142857142857142 0.0 
0 4 4 0 8 0.0 0.5 0.5 0.0 1 12 1 0 14 0.07142857142857142 0.8571428571428571 0.07142857142857142 0.0 
0 5 2 1 8 0.0 0.625 0.25 0.125 7 4 3 0 14 0.5 0.2857142857142857 0.21428571428571427 0.0 
1 5 1 1 8 0.125 0.625 0.125 0.125 6 8 0 0 14 0.42857142857142855 0.5714285714285714 0.0 0.0 
0 3 5 0 8 0.0 0.375 0.625 0.0 6 8 0 0 14 0.42857142857142855 0.5714285714285714 0.0 0.0 
0 4 3 1 8 0.0 0.5 0.375 0.125 7 5 2 0 14 0.5 0.35714285714285715 0.14285714285714285 0.0 
0 5 1 1 7 0.0 0.7142857142857143 0.14285714285714285 0.14285714285714285 8 5 1 0 14 0.5714285714285714 0.35714285714285715 0.07142857142857142 0.0 
0 4 2 1 7 0.0 0.5714285714285714 0.2857142857142857 0.14285714285714285 8 6 0 0 14 0.5714285714285714 0.42857142857142855 0.0 0.0 
0 5 1 1 7 0.0 0.7142857142857143 0.14285714285714285 0.14285714285714285 5 8 0 0 13 0.38461538461538464 0.6153846153846154 0.0 0.0 
0 4 2 1 7 0.0 0.5714285714285714 0.2857142857142857 0.14285714285714285 4 9 0 0 13 0.3076923076923077 0.6923076923076923 0.0 0.0 
