32 21 13 2 68 0.47058823529411764 0.3088235294117647 0.19117647058823528 0.029411764705882353 98 22 4 0 124 0.7903225806451613 0.1774193548387097 0.03225806451612903 0.0 
30 24 13 1 68 0.4411764705882353 0.35294117647058826 0.19117647058823528 0.014705882352941176 98 21 5 0 124 0.7903225806451613 0.1693548387096774 0.04032258064516129 0.0 
30 23 12 3 68 0.4411764705882353 0.3382352941176471 0.17647058823529413 0.04411764705882353 92 26 5 1 124 0.7419354838709677 0.20967741935483872 0.04032258064516129 0.008064516129032258 
32 23 11 2 68 0.47058823529411764 0.3382352941176471 0.16176470588235295 0.029411764705882353 92 28 3 1 124 0.7419354838709677 0.22580645161290322 0.024193548387096774 0.008064516129032258 
34 21 11 2 68 0.5 0.3088235294117647 0.16176470588235295 0.029411764705882353 90 29 5 0 124 0.7258064516129032 0.23387096774193547 0.04032258064516129 0.0 
37 18 11 2 68 0.5441176470588235 0.2647058823529412 0.16176470588235295 0.029411764705882353 94 25 2 3 124 0.7580645161290323 0.20161290322580644 0.016129032258064516 0.024193548387096774 
34 23 9 3 69 0.4927536231884058 0.3333333333333333 0.13043478260869565 0.043478260869565216 92 27 5 0 124 0.7419354838709677 0.21774193548387097 0.04032258064516129 0.0 
37 20 8 4 69 0.5362318840579711 0.2898550724637681 0.11594202898550725 0.057971014492753624 92 26 5 1 124 0.7419354838709677 0.20967741935483872 0.04032258064516129 0.008064516129032258 
34 21 12 2 69 0.4927536231884058 0.30434782608695654 0.17391304347826086 0.028985507246376812 95 24 6 0 125 0.76 0.192 0.048 0.0 
34 23 9 3 69 0.4927536231884058 0.3333333333333333 0.13043478260869565 0.043478260869565216 94 26 4 1 125 0.752 0.208 0.032 0.008 
