1.51709558 12.99765 3.47077 1.78907 72.722 0.65826 8.18456 0.0 0.0 0
1.51645774 13.40995 3.55159 1.24979 72.8116 0.6831 8.09848 0.0 0.0 0
1.52176548 13.7491 1.01025 1.35893 72.19 0.32913 11.14356 0.0 0.0 0
1.51812068 13.33015 3.84793 1.24979 72.778 0.52164 8.12 0.0 0.0 0
1.51625272 13.35675 3.57853 1.49054 72.722 0.44712 8.20608 0.0 0.0 0
1.51591102 13.23705 3.34056 1.47128 73.0972 0.39123 8.21684 0.0 0.0 0
1.52067204 13.5496 2.08785 1.6703 72.1788 0.52785 9.5726 0.2709 0.0867 0
1.51898632 13.58285 3.34954 1.23053 72.078 0.58995 8.90548 0.0 0.0 1
1.51734616 13.0176 3.53812 1.68956 72.7276 0.54027 8.4428 0.0 0.0357 1
1.51743728 13.2969 3.60098 1.14065 73.0916 0.57753 8.1738 0.0 0.0 1
1.51755118 12.99765 3.60098 1.35893 72.9908 0.57132 8.39976 0.0 0.0561 1
1.5178701 12.73165 3.43036 1.1888 72.9516 0.621 8.75484 0.0 0.153 1
1.51768786 12.55875 3.52016 1.42955 73.1476 0.57132 8.53964 0.0 0.0 1
1.52121876 14.0284 3.75813 0.5789 71.7924 0.11178 9.64792 0.0 0.0 1
1.51315464 13.0176 0.0 3.04097 70.482 6.21 6.95792 0.0 0.0 1
1.5132002 12.99765 0.0 3.0185 70.7004 6.21 6.92564 0.0 0.0 1
1.51994308 13.2703 0.0 1.76018 73.03 0.47196 11.31572 0.0 0.0 1
1.52064926 14.3609 0.0 2.02019 73.422 0.0 8.4428 1.64115 0.0 1
1.5163894 14.36755 0.0 2.73923 72.8508 0.0 9.45424 0.53865 0.0 1
1.5171867 14.75325 0.0 2.00093 73.0188 0.0 8.52888 1.59075 0.0408 1
1.51727782 14.70005 0.0 2.34119 73.282 0.0 8.94852 0.6615 0.0 1
