1.51629828 12.7117 3.33158 1.49054 73.282 0.67068 8.23836 0.0 0.0 0
1.52725546 13.8023 3.15198 0.65915 70.5716 0.08073 11.63852 0.0 0.0 0
1.5160477 12.8979 3.43934 1.44881 73.58 0.44091 8.27064 0.0 0.0 0
1.5159338 13.09075 3.52016 1.55153 72.8676 0.6831 8.04468 0.0 0.459 0
1.51588824 13.11735 3.40791 1.58042 73.2596 0.06831 8.389 0.0 0.0969 0
1.52408904 13.8289 2.90054 1.16954 71.1484 0.08073 10.78848 0.0 0.0 0
1.51632106 13.3368 3.56955 1.57079 72.8676 0.60858 7.89404 0.0 0.0 0
1.51841682 12.93115 3.74017 1.10855 72.2796 0.63963 8.95928 0.0 0.1122 0
1.51588824 12.87795 3.43036 1.40066 73.282 0.68931 8.04468 0.0 0.1224 1
1.51910022 13.90205 3.73119 1.17917 72.1228 0.0621 8.89472 0.0 0.0 1
1.51720948 13.3767 3.5022 1.15028 72.8508 0.50301 8.43204 0.0 0.0 1
1.51746006 12.83805 3.5022 1.14065 73.2708 0.5589 8.5504 0.0 0.0 1
1.51761952 12.81145 3.53812 1.23053 73.2372 0.57753 8.389 0.0 0.0 1
1.51784732 13.7745 3.48873 1.27868 72.862 0.60237 8.48584 0.0 0.0 1
1.52212996 14.20795 3.82099 0.46976 71.77 0.11178 9.5726 0.0 0.0 1
1.51609326 13.42325 3.39893 1.2209 72.6884 0.58995 8.32444 0.0 0.0 1
1.52058092 12.85135 1.61191 2.17106 72.1788 0.75762 9.70172 0.2394 0.2601 1
1.51887242 14.99265 0.78126 1.74092 72.498 0.0 9.9492 0.0 0.0 1
1.51509094 15.15225 0.0 2.25131 73.5004 0.0 8.3352 0.63 0.0 1
1.51711836 14.2279 0.0 2.08118 73.3604 0.0 8.61496 1.6695 0.0 1
1.51622994 14.2013 0.0 2.79059 73.4612 0.03726 9.04536 0.40005 0.459 1
1.51732338 14.95275 0.0 1.7987 72.9908 0.0 8.61496 1.5498 0.0 1
