1.51666276 12.9378 3.60996 1.25942 72.75 0.5589 8.6042 0.0 0.0 0
1.52739214 11.0226 0.0 0.74903 73.0804 0.0 14.96336 0.0 0.0 0
1.5159338 13.09075 3.592 1.51943 73.0972 0.67068 7.82948 0.0 0.0 0
1.51588824 13.11735 3.40791 1.58042 73.2596 0.06831 8.389 0.0 0.0969 0
1.51645774 13.4432 3.60996 1.53869 72.3916 0.65826 8.03392 0.0 0.0 0
1.52080872 13.78235 2.28092 1.42955 71.9884 0.49059 9.85236 0.0 0.0867 0
1.51800678 13.7092 3.92875 1.53869 71.8092 0.54027 8.20608 0.0 0.0765 0
1.51689056 12.6718 2.87809 1.70882 73.2092 0.73278 8.53964 0.0 0.0 0
1.5229956 13.3102 3.57853 0.81965 71.9884 0.11799 10.17516 0.0 0.0153 1
1.52121876 14.0284 3.75813 0.5789 71.7924 0.11178 9.64792 0.0 0.0 1
1.5161616 14.95275 0.0 2.27057 73.2988 0.0 8.7118 0.67095 0.0 1
1.51761952 13.88875 3.60098 1.35893 72.7276 0.47817 7.82948 0.0 0.0 1
1.51830292 14.3875 0.0 1.82117 72.862 1.40967 6.47372 2.8791 0.0 1
1.51869018 13.1905 3.37199 1.17917 72.722 0.57132 8.83016 0.0 0.0816 1
1.52365622 15.79065 1.83192 1.31078 70.4316 0.3105 8.61496 1.67895 0.0 1
1.51115 17.38 0.0 0.34136 75.41 0.0 6.64588 0.0 0.0 1
1.51755118 12.99765 3.60098 1.35893 72.9908 0.57132 8.39976 0.0 0.0561 1
1.51768786 12.45235 2.71196 1.29152 73.702 0.5589 9.05612 0.0 0.1224 1
1.5151365 14.00845 2.68053 3.5 69.8884 1.68291 5.87116 2.1987 0.0 1
1.52101374 13.6427 4.49 1.09892 71.7812 0.0621 8.75484 0.0 0.0 1
1.51746006 12.83805 3.5022 1.14065 73.2708 0.5589 8.5504 0.0 0.0 1
1.5132002 12.99765 0.0 3.0185 70.7004 6.21 6.92564 0.0 0.0 1
