1.5184396 13.25035 3.75813 1.32041 72.4028 0.57753 8.42128 0.0 0.0 0
1.53124196 10.73 0.0 2.10044 69.81 0.57753 13.29556 3.15 0.1428 0
1.5159338 13.09075 3.52016 1.55153 72.8676 0.6831 8.04468 0.0 0.459 0
1.51686778 13.2304 3.53812 1.48091 72.8396 0.5589 8.09848 0.0 0.0 0
1.51645774 13.40995 3.55159 1.24979 72.8116 0.6831 8.09848 0.0 0.0 0
1.51818902 12.6186 2.76135 0.82928 73.8084 0.34776 9.42196 0.0 0.102 0
1.51846238 13.0974 3.96916 1.1888 72.442 0.60237 8.43204 0.0 0.0 0
1.52320062 13.7225 3.72221 0.51149 71.7476 0.08694 10.568 0.0 0.0816 1
1.52210718 14.188 3.78058 0.90953 71.3612 0.22977 9.1422 0.0 0.1887 1
1.5151365 14.853 0.0 2.42144 73.7188 0.0 8.389 0.5607 0.0 1
1.51784732 13.7745 3.48873 1.27868 72.862 0.60237 8.48584 0.0 0.0 1
1.51531874 14.38085 0.0 2.65898 73.0972 0.03726 9.07764 0.63945 0.0 1
1.51693612 12.858 3.57853 1.31078 72.61 0.60858 8.78712 0.0 0.0 1
1.51910022 13.88875 3.52914 1.32041 71.8092 0.50922 8.77636 0.11025 0.0 1
1.51887242 14.99265 0.78126 1.74092 72.498 0.0 9.9492 0.0 0.0 1
1.51761952 12.81145 3.53812 1.23053 73.2372 0.57753 8.389 0.0 0.0 1
1.51768786 12.65185 3.56057 1.30115 73.0804 0.60858 8.69028 0.0 0.0714 1
1.51898632 13.58285 3.34954 1.23053 72.078 0.58995 8.90548 0.0 0.0 1
1.51720948 13.3767 3.5022 1.15028 72.8508 0.50301 8.43204 0.0 0.0 1
1.51595658 12.7915 3.60996 1.61894 72.9684 0.63963 8.0662 0.0 0.1326 1
1.52171992 11.56125 1.88131 1.56116 72.862 0.47196 11.41256 0.0 0.0 1
