1.51839404 12.85135 3.66833 1.24016 72.5708 0.621 8.67952 0.0 0.1785 0
1.5266404 11.22875 0.0 0.7715 73.2092 0.0 14.6836 0.0 0.0 0
1.51595658 13.0176 3.56057 1.53869 73.1084 0.72036 7.9048 0.0 0.0 0
1.51591102 13.23705 3.34056 1.47128 73.0972 0.39123 8.21684 0.0 0.0 0
1.5167311 13.2969 3.64139 1.52906 72.5316 0.65205 8.03392 0.0 0.1479 0
1.52067204 13.5496 2.08785 1.6703 72.1788 0.52785 9.5726 0.2709 0.0867 0
1.51812068 12.95775 2.95891 1.42955 72.918 0.60237 8.78712 0.1386 0.0 0
1.5162755 12.99765 3.57853 1.53869 72.8284 0.60858 8.04468 0.0 0.0 0
1.51848516 13.6427 3.87038 1.26905 71.9604 0.54027 8.32444 0.0 0.1632 0
1.51846238 13.0974 3.96916 1.1888 72.442 0.60237 8.43204 0.0 0.0 0
1.51663998 12.93115 3.53812 1.61894 72.9572 0.63963 8.03392 0.0 0.1071 0
1.51709558 12.99765 3.47077 1.78907 72.722 0.65826 8.18456 0.0 0.0 0
1.51841682 13.0176 3.61894 1.0604 72.3412 0.63963 9.13144 0.0 0.0765 0
1.52222108 14.4274 0.0 0.99941 72.6716 0.09936 11.52016 0.0 0.0408 0
1.5170728 13.7225 3.6818 1.81154 72.0612 0.63963 7.88328 0.0 0.0 0
1.52222108 13.21045 3.7716 0.79076 71.9884 0.13041 10.2452 0.0 0.0 1
1.52212996 14.20795 3.82099 0.46976 71.77 0.11178 9.5726 0.0 0.0 1
1.51602492 14.853 0.0 2.37971 73.282 0.0 8.75484 0.63945 0.459 1
1.51618438 13.52965 3.55159 1.53869 72.9908 0.39123 7.77568 0.0 0.0 1
1.51657164 14.7998 0.0 1.9913 73.1084 0.0 8.2814 1.71045 0.0 1
1.51777898 13.21045 3.38995 1.33004 72.7612 0.58995 8.59344 0.0 0.0 1
1.52247166 14.85965 2.2001 2.05871 70.258 0.75762 9.75552 0.0 0.0 1
1.52171992 13.4831 3.74017 0.8999 72.0108 0.18009 9.60488 0.0 0.0357 1
1.51509094 15.15225 0.0 2.25131 73.5004 0.0 8.3352 0.63 0.0 1
1.51720948 12.8713 3.47975 1.33004 73.0412 0.5589 8.43204 0.0 0.0 1
1.51777898 13.21045 2.81074 1.29152 72.9796 0.50922 9.02384 0.0 0.459 1
1.51837126 14.321 3.25974 2.21921 71.2492 1.45935 5.78508 1.62855 0.0 1
1.5183257 13.33015 3.34056 1.53869 72.1396 0.5589 8.99156 0.0 0.0 1
1.51910022 13.90205 3.73119 1.17917 72.1228 0.0621 8.89472 0.0 0.0 1
1.51761952 12.81145 3.53812 1.23053 73.2372 0.57753 8.389 0.0 0.0 1
1.51905466 14.0018 2.38868 1.56116 72.3692 0.0 9.5726 0.0 0.0 1
1.51734616 13.0176 3.53812 1.68956 72.7276 0.54027 8.4428 0.0 0.0357 1
1.51315464 13.0176 0.0 3.04097 70.482 6.21 6.95792 0.0 0.0 1
1.523679 13.4432 0.0 1.58042 72.218 0.32292 12.24108 0.0 0.0 1
1.515706 12.71835 3.46179 1.56116 73.198 0.67068 8.08772 0.0 0.1224 1
1.51784732 12.67845 3.66833 1.15991 73.1084 0.60858 8.70104 0.0 0.0 1
1.51609326 13.33015 3.52914 1.33967 72.6716 0.5589 8.3352 0.0 0.0 1
1.51545542 14.14145 0.0 2.68145 73.3884 0.08073 9.06688 0.6111 0.0255 1
1.51784732 13.7745 3.48873 1.27868 72.862 0.60237 8.48584 0.0 0.0 1
1.51645774 13.03755 3.39893 1.25942 73.0076 0.52164 8.58268 0.0 0.0 1
1.52171992 11.56125 1.88131 1.56116 72.862 0.47196 11.41256 0.0 0.0 1
1.5219705 14.3609 3.84793 0.89027 71.3612 0.14904 9.15296 0.0 0.0 1
1.51916856 14.1481 0.0 2.09081 72.7388 0.0 10.88532 0.0 0.0 1
