1.51850794 13.19715 3.62792 1.07003 72.8284 0.57132 8.41052 0.09135 0.0867 0
1.53393 12.2994 0.0 0.99941 70.1628 0.11799 16.19 0.0 0.1224 0
1.5167311 12.8713 3.56057 1.64141 73.142 0.65205 7.99088 0.0 0.0 0
1.51629828 12.7117 3.33158 1.49054 73.282 0.67068 8.23836 0.0 0.0 0
1.5170728 13.4831 3.47975 1.70882 72.5204 0.621 7.99088 0.0 0.0 0
1.5173006 12.3526 2.72094 1.62857 72.8676 0.70173 9.22828 0.0 0.0 0
1.51789288 13.1905 3.90181 1.30115 72.33 0.55269 8.4428 0.0 0.1428 0
1.51572878 14.85965 3.66833 1.74092 71.8708 0.16146 7.35604 0.0 0.0612 0
1.5215149 13.05085 3.65037 0.87101 72.3188 0.19251 9.85236 0.0 0.0867 1
1.52171992 13.5097 3.8614 0.88064 71.7924 0.22977 9.54032 0.0 0.0561 1
1.51645774 14.93945 0.0 1.86932 73.1084 0.0 8.66876 1.3797 0.0 1
1.51755118 13.39 3.65935 1.1888 72.7892 0.57132 8.27064 0.0 0.0561 1
1.51711836 14.2279 0.0 2.08118 73.3604 0.0 8.61496 1.6695 0.0 1
1.51654886 13.40995 3.38995 1.27868 72.638 0.52164 8.64724 0.0 0.0 1
1.51976084 13.80895 3.57853 1.32041 71.7196 0.11799 8.66876 0.68985 0.0 1
1.51556932 13.8688 0.0 2.54021 73.2316 0.14283 9.4112 0.80955 0.0051 1
1.51215232 12.991 3.47077 1.12139 72.9796 0.621 8.34596 0.0 0.1581 1
1.5175284 12.57205 3.47077 1.3814 73.3884 0.60237 8.5504 0.0 0.0306 1
1.51663998 13.1373 3.44832 1.76018 72.4812 0.60237 8.37824 0.0 0.0867 1
1.5193508 13.6427 3.53812 0.74903 72.6492 0.16146 8.89472 0.1512 0.1224 1
1.51643496 12.15975 3.52016 1.3493 72.89 0.57132 8.52888 0.0 0.0 1
1.5196925 12.63855 0.0 1.65104 73.7524 0.37881 11.53092 0.0 0.0 1
