30 22 14 2 68 0.4411764705882353 0.3235294117647059 0.20588235294117646 0.029411764705882353 94 24 5 1 124 0.7580645161290323 0.1935483870967742 0.04032258064516129 0.008064516129032258 
34 19 13 2 68 0.5 0.27941176470588236 0.19117647058823528 0.029411764705882353 94 26 3 1 124 0.7580645161290323 0.20967741935483872 0.024193548387096774 0.008064516129032258 
29 25 13 1 68 0.4264705882352941 0.36764705882352944 0.19117647058823528 0.014705882352941176 91 28 5 0 124 0.7338709677419355 0.22580645161290322 0.04032258064516129 0.0 
36 20 10 2 68 0.5294117647058824 0.29411764705882354 0.14705882352941177 0.029411764705882353 91 30 2 1 124 0.7338709677419355 0.24193548387096775 0.016129032258064516 0.008064516129032258 
28 24 14 2 68 0.4117647058823529 0.35294117647058826 0.20588235294117646 0.029411764705882353 92 26 7 0 125 0.736 0.208 0.056 0.0 
37 19 10 2 68 0.5441176470588235 0.27941176470588236 0.14705882352941177 0.029411764705882353 99 19 4 3 125 0.792 0.152 0.032 0.024 
33 24 11 1 69 0.4782608695652174 0.34782608695652173 0.15942028985507245 0.014492753623188406 92 26 6 0 124 0.7419354838709677 0.20967741935483872 0.04838709677419355 0.0 
35 19 14 1 69 0.5072463768115942 0.2753623188405797 0.2028985507246377 0.014492753623188406 91 27 5 1 124 0.7338709677419355 0.21774193548387097 0.04032258064516129 0.008064516129032258 
36 19 12 2 69 0.5217391304347826 0.2753623188405797 0.17391304347826086 0.028985507246376812 96 24 3 1 124 0.7741935483870968 0.1935483870967742 0.024193548387096774 0.008064516129032258 
33 22 12 2 69 0.4782608695652174 0.3188405797101449 0.17391304347826086 0.028985507246376812 94 27 3 0 124 0.7580645161290323 0.21774193548387097 0.024193548387096774 0.0 
