0.34 0.42 0.48 0.5 0.41 0.34 0.43 0
0.44 0.35 0.48 0.5 0.44 0.52 0.59 0
0.34 0.33 0.48 0.5 0.38 0.35 0.44 0
0.54 0.47 0.48 0.5 0.28 0.33 0.42 0
0.16 0.43 0.48 0.5 0.54 0.27 0.37 0
0.43 0.39 0.48 0.5 0.47 0.31 0.41 0
0.4 0.29 0.48 0.5 0.42 0.35 0.44 0
0.26 0.4 0.48 0.5 0.36 0.26 0.37 0
0.36 0.39 0.48 0.5 0.48 0.22 0.23 0
0.39 0.32 0.48 0.5 0.46 0.24 0.35 0
0.43 0.4 0.48 0.5 0.39 0.28 0.39 0
0.29 0.52 0.48 0.5 0.42 0.29 0.39 0
0.53 0.42 0.48 0.5 0.16 0.29 0.39 0
0.24 0.57 0.48 0.5 0.63 0.34 0.43 0
0.33 0.45 0.48 0.5 0.45 0.88 0.89 1
0.47 0.59 0.48 0.5 0.52 0.76 0.79 1
0.39 0.41 0.48 0.5 0.52 0.72 0.75 1
0.11 0.5 0.48 0.5 0.58 0.72 0.68 1
0.72 0.46 0.48 0.5 0.51 0.66 0.7 1
0.49 0.42 0.48 0.5 0.53 0.79 0.81 1
0.46 0.59 0.48 0.5 0.36 0.76 0.23 1
0.61 0.47 0.48 0.5 0.0 0.8 0.32 1
