0.56 0.4 0.48 0.5 0.49 0.37 0.46 0
0.53 0.38 0.48 0.5 0.44 0.26 0.36 0
0.34 0.33 0.48 0.5 0.38 0.35 0.44 0
0.24 0.35 0.48 0.5 0.31 0.19 0.31 0
0.38 0.46 0.48 0.5 0.48 0.22 0.29 0
0.44 0.56 0.48 0.5 0.5 0.46 0.54 0
0.57 0.54 0.48 0.5 0.37 0.28 0.33 0
0.49 0.43 0.48 0.5 0.49 0.3 0.4 0
0.41 0.51 0.48 0.5 0.58 0.2 0.31 0
0.24 0.41 0.48 0.5 0.49 0.23 0.34 0
0.34 0.51 0.48 0.5 0.44 0.37 0.46 0
0.23 0.34 0.48 0.5 0.43 0.26 0.37 0
0.3 0.44 0.48 0.5 0.49 0.22 0.33 0
0.4 0.41 0.48 0.5 0.55 0.22 0.33 0
0.44 0.35 0.48 0.5 0.44 0.52 0.59 0
0.63 0.47 0.48 0.5 0.51 0.82 0.84 1
0.54 0.57 0.48 0.5 0.56 0.81 0.83 1
0.49 0.42 0.48 0.5 0.53 0.79 0.81 1
0.83 0.37 0.48 0.5 0.61 0.71 0.74 1
0.34 0.51 0.48 0.5 0.67 0.9 0.9 1
0.36 0.45 0.48 0.5 0.38 0.79 0.17 1
0.3 0.51 0.48 0.5 0.42 0.61 0.34 1
