15 0 0 0 15 1.0 0.0 0.0 0.0 4 1 2 0 7 0.5714285714285714 0.14285714285714285 0.2857142857142857 0.0 
15 0 0 0 15 1.0 0.0 0.0 0.0 0 5 1 1 7 0.0 0.7142857142857143 0.14285714285714285 0.14285714285714285 
15 0 0 0 15 1.0 0.0 0.0 0.0 6 0 1 0 7 0.8571428571428571 0.0 0.14285714285714285 0.0 
14 0 0 0 14 1.0 0.0 0.0 0.0 7 1 0 0 8 0.875 0.125 0.0 0.0 
14 0 0 0 14 1.0 0.0 0.0 0.0 7 0 0 1 8 0.875 0.0 0.0 0.125 
13 1 0 0 14 0.9285714285714286 0.07142857142857142 0.0 0.0 5 2 1 0 8 0.625 0.25 0.125 0.0 
14 0 0 0 14 1.0 0.0 0.0 0.0 6 1 0 1 8 0.75 0.125 0.0 0.125 
14 0 0 0 14 1.0 0.0 0.0 0.0 6 1 0 1 8 0.75 0.125 0.0 0.125 
14 0 0 0 14 1.0 0.0 0.0 0.0 8 0 0 0 8 1.0 0.0 0.0 0.0 
14 0 0 0 14 1.0 0.0 0.0 0.0 7 1 0 0 8 0.875 0.125 0.0 0.0 
