0.48 0.41 0.48 0.5 0.51 0.9 0.88 0
0.72 0.46 0.48 0.5 0.51 0.66 0.7 0
0.63 0.47 0.48 0.5 0.51 0.82 0.84 0
0.69 0.39 0.48 0.5 0.57 0.76 0.79 0
0.39 0.41 0.48 0.5 0.52 0.72 0.75 0
0.48 0.49 0.48 0.5 0.52 0.77 0.71 0
0.29 0.47 0.48 0.5 0.71 0.65 0.69 0
0.31 0.5 0.48 0.5 0.57 0.84 0.85 0
0.12 0.43 0.48 0.5 0.63 0.7 0.74 0
0.54 0.57 0.48 0.5 0.56 0.81 0.83 0
0.37 0.47 0.48 0.5 0.39 0.76 0.79 0
0.84 0.44 0.48 0.5 0.48 0.71 0.74 0
0.31 0.44 0.48 0.5 0.5 0.79 0.82 0
0.58 0.34 0.48 0.5 0.56 0.87 0.81 0
0.06 0.61 0.48 0.5 0.49 0.92 0.37 0
0.38 0.3 0.48 0.5 0.43 0.29 0.39 1
0.34 0.46 0.48 0.5 0.52 0.35 0.44 1
0.38 0.44 0.48 0.5 0.43 0.2 0.31 1
0.44 0.34 0.48 0.5 0.3 0.33 0.43 1
0.29 0.41 0.48 0.5 0.48 0.38 0.46 1
0.4 0.35 0.48 0.5 0.45 0.33 0.42 1
0.24 0.43 0.48 0.5 0.37 0.28 0.38 1
0.25 0.26 0.48 0.5 0.39 0.32 0.42 1
0.36 0.56 0.48 0.5 0.43 0.45 0.53 1
0.38 0.46 0.48 0.5 0.48 0.22 0.29 1
0.34 0.33 0.48 0.5 0.38 0.35 0.44 1
0.29 0.28 0.48 0.5 0.5 0.42 0.5 1
0.24 0.35 0.48 0.5 0.31 0.19 0.31 1
0.21 0.34 0.48 0.5 0.51 0.28 0.39 1
0.44 0.35 0.48 0.5 0.44 0.52 0.59 1
0.36 0.42 0.48 0.5 0.53 0.32 0.41 1
0.41 0.43 0.48 0.5 0.45 0.31 0.41 1
0.26 0.4 0.48 0.5 0.36 0.26 0.37 1
0.61 0.36 0.48 0.5 0.49 0.35 0.44 1
0.47 0.28 0.48 0.5 0.56 0.2 0.25 1
0.31 0.23 0.48 0.5 0.73 0.05 0.14 1
0.44 0.51 0.48 0.5 0.47 0.26 0.36 1
0.43 0.32 0.48 0.5 0.33 0.45 0.52 1
0.52 0.36 0.48 0.5 0.41 0.28 0.38 1
0.26 0.26 0.48 0.5 0.34 0.25 0.35 1
0.24 0.57 0.48 0.5 0.63 0.34 0.43 1
0.36 0.39 0.48 0.5 0.48 0.22 0.23 1
0.53 0.42 0.48 0.5 0.16 0.29 0.39 1
