0.63 0.47 0.48 0.5 0.51 0.82 0.84 0
0.72 0.46 0.48 0.5 0.51 0.66 0.7 0
0.47 0.55 0.48 0.5 0.58 0.71 0.75 0
0.64 0.58 0.48 0.5 0.48 0.78 0.73 0
0.66 0.53 0.48 0.5 0.59 0.66 0.66 0
0.11 0.5 0.48 0.5 0.58 0.72 0.68 0
0.36 0.45 0.48 0.5 0.38 0.79 0.17 0
0.71 0.52 0.48 0.5 0.64 1.0 0.99 0
0.51 0.5 0.48 0.5 0.46 0.32 0.35 1
0.25 0.4 0.48 0.5 0.46 0.44 0.52 1
0.29 0.52 0.48 0.5 0.42 0.29 0.39 1
0.33 0.45 0.48 0.5 0.52 0.32 0.41 1
0.52 0.36 0.48 0.5 0.41 0.28 0.38 1
0.24 0.43 0.48 0.5 0.37 0.28 0.38 1
0.44 0.28 0.48 0.5 0.43 0.27 0.37 1
0.29 0.41 0.48 0.5 0.48 0.38 0.46 1
0.41 0.43 0.48 0.5 0.45 0.31 0.41 1
0.34 0.42 0.48 0.5 0.41 0.34 0.43 1
0.51 0.49 0.48 0.5 0.53 0.14 0.26 1
0.25 0.26 0.48 0.5 0.39 0.32 0.42 1
0.24 0.41 0.48 0.5 0.49 0.23 0.34 1
0.34 0.51 0.48 0.5 0.44 0.37 0.46 1
