0.4 0.5 0.48 0.5 0.45 0.39 0.47 0
0.44 0.56 0.48 0.5 0.5 0.46 0.54 0
0.23 0.33 0.48 0.5 0.43 0.33 0.43 0
0.44 0.34 0.48 0.5 0.3 0.33 0.43 0
0.23 0.4 0.48 0.5 0.39 0.28 0.38 0
0.51 0.5 0.48 0.5 0.46 0.32 0.35 0
0.34 0.46 0.48 0.5 0.52 0.35 0.44 0
0.29 0.28 0.48 0.5 0.44 0.23 0.34 0
0.42 0.35 0.48 0.5 0.58 0.15 0.27 0
0.41 0.51 0.48 0.5 0.58 0.2 0.31 0
0.38 0.3 0.48 0.5 0.43 0.29 0.39 0
0.26 0.5 0.48 0.5 0.44 0.32 0.41 0
0.52 0.57 0.48 0.5 0.42 0.47 0.54 0
0.24 0.35 0.48 0.5 0.31 0.19 0.31 0
0.6 0.46 0.48 0.5 0.45 0.81 0.83 1
0.41 0.51 0.48 0.5 0.53 0.75 0.78 1
0.52 0.54 0.48 0.5 0.62 0.76 0.79 1
0.5 0.57 0.48 0.5 0.71 0.61 0.66 1
0.69 0.39 0.48 0.5 0.57 0.76 0.79 1
0.63 0.54 0.48 0.5 0.65 0.79 0.81 1
0.6 0.61 0.48 0.5 0.54 0.67 0.71 1
0.71 0.52 0.48 0.5 0.64 1.0 0.99 1
