63 4 0 2 69 0.9130434782608695 0.057971014492753624 0.0 0.028985507246376812 129 0 0 0 129 1.0 0.0 0.0 0.0 
63 4 0 2 69 0.9130434782608695 0.057971014492753624 0.0 0.028985507246376812 129 0 0 0 129 1.0 0.0 0.0 0.0 
64 3 0 2 69 0.927536231884058 0.043478260869565216 0.0 0.028985507246376812 129 0 0 0 129 1.0 0.0 0.0 0.0 
62 5 0 2 69 0.8985507246376812 0.07246376811594203 0.0 0.028985507246376812 129 0 0 0 129 1.0 0.0 0.0 0.0 
63 4 0 2 69 0.9130434782608695 0.057971014492753624 0.0 0.028985507246376812 129 0 0 0 129 1.0 0.0 0.0 0.0 
64 4 0 1 69 0.927536231884058 0.057971014492753624 0.0 0.014492753623188406 129 0 0 0 129 1.0 0.0 0.0 0.0 
62 5 0 2 69 0.8985507246376812 0.07246376811594203 0.0 0.028985507246376812 129 0 0 0 129 1.0 0.0 0.0 0.0 
66 3 0 1 70 0.9428571428571428 0.04285714285714286 0.0 0.014285714285714285 128 0 0 0 128 1.0 0.0 0.0 0.0 
67 1 0 2 70 0.9571428571428572 0.014285714285714285 0.0 0.02857142857142857 128 0 0 0 128 1.0 0.0 0.0 0.0 
65 3 0 2 70 0.9285714285714286 0.04285714285714286 0.0 0.02857142857142857 128 0 0 0 128 1.0 0.0 0.0 0.0 
