0.34 0.51 0.48 0.5 0.44 0.37 0.46 0
0.34 0.35 0.48 0.5 0.51 0.49 0.56 0
0.27 0.42 0.48 0.5 0.37 0.38 0.43 0
0.52 0.44 0.48 0.5 0.37 0.36 0.42 0
0.22 0.34 0.48 0.5 0.42 0.29 0.39 0
0.51 0.46 0.48 0.5 0.58 0.31 0.41 0
0.4 0.35 0.48 0.5 0.45 0.33 0.42 0
0.3 0.44 0.48 0.5 0.49 0.22 0.33 0
0.29 0.3 0.48 0.5 0.45 0.03 0.17 0
0.38 0.44 0.48 0.5 0.43 0.2 0.31 0
0.42 0.3 0.48 0.5 0.48 0.26 0.36 0
0.25 0.26 0.48 0.5 0.39 0.32 0.42 0
0.37 0.52 0.48 0.5 0.42 0.42 0.36 0
0.07 0.4 0.48 0.5 0.54 0.35 0.44 0
0.47 0.47 0.48 0.5 0.22 0.16 0.26 0
0.61 0.66 0.48 0.5 0.46 0.87 0.88 1
0.37 0.47 0.48 0.5 0.39 0.76 0.79 1
0.58 0.55 0.48 0.5 0.57 0.7 0.74 1
0.33 0.37 0.48 0.5 0.46 0.65 0.69 1
0.84 0.44 0.48 0.5 0.48 0.71 0.74 1
0.74 0.44 0.48 0.5 0.55 0.88 0.89 1
0.16 0.51 0.48 0.5 0.33 0.39 0.48 1
0.23 0.48 0.48 0.5 0.59 0.88 0.89 1
