63 5 0 1 69 0.9130434782608695 0.07246376811594203 0.0 0.014492753623188406 128 0 0 0 128 1.0 0.0 0.0 0.0 
64 3 0 2 69 0.927536231884058 0.043478260869565216 0.0 0.028985507246376812 128 0 0 0 128 1.0 0.0 0.0 0.0 
62 5 0 2 69 0.8985507246376812 0.07246376811594203 0.0 0.028985507246376812 128 0 0 0 128 1.0 0.0 0.0 0.0 
62 5 0 2 69 0.8985507246376812 0.07246376811594203 0.0 0.028985507246376812 129 0 0 0 129 1.0 0.0 0.0 0.0 
64 3 0 2 69 0.927536231884058 0.043478260869565216 0.0 0.028985507246376812 129 0 0 0 129 1.0 0.0 0.0 0.0 
63 4 0 2 69 0.9130434782608695 0.057971014492753624 0.0 0.028985507246376812 129 0 0 0 129 1.0 0.0 0.0 0.0 
64 3 0 2 69 0.927536231884058 0.043478260869565216 0.0 0.028985507246376812 128 1 0 0 129 0.9922480620155039 0.007751937984496124 0.0 0.0 
65 3 0 2 70 0.9285714285714286 0.04285714285714286 0.0 0.02857142857142857 129 0 0 0 129 1.0 0.0 0.0 0.0 
65 4 0 1 70 0.9285714285714286 0.05714285714285714 0.0 0.014285714285714285 129 0 0 0 129 1.0 0.0 0.0 0.0 
65 3 0 2 70 0.9285714285714286 0.04285714285714286 0.0 0.02857142857142857 128 1 0 0 129 0.9922480620155039 0.007751937984496124 0.0 0.0 
