0.37 0.44 0.48 0.5 0.42 0.39 0.47 0
0.41 0.48 0.48 0.5 0.51 0.44 0.51 0
0.29 0.41 0.48 0.5 0.48 0.38 0.46 0
0.56 0.4 0.48 0.5 0.49 0.37 0.46 0
0.23 0.34 0.48 0.5 0.43 0.26 0.37 0
0.49 0.43 0.48 0.5 0.49 0.3 0.4 0
0.43 0.39 0.48 0.5 0.47 0.31 0.41 0
0.28 0.33 0.48 0.5 0.45 0.22 0.33 0
0.3 0.16 0.48 0.5 0.56 0.11 0.23 0
0.41 0.43 0.48 0.5 0.5 0.24 0.25 0
0.34 0.45 0.48 0.5 0.38 0.24 0.35 0
0.37 0.52 0.48 0.5 0.42 0.42 0.36 0
0.49 0.29 0.48 0.5 0.56 0.24 0.35 0
0.34 0.42 0.48 0.5 0.41 0.34 0.43 0
0.25 0.26 0.48 0.5 0.39 0.32 0.42 0
0.43 0.32 0.48 0.5 0.33 0.45 0.52 0
0.64 0.76 0.48 0.5 0.45 0.35 0.38 0
0.47 0.28 0.48 0.5 0.56 0.2 0.25 0
0.07 0.4 0.48 0.5 0.54 0.35 0.44 0
0.35 0.37 0.48 0.5 0.3 0.34 0.43 0
0.43 0.4 0.48 0.5 0.39 0.28 0.39 0
0.38 0.4 0.48 0.5 0.63 0.25 0.35 0
0.25 0.4 0.48 0.5 0.46 0.44 0.52 0
0.17 0.52 0.48 0.5 0.49 0.37 0.46 0
0.34 0.55 0.48 0.5 0.58 0.31 0.41 0
0.25 0.48 0.48 0.5 0.44 0.17 0.29 0
0.26 0.26 0.48 0.5 0.34 0.25 0.35 0
0.34 0.46 0.48 0.5 0.52 0.35 0.44 0
0.46 0.61 0.48 0.5 0.48 0.86 0.87 1
0.31 0.44 0.48 0.5 0.5 0.79 0.82 1
0.47 0.59 0.48 0.5 0.52 0.76 0.79 1
0.52 0.54 0.48 0.5 0.62 0.76 0.79 1
0.5 0.37 0.48 0.5 0.66 0.64 0.69 1
0.34 0.49 0.48 0.5 0.58 0.85 0.8 1
0.89 0.55 0.48 0.5 0.51 0.72 0.76 1
0.63 0.5 0.48 0.5 0.59 0.85 0.86 1
0.52 0.39 0.48 0.5 0.65 0.71 0.73 1
0.3 0.51 0.48 0.5 0.42 0.61 0.34 1
0.54 0.57 0.48 0.5 0.56 0.81 0.83 1
0.46 0.59 0.48 0.5 0.36 0.76 0.23 1
0.31 0.36 0.48 0.5 0.58 0.94 0.94 1
0.72 0.46 0.48 0.5 0.51 0.66 0.7 1
0.6 0.61 0.48 0.5 0.54 0.67 0.71 1
