0.4 0.46 0.48 0.5 0.42 0.35 0.44 0
0.5 0.49 0.48 0.5 0.49 0.46 0.53 0
0.25 0.37 0.48 0.5 0.41 0.33 0.42 0
0.51 0.54 0.48 0.5 0.41 0.34 0.43 0
0.23 0.32 0.48 0.5 0.55 0.25 0.35 0
0.52 0.36 0.48 0.5 0.41 0.28 0.38 0
0.39 0.31 0.48 0.5 0.38 0.34 0.43 0
0.18 0.3 0.48 0.5 0.46 0.24 0.35 0
0.38 0.26 0.48 0.5 0.54 0.16 0.28 0
0.41 0.57 0.48 0.5 0.39 0.21 0.32 0
0.38 0.4 0.48 0.5 0.63 0.25 0.35 0
0.32 0.42 0.48 0.5 0.35 0.28 0.38 0
0.43 0.32 0.48 0.5 0.33 0.45 0.52 0
0.0 0.38 0.48 0.5 0.42 0.48 0.55 0
0.63 0.5 0.48 0.5 0.59 0.85 0.86 1
0.34 0.49 0.48 0.5 0.58 0.85 0.8 1
0.52 0.39 0.48 0.5 0.65 0.71 0.73 1
0.12 0.43 0.48 0.5 0.63 0.7 0.74 1
0.7 0.46 0.48 0.5 0.56 0.78 0.73 1
0.55 0.47 0.48 0.5 0.57 0.78 0.8 1
0.0 0.51 0.48 0.5 0.35 0.67 0.44 1
0.06 0.61 0.48 0.5 0.49 0.92 0.37 1
