0.52 0.39 0.48 0.5 0.65 0.71 0.73 0
0.5 0.37 0.48 0.5 0.66 0.64 0.69 0
0.63 0.54 0.48 0.5 0.65 0.79 0.81 0
0.34 0.67 0.48 0.5 0.52 0.76 0.79 0
0.31 0.36 0.48 0.5 0.58 0.94 0.94 0
0.0 0.51 0.48 0.5 0.35 0.67 0.44 0
0.61 0.47 0.48 0.5 0.0 0.8 0.32 0
0.67 0.39 0.48 0.5 0.36 0.38 0.46 1
0.2 0.44 0.48 0.5 0.46 0.51 0.57 1
0.21 0.51 0.48 0.5 0.5 0.32 0.41 1
0.53 0.38 0.48 0.5 0.44 0.26 0.36 1
0.32 0.42 0.48 0.5 0.35 0.28 0.38 1
0.38 0.46 0.48 0.5 0.48 0.22 0.29 1
0.3 0.37 0.48 0.5 0.59 0.41 0.49 1
0.61 0.45 0.48 0.5 0.48 0.35 0.41 1
0.43 0.4 0.48 0.5 0.39 0.28 0.39 1
0.23 0.58 0.48 0.5 0.37 0.53 0.59 1
0.18 0.3 0.48 0.5 0.46 0.24 0.35 1
0.41 0.43 0.48 0.5 0.5 0.24 0.25 1
0.41 0.51 0.48 0.5 0.58 0.2 0.31 1
0.4 0.46 0.48 0.5 0.42 0.35 0.44 1
0.4 0.41 0.48 0.5 0.55 0.22 0.33 1
