0.34 0.51 0.48 0.5 0.44 0.37 0.46 0
0.34 0.35 0.48 0.5 0.51 0.49 0.56 0
0.27 0.42 0.48 0.5 0.37 0.38 0.43 0
0.52 0.44 0.48 0.5 0.37 0.36 0.42 0
0.22 0.34 0.48 0.5 0.42 0.29 0.39 0
0.51 0.46 0.48 0.5 0.58 0.31 0.41 0
0.43 0.37 0.48 0.5 0.53 0.35 0.44 0
0.3 0.44 0.48 0.5 0.49 0.22 0.33 0
0.29 0.3 0.48 0.5 0.45 0.03 0.17 0
0.38 0.44 0.48 0.5 0.43 0.2 0.31 0
0.41 0.51 0.48 0.5 0.58 0.2 0.31 0
0.4 0.46 0.48 0.5 0.42 0.35 0.44 0
0.42 0.3 0.48 0.5 0.48 0.26 0.36 0
0.34 0.33 0.48 0.5 0.38 0.35 0.44 0
0.25 0.4 0.48 0.5 0.47 0.33 0.42 0
0.44 0.27 0.48 0.5 0.55 0.52 0.58 0
0.51 0.5 0.48 0.5 0.46 0.32 0.35 0
0.33 0.47 0.48 0.5 0.53 0.18 0.29 0
0.24 0.34 0.48 0.5 0.38 0.3 0.4 0
0.54 0.47 0.48 0.5 0.28 0.33 0.42 0
0.44 0.42 0.48 0.5 0.42 0.25 0.2 0
0.23 0.32 0.48 0.5 0.55 0.25 0.35 0
0.36 0.56 0.48 0.5 0.43 0.45 0.53 0
0.26 0.5 0.48 0.5 0.44 0.32 0.41 0
0.31 0.47 0.48 0.5 0.29 0.28 0.39 0
0.47 0.47 0.48 0.5 0.22 0.16 0.26 0
0.5 0.51 0.48 0.5 0.27 0.23 0.34 0
0.3 0.37 0.48 0.5 0.59 0.41 0.49 0
0.24 0.35 0.48 0.5 0.31 0.19 0.31 0
0.61 0.66 0.48 0.5 0.46 0.87 0.88 1
0.37 0.47 0.48 0.5 0.39 0.76 0.79 1
0.58 0.55 0.48 0.5 0.57 0.7 0.74 1
0.49 0.42 0.48 0.5 0.53 0.79 0.81 1
0.33 0.37 0.48 0.5 0.46 0.65 0.69 1
0.27 0.35 0.48 0.5 0.51 0.77 0.79 1
0.84 0.44 0.48 0.5 0.48 0.71 0.74 1
0.74 0.44 0.48 0.5 0.55 0.88 0.89 1
0.39 0.41 0.48 0.5 0.52 0.72 0.75 1
0.16 0.51 0.48 0.5 0.33 0.39 0.48 1
0.59 0.56 0.48 0.5 0.55 0.8 0.82 1
0.0 0.51 0.48 0.5 0.35 0.67 0.44 1
0.33 0.45 0.48 0.5 0.45 0.88 0.89 1
0.63 0.65 0.48 0.5 0.66 0.67 0.71 1
0.11 0.5 0.48 0.5 0.58 0.72 0.68 1
0.61 0.47 0.48 0.5 0.0 0.8 0.32 1
