9.4 0.3 0.56 2.8 0.08 6.0 17.0 0.9964 3.15 0.92 11.7 0
5.5 0.49 0.03 1.8 0.044 28.0 87.0 0.9908 3.5 0.82 14.0 0
7.2 0.38 0.31 2.0 0.056 15.0 29.0 0.99472 3.23 0.76 11.3 0
10.3 0.32 0.45 6.4 0.073 5.0 13.0 0.9976 3.23 0.82 12.6 0
8.0 0.45 0.23 2.2 0.094 16.0 29.0 0.9962 3.21 0.49 10.2 1
11.6 0.475 0.4 1.4 0.091 6.0 28.0 0.99704 3.07 0.65 10.0333333333333 1
11.9 0.38 0.51 2.0 0.121 7.0 20.0 0.9996 3.24 0.76 10.4 1
7.2 0.36 0.46 2.1 0.074 24.0 44.0 0.99534 3.4 0.85 11.0 1
5.4 0.42 0.27 2.0 0.092 23.0 55.0 0.99471 3.78 0.64 12.3 1
7.4 0.25 0.29 2.2 0.054 19.0 49.0 0.99666 3.4 0.76 10.9 1
7.8 0.545 0.12 2.5 0.068 11.0 35.0 0.996 3.34 0.61 11.6 1
7.4 0.29 0.38 1.7 0.062 9.0 30.0 0.9968 3.41 0.53 9.5 1
5.4 0.74 0.0 1.2 0.041 16.0 46.0 0.99258 4.01 0.59 12.5 1
7.6 0.43 0.4 2.7 0.082 6.0 11.0 0.99538 3.44 0.54 12.2 1
5.7 0.6 0.0 1.4 0.063 11.0 18.0 0.99191 3.45 0.56 12.2 1
7.3 0.65 0.0 1.2 0.065 15.0 21.0 0.9946 3.39 0.47 10.0 1
7.2 0.645 0.0 1.9 0.097 15.0 39.0 0.99675 3.37 0.58 9.2 1
8.1 0.545 0.18 1.9 0.08 13.0 35.0 0.9972 3.3 0.59 9.0 1
6.9 0.45 0.11 2.4 0.043 6.0 12.0 0.99354 3.3 0.65 11.4 1
9.3 0.5 0.36 1.8 0.084 6.0 17.0 0.99704 3.27 0.77 10.8 1
8.9 0.59 0.5 2.0 0.337 27.0 81.0 0.9964 3.04 1.61 9.5 1
7.2 0.66 0.33 2.5 0.068 34.0 102.0 0.99414 3.27 0.78 12.8 1
8.7 0.63 0.28 2.7 0.096 17.0 69.0 0.99734 3.26 0.63 10.2 1
12.2 0.34 0.5 2.4 0.066 10.0 21.0 1.0 3.12 1.18 9.2 1
7.9 0.545 0.06 4.0 0.087 27.0 61.0 0.9965 3.36 0.67 10.7 1
7.6 0.51 0.15 2.8 0.11 33.0 73.0 0.9955 3.17 0.63 10.2 1
8.0 0.42 0.17 2.0 0.073 6.0 18.0 0.9972 3.29 0.61 9.2 1
6.9 0.51 0.23 2.0 0.072 13.0 22.0 0.99438 3.4 0.84 11.2 1
10.6 0.31 0.49 2.5 0.067 6.0 21.0 0.9987 3.26 0.86 10.7 1
6.4 0.38 0.14 2.2 0.038 15.0 25.0 0.99514 3.44 0.65 11.1 1
9.1 0.29 0.33 2.05 0.063 13.0 27.0 0.99516 3.26 0.84 11.7 1
7.2 0.34 0.21 2.5 0.075 41.0 68.0 0.99586 3.37 0.54 10.1 1
7.8 0.32 0.44 2.7 0.104 8.0 17.0 0.99732 3.33 0.78 11.0 1
8.0 0.31 0.45 2.1 0.216 5.0 16.0 0.99358 3.15 0.81 12.5 1
12.9 0.35 0.49 5.8 0.066 5.0 35.0 1.0014 3.2 0.66 12.0 1
7.3 0.66 0.0 2.0 0.084 6.0 23.0 0.9983 3.61 0.96 9.9 1
7.3 0.34 0.33 2.5 0.064 21.0 37.0 0.9952 3.35 0.77 12.1 1
5.1 0.47 0.02 1.3 0.034 18.0 44.0 0.9921 3.9 0.62 12.8 1
10.5 0.43 0.35 3.3 0.092 24.0 70.0 0.99798 3.21 0.69 10.5 1
10.4 0.26 0.48 1.9 0.066 6.0 10.0 0.99724 3.33 0.87 10.9 1
9.0 0.46 0.31 2.8 0.093 19.0 98.0 0.99815 3.32 0.63 9.5 1
6.7 0.46 0.24 1.7 0.077 18.0 34.0 0.9948 3.39 0.6 10.6 1
8.0 0.25 0.43 1.7 0.067 22.0 50.0 0.9946 3.38 0.6 11.9 1
6.1 0.53 0.08 1.9 0.077 24.0 45.0 0.99528 3.6 0.68 10.3 1
7.9 0.29 0.49 2.2 0.096 21.0 59.0 0.99714 3.31 0.67 10.1 1
4.7 0.6 0.17 2.3 0.058 17.0 106.0 0.9932 3.85 0.6 12.9 1
8.7 0.48 0.3 2.8 0.066 10.0 28.0 0.9964 3.33 0.67 11.2 1
7.9 0.4 0.3 1.8 0.157 2.0 45.0 0.99727 3.31 0.91 9.5 1
7.2 0.62 0.01 2.3 0.065 8.0 46.0 0.99332 3.32 0.51 11.8 1
7.0 0.65 0.02 2.1 0.066 8.0 25.0 0.9972 3.47 0.67 9.5 1
7.7 0.23 0.37 1.8 0.046 23.0 60.0 0.9971 3.41 0.71 12.1 1
10.4 0.52 0.45 2.0 0.08 6.0 13.0 0.99774 3.22 0.76 11.4 1
7.0 0.43 0.02 1.9 0.08 15.0 28.0 0.99492 3.35 0.81 10.6 1
6.7 0.42 0.27 8.6 0.068 24.0 148.0 0.9948 3.16 0.57 11.3 1
7.3 0.67 0.02 2.2 0.072 31.0 92.0 0.99566 3.32 0.68 11.1 1
8.5 0.18 0.51 1.75 0.071 45.0 88.0 0.99524 3.33 0.76 11.8 1
7.8 0.5 0.3 1.9 0.075 8.0 22.0 0.9959 3.31 0.56 10.4 1
10.2 0.49 0.63 2.9 0.072 10.0 26.0 0.9968 3.16 0.78 12.5 1
6.9 0.49 0.19 1.7 0.079 13.0 26.0 0.99547 3.38 0.64 9.8 1
6.0 0.31 0.47 3.6 0.067 18.0 42.0 0.99549 3.39 0.66 11.0 1
6.3 0.68 0.01 3.7 0.103 32.0 54.0 0.99586 3.51 0.66 11.3 1
8.2 0.635 0.1 2.1 0.073 25.0 60.0 0.99638 3.29 0.75 10.9 1
7.8 0.46 0.26 1.9 0.088 23.0 53.0 0.9981 3.43 0.74 9.2 1
8.4 0.37 0.43 2.3 0.063 12.0 19.0 0.9955 3.17 0.81 11.2 1
8.9 0.38 0.4 2.2 0.068 12.0 28.0 0.99486 3.27 0.75 12.6 1
5.9 0.44 0.0 1.6 0.042 3.0 11.0 0.9944 3.48 0.85 11.7 1
11.9 0.57 0.5 2.6 0.082 6.0 32.0 1.0006 3.12 0.78 10.7 1
8.5 0.28 0.35 1.7 0.061 6.0 15.0 0.99524 3.3 0.74 11.8 1
6.3 0.98 0.01 2.0 0.057 15.0 33.0 0.99488 3.6 0.46 11.2 1
10.7 0.4 0.48 2.1 0.125 15.0 49.0 0.998 3.03 0.81 9.7 1
7.4 0.63 0.07 2.4 0.09 11.0 37.0 0.9979 3.43 0.76 9.7 1
9.9 0.53 0.57 2.4 0.093 30.0 52.0 0.9971 3.19 0.76 11.6 1
9.4 0.43 0.24 2.8 0.092 14.0 45.0 0.998 3.19 0.73 10.0 1
6.4 0.67 0.08 2.1 0.045 19.0 48.0 0.9949 3.49 0.49 11.4 1
8.1 0.29 0.36 2.2 0.048 35.0 53.0 0.995 3.27 1.01 12.4 1
6.4 0.57 0.12 2.3 0.12 25.0 36.0 0.99519 3.47 0.71 11.3 1
6.8 0.65 0.02 2.1 0.078 8.0 15.0 0.99498 3.35 0.62 10.4 1
6.9 0.74 0.03 2.3 0.054 7.0 16.0 0.99508 3.45 0.63 11.5 1
7.8 0.91 0.07 1.9 0.058 22.0 47.0 0.99525 3.51 0.43 10.7 1
6.1 0.21 0.4 1.4 0.066 40.5 165.0 0.9912 3.25 0.59 11.9 1
6.2 0.39 0.43 2.0 0.071 14.0 24.0 0.99428 3.45 0.87 11.2 1
7.3 0.4 0.3 1.7 0.08 33.0 79.0 0.9969 3.41 0.65 9.5 1
8.3 0.61 0.3 2.1 0.084 11.0 50.0 0.9972 3.4 0.61 10.2 1
8.0 0.705 0.05 1.9 0.074 8.0 19.0 0.9962 3.34 0.95 10.5 1
11.4 0.625 0.66 6.2 0.088 6.0 24.0 0.9988 3.11 0.99 13.3 1
7.1 0.59 0.01 2.3 0.08 27.0 43.0 0.9955 3.42 0.58 10.7 1
6.8 0.64 0.0 2.7 0.123 15.0 33.0 0.99538 3.44 0.63 11.3 1
11.5 0.3 0.6 2.0 0.067 12.0 27.0 0.9981 3.11 0.97 10.1 1
9.2 0.41 0.5 2.5 0.055 12.0 25.0 0.9952 3.34 0.79 13.3 1
6.8 0.57 0.0 2.5 0.072 32.0 64.0 0.99491 3.43 0.56 11.2 1
8.0 0.58 0.16 2.0 0.12 3.0 7.0 0.99454 3.22 0.58 11.2 1
7.2 0.52 0.07 1.4 0.074 5.0 20.0 0.9973 3.32 0.81 9.6 1
6.9 0.49 0.1 2.3 0.074 12.0 30.0 0.9959 3.42 0.58 10.2 1
10.2 0.33 0.46 1.9 0.081 6.0 9.0 0.99628 3.1 0.48 10.4 1
7.6 0.78 0.0 1.7 0.076 33.0 45.0 0.99612 3.31 0.62 10.7 1
7.6 0.48 0.31 2.8 0.07 4.0 15.0 0.99693 3.22 0.55 10.3 1
10.1 0.43 0.4 2.6 0.092 13.0 52.0 0.99834 3.22 0.64 10.0 1
7.7 0.63 0.08 1.9 0.076 15.0 27.0 0.9967 3.32 0.54 9.5 1
12.6 0.38 0.66 2.6 0.088 10.0 41.0 1.001 3.17 0.68 9.8 1
11.8 0.33 0.49 3.4 0.093 54.0 80.0 1.0002 3.3 0.76 10.7 1
8.8 0.33 0.41 5.9 0.073 7.0 13.0 0.99658 3.3 0.62 12.1 1
8.2 0.33 0.39 2.5 0.074 29.0 48.0 0.99528 3.32 0.88 12.4 1
7.4 0.62 0.05 1.9 0.068 24.0 42.0 0.9961 3.42 0.57 11.5 1
4.9 0.42 0.0 2.1 0.048 16.0 42.0 0.99154 3.71 0.74 14.0 1
10.0 0.48 0.24 2.7 0.102 13.0 32.0 1.0 3.28 0.56 10.0 1
7.3 0.51 0.18 2.1 0.07 12.0 28.0 0.99768 3.52 0.73 9.5 1
7.5 0.31 0.41 2.4 0.065 34.0 60.0 0.99492 3.34 0.85 11.4 1
11.6 0.53 0.66 3.65 0.121 6.0 14.0 0.9978 3.05 0.74 11.5 1
8.2 0.28 0.4 2.4 0.052 4.0 10.0 0.99356 3.33 0.7 12.8 1
6.6 0.44 0.09 2.2 0.063 9.0 18.0 0.99444 3.42 0.69 11.3 1
7.9 0.57 0.31 2.0 0.079 10.0 79.0 0.99677 3.29 0.69 9.5 1
10.0 0.42 0.5 3.4 0.107 7.0 21.0 0.9979 3.26 0.93 11.8 1
6.6 0.815 0.02 2.7 0.072 17.0 34.0 0.9955 3.58 0.89 12.3 1
11.6 0.44 0.64 2.1 0.059 5.0 15.0 0.998 3.21 0.67 10.2 1
7.8 0.58 0.13 2.1 0.102 17.0 36.0 0.9944 3.24 0.53 11.2 1
7.2 0.25 0.37 2.5 0.063 11.0 41.0 0.99439 3.52 0.8 12.4 1
6.8 0.67 0.15 1.8 0.118 13.0 20.0 0.9954 3.42 0.67 11.3 1
9.0 0.53 0.49 1.9 0.171 6.0 25.0 0.9975 3.27 0.61 9.4 1
6.6 0.855 0.02 2.4 0.062 15.0 23.0 0.99627 3.54 0.6 11.0 1
10.5 0.28 0.51 1.7 0.08 10.0 24.0 0.9982 3.2 0.89 9.4 1
7.0 0.64 0.02 2.1 0.067 9.0 23.0 0.997 3.47 0.67 9.4 1
8.0 0.725 0.24 2.8 0.083 10.0 62.0 0.99685 3.35 0.56 10.0 1
7.4 0.6 0.26 2.1 0.083 17.0 91.0 0.99616 3.29 0.56 9.8 1
7.2 0.5 0.18 2.1 0.071 12.0 31.0 0.99761 3.52 0.72 9.6 1
6.3 0.3 0.48 1.8 0.069 18.0 61.0 0.9959 3.44 0.78 10.3 1
7.7 0.715 0.01 2.1 0.064 31.0 43.0 0.99371 3.41 0.57 11.8 1
10.9 0.53 0.49 4.6 0.118 10.0 17.0 1.0002 3.07 0.56 11.7 1
7.1 0.59 0.02 2.3 0.082 24.0 94.0 0.99744 3.55 0.53 9.7 1
10.2 0.645 0.36 1.8 0.053 5.0 14.0 0.9982 3.17 0.42 10.0 1
7.9 0.3 0.68 8.3 0.05 37.5 278.0 0.99316 3.01 0.51 12.3 1
8.0 0.77 0.32 2.1 0.079 16.0 74.0 0.99656 3.27 0.5 9.8 1
7.6 0.54 0.02 1.7 0.085 17.0 31.0 0.99589 3.37 0.51 10.4 1
7.3 0.305 0.39 1.2 0.059 7.0 11.0 0.99331 3.29 0.52 11.5 1
8.8 0.27 0.46 2.1 0.095 20.0 29.0 0.99488 3.26 0.56 11.3 1
7.1 0.75 0.01 2.2 0.059 11.0 18.0 0.99242 3.39 0.4 12.8 1
6.8 0.36 0.32 1.8 0.067 4.0 8.0 0.9928 3.36 0.55 12.8 1
10.2 0.44 0.58 4.1 0.092 11.0 24.0 0.99745 3.29 0.99 12.0 1
8.5 0.34 0.4 4.7 0.055 3.0 9.0 0.99738 3.38 0.66 11.6 1
6.4 0.56 0.15 1.8 0.078 17.0 65.0 0.99294 3.33 0.6 10.5 1
11.6 0.23 0.57 1.8 0.074 3.0 8.0 0.9981 3.14 0.7 9.9 1
7.2 0.63 0.03 2.2 0.08 17.0 88.0 0.99745 3.53 0.58 9.8 1
9.4 0.5 0.34 3.6 0.082 5.0 14.0 0.9987 3.29 0.52 10.7 1
11.4 0.26 0.44 3.6 0.071 6.0 19.0 0.9986 3.12 0.82 9.3 1
12.0 0.38 0.56 2.1 0.093 6.0 24.0 0.99925 3.14 0.71 10.9 1
11.2 0.66 0.24 2.5 0.085 16.0 53.0 0.9993 3.06 0.72 11.0 1
6.6 0.58 0.0 2.2 0.1 50.0 63.0 0.99544 3.59 0.68 11.4 1
9.5 0.46 0.49 6.3 0.064 5.0 17.0 0.9988 3.21 0.73 11.0 1
9.6 0.42 0.35 2.1 0.083 17.0 38.0 0.99622 3.23 0.66 11.1 1
9.3 0.775 0.27 2.8 0.078 24.0 56.0 0.9984 3.31 0.67 10.6 1
6.9 0.4 0.14 2.4 0.085 21.0 40.0 0.9968 3.43 0.63 9.7 1
15.0 0.21 0.44 2.2 0.075 10.0 24.0 1.00005 3.07 0.84 9.2 1
7.1 0.69 0.08 2.1 0.063 42.0 52.0 0.99608 3.42 0.6 10.2 1
7.9 0.19 0.42 1.6 0.057 18.0 30.0 0.994 3.29 0.69 11.2 1
7.0 0.69 0.0 1.9 0.114 3.0 10.0 0.99636 3.35 0.6 9.7 1
6.4 0.69 0.0 1.65 0.055 7.0 12.0 0.99162 3.47 0.53 12.9 1
10.9 0.21 0.49 2.8 0.088 11.0 32.0 0.9972 3.22 0.68 11.7 1
6.7 0.855 0.02 1.9 0.064 29.0 38.0 0.99472 3.3 0.56 10.75 1
8.9 0.4 0.32 5.6 0.087 10.0 47.0 0.9991 3.38 0.77 10.5 1
7.9 1.04 0.05 2.2 0.084 13.0 29.0 0.9959 3.22 0.55 9.9 1
13.8 0.49 0.67 3.0 0.093 6.0 15.0 0.9986 3.02 0.93 12.0 1
7.0 0.43 0.3 2.0 0.085 6.0 39.0 0.99346 3.33 0.46 11.9 1
7.8 0.645 0.0 5.5 0.086 5.0 18.0 0.9986 3.4 0.55 9.6 1
7.6 0.31 0.34 2.5 0.082 26.0 35.0 0.99356 3.22 0.59 12.5 1
8.2 0.51 0.24 2.0 0.079 16.0 86.0 0.99764 3.34 0.64 9.5 1
7.8 0.52 0.25 1.9 0.081 14.0 38.0 0.9984 3.43 0.65 9.0 1
11.6 0.41 0.54 1.5 0.095 22.0 41.0 0.99735 3.02 0.76 9.9 1
13.7 0.415 0.68 2.9 0.085 17.0 43.0 1.0014 3.06 0.8 10.0 1
9.1 0.76 0.68 1.7 0.414 18.0 64.0 0.99652 2.9 1.33 9.1 1
7.6 0.4 0.29 1.9 0.078 29.0 66.0 0.9971 3.45 0.59 9.5 1
11.9 0.4 0.65 2.15 0.068 7.0 27.0 0.9988 3.06 0.68 11.3 1
8.2 0.31 0.4 2.2 0.058 6.0 10.0 0.99536 3.31 0.68 11.2 1
5.9 0.61 0.08 2.1 0.071 16.0 24.0 0.99376 3.56 0.77 11.1 1
