10.7 0.35 0.53 2.6 0.07 5.0 16.0 0.9972 3.15 0.65 11.0 0
5.0 0.42 0.24 2.0 0.06 19.0 50.0 0.9917 3.72 0.74 14.0 0
9.1 0.4 0.5 1.8 0.071 7.0 16.0 0.99462 3.21 0.69 12.5 0
7.5 0.64 0.0 2.4 0.077 18.0 29.0 0.9965 3.32 0.6 10.0 1
9.0 0.8 0.12 2.4 0.083 8.0 28.0 0.99836 3.33 0.65 10.4 1
10.6 0.36 0.57 2.3 0.087 6.0 20.0 0.99676 3.14 0.72 11.1 1
7.2 0.36 0.46 2.1 0.074 24.0 44.0 0.99534 3.4 0.85 11.0 1
10.4 0.41 0.55 3.2 0.076 22.0 54.0 0.9996 3.15 0.89 9.9 1
8.6 0.45 0.31 2.6 0.086 21.0 50.0 0.9982 3.37 0.91 9.9 1
13.2 0.46 0.52 2.2 0.071 12.0 35.0 1.0006 3.1 0.56 9.0 1
10.1 0.31 0.35 1.6 0.075 9.0 28.0 0.99672 3.24 0.83 11.2 1
8.2 0.26 0.34 2.5 0.073 16.0 47.0 0.99594 3.4 0.78 11.3 1
7.3 0.305 0.39 1.2 0.059 7.0 11.0 0.99331 3.29 0.52 11.5 1
7.7 0.58 0.01 1.8 0.088 12.0 18.0 0.99568 3.32 0.56 10.5 1
7.0 0.22 0.3 1.8 0.065 16.0 20.0 0.99672 3.61 0.82 10.0 1
7.2 0.63 0.0 1.9 0.097 14.0 38.0 0.99675 3.37 0.58 9.0 1
7.0 0.55 0.13 2.2 0.075 15.0 35.0 0.9959 3.36 0.59 9.7 1
7.5 0.38 0.57 2.3 0.106 5.0 12.0 0.99605 3.36 0.55 11.4 1
10.8 0.4 0.41 2.2 0.084 7.0 17.0 0.9984 3.08 0.67 9.3 1
5.0 0.4 0.5 4.3 0.046 29.0 80.0 0.9902 3.49 0.66 13.6 1
8.0 0.18 0.37 0.9 0.049 36.0 109.0 0.99007 2.89 0.44 12.7 1
10.1 0.65 0.37 5.1 0.11 11.0 65.0 1.0026 3.32 0.64 10.4 1
8.9 0.12 0.45 1.8 0.075 10.0 21.0 0.99552 3.41 0.76 11.9 1
5.2 0.34 0.0 1.8 0.05 27.0 63.0 0.9916 3.68 0.79 14.0 1
5.2 0.49 0.26 2.3 0.09 23.0 74.0 0.9953 3.71 0.62 12.2 1
9.4 0.27 0.53 2.4 0.074 6.0 18.0 0.9962 3.2 1.13 12.0 1
6.6 0.855 0.02 2.4 0.062 15.0 23.0 0.99627 3.54 0.6 11.0 1
7.8 0.5 0.12 1.8 0.178 6.0 21.0 0.996 3.28 0.87 9.8 1
9.1 0.3 0.34 2.0 0.064 12.0 25.0 0.99516 3.26 0.84 11.7 1
6.2 0.7 0.15 5.1 0.076 13.0 27.0 0.99622 3.54 0.6 11.9 1
10.6 0.5 0.45 2.6 0.119 34.0 68.0 0.99708 3.23 0.72 10.9 1
6.5 0.9 0.0 1.6 0.052 9.0 17.0 0.99467 3.5 0.63 10.9 1
8.9 0.43 0.45 1.9 0.052 6.0 16.0 0.9948 3.35 0.7 12.5 1
8.2 1.0 0.09 2.3 0.065 7.0 37.0 0.99685 3.32 0.55 9.0 1
7.7 0.915 0.12 2.2 0.143 7.0 23.0 0.9964 3.35 0.65 10.2 1
6.9 0.685 0.0 2.5 0.105 22.0 37.0 0.9966 3.46 0.57 10.6 1
8.6 0.83 0.0 2.8 0.095 17.0 43.0 0.99822 3.33 0.6 10.4 1
12.4 0.35 0.49 2.6 0.079 27.0 69.0 0.9994 3.12 0.75 10.4 1
9.1 0.21 0.37 1.6 0.067 6.0 10.0 0.99552 3.23 0.58 11.1 1
9.2 0.755 0.18 2.2 0.148 10.0 103.0 0.9969 2.87 1.36 10.2 1
6.7 0.46 0.24 1.7 0.077 18.0 34.0 0.9948 3.39 0.6 10.6 1
9.6 0.54 0.42 2.4 0.081 25.0 52.0 0.997 3.2 0.71 11.4 1
12.3 0.27 0.49 3.1 0.079 28.0 46.0 0.9993 3.2 0.8 10.2 1
8.2 0.59 0.0 2.5 0.093 19.0 58.0 1.0002 3.5 0.65 9.3 1
7.7 0.58 0.1 1.8 0.102 28.0 109.0 0.99565 3.08 0.49 9.8 1
7.5 0.55 0.24 2.0 0.078 10.0 28.0 0.9983 3.45 0.78 9.5 1
6.8 0.63 0.07 2.1 0.089 11.0 44.0 0.9953 3.47 0.55 10.4 1
8.9 0.4 0.32 5.6 0.087 10.0 47.0 0.9991 3.38 0.77 10.5 1
6.1 0.4 0.16 1.8 0.069 11.0 25.0 0.9955 3.42 0.74 10.1 1
7.8 0.34 0.37 2.0 0.082 24.0 58.0 0.9964 3.34 0.59 9.4 1
10.2 0.29 0.49 2.6 0.059 5.0 13.0 0.9976 3.05 0.74 10.5 1
6.5 0.63 0.33 1.8 0.059 16.0 28.0 0.99531 3.36 0.64 10.1 1
8.0 0.18 0.37 0.9 0.049 36.0 109.0 0.99007 2.89 0.44 12.7 1
8.1 0.53 0.22 2.2 0.078 33.0 89.0 0.99678 3.26 0.46 9.6 1
7.0 0.69 0.08 1.8 0.097 22.0 89.0 0.9959 3.34 0.54 9.2 1
10.5 0.24 0.42 1.8 0.077 6.0 22.0 0.9976 3.21 1.05 10.8 1
7.4 0.35 0.33 2.4 0.068 9.0 26.0 0.9947 3.36 0.6 11.9 1
6.5 0.51 0.15 3.0 0.064 12.0 27.0 0.9929 3.33 0.59 12.8 1
7.7 0.6 0.06 2.0 0.079 19.0 41.0 0.99697 3.39 0.62 10.1 1
10.7 0.52 0.38 2.6 0.066 29.0 56.0 0.99577 3.15 0.79 12.1 1
8.9 0.22 0.48 1.8 0.077 29.0 60.0 0.9968 3.39 0.53 9.4 1
7.1 0.46 0.2 1.9 0.077 28.0 54.0 0.9956 3.37 0.64 10.4 1
10.4 0.43 0.5 2.3 0.068 13.0 19.0 0.996 3.1 0.87 11.4 1
7.2 0.45 0.15 2.0 0.078 10.0 28.0 0.99609 3.29 0.51 9.9 1
5.6 0.66 0.0 2.2 0.087 3.0 11.0 0.99378 3.71 0.63 12.8 1
8.7 0.54 0.26 2.5 0.097 7.0 31.0 0.9976 3.27 0.6 9.3 1
11.3 0.34 0.45 2.0 0.082 6.0 15.0 0.9988 2.94 0.66 9.2 1
10.3 0.27 0.24 2.1 0.072 15.0 33.0 0.9956 3.22 0.66 12.8 1
8.9 0.745 0.18 2.5 0.077 15.0 48.0 0.99739 3.2 0.47 9.7 1
7.6 0.51 0.24 2.4 0.091 8.0 38.0 0.998 3.47 0.66 9.6 1
6.3 0.76 0.0 2.9 0.072 26.0 52.0 0.99379 3.51 0.6 11.5 1
8.2 0.35 0.33 2.4 0.076 11.0 47.0 0.99599 3.27 0.81 11.0 1
11.1 0.31 0.49 2.7 0.094 16.0 47.0 0.9986 3.12 1.02 10.6 1
7.0 0.54 0.0 2.1 0.079 39.0 55.0 0.9956 3.39 0.84 11.4 1
7.7 0.26 0.3 1.7 0.059 20.0 38.0 0.9949 3.29 0.47 10.8 1
7.9 0.2 0.35 1.7 0.054 7.0 15.0 0.99458 3.32 0.8 11.9 1
8.3 0.49 0.36 1.8 0.222 6.0 16.0 0.998 3.18 0.6 9.5 1
8.3 0.34 0.4 2.4 0.065 24.0 48.0 0.99554 3.34 0.86 11.0 1
10.2 0.54 0.37 15.4 0.214 55.0 95.0 1.00369 3.18 0.77 9.0 1
6.8 0.56 0.22 1.8 0.074 15.0 24.0 0.99438 3.4 0.82 11.2 1
10.4 0.44 0.73 6.55 0.074 38.0 76.0 0.999 3.17 0.85 12.0 1
8.0 0.38 0.06 1.8 0.078 12.0 49.0 0.99625 3.37 0.52 9.9 1
11.0 0.3 0.58 2.1 0.054 7.0 19.0 0.998 3.31 0.88 10.5 1
10.5 0.26 0.47 1.9 0.078 6.0 24.0 0.9976 3.18 1.04 10.9 1
7.7 0.715 0.01 2.1 0.064 31.0 43.0 0.99371 3.41 0.57 11.8 1
7.1 0.6 0.0 1.8 0.074 16.0 34.0 0.9972 3.47 0.7 9.9 1
10.5 0.39 0.46 2.2 0.075 14.0 27.0 0.99598 3.06 0.84 11.4 1
8.7 0.31 0.46 1.4 0.059 11.0 25.0 0.9966 3.36 0.76 10.1 1
7.3 0.44 0.2 1.6 0.049 24.0 64.0 0.9935 3.38 0.57 11.7 1
8.6 0.315 0.4 2.2 0.079 3.0 6.0 0.99512 3.27 0.67 11.9 1
10.6 0.48 0.64 2.2 0.111 6.0 20.0 0.997 3.26 0.66 11.7 1
6.8 0.785 0.0 2.4 0.104 14.0 30.0 0.9966 3.52 0.55 10.7 1
7.7 0.57 0.21 1.5 0.069 4.0 9.0 0.99458 3.16 0.54 9.8 1
6.5 0.4 0.1 2.0 0.076 30.0 47.0 0.99554 3.36 0.48 9.4 1
8.7 0.7 0.24 2.5 0.226 5.0 15.0 0.9991 3.32 0.6 9.0 1
8.7 0.52 0.09 2.5 0.091 20.0 49.0 0.9976 3.34 0.86 10.6 1
5.8 0.61 0.11 1.8 0.066 18.0 28.0 0.99483 3.55 0.66 10.9 1
9.9 0.44 0.46 2.2 0.091 10.0 41.0 0.99638 3.18 0.69 11.9 1
10.4 0.44 0.73 6.55 0.074 38.0 76.0 0.999 3.17 0.85 12.0 1
10.1 0.28 0.46 1.8 0.05 5.0 13.0 0.9974 3.04 0.79 10.2 1
6.8 0.41 0.31 8.8 0.084 26.0 45.0 0.99824 3.38 0.64 10.1 1
9.9 0.25 0.46 1.7 0.062 26.0 42.0 0.9959 3.18 0.83 10.6 1
6.6 0.58 0.02 2.4 0.069 19.0 40.0 0.99387 3.38 0.66 12.6 1
7.8 0.48 0.68 1.7 0.415 14.0 32.0 0.99656 3.09 1.06 9.1 1
6.9 0.54 0.04 3.0 0.077 7.0 27.0 0.9987 3.69 0.91 9.4 1
7.7 0.43 0.25 2.6 0.073 29.0 63.0 0.99615 3.37 0.58 10.5 1
10.9 0.39 0.47 1.8 0.118 6.0 14.0 0.9982 3.3 0.75 9.8 1
8.2 0.74 0.09 2.0 0.067 5.0 10.0 0.99418 3.28 0.57 11.8 1
7.2 0.48 0.07 5.5 0.089 10.0 18.0 0.99684 3.37 0.68 11.2 1
10.6 0.34 0.49 3.2 0.078 20.0 78.0 0.9992 3.19 0.7 10.0 1
8.2 0.24 0.34 5.1 0.062 8.0 22.0 0.9974 3.22 0.94 10.9 1
11.9 0.39 0.69 2.8 0.095 17.0 35.0 0.9994 3.1 0.61 10.8 1
14.3 0.31 0.74 1.8 0.075 6.0 15.0 1.0008 2.86 0.79 8.4 1
6.4 0.36 0.53 2.2 0.23 19.0 35.0 0.9934 3.37 0.93 12.4 1
8.2 0.4 0.44 2.8 0.089 11.0 43.0 0.9975 3.53 0.61 10.5 1
11.1 0.44 0.42 2.2 0.064 14.0 19.0 0.99758 3.25 0.57 10.4 1
12.4 0.4 0.51 2.0 0.059 6.0 24.0 0.9994 3.04 0.6 9.3 1
7.0 0.56 0.17 1.7 0.065 15.0 24.0 0.99514 3.44 0.68 10.55 1
7.2 0.67 0.0 2.2 0.068 10.0 24.0 0.9956 3.42 0.72 11.1 1
12.9 0.5 0.55 2.8 0.072 7.0 24.0 1.00012 3.09 0.68 10.9 1
7.0 0.745 0.12 1.8 0.114 15.0 64.0 0.99588 3.22 0.59 9.5 1
7.5 0.63 0.27 2.0 0.083 17.0 91.0 0.99616 3.26 0.58 9.8 1
7.2 0.605 0.02 1.9 0.096 10.0 31.0 0.995 3.46 0.53 11.8 1
6.7 0.86 0.07 2.0 0.1 20.0 57.0 0.99598 3.6 0.74 11.7 1
13.3 0.29 0.75 2.8 0.084 23.0 43.0 0.9986 3.04 0.68 11.4 1
6.6 0.725 0.09 5.5 0.117 9.0 17.0 0.99655 3.35 0.49 10.8 1
5.3 0.47 0.11 2.2 0.048 16.0 89.0 0.99182 3.54 0.88 13.5666666666667 1
12.5 0.6 0.49 4.3 0.1 5.0 14.0 1.001 3.25 0.74 11.9 1
5.3 0.47 0.11 2.2 0.048 16.0 89.0 0.99182 3.54 0.88 13.6 1
8.2 0.64 0.27 2.0 0.095 5.0 77.0 0.99747 3.13 0.62 9.1 1
5.4 0.58 0.08 1.9 0.059 20.0 31.0 0.99484 3.5 0.64 10.2 1
5.8 0.29 0.26 1.7 0.063 3.0 11.0 0.9915 3.39 0.54 13.5 1
11.5 0.31 0.51 2.2 0.079 14.0 28.0 0.9982 3.03 0.93 9.8 1
9.9 0.27 0.49 5.0 0.082 9.0 17.0 0.99484 3.19 0.52 12.5 1
11.3 0.36 0.66 2.4 0.123 3.0 8.0 0.99642 3.2 0.53 11.9 1
10.4 0.33 0.63 2.8 0.084 5.0 22.0 0.9998 3.26 0.74 11.2 1
9.4 0.395 0.46 4.6 0.094 3.0 10.0 0.99639 3.27 0.64 12.2 1
12.2 0.48 0.54 2.6 0.085 19.0 64.0 1.0 3.1 0.61 10.5 1
8.9 0.48 0.53 4.0 0.101 3.0 10.0 0.99586 3.21 0.59 12.1 1
6.8 0.6 0.18 1.9 0.079 18.0 86.0 0.9968 3.59 0.57 9.3 1
6.2 0.44 0.39 2.5 0.077 6.0 14.0 0.99555 3.51 0.69 11.0 1
11.8 0.38 0.55 2.1 0.071 5.0 19.0 0.9986 3.11 0.62 10.8 1
15.0 0.21 0.44 2.2 0.075 10.0 24.0 1.00005 3.07 0.84 9.2 1
6.7 0.16 0.64 2.1 0.059 24.0 52.0 0.99494 3.34 0.71 11.2 1
8.8 0.61 0.19 4.0 0.094 30.0 69.0 0.99787 3.22 0.5 10.0 1
10.6 0.42 0.48 2.7 0.065 5.0 18.0 0.9972 3.21 0.87 11.3 1
7.4 0.36 0.34 1.8 0.075 18.0 38.0 0.9933 3.38 0.88 13.6 1
8.8 0.55 0.04 2.2 0.119 14.0 56.0 0.9962 3.21 0.6 10.9 1
6.8 0.47 0.08 2.2 0.064 18.0 38.0 0.99553 3.3 0.65 9.6 1
10.1 0.27 0.54 2.3 0.065 7.0 26.0 0.99531 3.17 0.53 12.5 1
9.3 0.36 0.39 1.5 0.08 41.0 55.0 0.99652 3.47 0.73 10.9 1
7.5 0.51 0.02 1.7 0.084 13.0 31.0 0.99538 3.36 0.54 10.5 1
9.0 0.36 0.52 2.1 0.111 5.0 10.0 0.99568 3.31 0.62 11.3 1
10.3 0.43 0.44 2.4 0.214 5.0 12.0 0.9994 3.19 0.63 9.5 1
8.7 0.54 0.26 2.5 0.097 7.0 31.0 0.9976 3.27 0.6 9.3 1
11.6 0.41 0.54 1.5 0.095 22.0 41.0 0.99735 3.02 0.76 9.9 1
13.0 0.47 0.49 4.3 0.085 6.0 47.0 1.0021 3.3 0.68 12.7 1
8.3 0.26 0.42 2.0 0.08 11.0 27.0 0.9974 3.21 0.8 9.4 1
7.1 0.59 0.0 2.1 0.091 9.0 14.0 0.99488 3.42 0.55 11.5 1
13.7 0.415 0.68 2.9 0.085 17.0 43.0 1.0014 3.06 0.8 10.0 1
8.2 0.33 0.32 2.8 0.067 4.0 12.0 0.99473 3.3 0.76 12.8 1
6.7 0.32 0.44 2.4 0.061 24.0 34.0 0.99484 3.29 0.8 11.6 1
8.8 0.61 0.19 4.0 0.094 30.0 69.0 0.99787 3.22 0.5 10.0 1
7.2 0.57 0.05 2.3 0.081 16.0 36.0 0.99564 3.38 0.6 10.3 1
7.1 0.6 0.01 2.3 0.079 24.0 37.0 0.99514 3.4 0.61 10.9 1
9.8 0.51 0.19 3.2 0.081 8.0 30.0 0.9984 3.23 0.58 10.5 1
7.6 0.36 0.31 1.7 0.079 26.0 65.0 0.99716 3.46 0.62 9.5 1
7.3 0.43 0.24 2.5 0.078 27.0 67.0 0.99648 3.6 0.59 11.1 1
8.5 0.585 0.18 2.1 0.078 5.0 30.0 0.9967 3.2 0.48 9.8 1
7.6 0.735 0.02 2.5 0.071 10.0 14.0 0.99538 3.51 0.71 11.7 1
