5.6 0.85 0.05 1.4 0.045 12.0 88.0 0.9924 3.56 0.82 12.9 0
7.2 0.38 0.31 2.0 0.056 15.0 29.0 0.99472 3.23 0.76 11.3 0
6.9 0.685 0.0 2.5 0.105 22.0 37.0 0.9966 3.46 0.57 10.6 1
4.7 0.6 0.17 2.3 0.058 17.0 106.0 0.9932 3.85 0.6 12.9 1
10.1 0.31 0.44 2.3 0.08 22.0 46.0 0.9988 3.32 0.67 9.7 1
5.2 0.34 0.0 1.8 0.05 27.0 63.0 0.9916 3.68 0.79 14.0 1
7.3 0.33 0.47 2.1 0.077 5.0 11.0 0.9958 3.33 0.53 10.3 1
9.6 0.32 0.47 1.4 0.056 9.0 24.0 0.99695 3.22 0.82 10.3 1
8.0 0.725 0.24 2.8 0.083 10.0 62.0 0.99685 3.35 0.56 10.0 1
7.1 0.6 0.0 1.8 0.074 16.0 34.0 0.9972 3.47 0.7 9.9 1
11.5 0.18 0.51 4.0 0.104 4.0 23.0 0.9996 3.28 0.97 10.1 1
13.3 0.34 0.52 3.2 0.094 17.0 53.0 1.0014 3.05 0.81 9.5 1
10.3 0.43 0.44 2.4 0.214 5.0 12.0 0.9994 3.19 0.63 9.5 1
9.8 0.66 0.39 3.2 0.083 21.0 59.0 0.9989 3.37 0.71 11.5 1
11.6 0.53 0.66 3.65 0.121 6.0 14.0 0.9978 3.05 0.74 11.5 1
10.5 0.42 0.66 2.95 0.116 12.0 29.0 0.997 3.24 0.75 11.7 1
12.8 0.615 0.66 5.8 0.083 7.0 42.0 1.0022 3.07 0.73 10.0 1
14.0 0.41 0.63 3.8 0.089 6.0 47.0 1.0014 3.01 0.81 10.8 1
11.5 0.45 0.5 3.0 0.078 19.0 47.0 1.0003 3.26 1.11 11.0 1
8.3 0.42 0.38 2.5 0.094 24.0 60.0 0.9979 3.31 0.7 10.8 1
7.8 0.54 0.26 2.0 0.088 23.0 48.0 0.9981 3.41 0.74 9.2 1
8.7 0.31 0.46 1.4 0.059 11.0 25.0 0.9966 3.36 0.76 10.1 1
6.6 0.84 0.03 2.3 0.059 32.0 48.0 0.9952 3.52 0.56 12.3 1
8.6 0.53 0.22 2.0 0.1 7.0 27.0 0.9967 3.2 0.56 10.2 1
11.9 0.39 0.69 2.8 0.095 17.0 35.0 0.9994 3.1 0.61 10.8 1
11.9 0.39 0.69 2.8 0.095 17.0 35.0 0.9994 3.1 0.61 10.8 1
9.2 0.43 0.52 2.3 0.083 14.0 23.0 0.9976 3.35 0.61 11.3 1
11.5 0.315 0.54 2.1 0.084 5.0 15.0 0.9987 2.98 0.7 9.2 1
9.4 0.685 0.11 2.7 0.077 6.0 31.0 0.9984 3.19 0.7 10.1 1
8.7 0.69 0.31 3.0 0.086 23.0 81.0 1.0002 3.48 0.74 11.6 1
10.9 0.53 0.49 4.6 0.118 10.0 17.0 1.0002 3.07 0.56 11.7 1
10.2 0.29 0.49 2.6 0.059 5.0 13.0 0.9976 3.05 0.74 10.5 1
9.4 0.41 0.48 4.6 0.072 10.0 20.0 0.9973 3.34 0.79 12.2 1
9.2 0.755 0.18 2.2 0.148 10.0 103.0 0.9969 2.87 1.36 10.2 1
7.7 0.915 0.12 2.2 0.143 7.0 23.0 0.9964 3.35 0.65 10.2 1
7.0 0.65 0.02 2.1 0.066 8.0 25.0 0.9972 3.47 0.67 9.5 1
6.4 0.865 0.03 3.2 0.071 27.0 58.0 0.995 3.61 0.49 12.7 1
7.8 0.91 0.07 1.9 0.058 22.0 47.0 0.99525 3.51 0.43 10.7 1
8.4 0.25 0.39 2.0 0.041 4.0 10.0 0.99386 3.27 0.71 12.5 1
7.5 0.27 0.34 2.3 0.05 4.0 8.0 0.9951 3.4 0.64 11.0 1
8.2 0.26 0.34 2.5 0.073 16.0 47.0 0.99594 3.4 0.78 11.3 1
7.6 0.63 0.03 2.0 0.08 27.0 43.0 0.99578 3.44 0.64 10.9 1
8.8 0.31 0.4 2.8 0.109 7.0 16.0 0.99614 3.31 0.79 11.8 1
8.8 0.61 0.19 4.0 0.094 30.0 69.0 0.99787 3.22 0.5 10.0 1
7.2 0.63 0.03 2.2 0.08 17.0 88.0 0.99745 3.53 0.58 9.8 1
9.1 0.28 0.46 9.0 0.114 3.0 9.0 0.99901 3.18 0.6 10.9 1
9.6 0.33 0.52 2.2 0.074 13.0 25.0 0.99509 3.36 0.76 12.4 1
6.4 0.57 0.12 2.3 0.12 25.0 36.0 0.99519 3.47 0.71 11.3 1
8.8 0.27 0.39 2.0 0.1 20.0 27.0 0.99546 3.15 0.69 11.2 1
9.0 0.4 0.43 2.4 0.068 29.0 46.0 0.9943 3.2 0.6 12.2 1
8.8 0.33 0.41 5.9 0.073 7.0 13.0 0.99658 3.3 0.62 12.1 1
5.6 0.66 0.0 2.2 0.087 3.0 11.0 0.99378 3.71 0.63 12.8 1
9.1 0.3 0.34 2.0 0.064 12.0 25.0 0.99516 3.26 0.84 11.7 1
8.3 0.33 0.42 2.3 0.07 9.0 20.0 0.99426 3.38 0.77 12.7 1
9.9 0.53 0.57 2.4 0.093 30.0 52.0 0.9971 3.19 0.76 11.6 1
11.6 0.23 0.57 1.8 0.074 3.0 8.0 0.9981 3.14 0.7 9.9 1
8.5 0.34 0.4 4.7 0.055 3.0 9.0 0.99738 3.38 0.66 11.6 1
11.6 0.41 0.54 1.5 0.095 22.0 41.0 0.99735 3.02 0.76 9.9 1
8.0 0.31 0.45 2.1 0.216 5.0 16.0 0.99358 3.15 0.81 12.5 1
7.1 0.39 0.12 2.1 0.065 14.0 24.0 0.99252 3.3 0.53 13.3 1
10.4 0.52 0.45 2.0 0.08 6.0 13.0 0.99774 3.22 0.76 11.4 1
8.2 0.38 0.32 2.5 0.08 24.0 71.0 0.99624 3.27 0.85 11.0 1
7.8 0.5 0.12 1.8 0.178 6.0 21.0 0.996 3.28 0.87 9.8 1
8.8 0.45 0.43 1.4 0.076 12.0 21.0 0.99551 3.21 0.75 10.2 1
7.0 0.745 0.12 1.8 0.114 15.0 64.0 0.99588 3.22 0.59 9.5 1
7.7 0.57 0.21 1.5 0.069 4.0 9.0 0.99458 3.16 0.54 9.8 1
7.2 0.36 0.46 2.1 0.074 24.0 44.0 0.99534 3.4 0.85 11.0 1
8.2 0.4 0.31 1.9 0.082 8.0 24.0 0.996 3.24 0.69 10.6 1
10.9 0.32 0.52 1.8 0.132 17.0 44.0 0.99734 3.28 0.77 11.5 1
7.1 0.6 0.01 2.3 0.079 24.0 37.0 0.99514 3.4 0.61 10.9 1
7.3 0.44 0.2 1.6 0.049 24.0 64.0 0.9935 3.38 0.57 11.7 1
9.1 0.37 0.32 2.1 0.064 4.0 15.0 0.99576 3.3 0.8 11.2 1
7.5 0.51 0.02 1.7 0.084 13.0 31.0 0.99538 3.36 0.54 10.5 1
7.7 0.28 0.3 2.0 0.062 18.0 34.0 0.9952 3.28 0.9 11.3 1
6.6 0.96 0.0 1.8 0.082 5.0 16.0 0.9936 3.5 0.44 11.9 1
6.4 0.47 0.4 2.4 0.071 8.0 19.0 0.9963 3.56 0.73 10.6 1
7.2 0.37 0.32 2.0 0.062 15.0 28.0 0.9947 3.23 0.73 11.3 1
7.9 0.2 0.35 1.7 0.054 7.0 15.0 0.99458 3.32 0.8 11.9 1
6.9 0.63 0.01 2.4 0.076 14.0 39.0 0.99522 3.34 0.53 10.8 1
6.9 0.74 0.03 2.3 0.054 7.0 16.0 0.99508 3.45 0.63 11.5 1
6.6 0.56 0.14 2.4 0.064 13.0 29.0 0.99397 3.42 0.62 11.7 1
6.7 0.855 0.02 1.9 0.064 29.0 38.0 0.99472 3.3 0.56 10.75 1
6.3 0.68 0.01 3.7 0.103 32.0 54.0 0.99586 3.51 0.66 11.3 1
6.2 0.7 0.15 5.1 0.076 13.0 27.0 0.99622 3.54 0.6 11.9 1
6.3 0.51 0.13 2.3 0.076 29.0 40.0 0.99574 3.42 0.75 11.0 1
