0 0 0 2 2 0.0 0.0 0.0 1.0 84 0 0 0 84 1.0 0.0 0.0 0.0 
0 0 2 0 2 0.0 0.0 1.0 0.0 82 2 0 0 84 0.9761904761904762 0.023809523809523808 0.0 0.0 
0 0 0 2 2 0.0 0.0 0.0 1.0 84 0 0 0 84 1.0 0.0 0.0 0.0 
0 0 0 2 2 0.0 0.0 0.0 1.0 84 0 0 0 84 1.0 0.0 0.0 0.0 
0 0 0 2 2 0.0 0.0 0.0 1.0 84 0 0 0 84 1.0 0.0 0.0 0.0 
0 0 0 2 2 0.0 0.0 0.0 1.0 83 0 0 0 83 1.0 0.0 0.0 0.0 
0 0 1 1 2 0.0 0.0 0.5 0.5 81 2 0 0 83 0.9759036144578314 0.024096385542168676 0.0 0.0 
0 0 0 2 2 0.0 0.0 0.0 1.0 83 0 0 0 83 1.0 0.0 0.0 0.0 
0 0 0 1 1 0.0 0.0 0.0 1.0 84 0 0 0 84 1.0 0.0 0.0 0.0 
0 0 0 1 1 0.0 0.0 0.0 1.0 84 0 0 0 84 1.0 0.0 0.0 0.0 
