0 0 4 12 16 0.0 0.0 0.25 0.75 745 8 0 0 753 0.9893758300132802 0.010624169986719787 0.0 0.0 
0 0 4 12 16 0.0 0.0 0.25 0.75 746 7 0 0 753 0.9907038512616202 0.009296148738379814 0.0 0.0 
0 0 3 13 16 0.0 0.0 0.1875 0.8125 748 5 0 0 753 0.9933598937583001 0.006640106241699867 0.0 0.0 
0 0 2 14 16 0.0 0.0 0.125 0.875 748 5 0 0 753 0.9933598937583001 0.006640106241699867 0.0 0.0 
0 0 2 14 16 0.0 0.0 0.125 0.875 748 5 0 0 753 0.9933598937583001 0.006640106241699867 0.0 0.0 
0 0 2 14 16 0.0 0.0 0.125 0.875 748 5 0 0 753 0.9933598937583001 0.006640106241699867 0.0 0.0 
0 0 4 12 16 0.0 0.0 0.25 0.75 745 8 0 0 753 0.9893758300132802 0.010624169986719787 0.0 0.0 
0 1 3 12 16 0.0 0.0625 0.1875 0.75 746 8 0 0 754 0.9893899204244032 0.010610079575596816 0.0 0.0 
0 0 4 13 17 0.0 0.0 0.23529411764705882 0.7647058823529411 746 8 0 0 754 0.9893899204244032 0.010610079575596816 0.0 0.0 
0 0 4 13 17 0.0 0.0 0.23529411764705882 0.7647058823529411 746 8 0 0 754 0.9893899204244032 0.010610079575596816 0.0 0.0 
