10.7 0.35 0.53 2.6 0.07 5.0 16.0 0.9972 3.15 0.65 11.0 0
9.1 0.4 0.5 1.8 0.071 7.0 16.0 0.99462 3.21 0.69 12.5 0
7.3 0.65 0.0 1.2 0.065 15.0 21.0 0.9946 3.39 0.47 10.0 1
8.3 0.61 0.3 2.1 0.084 11.0 50.0 0.9972 3.4 0.61 10.2 1
8.0 0.42 0.17 2.0 0.073 6.0 18.0 0.9972 3.29 0.61 9.2 1
8.0 0.42 0.17 2.0 0.073 6.0 18.0 0.9972 3.29 0.61 9.2 1
11.5 0.3 0.6 2.0 0.067 12.0 27.0 0.9981 3.11 0.97 10.1 1
12.8 0.3 0.74 2.6 0.095 9.0 28.0 0.9994 3.2 0.77 10.8 1
7.8 0.735 0.08 2.4 0.092 10.0 41.0 0.9974 3.24 0.71 9.8 1
8.9 0.59 0.5 2.0 0.337 27.0 81.0 0.9964 3.04 1.61 9.5 1
8.2 1.0 0.09 2.3 0.065 7.0 37.0 0.99685 3.32 0.55 9.0 1
7.3 0.66 0.0 2.0 0.084 6.0 23.0 0.9983 3.61 0.96 9.9 1
7.1 0.6 0.0 1.8 0.074 16.0 34.0 0.9972 3.47 0.7 9.9 1
12.0 0.45 0.55 2.0 0.073 25.0 49.0 0.9997 3.1 0.76 10.3 1
11.1 0.18 0.48 1.5 0.068 7.0 15.0 0.9973 3.22 0.64 10.1 1
10.3 0.59 0.42 2.8 0.09 35.0 73.0 0.999 3.28 0.7 9.5 1
8.6 0.45 0.31 2.6 0.086 21.0 50.0 0.9982 3.37 0.91 9.9 1
9.1 0.28 0.48 1.8 0.067 26.0 46.0 0.9967 3.32 1.04 10.6 1
12.2 0.48 0.54 2.6 0.085 19.0 64.0 1.0 3.1 0.61 10.5 1
12.8 0.84 0.63 2.4 0.088 13.0 35.0 0.9997 3.1 0.6 10.4 1
7.8 0.52 0.25 1.9 0.081 14.0 38.0 0.9984 3.43 0.65 9.0 1
10.4 0.44 0.73 6.55 0.074 38.0 76.0 0.999 3.17 0.85 12.0 1
9.8 0.25 0.49 2.7 0.088 15.0 33.0 0.9982 3.42 0.9 10.0 1
7.0 0.38 0.49 2.5 0.097 33.0 85.0 0.9962 3.39 0.77 11.4 1
9.1 0.22 0.24 2.1 0.078 1.0 28.0 0.999 3.41 0.87 10.3 1
9.5 0.46 0.24 2.7 0.092 14.0 44.0 0.998 3.12 0.74 10.0 1
6.2 0.36 0.24 2.2 0.095 19.0 42.0 0.9946 3.57 0.57 11.7 1
11.8 0.33 0.49 3.4 0.093 54.0 80.0 1.0002 3.3 0.76 10.7 1
12.4 0.4 0.51 2.0 0.059 6.0 24.0 0.9994 3.04 0.6 9.3 1
8.5 0.585 0.18 2.1 0.078 5.0 30.0 0.9967 3.2 0.48 9.8 1
8.8 0.48 0.41 3.3 0.092 26.0 52.0 0.9982 3.31 0.53 10.5 1
11.5 0.31 0.51 2.2 0.079 14.0 28.0 0.9982 3.03 0.93 9.8 1
8.7 0.54 0.26 2.5 0.097 7.0 31.0 0.9976 3.27 0.6 9.3 1
7.6 0.41 0.14 3.0 0.087 21.0 43.0 0.9964 3.32 0.57 10.5 1
11.3 0.34 0.45 2.0 0.082 6.0 15.0 0.9988 2.94 0.66 9.2 1
10.8 0.4 0.41 2.2 0.084 7.0 17.0 0.9984 3.08 0.67 9.3 1
11.8 0.38 0.55 2.1 0.071 5.0 19.0 0.9986 3.11 0.62 10.8 1
9.7 0.31 0.47 1.6 0.062 13.0 33.0 0.9983 3.27 0.66 10.0 1
8.8 0.7 0.0 1.7 0.069 8.0 19.0 0.99701 3.31 0.53 10.0 1
9.1 0.68 0.11 2.8 0.093 11.0 44.0 0.99888 3.31 0.55 9.5 1
7.9 0.4 0.29 1.8 0.157 1.0 44.0 0.9973 3.3 0.92 9.5 1
6.9 0.765 0.18 2.4 0.243 5.5 48.0 0.99612 3.4 0.6 10.3 1
6.9 0.635 0.17 2.4 0.241 6.0 18.0 0.9961 3.4 0.59 10.3 1
7.0 0.57 0.0 2.0 0.19 12.0 45.0 0.99676 3.31 0.6 9.4 1
12.9 0.5 0.55 2.8 0.072 7.0 24.0 1.00012 3.09 0.68 10.9 1
12.6 0.41 0.54 2.8 0.103 19.0 41.0 0.99939 3.21 0.76 11.3 1
7.4 0.68 0.16 1.8 0.078 12.0 39.0 0.9977 3.5 0.7 9.9 1
9.3 0.36 0.39 1.5 0.08 41.0 55.0 0.99652 3.47 0.73 10.9 1
11.7 0.28 0.47 1.7 0.054 17.0 32.0 0.99686 3.15 0.67 10.6 1
7.7 0.715 0.01 2.1 0.064 31.0 43.0 0.99371 3.41 0.57 11.8 1
7.4 0.635 0.1 2.4 0.08 16.0 33.0 0.99736 3.58 0.69 10.8 1
8.4 0.36 0.32 2.2 0.081 32.0 79.0 0.9964 3.3 0.72 11.0 1
8.4 0.62 0.12 1.8 0.072 38.0 46.0 0.99504 3.38 0.89 11.8 1
9.4 0.24 0.33 2.3 0.061 52.0 73.0 0.99786 3.47 0.9 10.2 1
10.2 0.44 0.42 2.0 0.071 7.0 20.0 0.99566 3.14 0.79 11.1 1
8.9 0.12 0.45 1.8 0.075 10.0 21.0 0.99552 3.41 0.76 11.9 1
10.1 0.38 0.5 2.4 0.104 6.0 13.0 0.99643 3.22 0.65 11.6 1
6.5 0.4 0.1 2.0 0.076 30.0 47.0 0.99554 3.36 0.48 9.4 1
7.9 0.31 0.32 1.9 0.066 14.0 36.0 0.99364 3.41 0.56 12.6 1
8.9 0.745 0.18 2.5 0.077 15.0 48.0 0.99739 3.2 0.47 9.7 1
8.9 0.5 0.21 2.2 0.088 21.0 39.0 0.99692 3.33 0.83 11.1 1
8.2 0.74 0.09 2.0 0.067 5.0 10.0 0.99418 3.28 0.57 11.8 1
6.6 0.725 0.09 5.5 0.117 9.0 17.0 0.99655 3.35 0.49 10.8 1
8.4 0.34 0.42 2.1 0.072 23.0 36.0 0.99392 3.11 0.78 12.4 1
8.2 0.23 0.42 1.9 0.069 9.0 17.0 0.99376 3.21 0.54 12.3 1
8.3 0.53 0.0 1.4 0.07 6.0 14.0 0.99593 3.25 0.64 10.0 1
5.8 0.29 0.26 1.7 0.063 3.0 11.0 0.9915 3.39 0.54 13.5 1
6.3 0.76 0.0 2.9 0.072 26.0 52.0 0.99379 3.51 0.6 11.5 1
7.0 0.22 0.3 1.8 0.065 16.0 20.0 0.99672 3.61 0.82 10.0 1
8.5 0.18 0.51 1.75 0.071 45.0 88.0 0.99524 3.33 0.76 11.8 1
6.7 0.41 0.43 2.8 0.076 22.0 54.0 0.99572 3.42 1.16 10.6 1
8.2 0.33 0.39 2.5 0.074 29.0 48.0 0.99528 3.32 0.88 12.4 1
7.1 0.59 0.0 2.2 0.078 26.0 44.0 0.99522 3.42 0.68 10.8 1
7.2 0.36 0.46 2.1 0.074 24.0 44.0 0.99534 3.4 0.85 11.0 1
9.0 0.4 0.41 2.0 0.058 15.0 40.0 0.99414 3.22 0.6 12.2 1
6.8 0.64 0.0 2.7 0.123 15.0 33.0 0.99538 3.44 0.63 11.3 1
8.5 0.37 0.32 1.8 0.066 26.0 51.0 0.99456 3.38 0.72 11.8 1
5.9 0.395 0.13 2.4 0.056 14.0 28.0 0.99362 3.62 0.67 12.4 1
8.2 0.635 0.1 2.1 0.073 25.0 60.0 0.99638 3.29 0.75 10.9 1
7.5 0.63 0.27 2.0 0.083 17.0 91.0 0.99616 3.26 0.58 9.8 1
8.3 0.26 0.37 1.4 0.076 8.0 23.0 0.9974 3.26 0.7 9.6 1
5.9 0.44 0.0 1.6 0.042 3.0 11.0 0.9944 3.48 0.85 11.7 1
6.4 0.42 0.09 2.3 0.054 34.0 64.0 0.99724 3.41 0.68 10.4 1
6.2 0.57 0.1 2.1 0.048 4.0 11.0 0.99448 3.44 0.76 10.8 1
6.1 0.53 0.08 1.9 0.077 24.0 45.0 0.99528 3.6 0.68 10.3 1
7.0 0.56 0.17 1.7 0.065 15.0 24.0 0.99514 3.44 0.68 10.55 1
