7.9 0.35 0.46 3.6 0.078 15.0 37.0 0.9973 3.35 0.86 12.8 0
5.5 0.49 0.03 1.8 0.044 28.0 87.0 0.9908 3.5 0.82 14.0 0
6.6 0.5 0.04 2.1 0.068 6.0 14.0 0.9955 3.39 0.64 9.4 1
7.6 0.51 0.15 2.8 0.11 33.0 73.0 0.9955 3.17 0.63 10.2 1
6.8 0.785 0.0 2.4 0.104 14.0 30.0 0.9966 3.52 0.55 10.7 1
6.3 0.3 0.48 1.8 0.069 18.0 61.0 0.9959 3.44 0.78 10.3 1
8.1 0.545 0.18 1.9 0.08 13.0 35.0 0.9972 3.3 0.59 9.0 1
7.8 0.56 0.12 2.0 0.082 7.0 28.0 0.997 3.37 0.5 9.4 1
7.0 0.69 0.08 1.8 0.097 22.0 89.0 0.9959 3.34 0.54 9.2 1
5.4 0.835 0.08 1.2 0.046 13.0 93.0 0.9924 3.57 0.85 13.0 1
7.0 0.43 0.36 1.6 0.089 14.0 37.0 0.99615 3.34 0.56 9.2 1
11.6 0.44 0.64 2.1 0.059 5.0 15.0 0.998 3.21 0.67 10.2 1
8.0 0.38 0.06 1.8 0.078 12.0 49.0 0.99625 3.37 0.52 9.9 1
8.5 0.37 0.2 2.8 0.09 18.0 58.0 0.998 3.34 0.7 9.6 1
8.2 1.0 0.09 2.3 0.065 7.0 37.0 0.99685 3.32 0.55 9.0 1
7.2 0.63 0.0 1.9 0.097 14.0 38.0 0.99675 3.37 0.58 9.0 1
7.2 0.63 0.0 1.9 0.097 14.0 38.0 0.99675 3.37 0.58 9.0 1
11.8 0.26 0.52 1.8 0.071 6.0 10.0 0.9968 3.2 0.72 10.2 1
6.9 0.54 0.04 3.0 0.077 7.0 27.0 0.9987 3.69 0.91 9.4 1
10.3 0.53 0.48 2.5 0.063 6.0 25.0 0.9998 3.12 0.59 9.3 1
9.0 0.46 0.31 2.8 0.093 19.0 98.0 0.99815 3.32 0.63 9.5 1
9.6 0.77 0.12 2.9 0.082 30.0 74.0 0.99865 3.3 0.64 10.4 1
10.0 0.49 0.2 11.0 0.071 13.0 50.0 1.0015 3.16 0.69 9.2 1
6.7 0.75 0.01 2.4 0.078 17.0 32.0 0.9955 3.55 0.61 12.8 1
11.9 0.43 0.66 3.1 0.109 10.0 23.0 1.0 3.15 0.85 10.4 1
7.9 0.24 0.4 1.6 0.056 11.0 25.0 0.9967 3.32 0.87 8.7 1
11.5 0.54 0.71 4.4 0.124 6.0 15.0 0.9984 3.01 0.83 11.8 1
13.7 0.415 0.68 2.9 0.085 17.0 43.0 1.0014 3.06 0.8 10.0 1
7.4 0.63 0.07 2.4 0.09 11.0 37.0 0.9979 3.43 0.76 9.7 1
10.4 0.34 0.58 3.7 0.174 6.0 16.0 0.997 3.19 0.7 11.3 1
9.5 0.56 0.33 2.4 0.089 35.0 67.0 0.9972 3.28 0.73 11.8 1
10.5 0.24 0.47 2.1 0.066 6.0 24.0 0.9978 3.15 0.9 11.0 1
6.6 0.84 0.03 2.3 0.059 32.0 48.0 0.9952 3.52 0.56 12.3 1
10.3 0.27 0.24 2.1 0.072 15.0 33.0 0.9956 3.22 0.66 12.8 1
7.5 0.55 0.24 2.0 0.078 10.0 28.0 0.9983 3.45 0.78 9.5 1
6.8 0.51 0.01 2.1 0.074 9.0 25.0 0.9958 3.33 0.56 9.5 1
10.9 0.53 0.49 4.6 0.118 10.0 17.0 1.0002 3.07 0.56 11.7 1
8.7 0.7 0.24 2.5 0.226 5.0 15.0 0.9991 3.32 0.6 9.0 1
10.6 0.34 0.49 3.2 0.078 20.0 78.0 0.9992 3.19 0.7 10.0 1
12.0 0.28 0.49 1.9 0.074 10.0 21.0 0.9976 2.98 0.66 9.9 1
7.6 0.51 0.24 2.4 0.091 8.0 38.0 0.998 3.47 0.66 9.6 1
8.3 0.6 0.13 2.6 0.085 6.0 24.0 0.9984 3.31 0.59 9.2 1
7.8 0.64 0.1 6.0 0.115 5.0 11.0 0.9984 3.37 0.69 10.1 1
7.2 0.52 0.07 1.4 0.074 5.0 20.0 0.9973 3.32 0.81 9.6 1
8.3 0.49 0.36 1.8 0.222 6.0 16.0 0.998 3.18 0.6 9.5 1
8.0 0.45 0.23 2.2 0.094 16.0 29.0 0.9962 3.21 0.49 10.2 1
8.2 0.59 0.0 2.5 0.093 19.0 58.0 1.0002 3.5 0.65 9.3 1
6.3 0.98 0.01 2.0 0.057 15.0 33.0 0.99488 3.6 0.46 11.2 1
10.8 0.29 0.42 1.6 0.084 19.0 27.0 0.99545 3.28 0.73 11.9 1
10.7 0.52 0.38 2.6 0.066 29.0 56.0 0.99577 3.15 0.79 12.1 1
6.8 0.41 0.31 8.8 0.084 26.0 45.0 0.99824 3.38 0.64 10.1 1
8.7 0.33 0.38 3.3 0.063 10.0 19.0 0.99468 3.3 0.73 12.0 1
8.8 0.3 0.38 2.3 0.06 19.0 72.0 0.99543 3.39 0.72 11.8 1
10.1 0.43 0.4 2.6 0.092 13.0 52.0 0.99834 3.22 0.64 10.0 1
8.2 0.31 0.4 2.2 0.058 6.0 10.0 0.99536 3.31 0.68 11.2 1
7.6 0.43 0.4 2.7 0.082 6.0 11.0 0.99538 3.44 0.54 12.2 1
9.1 0.5 0.3 1.9 0.065 8.0 17.0 0.99774 3.32 0.71 10.5 1
8.9 0.32 0.31 2.0 0.088 12.0 19.0 0.9957 3.17 0.55 10.4 1
11.3 0.36 0.66 2.4 0.123 3.0 8.0 0.99642 3.2 0.53 11.9 1
7.2 0.34 0.21 2.5 0.075 41.0 68.0 0.99586 3.37 0.54 10.1 1
8.9 0.5 0.21 2.2 0.088 21.0 39.0 0.99692 3.33 0.83 11.1 1
8.7 0.42 0.45 2.4 0.072 32.0 59.0 0.99617 3.33 0.77 12.0 1
7.9 0.33 0.41 1.5 0.056 6.0 35.0 0.99396 3.29 0.71 11.0 1
10.0 0.41 0.45 6.2 0.071 6.0 14.0 0.99702 3.21 0.49 11.8 1
5.1 0.51 0.18 2.1 0.042 16.0 101.0 0.9924 3.46 0.87 12.9 1
6.5 0.34 0.27 2.8 0.067 8.0 44.0 0.99384 3.21 0.56 12.0 1
7.0 0.43 0.3 2.0 0.085 6.0 39.0 0.99346 3.33 0.46 11.9 1
7.2 0.36 0.46 2.1 0.074 24.0 44.0 0.99534 3.4 0.85 11.0 1
9.0 0.39 0.4 1.3 0.044 25.0 50.0 0.99478 3.2 0.83 10.9 1
5.9 0.29 0.25 13.4 0.067 72.0 160.0 0.99721 3.33 0.54 10.3 1
6.9 0.41 0.33 2.2 0.081 22.0 36.0 0.9949 3.41 0.75 11.1 1
10.4 0.43 0.5 2.3 0.068 13.0 19.0 0.996 3.1 0.87 11.4 1
8.2 0.635 0.1 2.1 0.073 25.0 60.0 0.99638 3.29 0.75 10.9 1
7.5 0.63 0.27 2.0 0.083 17.0 91.0 0.99616 3.26 0.58 9.8 1
6.6 0.58 0.02 2.4 0.069 19.0 40.0 0.99387 3.38 0.66 12.6 1
8.2 0.44 0.24 2.3 0.063 10.0 28.0 0.99613 3.25 0.53 10.2 1
7.3 0.43 0.24 2.5 0.078 27.0 67.0 0.99648 3.6 0.59 11.1 1
7.2 0.45 0.15 2.0 0.078 10.0 28.0 0.99609 3.29 0.51 9.9 1
7.6 0.43 0.31 2.1 0.069 13.0 74.0 0.9958 3.26 0.54 9.9 1
7.2 0.37 0.32 2.0 0.062 15.0 28.0 0.9947 3.23 0.73 11.3 1
7.8 0.32 0.44 2.7 0.104 8.0 17.0 0.99732 3.33 0.78 11.0 1
6.9 0.84 0.21 4.1 0.074 16.0 65.0 0.99842 3.53 0.72 9.25 1
6.6 0.855 0.02 2.4 0.062 15.0 23.0 0.99627 3.54 0.6 11.0 1
6.4 0.38 0.14 2.2 0.038 15.0 25.0 0.99514 3.44 0.65 11.1 1
6.3 0.55 0.15 1.8 0.077 26.0 35.0 0.99314 3.32 0.82 11.6 1
6.0 0.31 0.47 3.6 0.067 18.0 42.0 0.99549 3.39 0.66 11.0 1
