5.0 0.42 0.24 2.0 0.06 19.0 50.0 0.9917 3.72 0.74 14.0 0
7.9 0.54 0.34 2.5 0.076 8.0 17.0 0.99235 3.2 0.72 13.1 0
6.9 0.4 0.14 2.4 0.085 21.0 40.0 0.9968 3.43 0.63 9.7 1
7.3 0.39 0.31 2.4 0.074 9.0 46.0 0.9962 3.41 0.54 9.4 1
8.8 0.55 0.04 2.2 0.119 14.0 56.0 0.9962 3.21 0.6 10.9 1
7.8 0.34 0.37 2.0 0.082 24.0 58.0 0.9964 3.34 0.59 9.4 1
7.2 0.63 0.0 1.9 0.097 14.0 38.0 0.99675 3.37 0.58 9.0 1
12.0 0.38 0.56 2.1 0.093 6.0 24.0 0.99925 3.14 0.71 10.9 1
7.7 0.58 0.1 1.8 0.102 28.0 109.0 0.99565 3.08 0.49 9.8 1
10.8 0.32 0.44 1.6 0.063 16.0 37.0 0.9985 3.22 0.78 10.0 1
7.5 0.4 0.12 3.0 0.092 29.0 53.0 0.9967 3.37 0.7 10.3 1
8.7 0.52 0.09 2.5 0.091 20.0 49.0 0.9976 3.34 0.86 10.6 1
10.4 0.55 0.23 2.7 0.091 18.0 48.0 0.9994 3.22 0.64 10.3 1
7.1 0.35 0.29 2.5 0.096 20.0 53.0 0.9962 3.42 0.65 11.0 1
10.2 0.36 0.64 2.9 0.122 10.0 41.0 0.998 3.23 0.66 12.5 1
12.5 0.28 0.54 2.3 0.082 12.0 29.0 0.9997 3.11 1.36 9.8 1
12.8 0.615 0.66 5.8 0.083 7.0 42.0 1.0022 3.07 0.73 10.0 1
9.4 0.27 0.53 2.4 0.074 6.0 18.0 0.9962 3.2 1.13 12.0 1
9.4 0.27 0.53 2.4 0.074 6.0 18.0 0.9962 3.2 1.13 12.0 1
13.7 0.415 0.68 2.9 0.085 17.0 43.0 1.0014 3.06 0.8 10.0 1
9.5 0.78 0.22 1.9 0.077 6.0 32.0 0.9988 3.26 0.56 10.6 1
11.9 0.37 0.69 2.3 0.078 12.0 24.0 0.9958 3.0 0.65 12.8 1
8.0 0.67 0.3 2.0 0.06 38.0 62.0 0.9958 3.26 0.56 10.2 1
8.8 0.46 0.45 2.6 0.065 7.0 18.0 0.9947 3.32 0.79 14.0 1
8.9 0.4 0.51 2.6 0.052 13.0 27.0 0.995 3.32 0.9 13.4 1
10.5 0.26 0.47 1.9 0.078 6.0 24.0 0.9976 3.18 1.04 10.9 1
12.4 0.35 0.49 2.6 0.079 27.0 69.0 0.9994 3.12 0.75 10.4 1
7.6 0.29 0.49 2.7 0.092 25.0 60.0 0.9971 3.31 0.61 10.1 1
9.8 0.5 0.49 2.6 0.25 5.0 20.0 0.999 3.31 0.79 10.7 1
13.2 0.46 0.52 2.2 0.071 12.0 35.0 1.0006 3.1 0.56 9.0 1
8.3 0.76 0.29 4.2 0.075 12.0 16.0 0.9965 3.45 0.68 11.5 1
10.1 0.27 0.54 2.3 0.065 7.0 26.0 0.99531 3.17 0.53 12.5 1
9.3 0.37 0.44 1.6 0.038 21.0 42.0 0.99526 3.24 0.81 10.8 1
9.4 0.5 0.34 3.6 0.082 5.0 14.0 0.9987 3.29 0.52 10.7 1
8.2 0.28 0.4 2.4 0.052 4.0 10.0 0.99356 3.33 0.7 12.8 1
7.6 0.48 0.31 2.8 0.07 4.0 15.0 0.99693 3.22 0.55 10.3 1
11.1 0.42 0.47 2.65 0.085 9.0 34.0 0.99736 3.24 0.77 12.1 1
6.8 0.56 0.22 1.8 0.074 15.0 24.0 0.99438 3.4 0.82 11.2 1
6.8 0.56 0.22 1.8 0.074 15.0 24.0 0.99438 3.4 0.82 11.2 1
9.1 0.21 0.37 1.6 0.067 6.0 10.0 0.99552 3.23 0.58 11.1 1
7.1 0.59 0.01 2.3 0.08 27.0 43.0 0.9955 3.42 0.58 10.7 1
7.4 0.52 0.13 2.4 0.078 34.0 61.0 0.99528 3.43 0.59 10.8 1
7.3 0.305 0.39 1.2 0.059 7.0 11.0 0.99331 3.29 0.52 11.5 1
8.3 0.28 0.48 2.1 0.093 6.0 12.0 0.99408 3.26 0.62 12.4 1
9.5 0.37 0.52 2.0 0.088 12.0 51.0 0.99613 3.29 0.58 11.1 1
8.9 0.84 0.34 1.4 0.05 4.0 10.0 0.99554 3.12 0.48 9.1 1
10.5 0.39 0.46 2.2 0.075 14.0 27.0 0.99598 3.06 0.84 11.4 1
8.2 0.32 0.42 2.3 0.098 3.0 9.0 0.99506 3.27 0.55 12.3 1
7.1 0.59 0.0 2.1 0.091 9.0 14.0 0.99488 3.42 0.55 11.5 1
8.9 0.48 0.53 4.0 0.101 3.0 10.0 0.99586 3.21 0.59 12.1 1
8.0 0.38 0.44 1.9 0.098 6.0 15.0 0.9956 3.3 0.64 11.4 1
9.3 0.33 0.45 1.5 0.057 19.0 37.0 0.99498 3.18 0.89 11.1 1
7.2 0.35 0.26 1.8 0.083 33.0 75.0 0.9968 3.4 0.58 9.5 1
8.0 0.48 0.34 2.2 0.073 16.0 25.0 0.9936 3.28 0.66 12.4 1
5.4 0.42 0.27 2.0 0.092 23.0 55.0 0.99471 3.78 0.64 12.3 1
10.7 0.4 0.37 1.9 0.081 17.0 29.0 0.99674 3.12 0.65 11.2 1
7.4 0.36 0.34 1.8 0.075 18.0 38.0 0.9933 3.38 0.88 13.6 1
8.0 0.25 0.43 1.7 0.067 22.0 50.0 0.9946 3.38 0.6 11.9 1
8.2 0.51 0.24 2.0 0.079 16.0 86.0 0.99764 3.34 0.64 9.5 1
6.1 0.58 0.23 2.5 0.044 16.0 70.0 0.99352 3.46 0.65 12.5 1
9.7 0.42 0.46 2.1 0.074 5.0 16.0 0.99649 3.27 0.74 12.3 1
7.6 0.36 0.31 1.7 0.079 26.0 65.0 0.99716 3.46 0.62 9.5 1
6.5 0.61 0.0 2.2 0.095 48.0 59.0 0.99541 3.61 0.7 11.5 1
8.2 0.35 0.33 2.4 0.076 11.0 47.0 0.99599 3.27 0.81 11.0 1
7.0 0.43 0.3 2.0 0.085 6.0 39.0 0.99346 3.33 0.46 11.9 1
7.9 0.58 0.23 2.3 0.076 23.0 94.0 0.99686 3.21 0.58 9.5 1
7.1 0.75 0.01 2.2 0.059 11.0 18.0 0.99242 3.39 0.4 12.8 1
7.2 0.57 0.05 2.3 0.081 16.0 36.0 0.99564 3.38 0.6 10.3 1
7.9 0.765 0.0 2.0 0.084 9.0 22.0 0.99619 3.33 0.68 10.9 1
8.7 0.63 0.28 2.7 0.096 17.0 69.0 0.99734 3.26 0.63 10.2 1
6.7 0.86 0.07 2.0 0.1 20.0 57.0 0.99598 3.6 0.74 11.7 1
7.0 0.36 0.21 2.3 0.086 20.0 65.0 0.99558 3.4 0.54 10.1 1
7.4 0.6 0.26 2.1 0.083 17.0 91.0 0.99616 3.29 0.56 9.8 1
7.6 0.54 0.02 1.7 0.085 17.0 31.0 0.99589 3.37 0.51 10.4 1
7.2 0.62 0.01 2.3 0.065 8.0 46.0 0.99332 3.32 0.51 11.8 1
7.5 0.57 0.02 2.6 0.077 11.0 35.0 0.99557 3.36 0.62 10.8 1
8.6 0.685 0.1 1.6 0.092 3.0 12.0 0.99745 3.31 0.65 9.55 1
8.0 0.5 0.39 2.6 0.082 12.0 46.0 0.9985 3.43 0.62 10.7 1
7.3 0.34 0.33 2.5 0.064 21.0 37.0 0.9952 3.35 0.77 12.1 1
6.5 0.9 0.0 1.6 0.052 9.0 17.0 0.99467 3.5 0.63 10.9 1
7.3 0.48 0.32 2.1 0.062 31.0 54.0 0.99728 3.3 0.65 10.0 1
6.6 0.895 0.04 2.3 0.068 7.0 13.0 0.99582 3.53 0.58 10.8 1
7.5 0.38 0.57 2.3 0.106 5.0 12.0 0.99605 3.36 0.55 11.4 1
6.4 0.79 0.04 2.2 0.061 11.0 17.0 0.99588 3.53 0.65 10.4 1
8.0 0.3 0.63 1.6 0.081 16.0 29.0 0.99588 3.3 0.78 10.8 1
7.5 0.31 0.41 2.4 0.065 34.0 60.0 0.99492 3.34 0.85 11.4 1
