10.7 0.35 0.53 2.6 0.07 5.0 16.0 0.9972 3.15 0.65 11.0 0
5.0 0.42 0.24 2.0 0.06 19.0 50.0 0.9917 3.72 0.74 14.0 0
7.5 0.64 0.0 2.4 0.077 18.0 29.0 0.9965 3.32 0.6 10.0 1
9.0 0.8 0.12 2.4 0.083 8.0 28.0 0.99836 3.33 0.65 10.4 1
10.6 0.36 0.57 2.3 0.087 6.0 20.0 0.99676 3.14 0.72 11.1 1
7.2 0.36 0.46 2.1 0.074 24.0 44.0 0.99534 3.4 0.85 11.0 1
10.4 0.41 0.55 3.2 0.076 22.0 54.0 0.9996 3.15 0.89 9.9 1
8.6 0.45 0.31 2.6 0.086 21.0 50.0 0.9982 3.37 0.91 9.9 1
13.2 0.46 0.52 2.2 0.071 12.0 35.0 1.0006 3.1 0.56 9.0 1
12.8 0.3 0.74 2.6 0.095 9.0 28.0 0.9994 3.2 0.77 10.8 1
8.2 0.26 0.34 2.5 0.073 16.0 47.0 0.99594 3.4 0.78 11.3 1
7.3 0.305 0.39 1.2 0.059 7.0 11.0 0.99331 3.29 0.52 11.5 1
7.7 0.58 0.01 1.8 0.088 12.0 18.0 0.99568 3.32 0.56 10.5 1
7.0 0.22 0.3 1.8 0.065 16.0 20.0 0.99672 3.61 0.82 10.0 1
7.2 0.63 0.0 1.9 0.097 14.0 38.0 0.99675 3.37 0.58 9.0 1
7.5 0.38 0.57 2.3 0.106 5.0 12.0 0.99605 3.36 0.55 11.4 1
10.8 0.4 0.41 2.2 0.084 7.0 17.0 0.9984 3.08 0.67 9.3 1
5.0 0.4 0.5 4.3 0.046 29.0 80.0 0.9902 3.49 0.66 13.6 1
8.0 0.18 0.37 0.9 0.049 36.0 109.0 0.99007 2.89 0.44 12.7 1
10.1 0.65 0.37 5.1 0.11 11.0 65.0 1.0026 3.32 0.64 10.4 1
10.0 0.42 0.5 3.4 0.107 7.0 21.0 0.9979 3.26 0.93 11.8 1
5.2 0.34 0.0 1.8 0.05 27.0 63.0 0.9916 3.68 0.79 14.0 1
5.2 0.49 0.26 2.3 0.09 23.0 74.0 0.9953 3.71 0.62 12.2 1
9.4 0.27 0.53 2.4 0.074 6.0 18.0 0.9962 3.2 1.13 12.0 1
6.6 0.855 0.02 2.4 0.062 15.0 23.0 0.99627 3.54 0.6 11.0 1
9.1 0.3 0.34 2.0 0.064 12.0 25.0 0.99516 3.26 0.84 11.7 1
6.2 0.7 0.15 5.1 0.076 13.0 27.0 0.99622 3.54 0.6 11.9 1
10.6 0.5 0.45 2.6 0.119 34.0 68.0 0.99708 3.23 0.72 10.9 1
8.9 0.43 0.45 1.9 0.052 6.0 16.0 0.9948 3.35 0.7 12.5 1
8.2 1.0 0.09 2.3 0.065 7.0 37.0 0.99685 3.32 0.55 9.0 1
7.7 0.915 0.12 2.2 0.143 7.0 23.0 0.9964 3.35 0.65 10.2 1
6.9 0.685 0.0 2.5 0.105 22.0 37.0 0.9966 3.46 0.57 10.6 1
8.6 0.83 0.0 2.8 0.095 17.0 43.0 0.99822 3.33 0.6 10.4 1
9.6 0.77 0.12 2.9 0.082 30.0 74.0 0.99865 3.3 0.64 10.4 1
9.1 0.21 0.37 1.6 0.067 6.0 10.0 0.99552 3.23 0.58 11.1 1
7.9 0.53 0.24 2.0 0.072 15.0 105.0 0.996 3.27 0.54 9.4 1
6.7 0.46 0.24 1.7 0.077 18.0 34.0 0.9948 3.39 0.6 10.6 1
8.3 0.34 0.4 2.4 0.065 24.0 48.0 0.99554 3.34 0.86 11.0 1
12.3 0.27 0.49 3.1 0.079 28.0 46.0 0.9993 3.2 0.8 10.2 1
8.2 0.59 0.0 2.5 0.093 19.0 58.0 1.0002 3.5 0.65 9.3 1
6.8 0.63 0.07 2.1 0.089 11.0 44.0 0.9953 3.47 0.55 10.4 1
8.2 0.35 0.33 2.4 0.076 11.0 47.0 0.99599 3.27 0.81 11.0 1
6.1 0.4 0.16 1.8 0.069 11.0 25.0 0.9955 3.42 0.74 10.1 1
6.4 0.865 0.03 3.2 0.071 27.0 58.0 0.995 3.61 0.49 12.7 1
10.2 0.29 0.49 2.6 0.059 5.0 13.0 0.9976 3.05 0.74 10.5 1
6.1 0.21 0.4 1.4 0.066 40.5 165.0 0.9912 3.25 0.59 11.9 1
10.6 1.02 0.43 2.9 0.076 26.0 88.0 0.9984 3.08 0.57 10.1 1
7.0 0.64 0.02 2.1 0.067 9.0 23.0 0.997 3.47 0.67 9.4 1
6.9 0.49 0.19 1.7 0.079 13.0 26.0 0.99547 3.38 0.64 9.8 1
4.9 0.42 0.0 2.1 0.048 16.0 42.0 0.99154 3.71 0.74 14.0 1
10.7 0.52 0.38 2.6 0.066 29.0 56.0 0.99577 3.15 0.79 12.1 1
10.4 0.43 0.5 2.3 0.068 13.0 19.0 0.996 3.1 0.87 11.4 1
5.9 0.395 0.13 2.4 0.056 14.0 28.0 0.99362 3.62 0.67 12.4 1
11.3 0.34 0.45 2.0 0.082 6.0 15.0 0.9988 2.94 0.66 9.2 1
10.3 0.27 0.24 2.1 0.072 15.0 33.0 0.9956 3.22 0.66 12.8 1
6.6 0.84 0.03 2.3 0.059 32.0 48.0 0.9952 3.52 0.56 12.3 1
6.8 0.62 0.08 1.9 0.068 28.0 38.0 0.99651 3.42 0.82 9.5 1
11.1 0.18 0.48 1.5 0.068 7.0 15.0 0.9973 3.22 0.64 10.1 1
8.9 0.745 0.18 2.5 0.077 15.0 48.0 0.99739 3.2 0.47 9.7 1
11.9 0.37 0.69 2.3 0.078 12.0 24.0 0.9958 3.0 0.65 12.8 1
10.4 0.44 0.73 6.55 0.074 38.0 76.0 0.999 3.17 0.85 12.0 1
9.5 0.37 0.52 2.0 0.088 12.0 51.0 0.99613 3.29 0.58 11.1 1
10.5 0.26 0.47 1.9 0.078 6.0 24.0 0.9976 3.18 1.04 10.9 1
8.6 0.315 0.4 2.2 0.079 3.0 6.0 0.99512 3.27 0.67 11.9 1
11.8 0.38 0.55 2.1 0.071 5.0 19.0 0.9986 3.11 0.62 10.8 1
7.2 0.5 0.18 2.1 0.071 12.0 31.0 0.99761 3.52 0.72 9.6 1
7.7 0.57 0.21 1.5 0.069 4.0 9.0 0.99458 3.16 0.54 9.8 1
6.0 0.51 0.0 2.1 0.064 40.0 54.0 0.995 3.54 0.93 10.7 1
9.3 0.49 0.36 1.7 0.081 3.0 14.0 0.99702 3.27 0.78 10.9 1
7.0 0.69 0.0 1.9 0.114 3.0 10.0 0.99636 3.35 0.6 9.7 1
7.8 0.46 0.26 1.9 0.088 23.0 53.0 0.9981 3.43 0.74 9.2 1
8.8 0.27 0.39 2.0 0.1 20.0 27.0 0.99546 3.15 0.69 11.2 1
7.7 0.53 0.06 1.7 0.074 9.0 39.0 0.99615 3.35 0.48 9.8 1
6.9 0.4 0.14 2.4 0.085 21.0 40.0 0.9968 3.43 0.63 9.7 1
6.5 0.61 0.0 2.2 0.095 48.0 59.0 0.99541 3.61 0.7 11.5 1
10.9 0.39 0.47 1.8 0.118 6.0 14.0 0.9982 3.3 0.75 9.8 1
11.1 0.31 0.53 2.2 0.06 3.0 10.0 0.99572 3.02 0.83 10.9 1
7.0 0.43 0.36 1.6 0.089 14.0 37.0 0.99615 3.34 0.56 9.2 1
6.8 0.64 0.03 2.3 0.075 14.0 31.0 0.99545 3.36 0.58 10.4 1
6.9 0.54 0.04 3.0 0.077 7.0 27.0 0.9987 3.69 0.91 9.4 1
9.1 0.76 0.68 1.7 0.414 18.0 64.0 0.99652 2.9 1.33 9.1 1
6.6 0.725 0.09 5.5 0.117 9.0 17.0 0.99655 3.35 0.49 10.8 1
5.4 0.58 0.08 1.9 0.059 20.0 31.0 0.99484 3.5 0.64 10.2 1
10.2 0.54 0.37 15.4 0.214 55.0 95.0 1.00369 3.18 0.77 9.0 1
5.1 0.585 0.0 1.7 0.044 14.0 86.0 0.99264 3.56 0.94 12.9 1
6.9 0.74 0.03 2.3 0.054 7.0 16.0 0.99508 3.45 0.63 11.5 1
