7.9 0.54 0.34 2.5 0.076 8.0 17.0 0.99235 3.2 0.72 13.1 0
5.6 0.85 0.05 1.4 0.045 12.0 88.0 0.9924 3.56 0.82 12.9 0
7.2 0.53 0.14 2.1 0.064 15.0 29.0 0.99323 3.35 0.61 12.1 1
11.6 0.475 0.4 1.4 0.091 6.0 28.0 0.99704 3.07 0.65 10.0333333333333 1
10.2 0.44 0.42 2.0 0.071 7.0 20.0 0.99566 3.14 0.79 11.1 1
7.2 0.36 0.46 2.1 0.074 24.0 44.0 0.99534 3.4 0.85 11.0 1
6.2 0.43 0.22 1.8 0.078 21.0 56.0 0.99633 3.52 0.6 9.5 1
6.4 0.37 0.25 1.9 0.074 21.0 49.0 0.9974 3.57 0.62 9.8 1
7.5 0.52 0.16 1.9 0.085 12.0 35.0 0.9968 3.38 0.62 9.5 1
9.4 0.33 0.59 2.8 0.079 9.0 30.0 0.9976 3.12 0.54 12.0 1
9.6 0.56 0.31 2.8 0.089 15.0 46.0 0.9979 3.11 0.92 10.0 1
10.0 0.35 0.47 2.0 0.061 6.0 11.0 0.99585 3.23 0.52 12.0 1
6.8 0.59 0.06 6.0 0.06 11.0 18.0 0.9962 3.41 0.59 10.8 1
9.7 0.295 0.4 1.5 0.073 14.0 21.0 0.99556 3.14 0.51 10.9 1
6.3 0.36 0.19 3.2 0.075 15.0 39.0 0.9956 3.56 0.52 12.7 1
8.3 0.28 0.48 2.1 0.093 6.0 12.0 0.99408 3.26 0.62 12.4 1
10.1 0.37 0.34 2.4 0.085 5.0 17.0 0.99683 3.17 0.65 10.6 1
8.0 0.33 0.53 2.5 0.091 18.0 80.0 0.9976 3.37 0.8 9.6 1
6.7 0.28 0.28 2.4 0.012 36.0 100.0 0.99064 3.26 0.39 11.7 1
6.1 0.58 0.23 2.5 0.044 16.0 70.0 0.99352 3.46 0.65 12.5 1
7.8 0.39 0.42 2.0 0.086 9.0 21.0 0.99526 3.39 0.66 11.6 1
7.9 0.545 0.06 4.0 0.087 27.0 61.0 0.9965 3.36 0.67 10.7 1
7.2 0.35 0.26 1.8 0.083 33.0 75.0 0.9968 3.4 0.58 9.5 1
8.0 0.42 0.17 2.0 0.073 6.0 18.0 0.9972 3.29 0.61 9.2 1
7.0 0.69 0.07 2.5 0.091 15.0 21.0 0.99572 3.38 0.6 11.3 1
9.6 0.33 0.52 2.2 0.074 13.0 25.0 0.99509 3.36 0.76 12.4 1
9.1 0.29 0.33 2.05 0.063 13.0 27.0 0.99516 3.26 0.84 11.7 1
9.5 0.56 0.33 2.4 0.089 35.0 67.0 0.9972 3.28 0.73 11.8 1
6.6 0.96 0.0 1.8 0.082 5.0 16.0 0.9936 3.5 0.44 11.9 1
7.5 0.57 0.02 2.6 0.077 11.0 35.0 0.99557 3.36 0.62 10.8 1
7.3 0.66 0.0 2.0 0.084 6.0 23.0 0.9983 3.61 0.96 9.9 1
10.8 0.32 0.44 1.6 0.063 16.0 37.0 0.9985 3.22 0.78 10.0 1
8.3 0.31 0.39 2.4 0.078 17.0 43.0 0.99444 3.31 0.77 12.5 1
12.4 0.35 0.49 2.6 0.079 27.0 69.0 0.9994 3.12 0.75 10.4 1
10.4 0.26 0.48 1.9 0.066 6.0 10.0 0.99724 3.33 0.87 10.9 1
7.4 0.785 0.19 5.2 0.094 19.0 98.0 0.99713 3.16 0.52 9.6 1
6.7 0.46 0.24 1.7 0.077 18.0 34.0 0.9948 3.39 0.6 10.6 1
8.5 0.37 0.32 1.8 0.066 26.0 51.0 0.99456 3.38 0.72 11.8 1
9.1 0.28 0.48 1.8 0.067 26.0 46.0 0.9967 3.32 1.04 10.6 1
10.0 0.56 0.24 2.2 0.079 19.0 58.0 0.9991 3.18 0.56 10.1 1
6.5 0.34 0.27 2.8 0.067 8.0 44.0 0.99384 3.21 0.56 12.0 1
8.9 0.4 0.32 5.6 0.087 10.0 47.0 0.9991 3.38 0.77 10.5 1
7.0 0.65 0.02 2.1 0.066 8.0 25.0 0.9972 3.47 0.67 9.5 1
7.7 0.18 0.34 2.7 0.066 15.0 58.0 0.9947 3.37 0.78 11.8 1
10.4 0.52 0.45 2.0 0.08 6.0 13.0 0.99774 3.22 0.76 11.4 1
6.6 0.39 0.49 1.7 0.07 23.0 149.0 0.9922 3.12 0.5 11.5 1
7.3 0.67 0.02 2.2 0.072 31.0 92.0 0.99566 3.32 0.68 11.0666666666667 1
7.9 0.765 0.0 2.0 0.084 9.0 22.0 0.99619 3.33 0.68 10.9 1
9.1 0.795 0.0 2.6 0.096 11.0 26.0 0.9994 3.35 0.83 9.4 1
9.3 0.37 0.44 1.6 0.038 21.0 42.0 0.99526 3.24 0.81 10.8 1
7.3 0.48 0.32 2.1 0.062 31.0 54.0 0.99728 3.3 0.65 10.0 1
8.9 0.32 0.31 2.0 0.088 12.0 19.0 0.9957 3.17 0.55 10.4 1
7.0 0.6 0.12 2.2 0.083 13.0 28.0 0.9966 3.52 0.62 10.2 1
10.5 0.51 0.64 2.4 0.107 6.0 15.0 0.9973 3.09 0.66 11.8 1
6.0 0.49 0.0 2.3 0.068 15.0 33.0 0.99292 3.58 0.59 12.5 1
5.9 0.55 0.1 2.2 0.062 39.0 51.0 0.99512 3.52 0.76 11.2 1
8.4 0.34 0.42 2.1 0.072 23.0 36.0 0.99392 3.11 0.78 12.4 1
6.8 0.65 0.02 2.1 0.078 8.0 15.0 0.99498 3.35 0.62 10.4 1
7.8 0.54 0.26 2.0 0.088 23.0 48.0 0.9981 3.41 0.74 9.2 1
6.8 0.56 0.22 1.8 0.074 15.0 24.0 0.99438 3.4 0.82 11.2 1
7.3 0.4 0.3 1.7 0.08 33.0 79.0 0.9969 3.41 0.65 9.5 1
11.5 0.59 0.59 2.6 0.087 13.0 49.0 0.9988 3.18 0.65 11.0 1
10.5 0.24 0.47 2.1 0.066 6.0 24.0 0.9978 3.15 0.9 11.0 1
9.9 0.32 0.56 2.0 0.073 3.0 8.0 0.99534 3.15 0.73 11.4 1
7.2 0.52 0.07 1.4 0.074 5.0 20.0 0.9973 3.32 0.81 9.6 1
8.1 0.38 0.28 2.1 0.066 13.0 30.0 0.9968 3.23 0.73 9.7 1
10.2 0.34 0.48 2.1 0.052 5.0 9.0 0.99458 3.2 0.69 12.1 1
7.7 0.715 0.01 2.1 0.064 31.0 43.0 0.99371 3.41 0.57 11.8 1
7.8 0.6 0.14 2.4 0.086 3.0 15.0 0.9975 3.42 0.6 10.8 1
5.9 0.44 0.0 1.6 0.042 3.0 11.0 0.9944 3.48 0.85 11.7 1
8.8 0.55 0.04 2.2 0.119 14.0 56.0 0.9962 3.21 0.6 10.9 1
7.7 0.63 0.08 1.9 0.076 15.0 27.0 0.9967 3.32 0.54 9.5 1
7.8 0.735 0.08 2.4 0.092 10.0 41.0 0.9974 3.24 0.71 9.8 1
11.6 0.41 0.54 1.5 0.095 22.0 41.0 0.99735 3.02 0.76 9.9 1
8.0 0.67 0.3 2.0 0.06 38.0 62.0 0.9958 3.26 0.56 10.2 1
10.3 0.41 0.42 2.4 0.213 6.0 14.0 0.9994 3.19 0.62 9.5 1
8.2 0.28 0.4 2.4 0.052 4.0 10.0 0.99356 3.33 0.7 12.8 1
11.9 0.39 0.69 2.8 0.095 17.0 35.0 0.9994 3.1 0.61 10.8 1
10.9 0.21 0.49 2.8 0.088 11.0 32.0 0.9972 3.22 0.68 11.7 1
8.6 0.53 0.22 2.0 0.1 7.0 27.0 0.9967 3.2 0.56 10.2 1
8.3 0.58 0.13 2.9 0.096 14.0 63.0 0.9984 3.17 0.62 9.1 1
10.9 0.53 0.49 4.6 0.118 10.0 17.0 1.0002 3.07 0.56 11.7 1
9.5 0.735 0.1 2.1 0.079 6.0 31.0 0.9986 3.23 0.56 10.1 1
8.6 0.49 0.28 1.9 0.11 20.0 136.0 0.9972 2.93 1.95 9.9 1
8.2 0.51 0.24 2.0 0.079 16.0 86.0 0.99764 3.34 0.64 9.5 1
6.4 0.47 0.4 2.4 0.071 8.0 19.0 0.9963 3.56 0.73 10.6 1
