12.6 0.31 0.72 2.2 0.072 6.0 29.0 0.9987 2.88 0.82 9.8 0
8.0 0.705 0.05 1.9 0.074 8.0 19.0 0.9962 3.34 0.95 10.5 1
7.7 0.63 0.08 1.9 0.076 15.0 27.0 0.9967 3.32 0.54 9.5 1
7.8 0.5 0.3 1.9 0.075 8.0 22.0 0.9959 3.31 0.56 10.4 1
8.0 0.33 0.53 2.5 0.091 18.0 80.0 0.9976 3.37 0.8 9.6 1
7.9 1.04 0.05 2.2 0.084 13.0 29.0 0.9959 3.22 0.55 9.9 1
5.2 0.34 0.0 1.8 0.05 27.0 63.0 0.9916 3.68 0.79 14.0 1
7.5 0.52 0.42 2.3 0.087 8.0 38.0 0.9972 3.58 0.61 10.5 1
6.7 0.62 0.21 1.9 0.079 8.0 62.0 0.997 3.52 0.58 9.3 1
12.8 0.3 0.74 2.6 0.095 9.0 28.0 0.9994 3.2 0.77 10.8 1
6.9 0.54 0.04 3.0 0.077 7.0 27.0 0.9987 3.69 0.91 9.4 1
11.5 0.18 0.51 4.0 0.104 4.0 23.0 0.9996 3.28 0.97 10.1 1
11.5 0.18 0.51 4.0 0.104 4.0 23.0 0.9996 3.28 0.97 10.1 1
7.5 0.53 0.06 2.6 0.086 20.0 44.0 0.9965 3.38 0.59 10.7 1
10.3 0.41 0.42 2.4 0.213 6.0 14.0 0.9994 3.19 0.62 9.5 1
7.9 0.53 0.24 2.0 0.072 15.0 105.0 0.996 3.27 0.54 9.4 1
8.0 0.58 0.28 3.2 0.066 21.0 114.0 0.9973 3.22 0.54 9.4 1
10.9 0.39 0.47 1.8 0.118 6.0 14.0 0.9982 3.3 0.75 9.8 1
13.8 0.49 0.67 3.0 0.093 6.0 15.0 0.9986 3.02 0.93 12.0 1
8.3 0.26 0.42 2.0 0.08 11.0 27.0 0.9974 3.21 0.8 9.4 1
7.7 0.26 0.3 1.7 0.059 20.0 38.0 0.9949 3.29 0.47 10.8 1
9.8 0.44 0.47 2.5 0.063 9.0 28.0 0.9981 3.24 0.65 10.8 1
10.5 0.24 0.47 2.1 0.066 6.0 24.0 0.9978 3.15 0.9 11.0 1
9.5 0.735 0.1 2.1 0.079 6.0 31.0 0.9986 3.23 0.56 10.1 1
6.8 0.56 0.03 1.7 0.084 18.0 35.0 0.9968 3.44 0.63 10.0 1
8.7 0.69 0.31 3.0 0.086 23.0 81.0 1.0002 3.48 0.74 11.6 1
10.0 0.59 0.31 2.2 0.09 26.0 62.0 0.9994 3.18 0.63 10.2 1
9.1 0.22 0.24 2.1 0.078 1.0 28.0 0.999 3.41 0.87 10.3 1
13.0 0.47 0.49 4.3 0.085 6.0 47.0 1.0021 3.3 0.68 12.7 1
6.6 0.39 0.49 1.7 0.07 23.0 149.0 0.9922 3.12 0.5 11.5 1
11.9 0.58 0.58 1.9 0.071 5.0 18.0 0.998 3.09 0.63 10.0 1
12.7 0.59 0.45 2.3 0.082 11.0 22.0 1.0 3.0 0.7 9.3 1
10.1 0.65 0.37 5.1 0.11 11.0 65.0 1.0026 3.32 0.64 10.4 1
8.7 0.54 0.26 2.5 0.097 7.0 31.0 0.9976 3.27 0.6 9.3 1
12.0 0.5 0.59 1.4 0.073 23.0 42.0 0.998 2.92 0.68 10.5 1
7.8 0.48 0.68 1.7 0.415 14.0 32.0 0.99656 3.09 1.06 9.1 1
10.0 0.56 0.24 2.2 0.079 19.0 58.0 0.9991 3.18 0.56 10.1 1
5.1 0.585 0.0 1.7 0.044 14.0 86.0 0.99264 3.56 0.94 12.9 1
7.7 0.56 0.08 2.5 0.114 14.0 46.0 0.9971 3.24 0.66 9.6 1
5.8 1.01 0.66 2.0 0.039 15.0 88.0 0.99357 3.66 0.6 11.5 1
6.9 0.51 0.23 2.0 0.072 13.0 22.0 0.99438 3.4 0.84 11.2 1
8.3 0.31 0.39 2.4 0.078 17.0 43.0 0.99444 3.31 0.77 12.5 1
6.8 0.59 0.06 6.0 0.06 11.0 18.0 0.9962 3.41 0.59 10.8 1
6.8 0.41 0.31 8.8 0.084 26.0 45.0 0.99824 3.38 0.64 10.1 1
8.5 0.47 0.27 1.9 0.058 18.0 38.0 0.99518 3.16 0.85 11.1 1
5.6 0.66 0.0 2.2 0.087 3.0 11.0 0.99378 3.71 0.63 12.8 1
9.1 0.29 0.33 2.05 0.063 13.0 27.0 0.99516 3.26 0.84 11.7 1
6.8 0.36 0.32 1.8 0.067 4.0 8.0 0.9928 3.36 0.55 12.8 1
11.3 0.36 0.66 2.4 0.123 3.0 8.0 0.99642 3.2 0.53 11.9 1
7.5 0.57 0.08 2.6 0.089 14.0 27.0 0.99592 3.3 0.59 10.4 1
7.6 0.78 0.0 1.7 0.076 33.0 45.0 0.99612 3.31 0.62 10.7 1
11.1 0.31 0.53 2.2 0.06 3.0 10.0 0.99572 3.02 0.83 10.9 1
10.3 0.27 0.56 1.4 0.047 3.0 8.0 0.99471 3.16 0.51 11.8 1
7.9 0.3 0.68 8.3 0.05 37.5 289.0 0.99316 3.01 0.51 12.3 1
7.2 0.38 0.3 1.8 0.073 31.0 70.0 0.99685 3.42 0.59 9.5 1
9.2 0.31 0.36 2.2 0.079 11.0 31.0 0.99615 3.33 0.86 12.0 1
6.1 0.48 0.09 1.7 0.078 18.0 30.0 0.99402 3.45 0.54 11.2 1
7.0 0.69 0.07 2.5 0.091 15.0 21.0 0.99572 3.38 0.6 11.3 1
7.0 0.69 0.07 2.5 0.091 15.0 21.0 0.99572 3.38 0.6 11.3 1
7.2 0.48 0.07 5.5 0.089 10.0 18.0 0.99684 3.37 0.68 11.2 1
8.5 0.28 0.35 1.7 0.061 6.0 15.0 0.99524 3.3 0.74 11.8 1
7.3 0.4 0.3 1.7 0.08 33.0 79.0 0.9969 3.41 0.65 9.5 1
8.2 0.2 0.43 2.5 0.076 31.0 51.0 0.99672 3.53 0.81 10.4 1
9.6 0.42 0.35 2.1 0.083 17.0 38.0 0.99622 3.23 0.66 11.1 1
6.6 0.58 0.0 2.2 0.1 50.0 63.0 0.99544 3.59 0.68 11.4 1
8.5 0.32 0.42 2.3 0.075 12.0 19.0 0.99434 3.14 0.71 11.8 1
7.2 0.36 0.46 2.1 0.074 24.0 44.0 0.99534 3.4 0.85 11.0 1
9.6 0.38 0.42 1.9 0.071 5.0 13.0 0.99659 3.15 0.75 10.5 1
7.7 0.18 0.34 2.7 0.066 15.0 58.0 0.9947 3.37 0.78 11.8 1
7.0 0.69 0.0 1.9 0.114 3.0 10.0 0.99636 3.35 0.6 9.7 1
8.0 0.715 0.22 2.3 0.075 13.0 81.0 0.99688 3.24 0.54 9.5 1
6.7 0.46 0.24 1.7 0.077 18.0 34.0 0.9948 3.39 0.6 10.6 1
7.5 0.51 0.02 1.7 0.084 13.0 31.0 0.99538 3.36 0.54 10.5 1
7.2 0.605 0.02 1.9 0.096 10.0 31.0 0.995 3.46 0.53 11.8 1
6.9 0.54 0.3 2.2 0.088 9.0 105.0 0.99725 3.25 1.18 10.5 1
7.6 0.3 0.42 2.0 0.052 6.0 24.0 0.9963 3.44 0.82 11.9 1
8.2 0.24 0.34 5.1 0.062 8.0 22.0 0.9974 3.22 0.94 10.9 1
7.7 0.23 0.37 1.8 0.046 23.0 60.0 0.9971 3.41 0.71 12.1 1
10.2 0.54 0.37 15.4 0.214 55.0 95.0 1.00369 3.18 0.77 9.0 1
7.1 0.22 0.49 1.8 0.039 8.0 18.0 0.99344 3.39 0.56 12.4 1
6.4 0.31 0.09 1.4 0.066 15.0 28.0 0.99459 3.42 0.7 10.0 1
7.1 0.69 0.08 2.1 0.063 42.0 52.0 0.99608 3.42 0.6 10.2 1
6.8 0.67 0.15 1.8 0.118 13.0 20.0 0.9954 3.42 0.67 11.3 1
7.2 0.39 0.44 2.6 0.066 22.0 48.0 0.99494 3.3 0.84 11.5 1
5.4 0.74 0.09 1.7 0.089 16.0 26.0 0.99402 3.67 0.56 11.6 1
