5.6 0.85 0.05 1.4 0.045 12.0 88.0 0.9924 3.56 0.82 12.9 0
12.6 0.31 0.72 2.2 0.072 6.0 29.0 0.9987 2.88 0.82 9.8 0
5.0 0.42 0.24 2.0 0.06 19.0 50.0 0.9917 3.72 0.74 14.0 0
7.9 0.54 0.34 2.5 0.076 8.0 17.0 0.99235 3.2 0.72 13.1 0
8.6 0.42 0.39 1.8 0.068 6.0 12.0 0.99516 3.35 0.69 11.7 0
7.2 0.33 0.33 1.7 0.061 3.0 13.0 0.996 3.23 1.1 10.0 0
7.2 0.38 0.31 2.0 0.056 15.0 29.0 0.99472 3.23 0.76 11.3 0
7.4 0.36 0.3 1.8 0.074 17.0 24.0 0.99419 3.24 0.7 11.4 0
11.2 0.28 0.56 1.9 0.075 17.0 60.0 0.998 3.16 0.58 9.8 1
7.3 0.65 0.0 1.2 0.065 15.0 21.0 0.9946 3.39 0.47 10.0 1
8.5 0.28 0.56 1.8 0.092 35.0 103.0 0.9969 3.3 0.75 10.5 1
7.9 0.32 0.51 1.8 0.341 17.0 56.0 0.9969 3.04 1.08 9.2 1
8.9 0.22 0.48 1.8 0.077 29.0 60.0 0.9968 3.39 0.53 9.4 1
7.8 0.645 0.0 2.0 0.082 8.0 16.0 0.9964 3.38 0.59 9.8 1
6.9 0.685 0.0 2.5 0.105 22.0 37.0 0.9966 3.46 0.57 10.6 1
7.8 0.645 0.0 5.5 0.086 5.0 18.0 0.9986 3.4 0.55 9.6 1
7.8 0.6 0.14 2.4 0.086 3.0 15.0 0.9975 3.42 0.6 10.8 1
8.1 0.38 0.28 2.1 0.066 13.0 30.0 0.9968 3.23 0.73 9.7 1
7.3 0.39 0.31 2.4 0.074 9.0 46.0 0.9962 3.41 0.54 9.4 1
8.0 0.705 0.05 1.9 0.074 8.0 19.0 0.9962 3.34 0.95 10.5 1
6.8 0.785 0.0 2.4 0.104 14.0 30.0 0.9966 3.52 0.55 10.7 1
6.3 0.3 0.48 1.8 0.069 18.0 61.0 0.9959 3.44 0.78 10.3 1
8.6 0.49 0.28 1.9 0.11 20.0 136.0 0.9972 2.93 1.95 9.9 1
4.7 0.6 0.17 2.3 0.058 17.0 106.0 0.9932 3.85 0.6 12.9 1
7.8 0.5 0.3 1.9 0.075 8.0 22.0 0.9959 3.31 0.56 10.4 1
8.1 0.545 0.18 1.9 0.08 13.0 35.0 0.9972 3.3 0.59 9.0 1
8.0 0.33 0.53 2.5 0.091 18.0 80.0 0.9976 3.37 0.8 9.6 1
10.1 0.31 0.44 2.3 0.08 22.0 46.0 0.9988 3.32 0.67 9.7 1
9.4 0.4 0.31 2.2 0.09 13.0 62.0 0.9966 3.07 0.63 10.5 1
8.8 0.55 0.04 2.2 0.119 14.0 56.0 0.9962 3.21 0.6 10.9 1
7.9 1.04 0.05 2.2 0.084 13.0 29.0 0.9959 3.22 0.55 9.9 1
5.2 0.34 0.0 1.8 0.05 27.0 63.0 0.9916 3.68 0.79 14.0 1
6.9 0.49 0.1 2.3 0.074 12.0 30.0 0.9959 3.42 0.58 10.2 1
7.3 0.33 0.47 2.1 0.077 5.0 11.0 0.9958 3.33 0.53 10.3 1
8.0 0.42 0.17 2.0 0.073 6.0 18.0 0.9972 3.29 0.61 9.2 1
7.4 0.62 0.05 1.9 0.068 24.0 42.0 0.9961 3.42 0.57 11.5 1
7.5 0.52 0.42 2.3 0.087 8.0 38.0 0.9972 3.58 0.61 10.5 1
6.4 0.37 0.25 1.9 0.074 21.0 49.0 0.9974 3.57 0.62 9.8 1
12.8 0.3 0.74 2.6 0.095 9.0 28.0 0.9994 3.2 0.77 10.8 1
12.8 0.3 0.74 2.6 0.095 9.0 28.0 0.9994 3.2 0.77 10.8 1
9.7 0.53 0.6 2.0 0.039 5.0 19.0 0.99585 3.3 0.86 12.4 1
7.8 0.735 0.08 2.4 0.092 10.0 41.0 0.9974 3.24 0.71 9.8 1
7.8 0.34 0.37 2.0 0.082 24.0 58.0 0.9964 3.34 0.59 9.4 1
5.2 0.48 0.04 1.6 0.054 19.0 106.0 0.9927 3.54 0.62 12.2 1
8.0 0.38 0.06 1.8 0.078 12.0 49.0 0.99625 3.37 0.52 9.9 1
8.2 1.0 0.09 2.3 0.065 7.0 37.0 0.99685 3.32 0.55 9.0 1
7.2 0.645 0.0 1.9 0.097 15.0 39.0 0.99675 3.37 0.58 9.2 1
8.2 1.0 0.09 2.3 0.065 7.0 37.0 0.99685 3.32 0.55 9.0 1
12.0 0.38 0.56 2.1 0.093 6.0 24.0 0.99925 3.14 0.71 10.9 1
7.3 0.66 0.0 2.0 0.084 6.0 23.0 0.9983 3.61 0.96 9.9 1
10.8 0.32 0.44 1.6 0.063 16.0 37.0 0.9985 3.22 0.78 10.0 1
10.0 0.31 0.47 2.6 0.085 14.0 33.0 0.99965 3.36 0.8 10.5 1
6.9 0.54 0.04 3.0 0.077 7.0 27.0 0.9987 3.69 0.91 9.4 1
11.5 0.18 0.51 4.0 0.104 4.0 23.0 0.9996 3.28 0.97 10.1 1
7.9 0.545 0.06 4.0 0.087 27.0 61.0 0.9965 3.36 0.67 10.7 1
11.5 0.18 0.51 4.0 0.104 4.0 23.0 0.9996 3.28 0.97 10.1 1
7.9 0.545 0.06 4.0 0.087 27.0 61.0 0.9965 3.36 0.67 10.7 1
6.9 0.54 0.04 3.0 0.077 7.0 27.0 0.9987 3.69 0.91 9.4 1
11.5 0.18 0.51 4.0 0.104 4.0 23.0 0.9996 3.28 0.97 10.1 1
8.9 0.4 0.32 5.6 0.087 10.0 47.0 0.9991 3.38 0.77 10.5 1
12.0 0.45 0.55 2.0 0.073 25.0 49.0 0.9997 3.1 0.76 10.3 1
7.5 0.4 0.12 3.0 0.092 29.0 53.0 0.9967 3.37 0.7 10.3 1
8.7 0.52 0.09 2.5 0.091 20.0 49.0 0.9976 3.34 0.86 10.6 1
8.7 0.52 0.09 2.5 0.091 20.0 49.0 0.9976 3.34 0.86 10.6 1
7.5 0.53 0.06 2.6 0.086 20.0 44.0 0.9965 3.38 0.59 10.7 1
10.3 0.43 0.44 2.4 0.214 5.0 12.0 0.9994 3.19 0.63 9.5 1
7.4 0.29 0.38 1.7 0.062 9.0 30.0 0.9968 3.41 0.53 9.5 1
10.3 0.53 0.48 2.5 0.063 6.0 25.0 0.9998 3.12 0.59 9.3 1
7.9 0.53 0.24 2.0 0.072 15.0 105.0 0.996 3.27 0.54 9.4 1
9.0 0.46 0.31 2.8 0.093 19.0 98.0 0.99815 3.32 0.63 9.5 1
7.1 0.35 0.29 2.5 0.096 20.0 53.0 0.9962 3.42 0.65 11.0 1
9.6 0.77 0.12 2.9 0.082 30.0 74.0 0.99865 3.3 0.64 10.4 1
9.6 0.77 0.12 2.9 0.082 30.0 74.0 0.99865 3.3 0.64 10.4 1
9.8 0.66 0.39 3.2 0.083 21.0 59.0 0.9989 3.37 0.71 11.5 1
10.3 0.59 0.42 2.8 0.09 35.0 73.0 0.999 3.28 0.7 9.5 1
10.2 0.36 0.64 2.9 0.122 10.0 41.0 0.998 3.23 0.66 12.5 1
8.0 0.58 0.28 3.2 0.066 21.0 114.0 0.9973 3.22 0.54 9.4 1
7.9 0.65 0.01 2.5 0.078 17.0 38.0 0.9963 3.34 0.74 11.7 1
12.4 0.49 0.58 3.0 0.103 28.0 99.0 1.0008 3.16 1.0 11.5 1
11.9 0.57 0.5 2.6 0.082 6.0 32.0 1.0006 3.12 0.78 10.7 1
6.6 0.815 0.02 2.7 0.072 17.0 34.0 0.9955 3.58 0.89 12.3 1
13.8 0.49 0.67 3.0 0.093 6.0 15.0 0.9986 3.02 0.93 12.0 1
9.6 0.56 0.31 2.8 0.089 15.0 46.0 0.9979 3.11 0.92 10.0 1
10.7 0.67 0.22 2.7 0.107 17.0 34.0 1.0004 3.28 0.98 9.9 1
8.6 0.45 0.31 2.6 0.086 21.0 50.0 0.9982 3.37 0.91 9.9 1
10.0 0.42 0.5 3.4 0.107 7.0 21.0 0.9979 3.26 0.93 11.8 1
12.8 0.615 0.66 5.8 0.083 7.0 42.0 1.0022 3.07 0.73 10.0 1
7.9 0.24 0.4 1.6 0.056 11.0 25.0 0.9967 3.32 0.87 8.7 1
9.1 0.28 0.48 1.8 0.067 26.0 46.0 0.9967 3.32 1.04 10.6 1
14.0 0.41 0.63 3.8 0.089 6.0 47.0 1.0014 3.01 0.81 10.8 1
9.4 0.27 0.53 2.4 0.074 6.0 18.0 0.9962 3.2 1.13 12.0 1
8.3 0.42 0.38 2.5 0.094 24.0 60.0 0.9979 3.31 0.7 10.8 1
7.4 0.63 0.07 2.4 0.09 11.0 37.0 0.9979 3.43 0.76 9.7 1
7.8 0.54 0.26 2.0 0.088 23.0 48.0 0.9981 3.41 0.74 9.2 1
13.7 0.415 0.68 2.9 0.085 17.0 43.0 1.0014 3.06 0.8 10.0 1
11.5 0.59 0.59 2.6 0.087 13.0 49.0 0.9988 3.18 0.65 11.0 1
11.4 0.6 0.49 2.7 0.085 10.0 41.0 0.9994 3.15 0.63 10.5 1
8.7 0.31 0.46 1.4 0.059 11.0 25.0 0.9966 3.36 0.76 10.1 1
12.0 0.39 0.66 3.0 0.093 12.0 30.0 0.9996 3.18 0.63 10.8 1
10.4 0.34 0.58 3.7 0.174 6.0 16.0 0.997 3.19 0.7 11.3 1
9.0 0.43 0.34 2.5 0.08 26.0 86.0 0.9987 3.38 0.62 9.5 1
10.6 0.48 0.64 2.2 0.111 6.0 20.0 0.997 3.26 0.66 11.7 1
9.5 0.56 0.33 2.4 0.089 35.0 67.0 0.9972 3.28 0.73 11.8 1
6.6 0.84 0.03 2.3 0.059 32.0 48.0 0.9952 3.52 0.56 12.3 1
9.5 0.78 0.22 1.9 0.077 6.0 32.0 0.9988 3.26 0.56 10.6 1
12.8 0.84 0.63 2.4 0.088 13.0 35.0 0.9997 3.1 0.6 10.4 1
10.5 0.24 0.47 2.1 0.066 6.0 24.0 0.9978 3.15 0.9 11.0 1
10.4 0.41 0.55 3.2 0.076 22.0 54.0 0.9996 3.15 0.89 9.9 1
11.1 0.45 0.73 3.2 0.066 6.0 22.0 0.9986 3.17 0.66 11.2 1
10.4 0.41 0.55 3.2 0.076 22.0 54.0 0.9996 3.15 0.89 9.9 1
11.9 0.4 0.65 2.15 0.068 7.0 27.0 0.9988 3.06 0.68 11.3 1
10.0 0.44 0.49 2.7 0.077 11.0 19.0 0.9963 3.23 0.63 11.6 1
5.3 0.57 0.01 1.7 0.054 5.0 27.0 0.9934 3.57 0.84 12.5 1
9.5 0.735 0.1 2.1 0.079 6.0 31.0 0.9986 3.23 0.56 10.1 1
11.9 0.39 0.69 2.8 0.095 17.0 35.0 0.9994 3.1 0.61 10.8 1
10.4 0.33 0.63 2.8 0.084 5.0 22.0 0.9998 3.26 0.74 11.2 1
10.3 0.5 0.42 2.0 0.069 21.0 51.0 0.9982 3.16 0.72 11.5 1
8.8 0.46 0.45 2.6 0.065 7.0 18.0 0.9947 3.32 0.79 14.0 1
11.4 0.36 0.69 2.1 0.09 6.0 21.0 1.0 3.17 0.62 9.2 1
10.5 0.28 0.51 1.7 0.08 10.0 24.0 0.9982 3.2 0.89 9.4 1
9.4 0.685 0.11 2.7 0.077 6.0 31.0 0.9984 3.19 0.7 10.1 1
10.2 0.645 0.36 1.8 0.053 5.0 14.0 0.9982 3.17 0.42 10.0 1
11.6 0.32 0.55 2.8 0.081 35.0 67.0 1.0002 3.32 0.92 10.8 1
8.9 0.4 0.51 2.6 0.052 13.0 27.0 0.995 3.32 0.9 13.4 1
6.5 0.39 0.23 8.3 0.051 28.0 91.0 0.9952 3.44 0.55 12.1 1
7.8 0.52 0.25 1.9 0.081 14.0 38.0 0.9984 3.43 0.65 9.0 1
10.4 0.44 0.73 6.55 0.074 38.0 76.0 0.999 3.17 0.85 12.0 1
10.4 0.44 0.73 6.55 0.074 38.0 76.0 0.999 3.17 0.85 12.0 1
10.5 0.24 0.42 1.8 0.077 6.0 22.0 0.9976 3.21 1.05 10.8 1
10.2 0.49 0.63 2.9 0.072 10.0 26.0 0.9968 3.16 0.78 12.5 1
10.4 0.24 0.46 1.8 0.075 6.0 21.0 0.9976 3.25 1.02 10.8 1
11.2 0.67 0.55 2.3 0.084 6.0 13.0 1.0 3.17 0.71 9.5 1
13.3 0.29 0.75 2.8 0.084 23.0 43.0 0.9986 3.04 0.68 11.4 1
10.7 0.4 0.48 2.1 0.125 15.0 49.0 0.998 3.03 0.81 9.7 1
10.5 0.51 0.64 2.4 0.107 6.0 15.0 0.9973 3.09 0.66 11.8 1
10.5 0.51 0.64 2.4 0.107 6.0 15.0 0.9973 3.09 0.66 11.8 1
12.5 0.6 0.49 4.3 0.1 5.0 14.0 1.001 3.25 0.74 11.9 1
9.8 0.25 0.49 2.7 0.088 15.0 33.0 0.9982 3.42 0.9 10.0 1
8.2 0.42 0.49 2.6 0.084 32.0 55.0 0.9988 3.34 0.75 8.7 1
9.1 0.22 0.24 2.1 0.078 1.0 28.0 0.999 3.41 0.87 10.3 1
10.0 0.48 0.24 2.7 0.102 13.0 32.0 1.0 3.28 0.56 10.0 1
8.1 0.825 0.24 2.1 0.084 5.0 13.0 0.9972 3.37 0.77 10.7 1
9.5 0.46 0.49 6.3 0.064 5.0 17.0 0.9988 3.21 0.73 11.0 1
11.2 0.66 0.24 2.5 0.085 16.0 53.0 0.9993 3.06 0.72 11.0 1
7.5 0.55 0.24 2.0 0.078 10.0 28.0 0.9983 3.45 0.78 9.5 1
6.8 0.51 0.01 2.1 0.074 9.0 25.0 0.9958 3.33 0.56 9.5 1
9.4 0.43 0.24 2.8 0.092 14.0 45.0 0.998 3.19 0.73 10.0 1
10.9 0.53 0.49 4.6 0.118 10.0 17.0 1.0002 3.07 0.56 11.7 1
13.0 0.47 0.49 4.3 0.085 6.0 47.0 1.0021 3.3 0.68 12.7 1
8.7 0.7 0.24 2.5 0.226 5.0 15.0 0.9991 3.32 0.6 9.0 1
8.7 0.7 0.24 2.5 0.226 5.0 15.0 0.9991 3.32 0.6 9.0 1
9.8 0.5 0.49 2.6 0.25 5.0 20.0 0.999 3.31 0.79 10.7 1
11.5 0.35 0.49 3.3 0.07 10.0 37.0 1.0003 3.32 0.91 11.0 1
6.2 0.36 0.24 2.2 0.095 19.0 42.0 0.9946 3.57 0.57 11.7 1
10.6 0.34 0.49 3.2 0.078 20.0 78.0 0.9992 3.19 0.7 10.0 1
12.3 0.27 0.49 3.1 0.079 28.0 46.0 0.9993 3.2 0.8 10.2 1
12.0 0.28 0.49 1.9 0.074 10.0 21.0 0.9976 2.98 0.66 9.9 1
11.8 0.33 0.49 3.4 0.093 54.0 80.0 1.0002 3.3 0.76 10.7 1
11.1 0.31 0.49 2.7 0.094 16.0 47.0 0.9986 3.12 1.02 10.6 1
10.2 0.29 0.49 2.6 0.059 5.0 13.0 0.9976 3.05 0.74 10.5 1
6.6 0.39 0.49 1.7 0.07 23.0 149.0 0.9922 3.12 0.5 11.5 1
11.9 0.58 0.58 1.9 0.071 5.0 18.0 0.998 3.09 0.63 10.0 1
12.7 0.59 0.45 2.3 0.082 11.0 22.0 1.0 3.0 0.7 9.3 1
13.2 0.46 0.52 2.2 0.071 12.0 35.0 1.0006 3.1 0.56 9.0 1
13.2 0.46 0.52 2.2 0.071 12.0 35.0 1.0006 3.1 0.56 9.0 1
8.8 0.48 0.41 3.3 0.092 26.0 52.0 0.9982 3.31 0.53 10.5 1
6.3 0.36 0.19 3.2 0.075 15.0 39.0 0.9956 3.56 0.52 12.7 1
9.2 0.755 0.18 2.2 0.148 10.0 103.0 0.9969 2.87 1.36 10.2 1
11.5 0.31 0.51 2.2 0.079 14.0 28.0 0.9982 3.03 0.93 9.8 1
8.9 0.29 0.35 1.9 0.067 25.0 57.0 0.997 3.18 1.36 10.3 1
9.4 0.33 0.59 2.8 0.079 9.0 30.0 0.9976 3.12 0.54 12.0 1
12.0 0.5 0.59 1.4 0.073 23.0 42.0 0.998 2.92 0.68 10.5 1
7.2 0.52 0.07 1.4 0.074 5.0 20.0 0.9973 3.32 0.81 9.6 1
7.2 0.57 0.06 1.6 0.076 9.0 27.0 0.9972 3.36 0.7 9.6 1
10.1 0.28 0.46 1.8 0.05 5.0 13.0 0.9974 3.04 0.79 10.2 1
8.3 0.49 0.36 1.8 0.222 6.0 16.0 0.998 3.18 0.6 9.5 1
11.3 0.34 0.45 2.0 0.082 6.0 15.0 0.9988 2.94 0.66 9.2 1
11.3 0.34 0.45 2.0 0.082 6.0 15.0 0.9988 2.94 0.66 9.2 1
5.1 0.47 0.02 1.3 0.034 18.0 44.0 0.9921 3.9 0.62 12.8 1
7.0 0.65 0.02 2.1 0.066 8.0 25.0 0.9972 3.47 0.67 9.5 1
7.2 0.49 0.18 2.7 0.069 13.0 34.0 0.9967 3.29 0.48 9.2 1
6.4 0.865 0.03 3.2 0.071 27.0 58.0 0.995 3.61 0.49 12.7 1
8.2 0.59 0.0 2.5 0.093 19.0 58.0 1.0002 3.5 0.65 9.3 1
8.3 0.76 0.29 4.2 0.075 12.0 16.0 0.9965 3.45 0.68 11.5 1
8.2 0.34 0.38 2.5 0.08 12.0 57.0 0.9978 3.3 0.47 9.0 1
7.8 0.48 0.68 1.7 0.415 14.0 32.0 0.99656 3.09 1.06 9.1 1
7.8 0.91 0.07 1.9 0.058 22.0 47.0 0.99525 3.51 0.43 10.7 1
6.3 0.98 0.01 2.0 0.057 15.0 33.0 0.99488 3.6 0.46 11.2 1
8.8 0.7 0.0 1.7 0.069 8.0 19.0 0.99701 3.31 0.53 10.0 1
9.1 0.68 0.11 2.8 0.093 11.0 44.0 0.99888 3.31 0.55 9.5 1
7.1 0.59 0.02 2.3 0.082 24.0 94.0 0.99744 3.55 0.53 9.7 1
7.1 0.59 0.02 2.3 0.082 24.0 94.0 0.99744 3.55 0.53 9.7 1
7.9 0.4 0.29 1.8 0.157 1.0 44.0 0.9973 3.3 0.92 9.5 1
10.0 0.56 0.24 2.2 0.079 19.0 58.0 0.9991 3.18 0.56 10.1 1
7.4 0.37 0.43 2.6 0.082 18.0 82.0 0.99708 3.33 0.68 9.7 1
7.1 0.61 0.02 2.5 0.081 17.0 87.0 0.99745 3.48 0.6 9.7 1
9.3 0.37 0.44 1.6 0.038 21.0 42.0 0.99526 3.24 0.81 10.8 1
9.4 0.5 0.34 3.6 0.082 5.0 14.0 0.9987 3.29 0.52 10.7 1
7.7 0.56 0.08 2.5 0.114 14.0 46.0 0.9971 3.24 0.66 9.6 1
8.4 0.52 0.22 2.7 0.084 4.0 18.0 0.99682 3.26 0.57 9.9 1
8.4 0.25 0.39 2.0 0.041 4.0 10.0 0.99386 3.27 0.71 12.5 1
7.6 0.48 0.31 2.8 0.07 4.0 15.0 0.99693 3.22 0.55 10.3 1
12.6 0.41 0.54 2.8 0.103 19.0 41.0 0.99939 3.21 0.76 11.3 1
9.8 0.51 0.19 3.2 0.081 8.0 30.0 0.9984 3.23 0.58 10.5 1
7.5 0.27 0.34 2.3 0.05 4.0 8.0 0.9951 3.4 0.64 11.0 1
5.9 0.61 0.08 2.1 0.071 16.0 24.0 0.99376 3.56 0.77 11.1 1
11.1 0.42 0.47 2.65 0.085 9.0 34.0 0.99736 3.24 0.77 12.1 1
9.9 0.25 0.46 1.7 0.062 26.0 42.0 0.9959 3.18 0.83 10.6 1
6.8 0.56 0.22 1.8 0.074 15.0 24.0 0.99438 3.4 0.82 11.2 1
5.8 1.01 0.66 2.0 0.039 15.0 88.0 0.99357 3.66 0.6 11.5 1
6.8 0.49 0.22 2.3 0.071 13.0 24.0 0.99438 3.41 0.83 11.3 1
6.9 0.51 0.23 2.0 0.072 13.0 22.0 0.99438 3.4 0.84 11.2 1
7.6 0.63 0.03 2.0 0.08 27.0 43.0 0.99578 3.44 0.64 10.9 1
9.1 0.21 0.37 1.6 0.067 6.0 10.0 0.99552 3.23 0.58 11.1 1
8.8 0.31 0.4 2.8 0.109 7.0 16.0 0.99614 3.31 0.79 11.8 1
7.7 0.715 0.01 2.1 0.064 31.0 43.0 0.99371 3.41 0.57 11.8 1
7.6 0.715 0.0 2.1 0.068 30.0 35.0 0.99533 3.48 0.65 11.4 1
8.4 0.31 0.29 3.1 0.194 14.0 26.0 0.99536 3.22 0.78 12.0 1
8.8 0.61 0.19 4.0 0.094 30.0 69.0 0.99787 3.22 0.5 10.0 1
9.0 0.8 0.12 2.4 0.083 8.0 28.0 0.99836 3.33 0.65 10.4 1
6.8 0.57 0.0 2.5 0.072 32.0 64.0 0.99491 3.43 0.56 11.2 1
10.1 0.45 0.23 1.9 0.082 10.0 18.0 0.99774 3.22 0.65 9.3 1
7.2 0.63 0.03 2.2 0.08 17.0 88.0 0.99745 3.53 0.58 9.8 1
7.1 0.59 0.01 2.3 0.08 27.0 43.0 0.9955 3.42 0.58 10.7 1
7.1 0.59 0.01 2.3 0.08 27.0 43.0 0.9955 3.42 0.58 10.7 1
7.4 0.635 0.1 2.4 0.08 16.0 33.0 0.99736 3.58 0.69 10.8 1
7.4 0.635 0.1 2.4 0.08 16.0 33.0 0.99736 3.58 0.69 10.8 1
6.8 0.59 0.06 6.0 0.06 11.0 18.0 0.9962 3.41 0.59 10.8 1
6.8 0.59 0.06 6.0 0.06 11.0 18.0 0.9962 3.41 0.59 10.8 1
6.1 0.56 0.0 2.2 0.079 6.0 9.0 0.9948 3.59 0.54 11.5 1
7.3 0.305 0.39 1.2 0.059 7.0 11.0 0.99331 3.29 0.52 11.5 1
9.3 0.38 0.48 3.8 0.132 3.0 11.0 0.99577 3.23 0.57 13.2 1
9.1 0.28 0.46 9.0 0.114 3.0 9.0 0.99901 3.18 0.6 10.9 1
7.3 0.305 0.39 1.2 0.059 7.0 11.0 0.99331 3.29 0.52 11.5 1
8.4 0.36 0.32 2.2 0.081 32.0 79.0 0.9964 3.3 0.72 11.0 1
8.4 0.62 0.12 1.8 0.072 38.0 46.0 0.99504 3.38 0.89 11.8 1
6.8 0.41 0.31 8.8 0.084 26.0 45.0 0.99824 3.38 0.64 10.1 1
8.6 0.22 0.36 1.9 0.064 53.0 77.0 0.99604 3.47 0.87 11.0 1
9.4 0.24 0.33 2.3 0.061 52.0 73.0 0.99786 3.47 0.9 10.2 1
8.7 0.33 0.38 3.3 0.063 10.0 19.0 0.99468 3.3 0.73 12.0 1
8.8 0.3 0.38 2.3 0.06 19.0 72.0 0.99543 3.39 0.72 11.8 1
8.8 0.3 0.38 2.3 0.06 19.0 72.0 0.99543 3.39 0.72 11.8 1
7.2 0.38 0.38 2.8 0.068 23.0 42.0 0.99356 3.34 0.72 12.9 1
9.6 0.33 0.52 2.2 0.074 13.0 25.0 0.99509 3.36 0.76 12.4 1
9.9 0.27 0.49 5.0 0.082 9.0 17.0 0.99484 3.19 0.52 12.5 1
8.3 0.3 0.49 3.8 0.09 11.0 24.0 0.99498 3.27 0.64 12.1 1
10.2 0.44 0.42 2.0 0.071 7.0 20.0 0.99566 3.14 0.79 11.1 1
8.3 0.28 0.48 2.1 0.093 6.0 12.0 0.99408 3.26 0.62 12.4 1
8.2 0.31 0.4 2.2 0.058 6.0 10.0 0.99536 3.31 0.68 11.2 1
10.2 0.34 0.48 2.1 0.052 5.0 9.0 0.99458 3.2 0.69 12.1 1
7.6 0.43 0.4 2.7 0.082 6.0 11.0 0.99538 3.44 0.54 12.2 1
6.4 0.57 0.12 2.3 0.12 25.0 36.0 0.99519 3.47 0.71 11.3 1
8.5 0.47 0.27 1.9 0.058 18.0 38.0 0.99518 3.16 0.85 11.1 1
10.1 0.38 0.5 2.4 0.104 6.0 13.0 0.99643 3.22 0.65 11.6 1
9.1 0.5 0.3 1.9 0.065 8.0 17.0 0.99774 3.32 0.71 10.5 1
9.8 0.34 0.39 1.4 0.066 3.0 7.0 0.9947 3.19 0.55 11.4 1
5.6 0.66 0.0 2.2 0.087 3.0 11.0 0.99378 3.71 0.63 12.8 1
5.6 0.66 0.0 2.2 0.087 3.0 11.0 0.99378 3.71 0.63 12.8 1
8.9 0.84 0.34 1.4 0.05 4.0 10.0 0.99554 3.12 0.48 9.1 1
6.4 0.69 0.0 1.65 0.055 7.0 12.0 0.99162 3.47 0.53 12.9 1
9.9 0.35 0.38 1.5 0.058 31.0 47.0 0.99676 3.26 0.82 10.6 1
9.1 0.29 0.33 2.05 0.063 13.0 27.0 0.99516 3.26 0.84 11.7 1
9.1 0.29 0.33 2.05 0.063 13.0 27.0 0.99516 3.26 0.84 11.7 1
9.1 0.3 0.34 2.0 0.064 12.0 25.0 0.99516 3.26 0.84 11.7 1
8.9 0.35 0.4 3.6 0.11 12.0 24.0 0.99549 3.23 0.7 12.0 1
8.9 0.28 0.45 1.7 0.067 7.0 12.0 0.99354 3.25 0.55 12.3 1
8.9 0.32 0.31 2.0 0.088 12.0 19.0 0.9957 3.17 0.55 10.4 1
7.5 0.71 0.0 1.6 0.092 22.0 31.0 0.99635 3.38 0.58 10.0 1
8.0 0.58 0.16 2.0 0.12 3.0 7.0 0.99454 3.22 0.58 11.2 1
8.9 0.38 0.4 2.2 0.068 12.0 28.0 0.99486 3.27 0.75 12.6 1
8.0 0.18 0.37 0.9 0.049 36.0 109.0 0.99007 2.89 0.44 12.7 1
8.0 0.18 0.37 0.9 0.049 36.0 109.0 0.99007 2.89 0.44 12.7 1
11.3 0.36 0.66 2.4 0.123 3.0 8.0 0.99642 3.2 0.53 11.9 1
11.3 0.36 0.66 2.4 0.123 3.0 8.0 0.99642 3.2 0.53 11.9 1
7.7 0.58 0.01 1.8 0.088 12.0 18.0 0.99568 3.32 0.56 10.5 1
10.1 0.37 0.34 2.4 0.085 5.0 17.0 0.99683 3.17 0.65 10.6 1
7.6 0.31 0.34 2.5 0.082 26.0 35.0 0.99356 3.22 0.59 12.5 1
8.7 0.41 0.41 6.2 0.078 25.0 42.0 0.9953 3.24 0.77 12.6 1
8.9 0.5 0.21 2.2 0.088 21.0 39.0 0.99692 3.33 0.83 11.1 1
6.9 0.49 0.19 1.7 0.079 13.0 26.0 0.99547 3.38 0.64 9.8 1
6.4 0.39 0.33 3.3 0.046 12.0 53.0 0.99294 3.36 0.62 12.2 1
6.9 0.44 0.0 1.4 0.07 32.0 38.0 0.99438 3.32 0.58 11.4 1
7.6 0.78 0.0 1.7 0.076 33.0 45.0 0.99612 3.31 0.62 10.7 1
8.3 0.33 0.42 2.3 0.07 9.0 20.0 0.99426 3.38 0.77 12.7 1
8.2 0.64 0.27 2.0 0.095 5.0 77.0 0.99747 3.13 0.62 9.1 1
8.2 0.64 0.27 2.0 0.095 5.0 77.0 0.99747 3.13 0.62 9.1 1
8.9 0.48 0.53 4.0 0.101 3.0 10.0 0.99586 3.21 0.59 12.1 1
9.9 0.53 0.57 2.4 0.093 30.0 52.0 0.9971 3.19 0.76 11.6 1
8.9 0.48 0.53 4.0 0.101 3.0 10.0 0.99586 3.21 0.59 12.1 1
8.2 0.74 0.09 2.0 0.067 5.0 10.0 0.99418 3.28 0.57 11.8 1
11.1 0.31 0.53 2.2 0.06 3.0 10.0 0.99572 3.02 0.83 10.9 1
8.0 0.62 0.33 2.7 0.088 16.0 37.0 0.9972 3.31 0.58 10.7 1
9.1 0.25 0.34 2.0 0.071 45.0 67.0 0.99769 3.44 0.86 10.2 1
7.9 0.3 0.68 8.3 0.05 37.5 278.0 0.99316 3.01 0.51 12.3 1
10.3 0.27 0.56 1.4 0.047 3.0 8.0 0.99471 3.16 0.51 11.8 1
7.9 0.19 0.42 1.6 0.057 18.0 30.0 0.994 3.29 0.69 11.2 1
11.6 0.41 0.54 1.5 0.095 22.0 41.0 0.99735 3.02 0.76 9.9 1
11.6 0.41 0.54 1.5 0.095 22.0 41.0 0.99735 3.02 0.76 9.9 1
7.9 0.34 0.42 2.0 0.086 8.0 19.0 0.99546 3.35 0.6 11.4 1
7.0 0.54 0.09 2.0 0.081 10.0 16.0 0.99479 3.43 0.59 11.5 1
6.6 0.725 0.09 5.5 0.117 9.0 17.0 0.99655 3.35 0.49 10.8 1
7.4 0.49 0.27 2.1 0.071 14.0 25.0 0.99388 3.35 0.63 12.0 1
6.1 0.48 0.09 1.7 0.078 18.0 30.0 0.99402 3.45 0.54 11.2 1
8.2 0.23 0.42 1.9 0.069 9.0 17.0 0.99376 3.21 0.54 12.3 1
8.3 0.53 0.0 1.4 0.07 6.0 14.0 0.99593 3.25 0.64 10.0 1
7.9 0.33 0.41 1.5 0.056 6.0 35.0 0.99396 3.29 0.71 11.0 1
8.9 0.24 0.39 1.6 0.074 3.0 10.0 0.99698 3.12 0.59 9.5 1
5.0 0.4 0.5 4.3 0.046 29.0 80.0 0.9902 3.49 0.66 13.6 1
7.0 0.69 0.07 2.5 0.091 15.0 21.0 0.99572 3.38 0.6 11.3 1
7.1 0.39 0.12 2.1 0.065 14.0 24.0 0.99252 3.3 0.53 13.3 1
6.3 0.47 0.0 1.4 0.055 27.0 33.0 0.9922 3.45 0.48 12.3 1
10.7 0.4 0.37 1.9 0.081 17.0 29.0 0.99674 3.12 0.65 11.2 1
5.8 0.29 0.26 1.7 0.063 3.0 11.0 0.9915 3.39 0.54 13.5 1
9.1 0.6 0.0 1.9 0.058 5.0 10.0 0.9977 3.18 0.63 10.4 1
8.0 0.25 0.43 1.7 0.067 22.0 50.0 0.9946 3.38 0.6 11.9 1
10.4 0.52 0.45 2.0 0.08 6.0 13.0 0.99774 3.22 0.76 11.4 1
8.2 0.51 0.24 2.0 0.079 16.0 86.0 0.99764 3.34 0.64 9.5 1
8.2 0.38 0.32 2.5 0.08 24.0 71.0 0.99624 3.27 0.85 11.0 1
8.2 0.2 0.43 2.5 0.076 31.0 51.0 0.99672 3.53 0.81 10.4 1
10.0 0.41 0.45 6.2 0.071 6.0 14.0 0.99702 3.21 0.49 11.8 1
10.0 0.35 0.47 2.0 0.061 6.0 11.0 0.99585 3.23 0.52 12.0 1
6.6 0.58 0.0 2.2 0.1 50.0 63.0 0.99544 3.59 0.68 11.4 1
8.5 0.18 0.51 1.75 0.071 45.0 88.0 0.99524 3.33 0.76 11.8 1
8.5 0.32 0.42 2.3 0.075 12.0 19.0 0.99434 3.14 0.71 11.8 1
6.5 0.34 0.27 2.8 0.067 8.0 44.0 0.99384 3.21 0.56 12.0 1
9.2 0.36 0.34 1.6 0.062 5.0 12.0 0.99667 3.2 0.67 10.5 1
7.1 0.59 0.0 2.2 0.078 26.0 44.0 0.99522 3.42 0.68 10.8 1
7.6 0.36 0.31 1.7 0.079 26.0 65.0 0.99716 3.46 0.62 9.5 1
8.2 0.35 0.33 2.4 0.076 11.0 47.0 0.99599 3.27 0.81 11.0 1
10.2 0.4 0.4 2.5 0.068 41.0 54.0 0.99754 3.38 0.86 10.5 1
7.0 0.43 0.3 2.0 0.085 6.0 39.0 0.99346 3.33 0.46 11.9 1
9.1 0.4 0.57 4.6 0.08 6.0 20.0 0.99652 3.28 0.57 12.5 1
7.0 0.745 0.12 1.8 0.114 15.0 64.0 0.99588 3.22 0.59 9.5 1
7.9 0.58 0.23 2.3 0.076 23.0 94.0 0.99686 3.21 0.58 9.5 1
7.7 0.57 0.21 1.5 0.069 4.0 9.0 0.99458 3.16 0.54 9.8 1
7.7 0.26 0.26 2.0 0.052 19.0 77.0 0.9951 3.15 0.79 10.9 1
7.2 0.36 0.46 2.1 0.074 24.0 44.0 0.99534 3.4 0.85 11.0 1
7.2 0.36 0.46 2.1 0.074 24.0 44.0 0.99534 3.4 0.85 11.0 1
6.8 0.65 0.02 2.1 0.078 8.0 15.0 0.99498 3.35 0.62 10.4 1
9.6 0.38 0.42 1.9 0.071 5.0 13.0 0.99659 3.15 0.75 10.5 1
10.2 0.33 0.46 1.9 0.081 6.0 9.0 0.99628 3.1 0.48 10.4 1
8.2 0.34 0.37 1.9 0.057 43.0 74.0 0.99408 3.23 0.81 12.0 1
8.2 0.4 0.31 1.9 0.082 8.0 24.0 0.996 3.24 0.69 10.6 1
9.0 0.39 0.4 1.3 0.044 25.0 50.0 0.99478 3.2 0.83 10.9 1
10.9 0.32 0.52 1.8 0.132 17.0 44.0 0.99734 3.28 0.77 11.5 1
10.9 0.32 0.52 1.8 0.132 17.0 44.0 0.99734 3.28 0.77 11.5 1
10.5 0.36 0.47 2.2 0.074 9.0 23.0 0.99638 3.23 0.76 12.0 1
12.6 0.39 0.49 2.5 0.08 8.0 20.0 0.9992 3.07 0.82 10.3 1
7.8 0.55 0.0 1.7 0.07 7.0 17.0 0.99659 3.26 0.64 9.4 1
9.0 0.4 0.41 2.0 0.058 15.0 40.0 0.99414 3.22 0.6 12.2 1
7.1 0.6 0.01 2.3 0.079 24.0 37.0 0.99514 3.4 0.61 10.9 1
7.1 0.6 0.01 2.3 0.079 24.0 37.0 0.99514 3.4 0.61 10.9 1
6.9 0.41 0.31 2.0 0.079 21.0 51.0 0.99668 3.47 0.55 9.5 1
5.0 0.38 0.01 1.6 0.048 26.0 60.0 0.99084 3.7 0.75 14.0 1
8.0 0.715 0.22 2.3 0.075 13.0 81.0 0.99688 3.24 0.54 9.5 1
7.0 0.69 0.0 1.9 0.114 3.0 10.0 0.99636 3.35 0.6 9.7 1
8.0 0.715 0.22 2.3 0.075 13.0 81.0 0.99688 3.24 0.54 9.5 1
9.8 0.3 0.39 1.7 0.062 3.0 9.0 0.9948 3.14 0.57 11.5 1
7.1 0.46 0.2 1.9 0.077 28.0 54.0 0.9956 3.37 0.64 10.4 1
7.9 0.765 0.0 2.0 0.084 9.0 22.0 0.99619 3.33 0.68 10.9 1
7.1 0.16 0.44 2.5 0.068 17.0 31.0 0.99328 3.35 0.54 12.4 1
8.2 0.635 0.1 2.1 0.073 25.0 60.0 0.99638 3.29 0.75 10.9 1
7.2 0.53 0.14 2.1 0.064 15.0 29.0 0.99323 3.35 0.61 12.1 1
5.7 0.6 0.0 1.4 0.063 11.0 18.0 0.99191 3.45 0.56 12.2 1
5.2 0.645 0.0 2.15 0.08 15.0 28.0 0.99444 3.78 0.61 12.5 1
6.5 0.51 0.15 3.0 0.064 12.0 27.0 0.9929 3.33 0.59 12.8 1
9.9 0.44 0.46 2.2 0.091 10.0 41.0 0.99638 3.18 0.69 11.9 1
9.1 0.76 0.68 1.7 0.414 18.0 64.0 0.99652 2.9 1.33 9.1 1
5.0 0.74 0.0 1.2 0.041 16.0 46.0 0.99258 4.01 0.59 12.5 1
9.1 0.36 0.39 1.8 0.06 21.0 55.0 0.99495 3.18 0.82 11.0 1
6.6 0.58 0.02 2.4 0.069 19.0 40.0 0.99387 3.38 0.66 12.6 1
7.5 0.51 0.02 1.7 0.084 13.0 31.0 0.99538 3.36 0.54 10.5 1
7.5 0.51 0.02 1.7 0.084 13.0 31.0 0.99538 3.36 0.54 10.5 1
7.2 0.62 0.01 2.3 0.065 8.0 46.0 0.99332 3.32 0.51 11.8 1
11.6 0.475 0.4 1.4 0.091 6.0 28.0 0.99704 3.07 0.65 10.0333333333333 1
11.6 0.475 0.4 1.4 0.091 6.0 28.0 0.99704 3.07 0.65 10.0333333333333 1
6.9 0.54 0.3 2.2 0.088 9.0 105.0 0.99725 3.25 1.18 10.5 1
7.5 0.58 0.56 3.1 0.153 5.0 14.0 0.99476 3.21 1.03 11.6 1
8.0 0.5 0.39 2.6 0.082 12.0 46.0 0.9985 3.43 0.62 10.7 1
8.1 0.29 0.36 2.2 0.048 35.0 53.0 0.995 3.27 1.01 12.4 1
7.3 0.34 0.33 2.5 0.064 21.0 37.0 0.9952 3.35 0.77 12.1 1
7.0 0.54 0.0 2.1 0.079 39.0 55.0 0.9956 3.39 0.84 11.4 1
8.3 0.26 0.37 1.4 0.076 8.0 23.0 0.9974 3.26 0.7 9.6 1
8.3 0.26 0.37 1.4 0.076 8.0 23.0 0.9974 3.26 0.7 9.6 1
7.7 0.23 0.37 1.8 0.046 23.0 60.0 0.9971 3.41 0.71 12.1 1
5.9 0.44 0.0 1.6 0.042 3.0 11.0 0.9944 3.48 0.85 11.7 1
10.2 0.54 0.37 15.4 0.214 55.0 95.0 1.00369 3.18 0.77 9.0 1
7.3 0.67 0.02 2.2 0.072 31.0 92.0 0.99566 3.32 0.68 11.0666666666667 1
7.4 0.785 0.19 5.2 0.094 19.0 98.0 0.99713 3.16 0.52 9.56666666666667 1
7.3 0.67 0.02 2.2 0.072 31.0 92.0 0.99566 3.32 0.68 11.1 1
7.4 0.785 0.19 5.2 0.094 19.0 98.0 0.99713 3.16 0.52 9.6 1
6.5 0.9 0.0 1.6 0.052 9.0 17.0 0.99467 3.5 0.63 10.9 1
6.0 0.54 0.06 1.8 0.05 38.0 89.0 0.99236 3.3 0.5 10.55 1
7.9 0.2 0.35 1.7 0.054 7.0 15.0 0.99458 3.32 0.8 11.9 1
7.3 0.48 0.32 2.1 0.062 31.0 54.0 0.99728 3.3 0.65 10.0 1
7.6 0.35 0.6 2.6 0.073 23.0 44.0 0.99656 3.38 0.79 11.1 1
5.3 0.47 0.11 2.2 0.048 16.0 89.0 0.99182 3.54 0.88 13.5666666666667 1
6.2 0.57 0.1 2.1 0.048 4.0 11.0 0.99448 3.44 0.76 10.8 1
7.1 0.22 0.49 1.8 0.039 8.0 18.0 0.99344 3.39 0.56 12.4 1
7.0 0.43 0.02 1.9 0.08 15.0 28.0 0.99492 3.35 0.81 10.6 1
6.2 0.44 0.39 2.5 0.077 6.0 14.0 0.99555 3.51 0.69 11.0 1
7.5 0.38 0.57 2.3 0.106 5.0 12.0 0.99605 3.36 0.55 11.4 1
7.1 0.27 0.6 2.1 0.074 17.0 25.0 0.99814 3.38 0.72 10.6 1
6.4 0.79 0.04 2.2 0.061 11.0 17.0 0.99588 3.53 0.65 10.4 1
6.9 0.84 0.21 4.1 0.074 16.0 65.0 0.99842 3.53 0.72 9.23333333333333 1
6.5 0.53 0.06 2.0 0.063 29.0 44.0 0.99489 3.38 0.83 10.3 1
7.1 0.53 0.07 1.7 0.071 15.0 24.0 0.9951 3.29 0.66 10.8 1
6.6 0.44 0.09 2.2 0.063 9.0 18.0 0.99444 3.42 0.69 11.3 1
7.2 0.53 0.13 2.0 0.058 18.0 22.0 0.99573 3.21 0.68 9.9 1
7.0 0.55 0.13 2.2 0.075 15.0 35.0 0.9959 3.36 0.59 9.7 1
6.1 0.53 0.08 1.9 0.077 24.0 45.0 0.99528 3.6 0.68 10.3 1
6.2 0.52 0.08 4.4 0.071 11.0 32.0 0.99646 3.56 0.63 11.6 1
7.4 0.25 0.29 2.2 0.054 19.0 49.0 0.99666 3.4 0.76 10.9 1
6.3 0.68 0.01 3.7 0.103 32.0 54.0 0.99586 3.51 0.66 11.3 1
6.6 0.855 0.02 2.4 0.062 15.0 23.0 0.99627 3.54 0.6 11.0 1
6.7 0.67 0.02 1.9 0.061 26.0 42.0 0.99489 3.39 0.82 10.9 1
6.7 0.16 0.64 2.1 0.059 24.0 52.0 0.99494 3.34 0.71 11.2 1
6.2 0.51 0.14 1.9 0.056 15.0 34.0 0.99396 3.48 0.57 11.5 1
6.4 0.36 0.53 2.2 0.23 19.0 35.0 0.9934 3.37 0.93 12.4 1
5.6 0.31 0.78 13.9 0.074 23.0 92.0 0.99677 3.39 0.48 10.5 1
6.2 0.7 0.15 5.1 0.076 13.0 27.0 0.99622 3.54 0.6 11.9 1
6.8 0.67 0.15 1.8 0.118 13.0 20.0 0.9954 3.42 0.67 11.3 1
7.4 0.35 0.33 2.4 0.068 9.0 26.0 0.9947 3.36 0.6 11.9 1
7.2 0.39 0.44 2.6 0.066 22.0 48.0 0.99494 3.3 0.84 11.5 1
7.5 0.31 0.41 2.4 0.065 34.0 60.0 0.99492 3.34 0.85 11.4 1
6.3 0.55 0.15 1.8 0.077 26.0 35.0 0.99314 3.32 0.82 11.6 1
6.8 0.62 0.08 1.9 0.068 28.0 38.0 0.99651 3.42 0.82 9.5 1
