@relation  winequality-red-8_vs_6-7
@attribute FixedAcidity real[4.6,15.9]
@attribute VolatileAcidity real[0.12,1.58]
@attribute CitricAcid real[0.0,1.0]
@attribute ResidualSugar real[0.9,15.5]
@attribute Chlorides real[0.012,0.611]
@attribute FreeSulfurDioxide real[1.0,72.0]
@attribute TotalSulfurDioxide real[6.0,289.0]
@attribute Density real[0.99007,1.00369]
@attribute PH real[2.74,4.01]
@attribute Sulphates real[0.33,2.0]
@attribute Alcohol real[8.4,14.9]
@attribute Class{positive,negative}
@inputs FixedAcidity,VolatileAcidity,CitricAcid,ResidualSugar,Chlorides,FreeSulfurDioxide,TotalSulfurDioxide,Density,PH,Sulphates,Alcohol
@outputs Class
@data
10.7, 0.35, 0.53, 2.6, 0.07, 5.0, 16.0, 0.9972, 3.15, 0.65, 11.0, positive
7.8, 0.57, 0.09, 2.3, 0.065, 34.0, 45.0, 0.99417, 3.46, 0.74, 12.7, positive
7.4, 0.36, 0.3, 1.8, 0.074, 17.0, 24.0, 0.99419, 3.24, 0.7, 11.4, positive
10.7, 0.4, 0.37, 1.9, 0.081, 17.0, 29.0, 0.99674, 3.12, 0.65, 11.2, negative
7.8, 0.56, 0.12, 2.0, 0.082, 7.0, 28.0, 0.997, 3.37, 0.5, 9.4, negative
8.3, 0.33, 0.42, 2.3, 0.07, 9.0, 20.0, 0.99426, 3.38, 0.77, 12.7, negative
7.2, 0.36, 0.46, 2.1, 0.074, 24.0, 44.0, 0.99534, 3.4, 0.85, 11.0, negative
10.4, 0.41, 0.55, 3.2, 0.076, 22.0, 54.0, 0.9996, 3.15, 0.89, 9.9, negative
8.1, 0.72, 0.09, 2.8, 0.084, 18.0, 49.0, 0.9994, 3.43, 0.72, 11.1, negative
13.2, 0.46, 0.52, 2.2, 0.071, 12.0, 35.0, 1.0006, 3.1, 0.56, 9.0, negative
9.8, 0.44, 0.47, 2.5, 0.063, 9.0, 28.0, 0.9981, 3.24, 0.65, 10.8, negative
7.7, 0.56, 0.08, 2.5, 0.114, 14.0, 46.0, 0.9971, 3.24, 0.66, 9.6, negative
7.4, 0.58, 0.0, 2.0, 0.064, 7.0, 11.0, 0.99562, 3.45, 0.58, 11.3, negative
6.8, 0.59, 0.06, 6.0, 0.06, 11.0, 18.0, 0.9962, 3.41, 0.59, 10.8, negative
8.8, 0.45, 0.43, 1.4, 0.076, 12.0, 21.0, 0.99551, 3.21, 0.75, 10.2, negative
7.4, 0.68, 0.16, 1.8, 0.078, 12.0, 39.0, 0.9977, 3.5, 0.7, 9.9, negative
7.5, 0.57, 0.02, 2.6, 0.077, 11.0, 35.0, 0.99557, 3.36, 0.62, 10.8, negative
8.3, 0.28, 0.48, 2.1, 0.093, 6.0, 12.0, 0.99408, 3.26, 0.62, 12.4, negative
10.8, 0.4, 0.41, 2.2, 0.084, 7.0, 17.0, 0.9984, 3.08, 0.67, 9.3, negative
7.4, 0.37, 0.43, 2.6, 0.082, 18.0, 82.0, 0.99708, 3.33, 0.68, 9.7, negative
6.7, 0.28, 0.28, 2.4, 0.012, 36.0, 100.0, 0.99064, 3.26, 0.39, 11.7, negative
7.0, 0.36, 0.21, 2.4, 0.086, 24.0, 69.0, 0.99556, 3.4, 0.53, 10.1, negative
8.9, 0.12, 0.45, 1.8, 0.075, 10.0, 21.0, 0.99552, 3.41, 0.76, 11.9, negative
5.2, 0.34, 0.0, 1.8, 0.05, 27.0, 63.0, 0.9916, 3.68, 0.79, 14.0, negative
10.3, 0.59, 0.42, 2.8, 0.09, 35.0, 73.0, 0.999, 3.28, 0.7, 9.5, negative
9.4, 0.27, 0.53, 2.4, 0.074, 6.0, 18.0, 0.9962, 3.2, 1.13, 12.0, negative
7.0, 0.69, 0.07, 2.5, 0.091, 15.0, 21.0, 0.99572, 3.38, 0.6, 11.3, negative
13.4, 0.27, 0.62, 2.6, 0.082, 6.0, 21.0, 1.0002, 3.16, 0.67, 9.7, negative
8.0, 0.48, 0.34, 2.2, 0.073, 16.0, 25.0, 0.9936, 3.28, 0.66, 12.4, negative
8.9, 0.4, 0.51, 2.6, 0.052, 13.0, 27.0, 0.995, 3.32, 0.9, 13.4, negative
11.6, 0.32, 0.55, 2.8, 0.081, 35.0, 67.0, 1.0002, 3.32, 0.92, 10.8, negative
7.8, 0.55, 0.0, 1.7, 0.07, 7.0, 17.0, 0.99659, 3.26, 0.64, 9.4, negative
6.9, 0.36, 0.25, 2.4, 0.098, 5.0, 16.0, 0.9964, 3.41, 0.6, 10.1, negative
8.2, 1.0, 0.09, 2.3, 0.065, 7.0, 37.0, 0.99685, 3.32, 0.55, 9.0, negative
11.7, 0.45, 0.63, 2.2, 0.073, 7.0, 23.0, 0.99974, 3.21, 0.69, 10.9, negative
8.0, 0.62, 0.33, 2.7, 0.088, 16.0, 37.0, 0.9972, 3.31, 0.58, 10.7, negative
8.3, 0.31, 0.39, 2.4, 0.078, 17.0, 43.0, 0.99444, 3.31, 0.77, 12.5, negative
8.8, 0.3, 0.38, 2.3, 0.06, 19.0, 72.0, 0.99543, 3.39, 0.72, 11.8, negative
9.0, 0.38, 0.41, 2.4, 0.103, 6.0, 10.0, 0.99604, 3.13, 0.58, 11.9, negative
7.4, 0.785, 0.19, 5.2, 0.094, 19.0, 98.0, 0.99713, 3.16, 0.52, 9.56666666666667, negative
6.7, 0.46, 0.24, 1.7, 0.077, 18.0, 34.0, 0.9948, 3.39, 0.6, 10.6, negative
8.5, 0.37, 0.32, 1.8, 0.066, 26.0, 51.0, 0.99456, 3.38, 0.72, 11.8, negative
7.9, 0.51, 0.25, 2.9, 0.077, 21.0, 45.0, 0.9974, 3.49, 0.96, 12.1, negative
10.0, 0.56, 0.24, 2.2, 0.079, 19.0, 58.0, 0.9991, 3.18, 0.56, 10.1, negative
6.9, 0.54, 0.3, 2.2, 0.088, 9.0, 105.0, 0.99725, 3.25, 1.18, 10.5, negative
8.2, 0.44, 0.24, 2.3, 0.063, 10.0, 28.0, 0.99613, 3.25, 0.53, 10.2, negative
15.6, 0.685, 0.76, 3.7, 0.1, 6.0, 43.0, 1.0032, 2.95, 0.68, 11.2, negative
9.8, 0.5, 0.34, 2.3, 0.094, 10.0, 45.0, 0.99864, 3.24, 0.6, 9.7, negative
7.0, 0.65, 0.02, 2.1, 0.066, 8.0, 25.0, 0.9972, 3.47, 0.67, 9.5, negative
8.5, 0.37, 0.2, 2.8, 0.09, 18.0, 58.0, 0.998, 3.34, 0.7, 9.6, negative
11.2, 0.67, 0.55, 2.3, 0.084, 6.0, 13.0, 1.0, 3.17, 0.71, 9.5, negative
5.2, 0.645, 0.0, 2.15, 0.08, 15.0, 28.0, 0.99444, 3.78, 0.61, 12.5, negative
8.0, 0.58, 0.28, 3.2, 0.066, 21.0, 114.0, 0.9973, 3.22, 0.54, 9.4, negative
5.6, 0.31, 0.78, 13.9, 0.074, 23.0, 92.0, 0.99677, 3.39, 0.48, 10.5, negative
7.0, 0.38, 0.49, 2.5, 0.097, 33.0, 85.0, 0.9962, 3.39, 0.77, 11.4, negative
11.1, 0.45, 0.73, 3.2, 0.066, 6.0, 22.0, 0.9986, 3.17, 0.66, 11.2, negative
8.4, 0.37, 0.53, 1.8, 0.413, 9.0, 26.0, 0.9979, 3.06, 1.06, 9.1, negative
5.4, 0.74, 0.09, 1.7, 0.089, 16.0, 26.0, 0.99402, 3.67, 0.56, 11.6, negative
9.3, 0.37, 0.44, 1.6, 0.038, 21.0, 42.0, 0.99526, 3.24, 0.81, 10.8, negative
7.3, 0.48, 0.32, 2.1, 0.062, 31.0, 54.0, 0.99728, 3.3, 0.65, 10.0, negative
5.0, 0.38, 0.01, 1.6, 0.048, 26.0, 60.0, 0.99084, 3.7, 0.75, 14.0, negative
7.1, 0.46, 0.2, 1.9, 0.077, 28.0, 54.0, 0.9956, 3.37, 0.64, 10.4, negative
10.0, 0.44, 0.49, 2.7, 0.077, 11.0, 19.0, 0.9963, 3.23, 0.63, 11.6, negative
9.1, 0.785, 0.0, 2.6, 0.093, 11.0, 28.0, 0.9994, 3.36, 0.86, 9.4, negative
5.6, 0.66, 0.0, 2.2, 0.087, 3.0, 11.0, 0.99378, 3.71, 0.63, 12.8, negative
9.4, 0.685, 0.11, 2.7, 0.077, 6.0, 31.0, 0.9984, 3.19, 0.7, 10.1, negative
10.5, 0.51, 0.64, 2.4, 0.107, 6.0, 15.0, 0.9973, 3.09, 0.66, 11.8, negative
9.8, 0.25, 0.49, 2.7, 0.088, 15.0, 33.0, 0.9982, 3.42, 0.9, 10.0, negative
11.5, 0.59, 0.59, 2.6, 0.087, 13.0, 49.0, 0.9988, 3.18, 0.65, 11.0, negative
7.5, 0.52, 0.42, 2.3, 0.087, 8.0, 38.0, 0.9972, 3.58, 0.61, 10.5, negative
8.8, 0.48, 0.41, 3.3, 0.092, 26.0, 52.0, 0.9982, 3.31, 0.53, 10.5, negative
9.5, 0.46, 0.24, 2.7, 0.092, 14.0, 44.0, 0.998, 3.12, 0.74, 10.0, negative
7.2, 0.39, 0.44, 2.6, 0.066, 22.0, 48.0, 0.99494, 3.3, 0.84, 11.5, negative
6.0, 0.51, 0.0, 2.1, 0.064, 40.0, 54.0, 0.995, 3.54, 0.93, 10.7, negative
6.9, 0.41, 0.33, 2.2, 0.081, 22.0, 36.0, 0.9949, 3.41, 0.75, 11.1, negative
7.3, 0.55, 0.01, 1.8, 0.093, 9.0, 15.0, 0.99514, 3.35, 0.58, 11.0, negative
8.8, 0.31, 0.4, 2.8, 0.109, 7.0, 16.0, 0.99614, 3.31, 0.79, 11.8, negative
7.8, 0.54, 0.26, 2.0, 0.088, 23.0, 48.0, 0.9981, 3.41, 0.74, 9.2, negative
10.2, 0.54, 0.37, 15.4, 0.214, 55.0, 95.0, 1.00369, 3.18, 0.77, 9.0, negative
8.9, 0.35, 0.4, 3.6, 0.11, 12.0, 24.0, 0.99549, 3.23, 0.7, 12.0, negative
8.4, 0.36, 0.32, 2.2, 0.081, 32.0, 79.0, 0.9964, 3.3, 0.72, 11.0, negative
9.5, 0.37, 0.52, 2.0, 0.088, 12.0, 51.0, 0.99613, 3.29, 0.58, 11.1, negative
6.4, 0.47, 0.4, 2.4, 0.071, 8.0, 19.0, 0.9963, 3.56, 0.73, 10.6, negative
10.5, 0.24, 0.47, 2.1, 0.066, 6.0, 24.0, 0.9978, 3.15, 0.9, 11.0, negative
6.7, 0.67, 0.02, 1.9, 0.061, 26.0, 42.0, 0.99489, 3.39, 0.82, 10.9, negative
7.1, 0.6, 0.0, 1.8, 0.074, 16.0, 34.0, 0.9972, 3.47, 0.7, 9.9, negative
7.5, 0.57, 0.08, 2.6, 0.089, 14.0, 27.0, 0.99592, 3.3, 0.59, 10.4, negative
7.9, 0.24, 0.4, 1.6, 0.056, 11.0, 25.0, 0.9967, 3.32, 0.87, 8.7, negative
6.4, 0.42, 0.09, 2.3, 0.054, 34.0, 64.0, 0.99724, 3.41, 0.68, 10.4, negative
10.3, 0.27, 0.56, 1.4, 0.047, 3.0, 8.0, 0.99471, 3.16, 0.51, 11.8, negative
10.4, 0.24, 0.49, 1.8, 0.075, 6.0, 20.0, 0.9977, 3.18, 1.06, 11.0, negative
12.5, 0.28, 0.54, 2.3, 0.082, 12.0, 29.0, 0.9997, 3.11, 1.36, 9.8, negative
7.7, 0.57, 0.21, 1.5, 0.069, 4.0, 9.0, 0.99458, 3.16, 0.54, 9.8, negative
9.9, 0.35, 0.38, 1.5, 0.058, 31.0, 47.0, 0.99676, 3.26, 0.82, 10.6, negative
8.7, 0.7, 0.24, 2.5, 0.226, 5.0, 15.0, 0.9991, 3.32, 0.6, 9.0, negative
6.4, 0.39, 0.33, 3.3, 0.046, 12.0, 53.0, 0.99294, 3.36, 0.62, 12.2, negative
8.8, 0.27, 0.39, 2.0, 0.1, 20.0, 27.0, 0.99546, 3.15, 0.69, 11.2, negative
10.2, 0.36, 0.64, 2.9, 0.122, 10.0, 41.0, 0.998, 3.23, 0.66, 12.5, negative
8.2, 0.34, 0.37, 1.9, 0.057, 43.0, 74.0, 0.99408, 3.23, 0.81, 12.0, negative
9.6, 0.38, 0.42, 1.9, 0.071, 5.0, 13.0, 0.99659, 3.15, 0.75, 10.5, negative
6.6, 0.84, 0.03, 2.3, 0.059, 32.0, 48.0, 0.9952, 3.52, 0.56, 12.3, negative
8.7, 0.41, 0.41, 6.2, 0.078, 25.0, 42.0, 0.9953, 3.24, 0.77, 12.6, negative
7.6, 0.41, 0.14, 3.0, 0.087, 21.0, 43.0, 0.9964, 3.32, 0.57, 10.5, negative
7.4, 0.635, 0.1, 2.4, 0.08, 16.0, 33.0, 0.99736, 3.58, 0.69, 10.8, negative
6.9, 0.54, 0.04, 3.0, 0.077, 7.0, 27.0, 0.9987, 3.69, 0.91, 9.4, negative
8.7, 0.42, 0.45, 2.4, 0.072, 32.0, 59.0, 0.99617, 3.33, 0.77, 12.0, negative
10.9, 0.39, 0.47, 1.8, 0.118, 6.0, 14.0, 0.9982, 3.3, 0.75, 9.8, negative
8.9, 0.84, 0.34, 1.4, 0.05, 4.0, 10.0, 0.99554, 3.12, 0.48, 9.1, negative
7.1, 0.22, 0.49, 1.8, 0.039, 8.0, 18.0, 0.99344, 3.39, 0.56, 12.4, negative
5.1, 0.585, 0.0, 1.7, 0.044, 14.0, 86.0, 0.99264, 3.56, 0.94, 12.9, negative
9.1, 0.4, 0.57, 4.6, 0.08, 6.0, 20.0, 0.99652, 3.28, 0.57, 12.5, negative
11.9, 0.39, 0.69, 2.8, 0.095, 17.0, 35.0, 0.9994, 3.1, 0.61, 10.8, negative
11.5, 0.54, 0.71, 4.4, 0.124, 6.0, 15.0, 0.9984, 3.01, 0.83, 11.8, negative
6.8, 0.56, 0.03, 1.7, 0.084, 18.0, 35.0, 0.9968, 3.44, 0.63, 10.0, negative
7.7, 0.53, 0.06, 1.7, 0.074, 9.0, 39.0, 0.99615, 3.35, 0.48, 9.8, negative
8.7, 0.33, 0.38, 3.3, 0.063, 10.0, 19.0, 0.99468, 3.3, 0.73, 12.0, negative
8.3, 0.6, 0.13, 2.6, 0.085, 6.0, 24.0, 0.9984, 3.31, 0.59, 9.2, negative
7.1, 0.53, 0.07, 1.7, 0.071, 15.0, 24.0, 0.9951, 3.29, 0.66, 10.8, negative
8.2, 0.4, 0.31, 1.9, 0.082, 8.0, 24.0, 0.996, 3.24, 0.69, 10.6, negative
11.9, 0.43, 0.66, 3.1, 0.109, 10.0, 23.0, 1.0, 3.15, 0.85, 10.4, negative
6.7, 0.62, 0.21, 1.9, 0.079, 8.0, 62.0, 0.997, 3.52, 0.58, 9.3, negative
7.5, 0.63, 0.27, 2.0, 0.083, 17.0, 91.0, 0.99616, 3.26, 0.58, 9.8, negative
9.2, 0.31, 0.36, 2.2, 0.079, 11.0, 31.0, 0.99615, 3.33, 0.86, 12.0, negative
7.9, 0.32, 0.51, 1.8, 0.341, 17.0, 56.0, 0.9969, 3.04, 1.08, 9.2, negative
7.5, 0.53, 0.06, 2.6, 0.086, 20.0, 44.0, 0.9965, 3.38, 0.59, 10.7, negative
6.6, 0.725, 0.09, 5.5, 0.117, 9.0, 17.0, 0.99655, 3.35, 0.49, 10.8, negative
12.4, 0.49, 0.58, 3.0, 0.103, 28.0, 99.0, 1.0008, 3.16, 1.0, 11.5, negative
7.6, 0.5, 0.29, 2.3, 0.086, 5.0, 14.0, 0.99502, 3.32, 0.62, 11.5, negative
9.0, 0.43, 0.34, 2.5, 0.08, 26.0, 86.0, 0.9987, 3.38, 0.62, 9.5, negative
8.2, 0.64, 0.27, 2.0, 0.095, 5.0, 77.0, 0.99747, 3.13, 0.62, 9.1, negative
6.7, 0.75, 0.01, 2.4, 0.078, 17.0, 32.0, 0.9955, 3.55, 0.61, 12.8, negative
7.7, 0.27, 0.68, 3.5, 0.358, 5.0, 10.0, 0.9972, 3.25, 1.08, 9.9, negative
5.9, 0.395, 0.13, 2.4, 0.056, 14.0, 28.0, 0.99362, 3.62, 0.67, 12.4, negative
8.3, 0.76, 0.29, 4.2, 0.075, 12.0, 16.0, 0.9965, 3.45, 0.68, 11.5, negative
10.0, 0.46, 0.44, 2.9, 0.065, 4.0, 8.0, 0.99674, 3.33, 0.62, 12.2, negative
10.4, 0.33, 0.63, 2.8, 0.084, 5.0, 22.0, 0.9998, 3.26, 0.74, 11.2, negative
8.2, 0.32, 0.42, 2.3, 0.098, 3.0, 9.0, 0.99506, 3.27, 0.55, 12.3, negative
6.9, 0.84, 0.21, 4.1, 0.074, 16.0, 65.0, 0.99842, 3.53, 0.72, 9.23333333333333, negative
11.1, 0.31, 0.53, 2.2, 0.06, 3.0, 10.0, 0.99572, 3.02, 0.83, 10.9, negative
7.1, 0.61, 0.02, 2.5, 0.081, 17.0, 87.0, 0.99745, 3.48, 0.6, 9.7, negative
6.8, 0.81, 0.05, 2.0, 0.07, 6.0, 14.0, 0.99562, 3.51, 0.66, 10.8, negative
9.7, 0.53, 0.6, 2.0, 0.039, 5.0, 19.0, 0.99585, 3.3, 0.86, 12.4, negative
10.3, 0.53, 0.48, 2.5, 0.063, 6.0, 25.0, 0.9998, 3.12, 0.59, 9.3, negative
6.9, 0.41, 0.31, 2.0, 0.079, 21.0, 51.0, 0.99668, 3.47, 0.55, 9.5, negative
7.2, 0.38, 0.3, 1.8, 0.073, 31.0, 70.0, 0.99685, 3.42, 0.59, 9.5, negative
10.4, 0.34, 0.58, 3.7, 0.174, 6.0, 16.0, 0.997, 3.19, 0.7, 11.3, negative
8.5, 0.47, 0.27, 1.9, 0.058, 18.0, 38.0, 0.99518, 3.16, 0.85, 11.1, negative
8.2, 0.34, 0.38, 2.5, 0.08, 12.0, 57.0, 0.9978, 3.3, 0.47, 9.0, negative
10.6, 0.31, 0.49, 2.2, 0.063, 18.0, 40.0, 0.9976, 3.14, 0.51, 9.8, negative
11.9, 0.37, 0.69, 2.3, 0.078, 12.0, 24.0, 0.9958, 3.0, 0.65, 12.8, negative
9.3, 0.36, 0.39, 1.5, 0.08, 41.0, 55.0, 0.99652, 3.47, 0.73, 10.9, negative
11.7, 0.28, 0.47, 1.7, 0.054, 17.0, 32.0, 0.99686, 3.15, 0.67, 10.6, negative
9.1, 0.6, 0.0, 1.9, 0.058, 5.0, 10.0, 0.9977, 3.18, 0.63, 10.4, negative
7.5, 0.38, 0.57, 2.3, 0.106, 5.0, 12.0, 0.99605, 3.36, 0.55, 11.4, negative
7.5, 0.51, 0.02, 1.7, 0.084, 13.0, 31.0, 0.99538, 3.36, 0.54, 10.5, negative
6.9, 0.44, 0.0, 1.4, 0.07, 32.0, 38.0, 0.99438, 3.32, 0.58, 11.4, negative
13.0, 0.47, 0.49, 4.3, 0.085, 6.0, 47.0, 1.0021, 3.3, 0.68, 12.7, negative
12.8, 0.3, 0.74, 2.6, 0.095, 9.0, 28.0, 0.9994, 3.2, 0.77, 10.8, negative
6.6, 0.5, 0.04, 2.1, 0.068, 6.0, 14.0, 0.9955, 3.39, 0.64, 9.4, negative
12.0, 0.37, 0.76, 4.2, 0.066, 7.0, 38.0, 1.0004, 3.22, 0.6, 13.0, negative
8.0, 0.59, 0.16, 1.8, 0.065, 3.0, 16.0, 0.9962, 3.42, 0.92, 10.5, negative
6.3, 0.47, 0.0, 1.4, 0.055, 27.0, 33.0, 0.9922, 3.45, 0.48, 12.3, negative
12.5, 0.37, 0.55, 2.6, 0.083, 25.0, 68.0, 0.9995, 3.15, 0.82, 10.4, negative
9.0, 0.4, 0.41, 2.0, 0.058, 15.0, 40.0, 0.99414, 3.22, 0.6, 12.2, negative
8.9, 0.5, 0.21, 2.2, 0.088, 21.0, 39.0, 0.99692, 3.33, 0.83, 11.1, negative
10.9, 0.32, 0.52, 1.8, 0.132, 17.0, 44.0, 0.99734, 3.28, 0.77, 11.5, negative
6.9, 0.765, 0.18, 2.4, 0.243, 5.5, 48.0, 0.99612, 3.4, 0.6, 10.3, negative
10.8, 0.47, 0.43, 2.1, 0.171, 27.0, 66.0, 0.9982, 3.17, 0.76, 10.8, negative
9.1, 0.22, 0.24, 2.1, 0.078, 1.0, 28.0, 0.999, 3.41, 0.87, 10.3, negative
8.6, 0.685, 0.1, 1.6, 0.092, 3.0, 12.0, 0.99745, 3.31, 0.65, 9.55, negative
