10.7 0.35 0.53 2.6 0.07 5.0 16.0 0.9972 3.15 0.65 11.0 0
7.8 0.57 0.09 2.3 0.065 34.0 45.0 0.99417 3.46 0.74 12.7 0
10.7 0.4 0.37 1.9 0.081 17.0 29.0 0.99674 3.12 0.65 11.2 1
7.8 0.56 0.12 2.0 0.082 7.0 28.0 0.997 3.37 0.5 9.4 1
8.3 0.33 0.42 2.3 0.07 9.0 20.0 0.99426 3.38 0.77 12.7 1
7.2 0.36 0.46 2.1 0.074 24.0 44.0 0.99534 3.4 0.85 11.0 1
10.4 0.41 0.55 3.2 0.076 22.0 54.0 0.9996 3.15 0.89 9.9 1
8.1 0.72 0.09 2.8 0.084 18.0 49.0 0.9994 3.43 0.72 11.1 1
13.2 0.46 0.52 2.2 0.071 12.0 35.0 1.0006 3.1 0.56 9.0 1
10.5 0.42 0.66 2.95 0.116 12.0 29.0 0.997 3.24 0.75 11.7 1
7.7 0.56 0.08 2.5 0.114 14.0 46.0 0.9971 3.24 0.66 9.6 1
7.4 0.58 0.0 2.0 0.064 7.0 11.0 0.99562 3.45 0.58 11.3 1
6.8 0.59 0.06 6.0 0.06 11.0 18.0 0.9962 3.41 0.59 10.8 1
8.8 0.45 0.43 1.4 0.076 12.0 21.0 0.99551 3.21 0.75 10.2 1
7.4 0.68 0.16 1.8 0.078 12.0 39.0 0.9977 3.5 0.7 9.9 1
7.5 0.38 0.57 2.3 0.106 5.0 12.0 0.99605 3.36 0.55 11.4 1
10.8 0.4 0.41 2.2 0.084 7.0 17.0 0.9984 3.08 0.67 9.3 1
7.4 0.37 0.43 2.6 0.082 18.0 82.0 0.99708 3.33 0.68 9.7 1
6.7 0.28 0.28 2.4 0.012 36.0 100.0 0.99064 3.26 0.39 11.7 1
7.0 0.36 0.21 2.4 0.086 24.0 69.0 0.99556 3.4 0.53 10.1 1
11.9 0.695 0.53 3.4 0.128 7.0 21.0 0.9992 3.17 0.84 12.2 1
5.2 0.34 0.0 1.8 0.05 27.0 63.0 0.9916 3.68 0.79 14.0 1
10.3 0.59 0.42 2.8 0.09 35.0 73.0 0.999 3.28 0.7 9.5 1
9.4 0.27 0.53 2.4 0.074 6.0 18.0 0.9962 3.2 1.13 12.0 1
6.6 0.855 0.02 2.4 0.062 15.0 23.0 0.99627 3.54 0.6 11.0 1
8.0 0.48 0.34 2.2 0.073 16.0 25.0 0.9936 3.28 0.66 12.4 1
8.9 0.4 0.51 2.6 0.052 13.0 27.0 0.995 3.32 0.9 13.4 1
11.6 0.32 0.55 2.8 0.081 35.0 67.0 1.0002 3.32 0.92 10.8 1
6.9 0.36 0.25 2.4 0.098 5.0 16.0 0.9964 3.41 0.6 10.1 1
11.1 0.42 0.47 2.65 0.085 9.0 34.0 0.99736 3.24 0.77 12.1 1
11.7 0.45 0.63 2.2 0.073 7.0 23.0 0.99974 3.21 0.69 10.9 1
8.0 0.62 0.33 2.7 0.088 16.0 37.0 0.9972 3.31 0.58 10.7 1
8.3 0.31 0.39 2.4 0.078 17.0 43.0 0.99444 3.31 0.77 12.5 1
12.5 0.37 0.55 2.6 0.083 25.0 68.0 0.9995 3.15 0.82 10.4 1
9.0 0.38 0.41 2.4 0.103 6.0 10.0 0.99604 3.13 0.58 11.9 1
7.4 0.785 0.19 5.2 0.094 19.0 98.0 0.99713 3.16 0.52 9.56666666666667 1
6.7 0.46 0.24 1.7 0.077 18.0 34.0 0.9948 3.39 0.6 10.6 1
9.6 0.54 0.42 2.4 0.081 25.0 52.0 0.997 3.2 0.71 11.4 1
7.9 0.51 0.25 2.9 0.077 21.0 45.0 0.9974 3.49 0.96 12.1 1
10.0 0.56 0.24 2.2 0.079 19.0 58.0 0.9991 3.18 0.56 10.1 1
15.6 0.685 0.76 3.7 0.1 6.0 43.0 1.0032 2.95 0.68 11.2 1
8.2 0.35 0.33 2.4 0.076 11.0 47.0 0.99599 3.27 0.81 11.0 1
7.0 0.65 0.02 2.1 0.066 8.0 25.0 0.9972 3.47 0.67 9.5 1
6.3 0.3 0.48 1.8 0.069 18.0 61.0 0.9959 3.44 0.78 10.3 1
11.2 0.67 0.55 2.3 0.084 6.0 13.0 1.0 3.17 0.71 9.5 1
8.0 0.58 0.28 3.2 0.066 21.0 114.0 0.9973 3.22 0.54 9.4 1
8.1 0.53 0.22 2.2 0.078 33.0 89.0 0.99678 3.26 0.46 9.6 1
10.5 0.24 0.42 1.8 0.077 6.0 22.0 0.9976 3.21 1.05 10.8 1
10.1 0.27 0.54 2.3 0.065 7.0 26.0 0.99531 3.17 0.53 12.5 1
7.7 0.6 0.06 2.0 0.079 19.0 41.0 0.99697 3.39 0.62 10.1 1
7.3 0.48 0.32 2.1 0.062 31.0 54.0 0.99728 3.3 0.65 10.0 1
10.0 0.44 0.49 2.7 0.077 11.0 19.0 0.9963 3.23 0.63 11.6 1
9.1 0.785 0.0 2.6 0.093 11.0 28.0 0.9994 3.36 0.86 9.4 1
10.5 0.51 0.64 2.4 0.107 6.0 15.0 0.9973 3.09 0.66 11.8 1
9.8 0.25 0.49 2.7 0.088 15.0 33.0 0.9982 3.42 0.9 10.0 1
6.6 0.84 0.03 2.3 0.059 32.0 48.0 0.9952 3.52 0.56 12.3 1
6.9 0.41 0.33 2.2 0.081 22.0 36.0 0.9949 3.41 0.75 11.1 1
7.3 0.55 0.01 1.8 0.093 9.0 15.0 0.99514 3.35 0.58 11.0 1
8.7 0.52 0.09 2.5 0.091 20.0 49.0 0.9976 3.34 0.86 10.6 1
6.8 0.56 0.22 1.8 0.074 15.0 24.0 0.99438 3.4 0.82 11.2 1
8.5 0.18 0.51 1.75 0.071 45.0 88.0 0.99524 3.33 0.76 11.8 1
11.5 0.59 0.59 2.6 0.087 13.0 49.0 0.9988 3.18 0.65 11.0 1
10.5 0.24 0.47 2.1 0.066 6.0 24.0 0.9978 3.15 0.9 11.0 1
10.3 0.27 0.56 1.4 0.047 3.0 8.0 0.99471 3.16 0.51 11.8 1
9.7 0.53 0.6 2.0 0.039 5.0 19.0 0.99585 3.3 0.86 12.4 1
6.8 0.785 0.0 2.4 0.104 14.0 30.0 0.9966 3.52 0.55 10.7 1
7.7 0.57 0.21 1.5 0.069 4.0 9.0 0.99458 3.16 0.54 9.8 1
7.1 0.69 0.08 2.1 0.063 42.0 52.0 0.99608 3.42 0.6 10.2 1
11.6 0.44 0.64 2.1 0.059 5.0 15.0 0.998 3.21 0.67 10.2 1
9.3 0.38 0.48 3.8 0.132 3.0 11.0 0.99577 3.23 0.57 13.2 1
8.8 0.55 0.04 2.2 0.119 14.0 56.0 0.9962 3.21 0.6 10.9 1
10.8 0.29 0.42 1.6 0.084 19.0 27.0 0.99545 3.28 0.73 11.9 1
8.3 0.54 0.28 1.9 0.077 11.0 40.0 0.9978 3.39 0.61 10.0 1
11.6 0.41 0.54 1.5 0.095 22.0 41.0 0.99735 3.02 0.76 9.9 1
6.8 0.57 0.0 2.5 0.072 32.0 64.0 0.99491 3.43 0.56 11.2 1
10.9 0.39 0.47 1.8 0.118 6.0 14.0 0.9982 3.3 0.75 9.8 1
8.9 0.84 0.34 1.4 0.05 4.0 10.0 0.99554 3.12 0.48 9.1 1
11.9 0.39 0.69 2.8 0.095 17.0 35.0 0.9994 3.1 0.61 10.8 1
6.2 0.52 0.08 4.4 0.071 11.0 32.0 0.99646 3.56 0.63 11.6 1
11.9 0.4 0.65 2.15 0.068 7.0 27.0 0.9988 3.06 0.68 11.3 1
7.0 0.745 0.12 1.8 0.114 15.0 64.0 0.99588 3.22 0.59 9.5 1
10.9 0.53 0.49 4.6 0.118 10.0 17.0 1.0002 3.07 0.56 11.7 1
8.5 0.585 0.18 2.1 0.078 5.0 30.0 0.9967 3.2 0.48 9.8 1
10.2 0.54 0.37 15.4 0.214 55.0 95.0 1.00369 3.18 0.77 9.0 1
7.1 0.61 0.02 2.5 0.081 17.0 87.0 0.99745 3.48 0.6 9.7 1
8.4 0.52 0.22 2.7 0.084 4.0 18.0 0.99682 3.26 0.57 9.9 1
