0 5 2 2 9 0.0 0.5555555555555556 0.2222222222222222 0.2222222222222222 19 4 1 0 24 0.7916666666666666 0.16666666666666666 0.041666666666666664 0.0 
0 3 1 4 8 0.0 0.375 0.125 0.5 17 5 1 0 23 0.7391304347826086 0.21739130434782608 0.043478260869565216 0.0 
0 2 2 4 8 0.0 0.25 0.25 0.5 16 7 0 0 23 0.6956521739130435 0.30434782608695654 0.0 0.0 
0 3 4 1 8 0.0 0.375 0.5 0.125 14 9 0 0 23 0.6086956521739131 0.391304347826087 0.0 0.0 
1 2 2 3 8 0.125 0.25 0.25 0.375 13 8 0 1 22 0.5909090909090909 0.36363636363636365 0.0 0.045454545454545456 
0 0 5 3 8 0.0 0.0 0.625 0.375 11 11 0 0 22 0.5 0.5 0.0 0.0 
0 1 3 4 8 0.0 0.125 0.375 0.5 15 7 0 0 22 0.6818181818181818 0.3181818181818182 0.0 0.0 
0 3 2 3 8 0.0 0.375 0.25 0.375 14 8 0 0 22 0.6363636363636364 0.36363636363636365 0.0 0.0 
0 5 2 1 8 0.0 0.625 0.25 0.125 13 9 0 0 22 0.5909090909090909 0.4090909090909091 0.0 0.0 
0 1 2 5 8 0.0 0.125 0.25 0.625 16 6 0 0 22 0.7272727272727273 0.2727272727272727 0.0 0.0 
