5 31 24 12 72 0.06944444444444445 0.4305555555555556 0.3333333333333333 0.16666666666666666 138 57 6 0 201 0.6865671641791045 0.2835820895522388 0.029850746268656716 0.0 
7 28 24 14 73 0.0958904109589041 0.3835616438356164 0.3287671232876712 0.1917808219178082 137 58 6 1 202 0.6782178217821783 0.2871287128712871 0.0297029702970297 0.0049504950495049506 
9 31 21 12 73 0.1232876712328767 0.4246575342465753 0.2876712328767123 0.1643835616438356 143 53 5 1 202 0.7079207920792079 0.2623762376237624 0.024752475247524754 0.0049504950495049506 
7 28 23 15 73 0.0958904109589041 0.3835616438356164 0.3150684931506849 0.2054794520547945 137 59 5 1 202 0.6782178217821783 0.29207920792079206 0.024752475247524754 0.0049504950495049506 
7 30 23 13 73 0.0958904109589041 0.410958904109589 0.3150684931506849 0.1780821917808219 135 62 5 1 203 0.6650246305418719 0.3054187192118227 0.024630541871921183 0.0049261083743842365 
5 32 24 12 73 0.0684931506849315 0.4383561643835616 0.3287671232876712 0.1643835616438356 146 51 6 0 203 0.7192118226600985 0.2512315270935961 0.029556650246305417 0.0 
8 31 21 13 73 0.1095890410958904 0.4246575342465753 0.2876712328767123 0.1780821917808219 138 57 8 0 203 0.6798029556650246 0.28078817733990147 0.03940886699507389 0.0 
5 32 18 18 73 0.0684931506849315 0.4383561643835616 0.2465753424657534 0.2465753424657534 142 56 4 1 203 0.6995073891625616 0.27586206896551724 0.019704433497536946 0.0049261083743842365 
8 30 21 14 73 0.1095890410958904 0.410958904109589 0.2876712328767123 0.1917808219178082 141 56 6 0 203 0.6945812807881774 0.27586206896551724 0.029556650246305417 0.0 
9 34 16 14 73 0.1232876712328767 0.4657534246575342 0.2191780821917808 0.1917808219178082 140 56 7 0 203 0.6896551724137931 0.27586206896551724 0.034482758620689655 0.0 
