63.0 60.0 1.0 0
50.0 63.0 13.0 0
51.0 59.0 3.0 0
54.0 65.0 5.0 0
44.0 58.0 9.0 0
72.0 63.0 0.0 0
46.0 65.0 20.0 0
67.0 63.0 1.0 0
54.0 68.0 7.0 0
47.0 62.0 0.0 0
46.0 69.0 3.0 0
38.0 69.0 21.0 0
56.0 66.0 3.0 0
47.0 65.0 0.0 0
55.0 63.0 6.0 0
57.0 64.0 1.0 0
64.0 58.0 0.0 1
55.0 69.0 22.0 1
61.0 65.0 8.0 1
44.0 61.0 0.0 1
58.0 61.0 1.0 1
30.0 65.0 0.0 1
50.0 64.0 0.0 1
54.0 63.0 19.0 1
40.0 58.0 2.0 1
67.0 66.0 0.0 1
54.0 66.0 0.0 1
36.0 60.0 1.0 1
38.0 67.0 5.0 1
48.0 64.0 0.0 1
46.0 63.0 0.0 1
31.0 65.0 4.0 1
49.0 62.0 0.0 1
66.0 58.0 0.0 1
50.0 61.0 0.0 1
37.0 63.0 0.0 1
45.0 64.0 0.0 1
50.0 66.0 1.0 1
33.0 58.0 10.0 1
53.0 60.0 1.0 1
52.0 69.0 0.0 1
39.0 67.0 0.0 1
57.0 64.0 9.0 1
31.0 59.0 2.0 1
48.0 66.0 0.0 1
72.0 58.0 0.0 1
70.0 67.0 0.0 1
63.0 61.0 28.0 1
41.0 65.0 0.0 1
47.0 60.0 4.0 1
34.0 60.0 1.0 1
33.0 60.0 0.0 1
45.0 67.0 1.0 1
70.0 66.0 14.0 1
56.0 60.0 0.0 1
66.0 58.0 1.0 1
61.0 59.0 0.0 1
54.0 62.0 0.0 1
70.0 68.0 0.0 1
58.0 58.0 0.0 1
54.0 58.0 1.0 1
