56 66 3 0
41 60 23 0
67 63 1 0
60 59 17 0
62 58 0 0
46 69 3 0
48 58 11 0
42 69 1 0
43 59 2 0
61 62 5 0
65 62 22 0
53 65 1 0
53 58 4 0
45 67 1 0
41 67 0 0
53 59 3 0
73 68 0 1
56 60 0 1
65 67 1 1
49 62 0 1
57 61 0 1
38 67 5 1
68 68 0 1
53 63 0 1
57 67 0 1
47 67 0 1
58 67 0 1
52 62 1 1
62 58 0 1
47 68 4 1
61 68 0 1
54 63 19 1
49 67 1 1
41 65 0 1
70 63 0 1
37 58 0 1
65 64 0 1
52 64 0 1
45 64 0 1
70 59 8 1
55 69 3 1
36 60 1 1
42 59 2 1
44 61 0 1
50 59 2 1
63 62 0 1
31 59 2 1
50 66 1 1
58 61 2 1
63 63 0 1
44 61 0 1
51 66 1 1
41 58 0 1
33 58 10 1
34 67 7 1
45 67 0 1
58 60 3 1
33 60 0 1
56 60 0 1
55 58 1 1
67 66 0 1
