54 65 5 0
47 63 23 0
70 58 4 0
57 62 14 0
60 65 0 0
48 67 7 0
51 59 13 0
38 69 21 0
43 64 0 0
65 61 2 0
66 61 13 0
78 65 1 0
59 62 35 0
43 58 52 0
47 65 0 0
52 69 3 0
34 59 0 0
74 63 0 1
55 58 1 1
64 68 0 1
49 61 1 1
58 58 0 1
39 63 4 1
69 66 0 1
54 66 0 1
56 66 1 1
48 66 0 1
57 64 0 1
52 60 4 1
64 58 0 1
47 60 4 1
61 59 0 1
60 61 25 1
49 63 3 1
39 67 0 1
72 67 3 1
38 60 0 1
66 58 1 1
53 61 1 1
47 61 0 1
77 65 3 1
55 66 18 1
36 69 0 1
42 63 1 1
43 65 0 1
48 61 8 1
63 61 9 1
30 65 0 1
50 61 0 1
59 63 0 1
67 66 0 1
43 64 3 1
52 69 0 1
38 60 0 1
35 64 13 1
41 69 8 1
45 59 14 1
61 59 0 1
37 59 6 1
59 64 4 1
42 58 0 1
54 67 46 1
