52 66 4 0
53 63 24 0
69 67 8 0
54 60 11 0
57 64 1 0
46 62 5 0
48 58 11 0
44 58 9 0
45 66 0 0
66 58 0 0
67 64 8 0
57 61 5 0
53 60 9 0
43 64 0 0
50 64 0 0
51 59 3 0
72 64 0 1
53 58 1 1
63 66 0 1
49 61 0 1
59 60 0 1
39 63 0 1
70 67 0 1
54 62 0 1
55 67 1 1
47 66 0 1
57 69 0 1
53 60 2 1
63 61 0 1
46 58 3 1
60 64 0 1
55 69 22 1
50 63 1 1
38 64 1 1
72 58 0 1
39 58 0 1
67 61 0 1
52 62 0 1
45 60 0 1
67 65 0 1
54 59 7 1
37 63 0 1
43 63 2 1
41 65 0 1
47 66 12 1
59 64 7 1
31 65 4 1
50 58 1 1
57 64 0 1
63 63 0 1
44 63 1 1
51 65 0 1
41 59 0 1
38 66 11 1
43 63 14 1
45 67 1 1
60 67 2 1
34 60 0 1
61 59 0 1
51 59 1 1
70 66 14 1
