54 68 7 0
46 65 20 0
70 58 0 0
55 68 15 0
61 65 0 0
49 64 10 0
50 63 13 0
34 66 9 0
41 64 0 0
65 58 0 0
65 66 15 0
74 65 3 0
54 65 23 0
44 64 6 0
47 62 0 0
52 62 3 0
73 62 0 1
55 58 0 1
64 66 0 1
49 62 1 1
58 59 0 1
38 62 3 1
69 65 0 1
55 66 0 1
56 66 2 1
48 64 0 1
57 63 0 1
52 60 5 1
64 61 0 1
47 58 3 1
61 64 0 1
63 61 28 1
48 62 2 1
38 66 0 1
71 68 2 1
38 60 1 1
66 58 0 1
53 60 1 1
46 62 0 1
76 67 0 1
57 64 9 1
37 63 0 1
42 60 1 1
43 60 0 1
50 61 6 1
62 62 6 1
30 64 1 1
50 59 0 1
59 64 0 1
66 68 0 1
43 66 4 1
52 68 0 1
38 59 2 1
34 61 10 1
41 59 8 1
44 67 16 1
62 66 0 1
40 58 2 1
59 67 3 1
45 68 0 1
54 60 3 1
