61 68 1 0
53 65 1 0
55 68 15 0
65 66 15 0
57 61 5 0
67 64 8 0
48 58 11 0
47 63 23 0
67 63 1 0
54 68 7 0
47 62 0 0
65 58 0 0
44 64 6 0
46 62 5 0
48 58 11 0
46 69 3 0
38 69 21 0
45 65 6 0
60 59 17 0
56 66 3 0
53 65 12 0
78 65 1 0
43 64 0 0
47 65 0 0
66 61 13 0
55 63 6 0
43 58 52 0
52 69 3 0
53 63 24 0
44 63 19 0
57 64 1 0
74 65 3 0
45 67 1 0
54 60 11 0
43 64 0 0
53 60 9 0
65 62 22 0
61 65 0 0
43 59 2 0
52 66 4 0
50 58 1 1
60 67 2 1
50 61 0 1
37 63 0 1
40 65 0 1
37 60 0 1
48 62 2 1
45 64 0 1
50 66 1 1
64 65 22 1
33 58 10 1
50 59 2 1
57 63 0 1
53 60 1 1
38 60 0 1
41 59 0 1
52 69 0 1
39 67 0 1
38 64 1 1
59 64 0 1
63 61 9 1
72 64 0 1
35 63 0 1
64 61 0 1
57 64 9 1
45 59 14 1
39 63 0 1
31 59 2 1
48 66 0 1
72 58 0 1
47 61 0 1
38 60 0 1
53 58 1 1
42 65 0 1
70 67 0 1
63 61 28 1
69 60 0 1
52 62 1 1
73 62 0 1
41 65 0 1
59 64 1 1
55 67 1 1
43 64 3 1
54 67 46 1
34 61 10 1
50 61 6 1
70 63 0 1
44 63 1 1
65 58 0 1
69 66 0 1
47 60 4 1
47 67 0 1
65 67 1 1
68 68 0 1
34 60 1 1
75 62 1 1
33 60 0 1
52 63 4 1
59 63 0 1
60 64 0 1
44 61 0 1
45 67 1 1
70 66 14 1
56 60 0 1
54 69 7 1
43 65 0 1
65 64 0 1
66 58 1 1
48 61 8 1
61 59 0 1
41 59 8 1
54 62 0 1
70 68 0 1
38 66 11 1
57 67 0 1
61 64 0 1
69 65 0 1
47 63 6 1
38 60 1 1
54 60 3 1
50 61 0 1
61 59 0 1
49 63 3 1
63 66 0 1
58 58 0 1
54 58 1 1
47 66 0 1
55 66 0 1
63 62 0 1
42 61 4 1
43 64 2 1
64 68 0 1
55 58 1 1
54 59 7 1
60 61 1 1
72 67 3 1
62 62 6 1
45 60 0 1
67 66 0 1
51 65 0 1
65 67 0 1
67 61 0 1
52 64 0 1
58 58 3 1
62 66 0 1
34 58 30 1
40 58 0 1
41 64 0 1
63 63 0 1
43 60 0 1
37 63 0 1
50 63 1 1
45 68 0 1
