47 44 77 0 -22 0 30 101 70 0
71 42 82 0 -42 -7 11 126 114 0
69 59 82 0 -42 -5 13 126 112 0
51 21 79 0 42 0 28 37 10 0
42 23 77 0 28 0 34 48 14 0
44 28 77 0 28 0 33 48 16 0
41 33 77 0 -22 0 37 101 64 0
50 24 77 0 -22 0 27 101 74 0
70 57 82 0 -42 -4 12 126 114 0
81 0 84 2 -12 19 4 97 94 1
82 1 86 0 -10 2 3 96 92 1
80 -5 84 0 -42 0 5 128 124 1
103 2 104 3 70 0 1 35 34 1
83 0 86 1 -2 0 4 89 86 1
80 -5 84 0 -20 0 4 105 100 1
104 2 105 2 70 0 1 35 34 1
84 0 88 0 0 24 3 88 84 1
84 3 87 3 -4 0 3 92 88 1
102 0 103 0 72 29 1 31 30 1
75 4 79 1 -42 0 4 123 118 1
79 -5 83 -2 -32 1092 4 117 112 1
82 0 85 0 -10 -26 3 95 92 1
85 0 88 -7 6 4 3 83 80 1
82 4 86 0 -40 2 4 128 124 1
106 0 108 8 70 0 2 38 36 1
77 1 81 0 -42 0 4 125 122 1
85 0 88 0 0 -11 3 88 86 1
104 -1 105 -1 70 0 1 35 34 1
106 0 108 -2 70 -2 1 38 36 1
81 -4 85 -8 -40 0 4 126 122 1
85 0 88 0 0 -3 3 88 86 1
71 0 75 2 -40 20 4 116 112 1
80 0 84 -1 -38 -7 4 123 118 1
80 2 84 5 -28 0 4 112 108 1
79 0 83 0 -46 -19 4 130 126 1
83 0 86 0 -4 13 3 92 88 1
85 0 88 1 2 0 3 86 82 1
105 -14 108 0 70 0 3 38 34 1
80 -2 84 0 -42 0 5 128 124 1
104 0 106 0 72 14 1 33 32 1
104 0 105 -4 72 1 1 33 32 1
106 0 107 0 72 5 1 35 34 1
84 0 88 0 6 0 4 83 80 1
105 -7 107 -3 70 0 2 37 34 1
80 3 84 0 -38 0 4 123 118 1
72 6 76 4 -42 -6 4 120 116 1
82 0 86 0 -6 0 4 94 90 1
102 2 104 2 72 9 1 31 30 1
79 -1 83 -2 -40 3 4 124 120 1
82 0 86 -6 -40 0 4 127 124 1
79 0 83 0 -42 5 4 127 122 1
79 0 83 0 -40 -25 4 125 120 1
85 0 88 0 0 0 3 88 84 1
77 0 81 -6 -40 0 4 122 118 1
84 0 88 0 0 7 3 88 84 1
82 2 86 0 -2 5 3 88 84 1
79 0 83 1 -40 11 5 125 120 1
103 0 104 4 70 0 1 35 34 1
105 -1 107 -4 70 -5 1 37 36 1
84 0 88 0 -2 0 3 90 88 1
76 3 80 2 -42 0 4 124 120 1
85 0 88 0 0 -14 3 88 86 1
85 3 88 0 2 0 3 85 82 1
83 0 86 0 -4 16 3 92 88 1
85 0 88 -6 0 0 3 88 84 1
78 0 83 1 -42 0 4 126 122 1
101 0 102 0 72 18 1 29 28 1
77 2 81 1 -40 13 4 123 118 1
84 0 87 -1 0 6 3 87 84 1
81 0 84 0 -14 -3 4 100 96 1
78 0 83 7 -42 0 4 126 122 1
79 0 83 0 -28 31 4 112 108 1
79 0 83 0 -46 -20 4 130 126 1
82 0 85 0 -10 -29 3 95 92 1
104 1 105 3 70 0 1 35 34 1
106 4 107 0 70 0 1 37 36 1
102 0 103 3 70 -7 1 33 32 1
85 0 89 0 2 -9 4 86 82 1
85 -5 89 0 8 0 4 81 78 1
83 0 86 -2 -4 0 3 92 88 1
84 4 87 0 -4 0 3 92 88 1
82 0 85 -3 -10 0 3 95 92 1
82 0 86 0 -40 7 4 128 124 1
75 0 80 5 -42 0 5 124 120 1
79 0 83 0 -30 38 4 114 110 1
104 0 104 -6 72 24 1 32 32 1
84 0 88 0 -2 -14 3 90 88 1
105 2 106 3 70 0 1 36 36 1
81 0 84 0 -12 22 4 97 94 1
102 4 104 4 70 -20 1 34 32 1
108 2 109 0 72 4 1 36 36 1
81 0 84 0 -14 -15 3 99 96 1
105 3 106 1 72 31 1 33 32 1
85 -10 89 0 8 0 4 81 78 1
84 3 88 0 6 0 4 83 80 1
82 0 85 -2 -2 8 3 88 84 1
77 3 81 0 -42 0 4 125 120 1
82 1 86 0 -24 -27 4 112 108 1
82 0 85 -1 -10 0 3 95 92 1
103 -2 104 -2 72 19 1 32 30 1
79 -1 84 0 -32 0 4 117 112 1
101 0 102 0 72 11 1 29 28 1
83 0 86 0 -4 -4 4 92 88 1
77 2 81 0 -42 0 4 125 120 1
79 0 84 5 -42 -13 4 128 124 1
102 2 103 8 70 -21 1 33 32 1
76 0 81 -6 -42 -11 5 125 120 1
80 2 84 0 -40 4 4 126 122 1
71 -12 76 -9 -40 4 5 117 112 1
80 -6 84 -1 -40 6 5 126 122 1
102 0 103 0 72 22 1 31 30 1
83 0 87 0 -40 6 4 128 124 1
85 0 88 0 -2 -6 3 91 88 1
83 0 86 2 -4 -11 4 92 88 1
102 0 102 -4 72 22 1 30 30 1
84 5 86 0 -2 0 3 89 86 1
81 -1 84 0 -20 18 4 105 102 1
82 0 86 8 -10 5 4 97 92 1
81 0 84 -4 -22 0 3 108 104 1
83 0 86 0 -4 12 3 92 88 1
81 0 84 0 -22 -16 4 108 104 1
76 0 80 -2 -42 -8 4 124 120 1
80 -1 84 1 -20 0 4 105 100 1
79 0 83 -2 -40 0 4 125 120 1
77 0 81 0 -42 0 4 125 120 1
102 0 103 7 70 -12 1 33 32 1
81 0 85 0 -42 -26 4 129 124 1
80 0 84 -1 -38 -6 4 123 118 1
80 0 84 0 -36 0 4 120 116 1
102 0 103 1 70 -15 1 33 32 1
105 0 106 0 72 2 1 34 34 1
84 0 88 0 -2 -22 3 90 88 1
82 0 86 -2 -40 1 4 128 124 1
103 5 104 2 70 -27 1 35 34 1
82 0 86 0 -12 -23 3 99 96 1
81 0 85 0 -12 0 4 98 94 1
102 0 103 1 72 27 1 31 30 1
79 1 83 0 -40 9 4 125 120 1
102 2 103 6 72 14 1 31 30 1
85 1 88 0 0 0 3 88 84 1
85 0 88 0 0 -18 3 88 86 1
101 0 102 0 72 15 1 30 28 1
84 0 87 -2 0 0 3 87 84 1
85 0 88 0 6 20 3 83 80 1
106 5 108 0 70 0 1 38 36 1
102 0 102 -5 70 -10 1 33 32 1
77 0 81 0 -40 10 4 123 118 1
105 3 106 1 72 5 1 33 32 1
102 0 103 5 70 -11 1 33 32 1
104 0 105 -6 70 0 1 35 34 1
80 0 84 0 -28 -16 4 112 108 1
84 -3 88 0 2 0 3 85 82 1
76 2 81 8 -42 -14 5 125 120 1
105 0 106 0 72 0 1 33 32 1
84 0 88 -1 6 -5 5 83 78 1
85 0 88 0 2 25 3 86 82 1
107 1 108 1 72 10 1 36 34 1
81 0 84 0 -14 -9 4 100 96 1
104 1 106 2 70 -30 1 36 34 1
79 0 83 0 -38 12 4 122 118 1
79 0 84 0 -40 2 4 125 120 1
105 2 106 0 70 0 1 36 36 1
84 0 88 0 -2 -27 3 90 88 1
71 1 75 0 -42 -5 4 119 114 1
80 0 84 0 -42 -9 4 128 124 1
83 0 86 0 -2 29 3 89 86 1
80 0 84 1 -28 0 4 112 108 1
79 -1 83 -13 -6 159 4 91 88 1
79 0 83 0 -42 12 4 127 122 1
81 5 85 0 -24 0 4 111 108 1
79 0 84 -1 -40 8 4 125 120 1
84 5 87 0 -2 0 3 90 86 1
108 0 109 0 72 4 1 36 36 1
83 1 86 0 -6 0 3 94 90 1
104 0 105 -4 70 0 1 35 34 1
81 -1 85 0 -12 0 4 98 94 1
105 4 106 2 72 6 1 33 32 1
82 0 85 0 -10 -5 3 95 92 1
102 -1 104 0 72 12 1 31 30 1
80 -3 84 0 -36 0 5 121 116 1
83 -4 87 4 -4 0 4 92 88 1
85 1 88 0 2 3 3 86 82 1
82 0 86 0 -42 -29 4 130 126 1
78 0 83 4 -46 0 4 129 124 1
85 0 89 0 6 22 4 84 80 1
85 0 88 0 0 -7 3 88 86 1
82 0 86 0 -40 4 5 128 124 1
101 0 102 0 70 -23 1 32 32 1
85 0 89 1 6 27 4 84 80 1
84 0 88 0 -2 -15 3 90 88 1
71 -10 76 -7 -40 3 5 117 112 1
81 0 86 0 -40 3 4 127 122 1
82 0 86 -1 -40 11 4 128 124 1
78 0 83 3 -46 0 4 129 124 1
83 0 86 -1 -4 3 3 92 88 1
107 3 108 0 70 -1 1 38 36 1
85 0 89 2 2 0 4 86 82 1
81 0 84 0 -14 25 3 100 96 1
77 0 81 0 -40 5 4 123 118 1
81 0 84 0 -14 -1 3 99 96 1
102 0 102 -5 70 -3 1 33 32 1
84 0 87 6 -2 0 3 90 86 1
79 0 83 0 -40 1 4 124 120 1
79 1 83 0 -42 -18 4 126 122 1
78 -5 83 0 -40 4 4 124 120 1
86 2 89 0 8 4 3 81 78 1
102 0 103 2 70 -4 1 33 32 1
81 0 84 0 -20 4 4 105 102 1
105 -4 106 0 70 0 2 36 34 1
74 5 79 10 -42 0 4 123 118 1
84 3 87 0 -2 0 3 90 86 1
108 0 108 -4 72 5 1 36 36 1
84 2 87 2 -4 0 3 92 88 1
80 0 84 -5 -36 0 4 120 116 1
81 0 84 0 -20 6 4 105 102 1
71 1 75 0 -40 26 4 116 112 1
81 4 84 1 -20 0 4 105 102 1
102 0 103 0 70 -18 1 33 32 1
85 0 88 -1 6 -4 3 83 80 1
79 0 83 0 -28 3 4 112 108 1
86 -2 89 0 8 0 3 81 78 1
83 0 86 8 -2 0 4 89 86 1
104 -3 106 0 70 -24 1 36 34 1
80 -2 84 -3 -42 -24 4 128 124 1
106 4 107 2 70 0 1 37 36 1
81 0 85 0 -24 0 4 111 108 1
105 -2 106 0 72 3 1 34 32 1
105 5 107 9 72 5 1 35 34 1
107 3 108 0 70 0 1 38 36 1
102 0 103 1 72 26 1 31 30 1
79 0 83 0 -38 24 4 122 118 1
102 0 103 -1 72 16 1 31 30 1
101 0 102 0 72 9 1 29 28 1
102 2 102 0 70 0 1 33 32 1
105 0 107 3 70 0 1 37 36 1
81 0 84 0 -22 -13 4 108 104 1
84 0 88 0 -2 -9 3 90 88 1
82 -2 86 0 -4 -7 3 91 88 1
81 2 84 0 -14 0 3 99 96 1
81 0 84 0 -20 -9 4 105 102 1
104 4 106 5 72 7 1 33 32 1
83 0 87 0 -40 5 4 128 124 1
82 0 85 0 -10 -20 3 95 92 1
85 0 89 6 2 0 4 86 82 1
85 0 89 0 2 -8 4 86 82 1
104 0 105 -7 72 10 1 33 32 1
78 -4 83 0 -46 0 4 129 124 1
82 0 86 -2 -40 11 4 128 124 1
84 0 88 0 6 -1 4 83 78 1
86 4 89 0 2 -8 3 86 84 1
79 0 83 -1 -46 0 4 129 126 1
79 0 84 4 -32 -11 4 117 112 1
81 4 84 0 -14 -16 3 100 96 1
80 5 84 0 -42 0 4 128 124 1
84 0 88 0 0 9 3 88 84 1
80 0 84 0 -28 -8 4 112 108 1
102 0 102 0 70 -5 1 33 32 1
83 0 87 8 -4 10 4 92 88 1
80 0 84 2 -24 3 4 110 106 1
84 1 87 1 -4 0 3 92 88 1
104 0 106 0 72 3 1 33 32 1
82 0 86 0 -2 11 3 88 84 1
81 3 84 0 -42 0 3 128 124 1
85 0 88 6 0 0 3 88 84 1
105 0 106 0 72 6 1 34 32 1
82 0 86 8 -10 14 4 97 92 1
85 0 88 -36 0 0 3 88 84 1
105 -5 107 0 70 0 1 37 36 1
82 0 86 -1 -10 3 3 96 92 1
104 2 106 4 72 2 1 33 32 1
76 1 81 6 -40 19 5 123 118 1
85 0 88 1 -2 0 3 91 88 1
82 4 86 0 -40 4 4 128 124 1
76 2 81 0 -42 0 4 125 120 1
82 1 86 0 -42 -23 4 130 126 1
102 3 102 0 70 0 1 33 32 1
107 0 108 -2 72 8 1 35 34 1
102 5 102 1 70 -16 1 33 32 1
107 1 108 0 70 0 1 38 38 1
108 1 109 0 72 1 1 36 36 1
79 -8 83 -4 -100 -572 4 184 180 1
84 3 88 0 6 0 4 83 78 1
76 0 81 0 -42 -3 5 125 120 1
76 1 80 0 -40 0 4 121 118 1
101 0 102 0 72 5 1 29 28 1
83 0 86 -1 -4 4 3 92 88 1
85 0 88 0 0 -29 3 88 86 1
81 3 86 1 -40 10 4 127 122 1
104 2 105 0 70 -28 1 35 34 1
105 0 106 -6 70 0 1 36 36 1
85 0 88 0 2 17 3 86 82 1
102 0 102 -3 70 -2 1 33 32 1
103 -1 104 -3 70 -4 1 35 34 1
81 0 86 2 -22 0 4 109 104 1
85 0 88 0 0 -24 3 88 86 1
81 0 86 0 -24 -15 4 112 108 1
84 2 86 -3 -4 0 3 92 88 1
105 -1 106 0 70 0 1 36 36 1
82 0 86 3 -12 0 4 99 94 1
105 4 106 1 70 0 1 36 34 1
102 0 104 0 70 -17 1 34 32 1
80 1 84 6 -40 9 5 126 122 1
104 0 105 0 70 0 1 35 34 1
101 -1 102 0 70 -2 1 33 32 1
102 0 103 1 70 -8 1 33 32 1
76 0 81 0 -42 -18 5 125 120 1
81 3 85 0 -40 8 4 126 122 1
82 0 85 0 -6 8 3 93 90 1
82 0 86 0 -2 7 3 88 84 1
105 0 107 1 70 0 1 37 36 1
83 0 86 0 -4 9 3 92 88 1
80 0 84 0 -40 17 4 125 122 1
104 5 105 5 70 0 1 35 34 1
85 0 88 1 6 0 3 83 80 1
79 2 83 0 -40 15 4 124 120 1
108 2 109 1 72 3 1 36 36 1
85 0 88 0 2 15 3 86 82 1
80 -1 84 -2 -40 9 4 126 122 1
81 0 84 0 -12 13 3 97 94 1
85 -2 89 0 2 -6 4 86 82 1
104 -3 105 -3 70 0 1 35 34 1
78 4 81 0 -42 0 4 125 122 1
107 0 108 -1 72 3 1 35 34 1
82 -1 86 0 -40 0 5 128 124 1
79 0 83 0 -40 -9 4 125 120 1
77 0 81 0 -40 3 4 123 118 1
103 -1 104 -4 72 10 1 31 30 1
79 0 83 0 -46 -4 4 130 126 1
101 0 102 0 72 38 1 30 28 1
104 4 105 5 72 7 1 33 32 1
85 0 88 -4 2 0 3 86 82 1
79 4 83 0 -30 0 4 114 110 1
80 0 85 1 -42 -28 5 129 124 1
81 0 85 0 -24 -6 4 111 108 1
84 -1 87 -3 0 20 3 87 84 1
77 0 81 0 -42 0 4 125 122 1
85 0 88 -5 0 0 3 88 84 1
82 0 85 0 -2 0 3 88 84 1
81 0 84 -3 -14 0 3 99 96 1
82 0 86 0 -10 10 3 96 92 1
82 0 86 0 -6 1 4 94 90 1
81 0 86 0 -40 2 4 127 122 1
71 6 75 0 -42 -9 3 119 116 1
82 0 86 0 -22 0 4 109 106 1
81 -2 86 0 -22 0 4 109 104 1
85 0 88 3 6 0 3 83 80 1
79 0 83 0 -32 -15 4 117 112 1
80 0 84 0 -28 -6 4 112 108 1
105 -3 106 -6 70 0 1 36 34 1
81 3 85 0 -40 6 4 126 122 1
82 0 86 0 -10 21 3 96 92 1
81 -5 86 0 -40 0 5 127 122 1
77 1 81 1 -42 -22 4 125 120 1
106 0 107 0 70 0 1 37 36 1
81 0 84 0 -14 -5 3 99 96 1
79 0 83 0 -38 0 4 122 118 1
84 0 88 0 -2 -21 3 90 88 1
101 0 102 0 72 6 1 29 28 1
79 3 83 0 -42 0 4 127 122 1
79 1 83 6 -42 -20 5 127 122 1
82 -2 86 0 -10 1 4 96 92 1
79 0 83 0 -28 21 4 112 108 1
80 0 84 -2 -40 3 4 125 122 1
81 1 85 1 -24 0 4 111 106 1
80 1 84 0 -42 0 4 128 124 1
83 -2 86 -1 -4 0 3 92 88 1
82 0 86 0 -40 7 5 128 124 1
76 -3 81 -2 -40 30 5 123 118 1
101 0 102 0 70 -26 1 32 32 1
79 4 83 0 -42 0 4 126 122 1
80 1 84 -1 -28 0 4 112 108 1
80 0 84 4 -20 0 4 105 100 1
84 4 87 4 -4 0 3 92 88 1
82 0 86 0 -12 -15 3 99 96 1
105 -5 106 -7 70 0 1 36 34 1
85 0 89 0 6 30 4 84 80 1
85 0 88 0 0 -16 3 88 86 1
79 0 83 0 -30 12 4 114 110 1
101 0 102 0 72 0 1 30 28 1
101 0 102 0 72 331 1 30 28 1
82 0 87 1 -40 5 5 128 124 1
106 0 107 -1 72 3 1 35 34 1
71 3 75 1 -42 -17 4 119 114 1
85 -2 88 0 2 -16 3 86 82 1
84 -1 88 -2 -2 -8 3 90 88 1
81 -1 85 0 -22 0 4 108 104 1
104 3 105 3 70 0 1 35 34 1
79 0 83 0 -46 -2 4 130 126 1
79 0 83 0 -38 16 4 122 118 1
102 2 104 2 72 12 1 31 30 1
101 0 102 0 70 -15 1 32 32 1
79 0 84 0 -32 -35 4 117 112 1
81 0 84 0 -18 16 4 103 98 1
81 0 84 0 -18 24 4 103 98 1
82 0 86 0 -12 -5 3 99 96 1
105 5 106 4 70 0 1 36 36 1
81 2 84 0 -22 -3 3 108 104 1
103 1 104 0 70 0 1 35 34 1
105 6 106 2 70 0 1 36 36 1
82 0 86 0 -12 -9 3 99 96 1
85 0 88 -4 6 1 3 83 80 1
71 0 75 2 -40 25 4 116 112 1
81 0 84 0 -12 23 4 97 94 1
81 0 84 2 -14 0 4 100 96 1
104 1 106 4 70 0 1 36 34 1
79 -6 83 -3 -32 3799 4 117 112 1
85 0 88 0 0 -27 3 88 86 1
104 0 106 0 72 6 1 33 32 1
82 0 85 0 -6 4 3 93 90 1
79 0 84 7 -6 205 5 92 88 1
79 0 83 0 -46 -29 4 130 126 1
79 0 83 1 -40 14 5 125 120 1
105 -4 106 -6 70 0 1 36 34 1
74 8 78 10 -42 -2 4 122 118 1
82 3 86 6 -40 1 5 128 124 1
83 -1 87 5 -4 0 4 92 88 1
84 -3 88 0 0 1 4 88 84 1
80 0 84 0 -36 -1 4 120 116 1
81 0 84 1 -12 18 4 97 94 1
83 0 86 0 -6 -12 3 94 90 1
83 -4 88 0 6 0 5 83 78 1
106 0 107 0 72 1 1 35 34 1
75 0 80 4 -42 0 5 124 120 1
86 3 89 0 8 6 3 81 78 1
104 0 106 -2 70 -3 1 36 34 1
76 -1 80 0 -40 0 4 121 116 1
81 0 84 0 -20 0 4 105 102 1
84 2 86 0 -2 0 3 89 86 1
81 0 84 0 -14 -10 3 99 96 1
82 0 86 8 -2 0 4 88 84 1
83 1 86 0 -4 -12 3 92 88 1
83 0 86 -2 -4 4 3 92 88 1
81 3 84 0 -14 0 3 99 96 1
75 1 79 0 -42 0 4 123 118 1
85 0 88 0 2 -19 3 86 82 1
106 -2 107 -4 72 0 1 35 34 1
85 0 88 0 2 28 3 86 82 1
83 0 86 -3 -4 8 3 92 88 1
81 0 84 0 -14 0 4 100 96 1
85 0 88 0 2 -20 3 86 82 1
82 1 86 1 -40 3 5 128 124 1
82 0 86 0 -10 12 3 96 92 1
81 0 84 2 -14 -15 4 100 96 1
81 2 85 5 -24 0 4 111 106 1
104 -2 105 0 70 0 1 35 34 1
77 0 81 0 -40 4 4 123 118 1
84 1 88 4 0 0 3 88 84 1
81 0 84 0 -20 17 4 105 102 1
82 0 86 8 -10 0 4 96 92 1
103 -2 104 0 70 0 1 35 34 1
82 0 86 1 -2 7 4 88 84 1
79 4 83 0 -42 0 4 127 122 1
79 0 84 8 -38 0 4 123 118 1
104 -1 105 0 72 7 1 33 32 1
108 1 109 1 72 2 1 36 36 1
105 0 106 -1 70 0 1 36 36 1
78 0 81 -7 -40 0 4 123 120 1
103 0 104 0 70 0 1 35 34 1
82 1 86 0 -22 8 4 109 106 1
80 0 84 5 -20 1 4 105 100 1
102 1 103 0 70 -5 1 33 32 1
104 0 104 -3 70 0 1 35 34 1
84 0 87 -6 0 2 3 87 84 1
85 0 88 4 6 2 3 83 80 1
85 0 89 0 2 -3 4 86 82 1
101 0 102 0 70 -1 1 33 32 1
79 -1 83 0 -32 85 4 117 112 1
77 -1 81 0 -40 0 4 123 118 1
82 0 87 2 -40 7 5 128 124 1
106 2 108 0 70 0 1 38 36 1
81 0 84 0 -18 9 4 103 98 1
79 -2 83 0 -30 0 4 114 110 1
106 0 108 0 72 2 1 35 34 1
80 0 84 0 -32 8 4 117 114 1
79 0 83 -3 -40 0 4 125 120 1
81 0 85 0 -40 2 4 126 122 1
81 -1 86 2 -40 7 5 127 122 1
75 0 79 0 -42 0 4 123 120 1
79 0 83 -3 -38 0 4 122 118 1
103 0 104 -2 70 0 1 34 34 1
79 -1 83 -1 -40 2 4 124 120 1
102 3 103 1 70 -3 1 33 32 1
85 0 88 0 0 -12 3 88 86 1
83 0 86 -5 -2 24 3 88 86 1
82 0 86 8 -6 7 4 94 90 1
78 0 82 0 -42 -22 4 126 122 1
82 0 86 0 -10 2 3 96 92 1
107 3 108 5 72 1 1 36 34 1
81 0 84 0 -14 -28 3 100 96 1
83 1 86 0 -2 0 3 88 86 1
82 0 86 0 -10 25 3 96 92 1
104 -4 106 0 70 0 1 36 34 1
104 0 105 -6 72 8 1 33 32 1
104 -2 105 -1 70 0 1 35 34 1
85 0 88 0 2 -26 3 86 82 1
82 0 86 0 -4 -24 3 91 88 1
78 0 83 1 -46 0 4 129 124 1
80 0 84 4 -24 7 4 110 106 1
79 -2 84 0 -40 1 4 125 120 1
81 0 84 0 -18 20 4 103 98 1
80 -3 84 -4 -42 -30 4 128 124 1
85 0 88 0 0 -2 3 88 86 1
81 0 85 0 -22 31 4 108 104 1
106 -5 108 2 72 0 2 35 34 1
107 1 108 1 70 -26 1 38 36 1
84 2 88 0 0 1 3 88 84 1
105 2 107 6 70 0 1 37 36 1
81 4 84 0 -14 0 3 99 96 1
81 0 84 0 -20 -15 4 105 102 1
76 0 81 0 -40 0 5 122 118 1
80 0 84 0 -42 0 5 128 124 1
105 0 106 -2 70 -1 1 36 36 1
101 0 102 1 70 -15 1 33 32 1
84 -4 88 0 6 0 4 83 80 1
102 1 103 1 70 -6 1 33 32 1
79 0 83 0 -42 15 4 127 122 1
85 4 89 0 6 -4 4 84 80 1
105 -1 106 -3 70 0 1 36 34 1
84 0 88 0 6 -2 4 83 78 1
106 -1 107 -3 70 0 1 37 36 1
83 0 86 -2 -4 2 3 92 88 1
102 0 102 -5 70 -11 1 33 32 1
105 0 106 2 70 0 2 36 34 1
81 0 84 0 -14 5 3 100 96 1
106 0 108 0 70 -1 1 38 36 1
82 0 86 6 -6 3 4 94 90 1
79 0 83 0 -46 -14 4 130 126 1
71 3 75 1 -40 16 4 116 112 1
81 0 86 0 -40 1 4 127 122 1
102 3 103 3 72 11 1 31 30 1
79 1 83 0 -42 0 4 127 122 1
104 6 106 9 70 0 1 36 34 1
77 -3 81 0 -40 0 4 123 118 1
102 4 103 2 70 -3 1 33 32 1
102 5 104 4 70 -2 1 34 32 1
79 0 83 0 -42 1 4 127 122 1
102 0 103 0 72 16 1 31 30 1
79 0 83 0 -30 9 4 114 110 1
104 2 105 0 72 3 1 33 32 1
85 0 89 0 2 -12 4 86 82 1
85 0 88 0 -2 -2 3 91 88 1
105 -4 106 2 70 0 2 36 34 1
82 0 86 -3 -40 0 4 128 124 1
105 0 106 -1 72 0 1 33 32 1
76 0 81 0 -42 -16 5 125 120 1
107 0 108 0 72 2 1 35 34 1
105 0 106 1 70 0 2 36 34 1
76 0 80 -1 -40 0 4 121 118 1
104 1 106 2 70 0 1 36 34 1
103 2 105 9 70 0 2 35 34 1
82 0 86 0 -10 23 3 96 92 1
86 2 89 0 2 0 3 86 84 1
81 0 84 0 -12 29 4 97 94 1
78 -4 82 0 -46 0 4 128 124 1
85 0 88 4 6 1 3 83 80 1
84 -3 88 0 6 0 4 83 80 1
85 0 88 0 6 16 3 83 80 1
80 -1 84 0 -20 4 4 105 100 1
71 2 75 1 -42 -11 4 119 114 1
80 0 84 0 -40 21 4 125 122 1
103 4 104 8 70 0 1 35 34 1
78 -1 82 0 -46 0 4 128 124 1
105 -1 107 0 72 0 1 35 34 1
80 4 84 1 -40 7 4 126 122 1
79 0 83 5 -40 14 5 125 120 1
105 6 106 2 70 0 1 36 34 1
82 1 86 -1 -10 6 3 96 92 1
79 0 83 -4 -40 0 4 125 120 1
81 5 84 0 -20 0 4 105 102 1
84 -1 88 -3 6 -9 4 83 78 1
105 0 107 -3 70 -4 1 37 36 1
84 0 88 0 0 16 3 88 84 1
79 4 84 6 -40 4 4 125 120 1
86 7 89 0 8 0 3 81 78 1
74 1 79 3 -42 0 4 123 118 1
85 1 88 0 -2 -2 3 91 88 1
80 -4 84 -6 -42 17 5 128 124 1
106 2 108 8 70 -30 2 38 36 1
78 0 82 2 -40 0 4 123 120 1
84 10 89 0 8 26 5 81 76 1
108 -3 109 0 72 4 1 36 36 1
76 -1 81 0 -40 0 5 122 118 1
85 0 88 0 6 13 3 83 80 1
85 7 89 0 6 -6 4 84 80 1
79 -1 83 -3 -32 12 4 117 112 1
85 -5 88 0 0 -2 3 88 84 1
81 0 84 0 -14 12 3 100 96 1
81 0 86 3 -42 -28 5 130 124 1
82 3 86 5 -40 0 5 128 124 1
79 -4 83 0 -46 0 5 130 126 1
83 2 86 0 -2 0 3 88 86 1
85 0 89 8 2 0 4 86 82 1
80 4 84 8 -28 0 4 112 108 1
81 3 84 0 -12 17 3 97 94 1
82 0 85 0 -6 6 3 93 90 1
101 0 102 0 72 92 1 30 28 1
81 5 84 0 -12 18 3 97 94 1
102 2 103 2 72 13 1 31 30 1
79 2 83 0 -46 0 4 130 126 1
80 0 84 6 -24 11 4 110 106 1
80 0 84 0 -32 3 4 117 114 1
76 -3 81 0 -40 0 5 122 118 1
123 4903 104 -3 36 -6 -18 68 86 1
107 2 108 0 70 0 1 38 36 1
76 -1 81 0 -40 0 4 122 118 1
79 0 84 8 -42 -21 4 128 124 1
81 0 84 0 -18 -15 3 103 100 1
79 -2 84 0 -40 16 4 125 120 1
80 3 84 6 -28 0 4 112 108 1
81 0 84 0 -18 -9 3 103 100 1
105 0 106 -6 72 13 1 34 34 1
101 0 102 0 70 -31 1 32 32 1
105 -4 106 -6 72 3 1 33 32 1
82 0 86 8 -12 0 4 99 96 1
80 -1 84 -1 -42 4 5 128 124 1
85 0 88 5 6 0 3 83 80 1
81 3 85 6 -24 0 4 111 106 1
80 0 84 8 -24 8 4 110 106 1
81 0 84 0 -20 23 4 105 102 1
78 -2 82 0 -40 0 4 123 120 1
82 0 86 0 -40 16 4 128 124 1
84 1 86 0 -2 0 3 89 86 1
79 0 83 0 -42 25 4 127 122 1
80 0 84 3 -42 0 5 128 124 1
82 0 85 -5 -6 1 3 93 90 1
102 0 103 0 72 6 1 31 30 1
105 3 107 7 70 0 1 37 36 1
104 0 105 0 70 -11 1 35 34 1
104 -4 105 -3 70 -21 1 35 34 1
120 1349 76 4 36 5 -43 40 84 1
80 -1 84 -7 -20 0 4 105 100 1
81 -1 85 -2 -40 0 4 126 122 1
108 4 109 3 72 7 1 36 36 1
84 2 87 -1 0 0 3 87 84 1
79 -2 83 0 -46 0 5 130 126 1
82 0 86 3 -6 1 4 94 90 1
82 0 85 0 -10 -24 3 95 92 1
105 5 106 2 72 8 1 33 32 1
85 0 88 -5 6 0 3 83 80 1
81 0 84 0 -20 8 4 105 102 1
80 0 84 0 -36 -8 4 120 116 1
82 3 86 0 -22 15 4 109 106 1
85 0 88 0 0 -21 3 88 86 1
80 0 84 4 -36 25 5 121 116 1
71 3 76 8 -42 -11 4 119 116 1
82 4 86 4 -2 0 3 88 84 1
73 9 77 13 -42 -8 4 121 116 1
84 0 87 -7 0 2 3 87 84 1
82 -5 86 -2 -4 -17 3 91 88 1
105 3 107 9 70 0 1 37 36 1
81 -2 84 0 -20 23 4 105 102 1
82 -4 86 0 -10 2 4 96 92 1
83 0 87 7 -4 1 4 92 88 1
81 2 84 0 -20 0 4 105 102 1
80 -2 84 0 -24 0 4 110 106 1
101 -5 102 0 70 -7 1 33 32 1
101 2 102 -5 72 0 1 29 28 1
83 0 87 8 -4 1 4 92 88 1
107 -5 108 -3 72 4 1 36 34 1
82 -3 86 0 -10 2 4 96 92 1
85 0 88 -5 6 2 3 83 80 1
105 -1 106 -6 70 0 1 36 34 1
