62 66 82 0 -42 -8 20 126 106 0
50 30 77 0 -22 0 28 101 72 0
48 45 77 0 -22 0 29 101 72 0
64 78 82 0 -42 -6 18 126 108 0
47 22 79 0 42 0 31 37 6 0
76 0 81 -2 -40 13 5 122 118 1
85 0 89 0 6 26 4 84 80 1
81 0 85 0 -22 0 4 108 104 1
102 0 102 -2 70 -1 1 33 32 1
105 0 107 -3 70 -4 1 37 36 1
81 -4 85 0 -10 0 4 95 92 1
76 -3 81 0 -40 0 5 122 118 1
102 0 103 7 70 -12 1 33 32 1
82 0 86 0 -12 -18 3 99 96 1
104 0 106 -1 70 -2 1 36 34 1
79 0 83 -4 -40 0 4 125 120 1
75 -4 79 -4 -42 -30 4 123 120 1
82 -1 86 1 -2 4 4 88 84 1
104 1 106 1 72 6 1 33 32 1
102 0 102 0 70 0 1 33 32 1
79 0 83 0 -30 4 4 114 110 1
76 0 80 0 -40 14 4 121 116 1
79 0 84 2 -42 -5 4 128 124 1
85 0 89 1 6 27 4 84 80 1
83 -3 88 0 6 0 5 83 78 1
105 1 106 0 70 -2 1 36 34 1
79 -4 83 0 -30 0 4 114 110 1
76 0 79 -7 -40 0 4 121 116 1
73 9 77 7 -42 -4 4 121 118 1
83 4 86 0 -2 0 3 88 86 1
106 -5 108 0 70 -24 1 38 36 1
82 0 86 0 -10 17 3 96 92 1
104 0 106 0 72 3 1 33 32 1
78 0 83 6 -42 0 4 126 122 1
76 -3 81 0 -42 0 4 125 120 1
79 0 83 0 -28 7 4 112 108 1
105 -1 106 -2 70 0 1 36 34 1
85 -2 88 0 0 -25 3 88 84 1
81 1 84 0 -22 -5 3 108 104 1
85 0 88 0 2 -29 3 86 82 1
101 0 102 0 72 11 1 29 28 1
80 2 84 0 -24 26 4 110 106 1
105 -4 106 2 70 0 2 36 34 1
78 1 81 0 -40 114 4 123 120 1
79 0 83 -6 -40 0 4 125 120 1
82 0 86 2 -6 1 4 94 90 1
104 -2 106 0 70 0 1 36 34 1
106 2 108 1 70 0 1 38 36 1
106 0 108 6 70 0 2 38 36 1
105 0 106 -6 70 0 1 36 34 1
106 0 107 0 70 0 1 37 36 1
80 0 84 4 -24 7 4 110 106 1
101 0 102 0 72 38 1 30 28 1
102 0 104 0 70 -13 1 34 32 1
83 0 86 0 -6 -2 3 94 90 1
81 2 84 0 -14 0 3 99 96 1
85 0 88 0 -2 -6 3 91 88 1
104 0 104 -2 70 0 1 35 34 1
81 0 84 0 -12 19 4 97 94 1
83 0 86 0 -4 20 3 92 88 1
76 2 81 -2 -42 0 5 125 120 1
78 -3 83 0 -46 0 4 129 124 1
105 0 106 6 70 -1 2 36 34 1
85 8 89 0 8 28 4 81 78 1
105 0 106 2 70 0 2 36 34 1
103 -1 104 -3 70 -4 1 35 34 1
86 -2 89 0 8 0 3 81 78 1
107 0 108 1 70 0 1 38 36 1
82 0 86 0 -2 17 3 88 84 1
79 0 83 0 -38 16 4 122 118 1
82 0 87 1 -40 4 5 128 124 1
79 0 83 0 -46 -9 4 130 126 1
79 0 83 -2 -40 8 4 125 120 1
103 -2 104 -5 72 12 1 31 30 1
76 -1 81 0 -40 12 5 122 116 1
86 8 89 0 8 11 3 81 78 1
104 1 106 2 70 -30 1 36 34 1
85 -9 89 0 8 0 4 81 78 1
80 -3 84 -8 -40 3 4 125 122 1
82 0 86 -1 -40 4 4 128 124 1
102 0 103 3 72 25 1 31 30 1
85 0 89 0 6 23 4 84 80 1
81 0 84 0 -22 -8 4 108 104 1
104 8 105 9 70 -25 1 35 34 1
80 -1 84 0 -20 5 4 105 100 1
102 5 104 4 70 -2 1 34 32 1
105 3 107 9 70 0 1 37 36 1
84 0 88 7 0 0 4 88 84 1
101 0 102 0 72 59 1 30 28 1
79 6 83 0 -40 7 4 125 120 1
106 5 108 2 70 0 1 38 36 1
84 0 88 6 0 0 4 88 84 1
82 -1 86 0 -40 0 5 128 124 1
103 0 104 -1 70 0 1 34 34 1
75 5 79 5 -42 0 4 123 120 1
79 0 83 -6 -32 -17 4 117 112 1
85 2 88 0 0 0 3 88 84 1
82 -4 86 -1 -40 0 5 128 124 1
80 0 84 0 -32 24 4 117 114 1
116 602 106 -1 30 29 -10 75 84 1
104 5 105 0 72 6 1 33 32 1
81 0 86 5 -24 -1 4 112 108 1
84 0 88 0 0 20 3 88 84 1
78 0 82 -5 -46 0 4 128 124 1
105 0 106 -4 70 0 1 36 36 1
76 0 81 0 -40 0 5 122 118 1
82 3 86 5 -40 0 5 128 124 1
108 1 109 0 72 3 1 36 36 1
102 5 102 0 70 0 1 33 32 1
79 0 83 0 -42 29 4 127 122 1
80 3 84 6 -28 0 4 112 108 1
102 5 102 1 70 -16 1 33 32 1
104 -5 105 -3 72 11 1 33 32 1
107 0 108 -1 72 5 1 35 34 1
107 1 108 3 70 -30 1 38 36 1
84 -2 87 0 0 0 3 87 84 1
102 0 103 0 70 -10 1 33 32 1
81 0 84 0 -20 8 4 105 102 1
80 4 84 0 -42 0 4 128 124 1
106 4 108 1 70 0 1 38 36 1
105 1 106 0 70 -2 1 36 36 1
79 0 83 0 -46 -14 4 130 126 1
104 1 106 2 70 0 1 36 34 1
84 0 87 0 0 1 3 87 84 1
102 0 103 0 70 -11 1 33 32 1
82 0 85 0 -10 -26 3 95 92 1
83 0 87 0 -40 2 4 128 124 1
79 -2 84 0 -40 16 4 125 120 1
79 1 84 2 -40 1 4 125 120 1
77 2 82 5 -42 -18 5 126 122 1
85 1 88 0 -2 -7 3 91 88 1
86 2 89 0 8 3 3 81 78 1
103 3 104 0 70 0 1 34 34 1
81 4 86 1 -40 5 4 127 122 1
85 2 88 0 2 0 3 86 82 1
81 0 84 0 -14 -17 4 100 96 1
55 0 29 -674 -22 -1 -26 52 78 1
81 3 84 0 -14 0 3 100 96 1
82 0 86 0 -4 -16 3 91 88 1
81 -3 85 0 -10 0 4 95 92 1
103 4 104 2 70 0 1 35 34 1
106 1 107 0 70 0 1 37 36 1
104 -1 105 0 70 -17 1 35 34 1
85 0 88 0 0 -3 3 88 86 1
77 4 81 0 -42 0 4 125 122 1
102 -3 103 0 72 23 1 31 30 1
107 4 108 0 70 0 1 38 36 1
81 3 85 1 -42 -21 4 129 124 1
106 -1 107 -4 70 0 1 37 36 1
85 0 88 -7 2 -7 3 86 82 1
105 2 106 1 70 -27 1 36 34 1
76 0 81 5 -42 0 5 125 120 1
87 5 89 0 8 0 2 81 80 1
80 -1 84 0 -24 0 4 110 106 1
79 0 83 0 -30 -14 4 114 110 1
104 0 105 0 72 5 1 33 32 1
76 2 81 -4 -42 -1 5 125 120 1
79 0 84 0 -36 -118 4 120 116 1
77 1 81 1 -42 -22 4 125 120 1
84 0 88 0 6 -2 5 83 78 1
80 2 84 0 -38 -17 4 123 118 1
83 1 86 0 -6 0 3 94 90 1
85 0 88 0 2 13 3 86 82 1
84 1 88 3 0 0 3 88 84 1
101 0 102 0 72 1 1 29 28 1
81 1 84 0 -14 3 3 100 96 1
81 0 85 -3 -22 31 4 108 104 1
105 7 106 7 70 0 1 36 36 1
80 0 84 0 -40 17 4 125 122 1
81 0 84 1 -14 -14 4 100 96 1
82 0 86 0 -12 -12 3 99 96 1
102 0 103 0 70 -24 1 33 32 1
81 0 85 7 -12 1 4 98 94 1
85 -1 88 -3 6 -9 3 83 80 1
81 5 84 0 -20 0 4 105 102 1
105 0 107 4 70 0 1 37 36 1
85 0 88 0 6 15 3 83 80 1
80 0 84 1 -42 -20 5 128 124 1
79 0 83 0 -32 -8 4 117 112 1
86 2 89 0 8 5 3 81 78 1
81 3 84 0 -18 0 3 103 100 1
82 0 85 0 -2 8 3 88 84 1
103 -3 104 -8 72 9 1 31 30 1
82 0 86 0 -40 6 4 128 124 1
105 4 106 2 70 0 1 36 36 1
85 0 88 -5 0 0 3 88 84 1
104 -1 106 8 70 0 2 36 34 1
106 -5 108 0 70 0 1 38 36 1
107 5 108 0 70 0 1 38 38 1
80 0 84 0 -28 -4 4 112 108 1
79 0 83 0 -42 25 4 127 122 1
102 2 103 1 72 10 1 31 30 1
85 5 89 0 8 18 4 81 78 1
102 -1 103 -3 70 -13 1 33 32 1
75 2 79 2 -42 0 4 123 120 1
79 0 83 0 -40 1 4 124 120 1
76 -1 81 -1 -42 -4 5 125 120 1
80 0 84 0 -40 24 4 125 122 1
101 0 102 0 70 -16 1 32 32 1
104 5 105 0 70 -30 1 35 34 1
81 0 85 -1 -24 -1 4 111 108 1
79 0 83 0 -28 8 4 112 108 1
104 -11 107 -1 70 0 3 37 34 1
84 10 89 0 8 26 5 81 76 1
102 2 103 0 72 18 1 31 30 1
71 -4 75 -7 -42 -29 4 119 114 1
101 -2 102 -2 72 0 1 29 28 1
85 0 88 0 0 0 3 88 86 1
105 2 107 6 70 0 1 37 36 1
80 -3 84 0 -28 0 4 112 108 1
85 4 88 0 2 0 3 86 82 1
102 2 103 6 72 14 1 31 30 1
80 -1 84 -2 -42 5 5 128 124 1
85 -16 89 0 8 0 4 81 78 1
105 3 106 1 72 31 1 33 32 1
78 1 82 2 -42 0 4 126 122 1
81 1 84 0 -14 2 3 100 96 1
81 0 84 0 -18 -5 3 103 100 1
105 0 107 0 70 -1 1 37 36 1
79 0 83 0 -42 17 4 127 122 1
74 6 78 3 -42 0 4 122 118 1
82 0 86 -3 -40 0 4 128 124 1
81 -1 85 -2 -40 0 4 126 122 1
105 0 106 -1 72 2 1 34 34 1
81 0 84 0 -18 9 4 103 98 1
85 -2 88 0 2 11 3 86 82 1
82 0 85 -4 -2 12 3 88 84 1
84 0 88 0 0 16 3 88 84 1
82 0 85 -1 -12 0 3 98 94 1
85 0 88 0 6 3 3 83 80 1
83 0 86 0 -4 4 3 92 88 1
83 4 86 0 -6 0 3 94 90 1
102 0 102 -4 70 -3 1 33 32 1
85 0 88 6 0 0 3 88 84 1
81 0 84 -1 -18 14 4 103 98 1
84 -5 88 0 6 0 4 83 80 1
85 0 88 0 2 0 3 86 82 1
105 0 107 0 72 0 1 35 34 1
103 2 104 0 70 0 1 35 34 1
102 0 102 0 70 -15 1 33 32 1
85 0 88 0 6 24 3 83 80 1
85 -1 89 0 2 -10 4 86 82 1
79 0 83 0 -42 4 4 127 122 1
77 0 81 0 -40 5 4 123 118 1
81 3 84 0 -14 0 3 99 96 1
104 -5 105 -3 72 1 1 33 32 1
77 0 81 0 -40 10 4 123 118 1
71 4 75 0 -42 -7 3 119 116 1
105 -3 107 0 70 0 1 37 36 1
82 3 86 0 -6 0 3 94 90 1
104 -3 105 -2 70 -17 1 35 34 1
84 5 88 0 -2 0 3 90 88 1
81 0 85 3 -12 0 4 98 94 1
78 3 83 4 -42 -14 4 126 122 1
126 5075 77 0 20 -1 -48 56 104 1
105 0 106 -3 70 -3 1 36 36 1
83 -1 86 -2 -4 0 3 92 88 1
79 0 84 0 -36 -196 4 120 116 1
81 5 85 0 -12 0 4 98 94 1
81 0 86 0 -22 15 4 109 104 1
85 -7 89 0 8 0 4 81 78 1
82 0 86 0 -4 -10 3 91 88 1
102 0 103 2 72 30 1 31 30 1
102 0 103 1 70 -9 1 33 32 1
78 0 82 -4 -40 0 4 123 120 1
82 0 86 1 -6 2 4 94 90 1
78 1 83 1 -40 13 4 124 120 1
83 0 86 8 -2 0 4 89 86 1
83 0 86 -2 -4 2 3 92 88 1
82 0 86 0 -10 29 3 96 92 1
105 3 106 1 72 5 1 33 32 1
79 0 84 0 -36 -1471 4 120 116 1
79 0 83 0 -38 7 4 122 118 1
84 0 88 0 0 24 3 88 84 1
80 5 84 1 -38 -20 4 123 118 1
86 3 89 0 2 0 3 86 84 1
104 4 105 8 70 0 1 35 34 1
79 0 83 0 -30 -11 4 114 110 1
104 0 104 -7 70 0 1 35 34 1
79 2 83 0 -46 0 4 130 126 1
81 -4 86 -4 -40 0 4 127 122 1
102 0 102 -7 70 -6 1 33 32 1
80 0 84 -2 -20 0 4 105 100 1
82 3 86 0 -22 0 4 109 106 1
76 -2 81 0 -40 0 4 122 118 1
106 0 107 0 72 2 1 35 34 1
104 0 104 -6 70 0 1 35 34 1
83 0 87 0 -40 8 4 128 124 1
79 -1 83 0 -30 0 4 114 110 1
79 0 84 3 -42 -6 4 128 124 1
81 -1 85 0 -12 0 4 98 94 1
82 0 86 0 -10 13 3 96 92 1
101 0 102 0 70 -15 1 32 32 1
81 0 85 2 -12 0 4 98 94 1
102 -1 103 0 72 21 1 31 30 1
80 -1 84 0 -42 0 5 128 124 1
82 0 86 0 -40 5 4 128 124 1
105 7 106 2 72 7 1 34 34 1
104 0 105 -3 70 0 1 35 34 1
79 0 83 0 -30 14 4 114 110 1
101 0 102 0 72 10 1 29 28 1
104 -3 105 0 72 8 1 33 32 1
84 -1 88 -3 6 -9 5 83 78 1
105 3 106 1 70 0 1 36 34 1
81 0 86 4 -40 4 5 127 122 1
85 0 88 -4 2 0 3 86 82 1
103 -2 104 -6 70 -23 1 34 34 1
84 0 87 0 0 4 3 87 84 1
80 -1 84 -7 -20 0 4 105 100 1
85 0 89 0 2 -11 4 86 82 1
80 0 84 0 -28 -6 4 112 108 1
79 0 84 0 -10 32 4 94 90 1
105 5 106 5 72 6 1 34 32 1
105 2 107 5 70 0 1 37 36 1
78 4 81 0 -40 0 4 123 120 1
102 -1 103 0 72 23 1 31 30 1
102 0 103 0 70 -4 1 33 32 1
105 0 106 0 70 0 1 36 34 1
79 5 83 1 -42 0 4 126 122 1
82 0 85 -1 -2 7 3 88 84 1
71 5 75 2 -40 16 4 116 112 1
84 -1 88 -2 -2 -8 3 90 88 1
86 3 89 0 8 19 3 81 78 1
106 0 108 1 72 2 1 35 34 1
82 0 86 -1 -40 8 4 128 124 1
80 0 84 7 -38 -2 5 123 118 1
80 0 84 4 -36 25 5 121 116 1
101 -4 102 0 70 -6 1 33 32 1
102 0 103 0 70 -3 1 33 32 1
106 0 108 4 70 0 2 38 36 1
84 6 89 0 8 23 5 81 76 1
