0 3 1 1 5 0.0 0.6 0.2 0.2 327 0 0 0 327 1.0 0.0 0.0 0.0 
0 1 3 1 5 0.0 0.2 0.6 0.2 325 0 1 1 327 0.9938837920489296 0.0 0.0030581039755351682 0.0030581039755351682 
0 0 4 1 5 0.0 0.0 0.8 0.2 326 0 0 1 327 0.9969418960244648 0.0 0.0 0.0030581039755351682 
0 3 2 0 5 0.0 0.6 0.4 0.0 325 0 2 0 327 0.9938837920489296 0.0 0.0061162079510703364 0.0 
0 3 0 2 5 0.0 0.6 0.0 0.4 325 1 1 0 327 0.9938837920489296 0.0030581039755351682 0.0030581039755351682 0.0 
0 3 2 0 5 0.0 0.6 0.4 0.0 327 0 0 0 327 1.0 0.0 0.0 0.0 
0 3 1 1 5 0.0 0.6 0.2 0.2 323 2 0 1 326 0.99079754601227 0.006134969325153374 0.0 0.003067484662576687 
2 1 2 0 5 0.4 0.2 0.4 0.0 323 3 0 0 326 0.99079754601227 0.009202453987730062 0.0 0.0 
0 3 1 1 5 0.0 0.6 0.2 0.2 324 0 1 1 326 0.9938650306748467 0.0 0.003067484662576687 0.003067484662576687 
0 2 1 1 4 0.0 0.5 0.25 0.25 326 0 1 0 327 0.9969418960244648 0.0 0.0030581039755351682 0.0 
