44 45 77 0 -22 0 34 101 66 0
71 32 82 0 -42 -4 11 126 116 0
62 66 82 0 -42 -8 20 126 106 0
49 22 79 0 42 0 30 37 8 0
49 28 77 0 28 0 28 48 20 0
82 0 86 0 -10 20 3 96 92 1
81 0 84 0 -14 2 4 100 96 1
82 -4 87 0 -40 0 5 128 124 1
104 2 106 2 70 0 1 36 34 1
84 0 88 1 -2 0 4 90 86 1
80 -2 84 0 -20 0 4 105 100 1
85 0 88 0 2 24 3 86 82 1
83 2 86 6 -6 0 4 94 90 1
102 0 103 0 72 30 1 31 30 1
76 5 80 0 -42 0 4 124 120 1
79 -1 84 11 -6 1530 5 92 88 1
81 0 84 0 -18 -26 3 103 100 1
85 0 88 0 6 3 3 83 80 1
79 3 84 5 -40 3 4 125 120 1
106 0 108 7 70 0 2 38 36 1
78 1 82 4 -42 0 4 126 122 1
84 0 88 0 -2 -11 3 90 88 1
105 -1 106 -2 70 0 1 36 34 1
105 0 106 -1 70 -2 1 36 36 1
81 -3 86 -3 -40 0 4 127 122 1
83 0 86 0 -4 -3 3 92 88 1
79 0 83 0 -38 20 4 122 118 1
80 0 84 0 -36 -7 4 120 116 1
80 1 84 2 -28 0 4 112 108 1
76 0 80 0 -42 -17 4 124 120 1
82 0 85 0 -6 14 3 93 90 1
85 0 88 0 2 0 3 85 82 1
105 -11 108 0 70 0 3 38 34 1
82 -2 86 0 -40 0 5 128 124 1
102 0 103 0 72 14 1 31 30 1
105 -1 106 -2 72 1 1 33 32 1
106 -1 107 -1 72 5 1 35 34 1
84 1 88 0 6 0 5 83 78 1
77 4 81 0 -40 0 4 123 118 1
76 3 82 0 -42 -5 5 126 120 1
82 -1 86 0 -6 0 4 94 90 1
105 3 106 3 72 9 1 34 32 1
78 -3 83 0 -40 3 4 124 120 1
80 0 84 -5 -42 0 4 128 124 1
80 -1 84 -3 -40 5 4 125 122 1
80 0 84 -1 -28 -24 4 112 108 1
84 0 88 2 0 0 3 88 84 1
77 0 81 -7 -40 0 4 122 118 1
85 -1 88 0 2 7 3 86 82 1
84 0 88 0 0 5 4 88 84 1
79 2 83 0 -40 11 4 125 120 1
103 0 104 6 70 0 1 35 34 1
102 0 102 -6 70 -6 1 33 32 1
75 3 79 3 -42 0 4 123 120 1
85 0 89 0 2 -14 4 86 82 1
85 4 88 0 2 0 3 85 82 1
81 0 84 0 -12 16 3 97 94 1
85 0 88 -11 0 0 3 88 84 1
79 0 83 -1 -42 0 4 126 122 1
102 0 102 -1 72 18 1 30 30 1
76 0 81 -2 -40 13 5 122 118 1
81 1 84 0 -14 -3 3 99 96 1
80 0 84 6 -36 29 5 121 116 1
79 0 83 0 -40 -20 4 125 120 1
83 0 87 6 -6 -30 4 95 90 1
102 1 103 4 70 0 1 33 32 1
107 4 108 0 70 0 1 38 36 1
102 0 103 2 70 -7 1 33 32 1
85 -1 89 0 2 -10 4 86 82 1
85 -6 89 0 8 0 4 81 78 1
83 0 86 0 -4 0 4 92 88 1
84 5 88 0 -2 0 3 90 88 1
82 0 85 -6 -10 0 3 95 92 1
79 0 83 -1 -40 7 4 124 120 1
77 0 81 5 -42 0 4 125 120 1
79 0 83 0 -32 43 4 117 112 1
102 0 102 -7 72 24 1 30 30 1
86 3 89 0 6 -15 3 84 80 1
83 0 86 0 -4 21 3 92 88 1
102 0 103 0 70 -20 1 33 32 1
104 3 105 3 72 4 1 33 32 1
81 0 84 1 -14 -14 4 100 96 1
85 -13 89 0 8 0 4 81 78 1
86 2 89 0 8 0 3 81 78 1
84 0 88 0 0 8 3 88 84 1
77 3 81 0 -42 0 4 125 122 1
80 0 84 0 -28 -28 4 112 108 1
79 -4 84 0 -32 0 4 117 112 1
104 0 105 0 72 11 1 33 32 1
77 2 81 0 -40 0 4 123 118 1
76 0 80 -1 -42 -13 4 124 120 1
76 0 80 -3 -42 -11 4 124 120 1
82 1 86 2 -40 4 5 128 124 1
74 -11 79 -9 -40 5 4 120 116 1
102 0 103 0 72 21 1 31 30 1
81 0 86 0 -40 6 4 127 122 1
85 0 88 0 0 -5 3 88 86 1
83 -2 86 0 -4 -11 4 92 88 1
84 5 88 0 0 0 3 88 84 1
81 0 84 0 -18 19 4 103 98 1
82 0 86 2 -6 4 4 94 90 1
81 0 84 -6 -22 0 3 108 104 1
84 0 88 0 0 12 3 88 84 1
84 0 88 0 0 6 3 88 84 1
81 0 84 0 -20 -16 4 105 102 1
79 0 83 0 -46 -7 4 130 126 1
78 0 81 0 -40 0 4 123 120 1
102 0 103 0 70 -12 1 33 32 1
78 1 82 0 -42 -25 4 126 122 1
80 0 84 0 -32 0 4 117 114 1
103 -3 104 -2 70 -15 1 35 34 1
104 0 105 0 72 2 1 33 32 1
82 0 86 0 -4 -23 3 91 88 1
82 0 87 0 -40 1 5 128 124 1
105 8 106 3 70 -26 1 36 34 1
81 0 84 0 -14 -22 3 100 96 1
81 0 85 1 -12 0 4 98 94 1
102 0 103 1 72 28 1 31 30 1
81 1 85 0 -40 9 4 126 122 1
101 3 102 0 72 15 1 29 28 1
85 0 88 0 0 -1 3 88 86 1
85 0 89 0 2 -18 4 86 82 1
103 -5 104 -1 72 15 1 32 30 1
85 0 88 0 6 19 3 83 80 1
106 5 108 2 70 0 1 38 36 1
102 0 102 -7 70 -9 1 33 32 1
78 0 83 1 -40 10 4 124 120 1
106 3 108 2 72 5 1 35 34 1
104 0 104 -7 70 0 1 35 34 1
79 0 83 0 -30 -16 4 114 110 1
84 -3 87 0 0 0 3 87 84 1
105 0 107 0 72 0 1 35 34 1
82 -1 86 0 -2 25 3 88 84 1
82 0 86 0 -12 -8 3 99 96 1
106 -1 107 -2 70 -30 1 37 36 1
76 4 81 2 -40 12 5 122 118 1
77 0 81 0 -40 2 4 123 118 1
105 2 106 2 70 0 1 36 36 1
80 0 84 0 -42 -10 4 128 124 1
85 0 89 0 6 29 4 84 80 1
78 1 81 0 -40 142 4 123 120 1
80 5 83 0 -28 0 3 112 108 1
81 0 85 0 -40 8 4 126 122 1
86 3 89 0 2 -2 3 86 84 1
104 -1 105 -1 72 4 1 33 32 1
105 0 106 -5 70 0 1 36 36 1
81 -1 84 0 -14 0 4 100 96 1
103 5 104 1 72 6 1 31 30 1
82 0 86 0 -12 -6 3 99 96 1
102 -2 104 0 72 12 1 31 30 1
80 -2 84 0 -36 0 5 121 116 1
83 -4 87 0 -4 0 4 92 88 1
84 0 88 0 0 3 4 88 84 1
82 2 86 0 -42 -29 4 130 126 1
78 0 83 7 -46 0 4 129 124 1
85 0 88 -1 6 21 3 83 80 1
85 0 89 0 2 -7 4 86 82 1
104 0 105 -4 70 -24 1 35 34 1
85 0 88 -2 6 26 3 83 80 1
74 -12 78 -13 -40 3 4 119 116 1
82 0 86 0 -40 3 5 128 124 1
102 4 104 3 70 -1 1 34 32 1
85 0 89 5 2 0 4 86 82 1
81 0 84 0 -12 27 3 97 94 1
81 0 84 0 -14 -2 4 100 96 1
102 0 102 0 70 -3 1 33 32 1
79 1 84 1 -40 1 4 125 120 1
77 3 81 2 -42 -18 4 125 120 1
81 -4 85 -1 -40 6 4 126 122 1
102 0 103 0 70 -4 1 33 32 1
82 0 86 0 -22 4 4 109 106 1
106 -4 108 0 70 0 2 38 36 1
74 6 78 3 -42 0 4 122 118 1
85 2 88 3 -2 0 3 91 88 1
80 0 84 -4 -36 0 4 120 116 1
80 0 84 3 -24 6 4 110 106 1
80 0 84 0 -40 26 4 125 122 1
81 5 84 0 -18 0 3 103 100 1
102 0 103 0 70 -18 1 33 32 1
85 0 89 1 2 -4 4 86 82 1
83 -2 88 0 6 0 5 83 78 1
84 0 87 8 -2 0 3 90 86 1
103 -2 104 -6 70 -23 1 34 34 1
106 5 107 -1 70 -1 1 37 36 1
81 0 85 -1 -24 -1 4 111 108 1
107 -3 108 0 72 2 1 36 34 1
106 3 108 2 70 0 1 38 36 1
79 0 83 0 -38 23 4 122 118 1
101 0 102 0 72 8 1 30 28 1
103 2 104 0 70 0 1 35 34 1
81 0 84 0 -20 -12 4 105 102 1
82 -2 86 0 -4 -7 3 91 88 1
81 0 84 0 -18 -10 3 103 100 1
103 2 104 4 72 7 1 32 30 1
82 1 86 3 -40 5 5 128 124 1
82 0 86 0 -12 -18 3 99 96 1
78 -3 82 0 -46 0 4 128 124 1
85 -1 89 0 2 0 4 86 82 1
84 9 89 0 6 -9 5 84 78 1
79 0 83 -3 -46 0 4 129 126 1
81 0 86 3 -24 -11 4 112 108 1
82 0 85 0 -10 -17 3 95 92 1
82 0 85 0 -2 9 3 88 84 1
81 0 84 0 -18 0 3 103 100 1
102 0 102 -6 70 -5 1 33 32 1
83 0 86 0 -4 10 3 92 88 1
80 0 84 0 -20 3 4 105 100 1
83 1 86 3 -6 0 4 94 90 1
85 0 88 0 2 11 3 86 82 1
79 3 83 0 -46 0 4 130 126 1
85 0 88 7 0 0 3 88 84 1
108 1 109 0 72 6 1 36 36 1
85 0 88 -88 0 0 3 88 84 1
104 -5 106 0 70 0 1 36 34 1
77 0 81 0 -40 19 4 123 118 1
84 0 86 -1 -2 0 3 89 86 1
79 4 84 8 -40 5 4 125 120 1
107 1 108 0 70 0 1 38 36 1
107 1 108 0 72 1 1 36 34 1
79 -13 83 -6 -32 -1520 4 117 112 1
80 0 84 0 -38 -3 4 123 118 1
76 1 80 0 -40 0 4 121 118 1
82 -1 86 1 -2 4 4 88 84 1
81 1 85 0 -42 -23 4 129 124 1
106 0 107 -6 70 0 1 37 36 1
83 0 86 -2 -2 17 3 88 86 1
105 -1 107 -3 70 -4 1 37 36 1
81 0 85 2 -22 0 4 108 104 1
85 0 88 0 2 -22 3 86 82 1
105 -1 108 0 70 0 3 38 36 1
104 -3 105 -2 70 -17 1 35 34 1
104 0 106 1 70 0 1 36 34 1
102 0 102 -4 70 -2 1 33 32 1
80 5 84 1 -40 9 4 126 122 1
81 0 84 0 -14 8 3 100 96 1
107 0 108 1 70 0 1 38 36 1
104 5 104 0 70 0 1 35 34 1
84 -1 88 0 6 0 4 83 80 1
77 6 81 5 -40 15 4 123 118 1
104 3 105 0 72 3 1 33 32 1
85 0 88 0 6 15 3 83 80 1
85 -1 89 0 2 -6 4 86 82 1
104 -3 106 0 70 0 1 36 34 1
80 1 84 -1 -36 3 4 121 116 1
101 0 102 0 72 38 1 30 28 1
103 7 104 1 72 7 1 31 30 1
81 0 84 0 -22 -6 4 108 104 1
55 0 29 -194 -22 0 -26 52 78 1
81 0 84 -6 -14 0 3 99 96 1
83 0 86 0 -4 1 3 92 88 1
82 0 86 0 -40 2 5 128 124 1
105 0 106 -4 72 10 1 34 34 1
80 0 84 0 -24 1 4 110 106 1
106 0 107 -1 72 3 1 35 34 1
79 0 83 0 -30 -14 4 114 110 1
79 0 83 -4 -32 -4 4 117 112 1
81 -4 85 0 -24 0 4 111 106 1
79 5 83 0 -42 -22 4 126 122 1
79 0 84 2 -38 0 4 123 118 1
80 2 84 0 -42 0 4 128 124 1
81 0 84 0 -12 1 3 97 94 1
81 2 85 0 -24 0 4 111 108 1
84 3 86 -2 -4 0 3 92 88 1
101 0 102 -1 72 0 1 29 28 1
78 1 81 0 -40 222 4 123 120 1
80 0 84 0 -32 5 4 117 114 1
71 -4 75 -2 -42 -16 4 119 114 1
79 -5 84 0 -40 1 4 125 120 1
101 0 102 0 72 5 1 29 28 1
104 3 105 6 70 0 1 35 34 1
104 2 106 3 72 2 1 33 32 1
79 1 83 0 -40 16 4 124 120 1
81 0 86 0 -22 15 4 109 104 1
105 6 106 2 70 0 1 36 36 1
83 0 86 0 -4 -9 4 92 88 1
87 2 89 0 8 1 2 81 78 1
80 2 84 0 -24 26 4 110 106 1
79 0 83 0 98 8098 4 -14 -18 1
85 0 88 0 0 -29 3 88 86 1
80 -3 84 -4 -42 -30 4 128 124 1
79 0 83 0 -32 14 4 117 112 1
105 -3 106 -6 70 0 1 36 34 1
73 9 77 7 -42 -4 4 121 118 1
77 0 81 1 -42 0 4 125 120 1
82 4 86 -1 -40 1 4 127 124 1
85 -4 88 0 2 2 3 86 82 1
79 0 83 -1 -32 -1 4 117 112 1
83 0 86 0 -6 -13 3 94 90 1
86 3 89 0 8 6 3 81 78 1
80 0 84 8 -20 0 4 105 100 1
76 -1 81 0 -40 0 4 122 118 1
83 -2 86 -1 -4 0 3 92 88 1
81 2 84 0 -14 0 3 99 96 1
105 -2 106 0 70 0 2 36 34 1
81 1 84 0 -12 10 3 97 94 1
78 0 81 -4 -40 0 4 123 120 1
102 0 102 0 70 0 1 33 32 1
81 0 86 0 -22 10 4 109 104 1
84 0 88 -1 6 -3 4 83 78 1
105 0 106 6 70 -1 2 36 34 1
79 0 83 0 -30 8 4 114 110 1
106 5 107 2 72 1 1 35 34 1
104 -4 105 -2 70 0 1 35 34 1
85 -2 88 0 0 -25 3 88 84 1
78 0 82 -7 -40 1 4 123 120 1
81 0 86 1 -22 22 4 109 104 1
107 1 108 8 70 0 1 38 36 1
81 4 84 0 -14 1 3 100 96 1
79 0 84 0 -42 -1 4 128 124 1
71 2 76 6 -42 -9 4 119 116 1
105 -1 106 -7 70 0 1 36 34 1
82 0 86 5 -6 2 4 94 90 1
80 0 84 0 -40 17 4 125 122 1
102 3 103 1 70 -3 1 33 32 1
80 0 85 6 -40 10 5 126 122 1
76 -5 81 0 -40 0 5 122 118 1
81 -5 84 0 -14 5 4 100 96 1
102 0 103 2 70 -11 1 33 32 1
80 -3 84 -5 -42 13 5 128 124 1
123 136 105 0 36 -1 -18 69 86 1
81 0 84 0 -18 -5 3 103 100 1
71 -3 75 -2 -40 18 4 116 112 1
104 2 105 0 70 -28 1 35 34 1
81 0 84 0 -12 23 4 97 94 1
108 -1 109 0 72 8 1 36 36 1
74 1 79 3 -42 0 4 123 118 1
82 0 86 8 -10 14 4 97 92 1
85 -5 88 0 0 -2 3 88 84 1
84 6 89 0 8 23 5 81 76 1
114 4400 106 50 34 -13 -8 72 80 1
55 0 29 -674 -22 -1 -26 52 78 1
116 602 106 -1 30 29 -10 75 84 1
