47 48 77 0 -22 0 30 101 70 0
40 28 77 0 -22 0 38 101 64 0
57 92 80 0 34 0 23 46 24 0
41 22 77 0 28 0 36 48 12 0
51 23 77 0 28 0 26 48 22 0
81 0 84 1 -12 21 4 97 94 1
81 1 84 0 -14 1 3 100 96 1
78 -4 82 0 -46 0 4 128 124 1
104 2 106 5 70 0 1 36 34 1
84 0 87 3 -2 0 3 90 86 1
81 -2 84 0 -18 0 4 103 98 1
84 0 88 -2 0 24 3 88 84 1
83 4 86 0 -6 0 3 94 90 1
102 0 103 0 72 31 1 31 30 1
77 5 81 0 -42 0 4 125 120 1
78 0 81 0 -40 1067 4 123 120 1
81 0 84 0 -18 -28 3 103 100 1
85 0 88 -5 6 2 3 83 80 1
82 4 86 0 -40 4 4 128 124 1
107 0 108 5 70 0 1 38 36 1
79 1 83 0 -42 0 4 127 122 1
83 0 86 2 -4 -11 4 92 88 1
105 -1 106 -3 70 0 1 36 34 1
105 1 106 0 70 -2 1 36 34 1
81 -4 86 -4 -40 0 4 127 122 1
83 0 86 0 -6 -3 3 94 90 1
76 0 81 0 -40 20 5 123 118 1
80 0 84 5 -38 -7 5 123 118 1
80 1 84 -1 -28 0 4 112 108 1
79 0 83 0 -46 -15 4 130 126 1
83 0 86 0 -4 15 3 92 88 1
85 0 89 1 2 0 4 86 82 1
103 -14 107 0 70 0 4 37 34 1
82 -1 86 -3 -40 0 4 128 124 1
102 0 102 -1 72 13 1 30 30 1
105 0 106 -1 72 1 1 33 32 1
102 0 103 0 72 5 1 31 30 1
85 0 88 0 6 0 3 83 80 1
80 4 84 1 -36 0 4 121 116 1
71 4 75 0 -42 -7 3 119 116 1
82 -2 86 0 -6 0 4 94 90 1
105 5 106 2 72 8 1 33 32 1
81 -1 85 0 -40 3 4 126 122 1
80 0 84 -1 -42 0 4 128 124 1
82 0 86 0 -40 5 4 128 124 1
82 0 86 0 -42 -24 4 130 126 1
84 0 87 0 0 0 3 87 84 1
77 0 81 -5 -40 0 4 122 118 1
82 -3 86 0 -2 6 4 88 84 1
83 0 86 -2 -4 5 3 92 88 1
79 0 84 0 -40 11 4 125 120 1
105 0 106 6 70 0 2 36 34 1
102 0 102 0 70 -6 1 33 32 1
76 3 80 0 -42 0 4 124 120 1
85 0 89 1 2 -13 4 86 82 1
85 4 88 0 0 0 3 88 86 1
82 0 86 -1 -10 15 3 96 92 1
85 0 88 -23 0 0 3 88 84 1
79 0 83 0 -42 0 4 127 122 1
102 0 103 0 72 19 1 31 30 1
82 0 86 0 -40 13 4 128 124 1
82 0 86 0 -12 -3 3 99 96 1
79 0 83 0 -28 27 4 112 108 1
79 1 83 6 -42 -20 5 127 122 1
82 0 85 -1 -10 -29 3 95 92 1
104 1 106 4 70 0 1 36 34 1
106 4 108 2 70 0 1 38 36 1
102 0 102 -1 70 -7 1 33 32 1
85 0 88 -2 2 -9 3 86 82 1
84 -5 88 0 6 0 4 83 78 1
85 0 88 1 -2 0 3 91 88 1
84 5 86 0 -2 0 3 89 86 1
82 0 85 -2 -10 0 3 95 92 1
82 0 86 0 -40 7 5 128 124 1
75 0 80 4 -42 0 5 124 120 1
79 -1 84 0 -10 40 4 94 90 1
102 0 102 -6 72 25 1 30 30 1
82 0 86 0 -4 -14 3 91 88 1
83 0 86 0 -2 21 3 89 86 1
101 0 102 2 70 -19 1 33 32 1
104 0 105 0 72 4 1 33 32 1
81 0 84 2 -14 -15 4 100 96 1
84 -4 88 0 6 0 5 83 78 1
87 0 89 0 8 0 2 81 80 1
82 0 85 0 -2 8 3 88 84 1
79 3 83 0 -42 0 4 127 122 1
80 0 85 1 -42 -28 5 129 124 1
80 -3 84 0 -36 0 5 121 116 1
102 -1 104 0 72 12 1 31 30 1
76 2 81 0 -42 0 4 125 120 1
76 3 81 0 -42 -13 4 125 120 1
80 0 84 0 -42 -11 4 128 124 1
82 0 86 0 -40 4 4 128 124 1
71 -12 76 -14 -40 6 4 117 112 1
102 0 103 0 72 22 1 31 30 1
79 0 83 -2 -40 6 4 125 120 1
85 0 89 0 2 -5 4 86 82 1
83 0 86 -4 -4 -12 3 91 88 1
84 4 87 0 -2 0 3 90 86 1
81 0 84 0 -18 18 4 103 98 1
82 0 85 0 -6 6 3 93 90 1
81 0 85 -3 -22 0 4 108 104 1
82 0 86 0 -2 11 3 88 84 1
85 1 88 0 6 6 3 83 80 1
81 0 84 0 -18 -17 3 103 100 1
76 0 81 0 -42 -5 5 125 120 1
78 0 82 -2 -40 0 4 123 120 1
102 0 102 -3 70 -13 1 33 32 1
80 1 84 3 -42 -26 5 128 124 1
79 2 83 0 -30 0 4 114 110 1
101 0 102 0 70 -15 1 32 32 1
106 0 107 0 72 2 1 35 34 1
82 0 86 0 -4 -24 3 91 88 1
82 0 87 3 -40 1 5 128 124 1
104 0 105 0 70 -25 1 35 34 1
81 0 84 0 -18 -22 3 103 100 1
81 0 85 4 -12 0 4 98 94 1
102 0 103 0 72 27 1 31 30 1
81 0 85 0 -40 9 4 126 122 1
101 2 102 0 72 16 1 29 28 1
83 0 86 0 -4 -1 4 92 88 1
85 0 88 0 2 -17 3 86 82 1
102 0 103 -1 72 16 1 31 30 1
85 0 88 0 6 18 3 83 80 1
107 5 108 0 70 0 1 38 36 1
102 0 102 -2 70 -10 1 33 32 1
76 0 81 -1 -40 10 5 122 118 1
107 1 108 2 72 5 1 36 34 1
104 0 104 -5 70 0 1 35 34 1
80 2 84 0 -38 -17 4 123 118 1
85 -5 88 0 0 0 3 88 84 1
103 0 104 0 70 0 1 34 34 1
83 0 86 0 -2 26 4 89 86 1
82 0 86 0 -12 -9 3 99 96 1
108 0 109 0 70 -30 1 39 38 1
76 6 81 0 -40 13 4 122 118 1
80 0 84 -1 -40 2 4 125 122 1
103 2 104 1 70 0 1 35 34 1
76 0 80 -6 -42 -9 4 124 120 1
85 0 88 0 2 30 3 86 82 1
79 -2 83 -1 -32 165 4 117 112 1
79 4 83 0 -28 0 4 112 108 1
83 0 87 0 -40 8 4 128 124 1
82 4 86 4 -2 0 3 88 84 1
106 -1 108 0 72 3 1 35 34 1
106 0 107 -5 70 0 1 37 36 1
81 -1 85 0 -12 0 4 98 94 1
105 6 106 2 72 6 1 34 34 1
81 0 84 0 -18 -6 3 103 100 1
101 0 102 0 72 12 1 30 28 1
76 -2 81 0 -40 0 5 122 118 1
83 -3 87 0 -4 0 4 92 88 1
83 0 86 -1 -4 3 3 92 88 1
82 0 86 0 -42 -29 5 130 126 1
79 0 83 7 -46 0 5 130 126 1
82 0 86 0 -2 20 3 88 84 1
84 0 88 -2 6 -7 4 83 78 1
102 -1 104 0 70 -23 1 34 32 1
83 0 86 0 -4 27 3 92 88 1
71 -5 75 -8 -40 2 4 116 112 1
81 0 85 0 -40 3 4 126 122 1
106 4 107 0 70 -1 1 37 36 1
85 0 88 6 2 0 3 86 82 1
81 0 84 0 -12 29 4 97 94 1
83 0 86 0 -6 -2 3 94 90 1
103 0 104 -2 70 -3 1 35 34 1
79 0 83 0 -42 1 4 127 122 1
79 2 83 0 -42 -19 4 126 122 1
79 0 83 0 -38 6 4 122 118 1
102 0 103 3 70 -4 1 33 32 1
82 0 86 0 -22 3 4 109 106 1
104 -4 106 0 70 0 1 36 34 1
78 5 81 0 -42 0 4 125 122 1
84 2 87 3 -4 0 3 92 88 1
80 -1 84 -6 -36 0 4 120 116 1
79 0 83 0 -30 6 4 114 110 1
76 0 80 -3 -40 25 4 121 116 1
81 5 84 0 -20 0 4 105 102 1
102 1 104 7 70 -18 2 34 32 1
84 0 88 -1 6 -4 4 83 78 1
84 -3 88 0 6 0 4 83 78 1
83 0 86 6 -2 0 4 89 86 1
102 1 104 9 70 -22 2 34 32 1
107 3 108 0 70 0 1 38 36 1
81 0 85 1 -24 0 4 111 106 1
101 0 102 0 72 2 1 29 28 1
105 3 106 3 70 0 1 36 36 1
77 -1 81 0 -40 24 4 123 118 1
101 0 102 0 72 7 1 29 28 1
104 1 105 -2 70 0 1 35 34 1
81 0 84 0 -22 -11 4 108 104 1
84 -1 88 -2 -2 -8 3 90 88 1
81 0 84 0 -14 -10 3 99 96 1
104 4 105 5 72 7 1 33 32 1
80 3 84 0 -40 5 4 125 122 1
84 0 88 0 -2 -19 3 90 88 1
78 -5 83 0 -46 0 4 129 124 1
84 0 88 0 6 -1 5 83 78 1
85 -1 88 -3 6 -9 3 83 80 1
79 0 83 0 -46 0 4 129 126 1
79 0 83 0 -30 -13 4 114 110 1
84 0 88 0 -2 -17 3 90 88 1
83 0 86 0 -4 9 3 92 88 1
80 0 84 1 -20 0 4 105 100 1
101 0 102 0 70 -5 1 33 32 1
83 0 86 0 -4 11 3 92 88 1
79 0 83 0 -28 3 4 112 108 1
82 1 85 0 -10 0 3 95 92 1
85 0 88 0 6 9 3 83 80 1
83 3 87 0 -40 0 4 128 124 1
85 0 88 5 0 0 3 88 84 1
108 -1 109 0 72 6 1 36 36 1
85 0 88 -29 0 0 3 88 84 1
103 -5 104 -1 70 0 1 35 34 1
78 2 82 1 -40 18 4 123 120 1
83 -1 87 5 -4 0 4 92 88 1
80 4 84 1 -40 7 4 126 122 1
105 1 106 0 70 0 1 36 36 1
106 0 107 0 72 1 1 35 34 1
79 0 84 0 -36 -422 4 120 116 1
80 0 84 0 -38 -4 4 123 118 1
75 1 79 0 -42 0 4 123 118 1
81 4 84 0 -14 4 3 100 96 1
79 4 83 1 -42 -23 4 127 122 1
106 0 107 -2 70 0 1 37 36 1
82 0 86 0 -2 18 3 88 84 1
105 0 106 -4 70 -3 1 36 36 1
81 -1 85 0 -22 0 4 108 104 1
85 0 88 0 0 -21 3 88 86 1
106 -1 107 -4 70 0 1 37 36 1
102 5 102 1 70 -16 1 33 32 1
105 0 106 2 70 0 2 36 34 1
101 -1 102 0 70 -2 1 33 32 1
79 0 83 0 -38 9 4 122 118 1
82 0 85 -1 -6 8 3 93 90 1
105 0 107 2 70 0 1 37 36 1
105 5 106 0 70 0 1 36 34 1
85 0 88 -4 6 0 3 83 80 1
71 5 75 2 -40 16 4 116 112 1
104 3 106 5 72 3 1 33 32 1
85 0 88 0 6 16 3 83 80 1
84 0 88 -2 6 -6 5 83 78 1
105 -3 107 0 72 0 1 35 34 1
79 2 84 3 -40 2 4 125 120 1
85 0 89 0 6 31 4 84 80 1
104 0 105 0 72 7 1 33 32 1
80 0 84 0 -28 -6 4 112 108 1
84 0 87 -5 0 1 3 87 84 1
81 0 84 2 -14 0 4 100 96 1
83 0 87 7 -4 1 4 92 88 1
79 0 83 0 -42 2 4 127 122 1
101 0 102 0 72 10 1 30 28 1
80 0 84 -4 -20 1 4 105 100 1
107 1 108 0 72 2 1 36 34 1
76 2 81 8 -42 -14 5 125 120 1
80 0 84 0 -28 -4 4 112 108 1
80 -5 84 0 -14 0 4 99 96 1
79 0 84 8 -42 -21 4 128 124 1
79 0 84 6 -38 0 4 123 118 1
80 1 84 0 -42 0 4 128 124 1
81 0 84 0 -14 1 4 100 96 1
80 0 84 0 -28 0 4 112 108 1
84 2 86 -2 -4 0 3 92 88 1
101 -2 102 -3 72 0 1 29 28 1
79 0 84 7 -6 205 5 92 88 1
79 0 83 -1 -40 4 4 125 120 1
80 5 84 0 -28 -16 4 112 108 1
76 -4 81 0 -40 0 4 122 118 1
105 -3 106 0 72 5 1 34 32 1
104 4 105 5 70 0 1 35 34 1
104 1 106 9 72 2 2 33 32 1
79 0 83 0 -42 16 4 127 122 1
82 3 86 0 -22 15 4 109 106 1
103 4 104 0 70 0 1 34 34 1
83 1 86 0 -4 -12 3 92 88 1
85 0 88 4 6 1 3 83 80 1
80 0 84 0 -32 24 4 117 114 1
81 0 84 0 -18 31 4 103 98 1
85 0 88 0 0 -27 3 88 86 1
79 0 83 0 -46 -27 4 130 126 1
79 0 83 1 -40 14 5 125 120 1
105 -2 106 -6 70 0 1 36 34 1
73 11 77 9 -42 -5 4 121 118 1
75 0 79 0 -42 0 4 123 120 1
82 3 86 0 -40 2 4 128 124 1
82 -1 86 0 -2 2 4 88 84 1
76 -1 81 0 -42 -2 5 125 120 1
84 0 88 0 -2 -15 3 90 88 1
82 0 86 8 -6 7 4 94 90 1
81 1 84 0 -20 0 4 105 102 1
79 -1 83 0 -40 0 4 125 120 1
84 2 88 8 0 0 3 88 84 1
81 3 84 0 -14 0 3 99 96 1
104 -2 105 -1 70 0 1 35 34 1
81 0 84 0 -18 12 4 103 98 1
79 0 83 -5 -40 0 4 125 120 1
104 1 106 1 70 0 1 36 34 1
81 0 86 0 -22 8 4 109 104 1
84 0 88 0 6 -2 5 83 78 1
105 0 106 -1 70 -1 1 36 36 1
81 0 84 0 -18 7 4 103 98 1
105 7 106 7 70 0 1 36 36 1
105 -4 106 2 70 0 2 36 34 1
85 -2 88 0 2 -16 3 86 82 1
81 -1 85 -2 -40 0 4 126 122 1
79 0 83 0 -32 22 4 117 112 1
103 2 105 9 70 0 2 35 34 1
82 1 86 0 -10 3 3 96 92 1
76 1 81 -3 -42 -1 5 125 120 1
80 1 84 0 -28 -8 4 112 108 1
101 -4 102 -6 72 0 1 29 28 1
83 0 86 -2 -4 2 3 92 88 1
79 2 83 0 -40 14 4 124 120 1
102 2 102 0 70 -5 1 33 32 1
82 0 86 -2 -40 11 4 128 124 1
76 2 81 -4 -42 -1 5 125 120 1
81 -1 84 0 -14 5 4 100 96 1
101 -5 102 0 70 -7 1 33 32 1
78 0 82 0 -46 0 4 128 124 1
86 6 89 0 8 0 3 81 78 1
81 3 84 0 -24 0 4 110 106 1
80 -1 84 1 -36 15 5 121 116 1
104 5 105 0 70 -30 1 35 34 1
82 0 86 0 -10 19 3 96 92 1
108 0 109 0 72 8 1 36 36 1
78 0 83 8 -42 0 4 126 122 1
81 5 84 0 -12 18 3 97 94 1
81 3 85 6 -24 0 4 111 106 1
83 0 86 0 -4 30 3 92 88 1
103 3447 76 0 42 0 -27 35 62 1
79 0 83 0 -46 -3 4 130 126 1
78 0 81 -1 -188 -8392 4 270 266 1
