42 2 0 0 44 0.9545454545454546 0.045454545454545456 0.0 0.0 2937 3 0 0 2940 0.9989795918367347 0.0010204081632653062 0.0 0.0 
43 1 0 0 44 0.9772727272727273 0.022727272727272728 0.0 0.0 2939 1 0 0 2940 0.9996598639455783 0.0003401360544217687 0.0 0.0 
43 1 0 0 44 0.9772727272727273 0.022727272727272728 0.0 0.0 2939 1 0 0 2940 0.9996598639455783 0.0003401360544217687 0.0 0.0 
42 2 0 0 44 0.9545454545454546 0.045454545454545456 0.0 0.0 2939 1 0 0 2940 0.9996598639455783 0.0003401360544217687 0.0 0.0 
42 2 0 0 44 0.9545454545454546 0.045454545454545456 0.0 0.0 2937 3 0 0 2940 0.9989795918367347 0.0010204081632653062 0.0 0.0 
43 1 0 0 44 0.9772727272727273 0.022727272727272728 0.0 0.0 2936 4 0 0 2940 0.998639455782313 0.0013605442176870747 0.0 0.0 
42 2 0 0 44 0.9545454545454546 0.045454545454545456 0.0 0.0 2940 1 0 0 2941 0.999659979598776 0.00034002040122407346 0.0 0.0 
42 2 0 0 44 0.9545454545454546 0.045454545454545456 0.0 0.0 2939 2 0 0 2941 0.9993199591975519 0.0006800408024481469 0.0 0.0 
42 2 0 0 44 0.9545454545454546 0.045454545454545456 0.0 0.0 2940 1 0 0 2941 0.999659979598776 0.00034002040122407346 0.0 0.0 
43 2 0 0 45 0.9555555555555556 0.044444444444444446 0.0 0.0 2939 1 0 0 2940 0.9996598639455783 0.0003401360544217687 0.0 0.0 
