70 57 82 0 -42 -4 12 126 114 0
41 22 77 0 28 0 36 48 12 0
41 21 77 0 28 0 36 48 12 0
71 46 82 0 -42 -8 11 126 114 0
42 23 77 0 28 0 34 48 14 0
106 2 108 0 70 0 1 38 36 1
81 0 84 0 -12 29 4 97 94 1
79 2 83 0 -42 -19 4 126 122 1
102 0 103 0 72 24 1 31 30 1
107 -4 108 0 70 0 1 38 36 1
81 0 84 0 -22 -13 4 108 104 1
81 -3 84 0 -22 -2 4 108 104 1
80 0 84 -1 -42 0 4 128 124 1
105 4 106 4 70 0 1 36 36 1
84 0 88 0 0 8 3 88 84 1
84 -1 88 -3 6 -9 4 83 78 1
80 0 84 0 -36 -8 4 120 116 1
79 -1 83 -10 436 6339 4 -353 -356 1
79 -1 83 -13 -6 159 4 91 88 1
80 0 84 -1 -40 3 4 125 122 1
81 1 85 0 -42 -23 4 129 124 1
86 4 89 0 2 -7 3 86 84 1
104 6 105 7 72 11 1 33 32 1
101 0 102 2 72 14 1 30 28 1
79 0 84 5 -38 0 4 123 118 1
76 4 81 0 -42 -16 4 125 120 1
81 4 84 0 -14 -16 3 100 96 1
72 -9 76 -8 -40 8 4 117 114 1
85 0 88 -45 0 0 3 88 84 1
85 -1 88 0 6 13 3 83 80 1
83 0 86 0 -4 14 3 92 88 1
86 4 89 0 6 -18 3 84 80 1
104 0 104 -6 72 24 1 32 32 1
82 0 85 -2 -2 6 3 88 84 1
80 -3 84 -5 -42 13 5 128 124 1
102 0 102 -1 70 -5 1 33 32 1
84 0 88 0 0 0 4 88 84 1
84 0 88 0 -2 -23 3 90 88 1
104 4 105 5 72 7 1 33 32 1
79 0 83 -2 -40 0 4 125 120 1
82 0 87 3 -40 0 5 128 124 1
106 2 107 1 70 0 1 37 36 1
80 0 84 0 -24 18 4 110 106 1
81 4 84 0 -18 0 3 103 100 1
86 3 89 0 2 -2 3 86 84 1
79 2 84 3 -40 2 4 125 120 1
79 0 83 0 -42 -34 4 127 124 1
80 0 85 3 -40 5 5 126 122 1
83 0 86 0 -6 -20 3 94 90 1
85 1 88 0 2 0 3 86 82 1
82 1 86 0 -22 8 4 109 106 1
81 0 84 0 -12 16 3 97 94 1
79 0 83 1 -46 0 5 130 126 1
81 -5 86 0 -22 0 4 109 104 1
79 2 84 4 -40 3 4 125 120 1
104 -1 105 -6 70 0 1 35 34 1
80 0 84 0 -36 -3 4 120 116 1
101 0 102 0 72 92 1 30 28 1
79 -2 83 0 -46 0 5 130 126 1
76 1 81 0 -42 0 4 125 120 1
81 0 84 0 -18 -11 3 103 100 1
79 0 83 0 -42 15 4 127 122 1
105 0 106 -2 70 -3 1 36 36 1
105 0 106 -5 70 0 1 36 34 1
81 0 84 0 -22 -20 4 108 104 1
81 0 84 0 -18 -16 3 103 100 1
85 3 88 0 2 1 3 86 82 1
81 0 84 2 -14 -15 4 100 96 1
80 1 84 5 -40 7 5 126 122 1
79 0 83 0 -42 26 4 127 122 1
77 3 81 2 -42 -18 4 125 120 1
85 0 88 0 2 -18 3 86 82 1
84 0 88 0 0 3 4 88 84 1
81 0 85 0 -12 0 4 98 94 1
85 0 89 1 2 0 4 86 82 1
85 0 88 0 0 -21 3 88 86 1
76 0 81 -3 -42 -13 5 125 120 1
104 3 105 -1 70 0 1 35 34 1
81 0 84 0 -14 23 3 100 96 1
77 -1 81 0 -42 0 4 125 120 1
102 1 104 9 70 -22 2 34 32 1
102 -1 103 0 70 -12 1 33 32 1
85 0 88 0 0 -4 3 88 86 1
106 5 108 3 72 8 1 35 34 1
102 0 103 1 72 19 1 31 30 1
80 -2 84 0 -20 0 4 105 100 1
101 0 102 0 70 -26 1 32 32 1
107 4 108 -1 70 -1 1 38 36 1
102 5 103 4 70 -22 1 33 32 1
101 0 102 0 72 4122 1 30 28 1
103 3 104 -1 70 -1 1 35 34 1
77 0 81 -5 -40 0 4 122 118 1
84 1 87 0 -2 0 3 90 86 1
101 0 102 -2 72 -2 1 29 28 1
105 -1 106 -1 72 1 1 33 32 1
101 0 102 0 72 14 1 29 28 1
105 2 107 5 72 2 1 35 34 1
85 0 88 -3 2 0 3 86 82 1
102 0 103 0 70 -23 1 33 32 1
79 -1 83 0 -40 0 4 125 120 1
82 0 86 0 -42 -19 4 130 126 1
80 0 84 8 -42 0 5 128 124 1
81 0 84 0 -14 -1 3 99 96 1
78 1 81 0 -40 0 4 123 120 1
81 0 84 0 -14 19 3 100 96 1
107 0 108 0 72 7 1 36 34 1
80 0 84 0 -36 -17 4 120 116 1
79 0 83 0 -40 0 4 124 120 1
79 -4 84 0 -32 0 4 117 112 1
81 5 84 0 -12 18 3 97 94 1
104 2 105 2 72 4 1 33 32 1
81 0 86 0 -24 -12 4 112 108 1
79 0 83 0 -40 -25 4 125 120 1
106 -1 108 -1 70 -1 1 38 36 1
84 0 88 0 -2 -9 3 90 88 1
80 1 84 -1 -36 2 4 121 116 1
82 0 86 0 -10 19 3 96 92 1
76 -4 81 0 -40 0 5 122 118 1
107 1 108 0 72 1 1 36 34 1
85 0 88 0 2 14 3 86 82 1
85 0 88 1 6 0 3 83 80 1
106 0 108 1 70 0 2 38 36 1
82 5 85 0 -12 0 3 98 94 1
80 0 84 0 -28 0 4 112 108 1
81 0 84 -2 -14 0 3 99 96 1
80 3 84 -6 -36 0 4 120 116 1
108 -4 109 0 72 8 1 36 36 1
84 0 88 0 -2 -15 3 90 88 1
81 0 85 2 -22 0 4 108 104 1
81 0 84 0 -14 5 4 100 96 1
82 0 86 0 -4 -19 3 91 88 1
81 -3 84 0 -14 0 4 100 96 1
77 3 81 0 -42 0 4 125 120 1
105 3 106 1 72 31 1 34 32 1
85 -2 89 0 2 -2 4 86 82 1
81 0 84 0 -22 -10 3 108 104 1
84 1 86 0 -2 0 3 89 86 1
79 0 83 -4 -46 0 4 129 126 1
77 0 81 0 -40 15 4 123 118 1
80 0 84 0 -32 8 4 117 114 1
83 0 86 -2 -4 4 3 92 88 1
85 0 88 -4 6 0 3 83 80 1
84 5 87 0 -2 0 3 90 86 1
71 6 75 0 -42 -9 3 119 116 1
102 4 104 3 70 -1 1 34 32 1
85 1 88 0 2 0 3 85 82 1
82 0 85 0 -6 4 3 93 90 1
85 0 88 0 2 -24 3 86 82 1
82 0 85 0 -10 -17 3 95 92 1
81 2 84 0 -14 -7 3 99 96 1
85 0 88 0 0 -7 3 88 86 1
87 3 89 0 8 1 2 81 78 1
102 0 103 0 70 -21 1 33 32 1
74 1 79 2 -42 0 4 123 118 1
84 -11 89 0 8 0 5 81 76 1
81 2 84 0 -20 0 4 105 102 1
104 -2 105 0 70 0 1 35 34 1
102 0 103 0 72 14 1 31 30 1
101 2 102 8 72 13 1 30 28 1
123 109 105 0 36 -1 -18 69 86 1
79 0 83 0 -30 15 4 114 110 1
102 0 103 2 70 -7 1 33 32 1
85 4 89 0 6 -4 4 84 80 1
106 0 108 0 72 1 1 35 34 1
102 0 103 3 70 -5 1 33 32 1
85 0 88 -1 6 -3 3 83 80 1
87 -8 89 0 8 0 2 81 78 1
82 0 85 0 -2 6 3 88 84 1
80 0 84 5 -38 -7 5 123 118 1
106 4 107 2 70 0 1 37 36 1
71 -9 76 -11 -40 5 4 117 112 1
83 0 86 0 -6 0 4 94 90 1
76 0 80 -2 -40 24 4 121 116 1
107 4 108 0 70 0 1 38 38 1
85 -5 88 0 0 0 3 88 84 1
77 0 81 0 -40 0 4 123 118 1
74 9 78 5 -42 -1 4 122 118 1
84 1 87 1 -4 0 3 92 88 1
102 1 103 5 70 0 1 33 32 1
77 0 81 8 -42 0 4 125 120 1
83 0 86 0 -4 -3 3 92 88 1
82 4 85 0 -12 0 3 98 94 1
85 0 88 0 0 -13 3 88 86 1
83 0 86 0 -6 -19 3 94 90 1
77 0 81 2 -42 0 4 125 120 1
106 3 108 2 70 0 1 38 36 1
86 2 89 0 8 0 3 81 78 1
85 -1 89 0 2 0 4 86 82 1
82 -2 86 -1 -4 -8 3 91 88 1
75 2 79 3 -42 0 4 123 120 1
105 -2 106 2 70 0 2 36 34 1
85 0 88 0 2 1 3 86 82 1
82 0 85 0 -10 -20 3 95 92 1
84 0 88 0 0 18 3 88 84 1
85 0 88 0 2 11 3 86 82 1
80 1 84 2 -28 0 4 112 108 1
82 1 86 1 -40 3 5 128 124 1
104 2 106 3 72 2 1 33 32 1
84 3 88 0 -2 0 3 90 88 1
104 -1 105 0 70 -27 1 35 34 1
105 6 106 2 72 6 1 34 34 1
82 0 86 0 -4 -11 3 91 88 1
76 0 81 4 -42 -20 5 125 120 1
81 0 84 0 -18 -9 3 103 100 1
72 -11 76 -16 -40 6 4 117 114 1
105 1 107 3 72 2 1 35 34 1
105 -11 108 0 70 0 3 38 34 1
79 -4 84 0 -40 1 4 125 120 1
78 1 82 1 -40 7 4 123 120 1
82 0 85 -7 -10 0 3 95 92 1
82 0 85 0 -6 10 3 93 90 1
79 -1 83 0 -42 0 5 127 122 1
104 0 106 1 70 0 1 36 34 1
81 0 86 0 -24 -7 4 112 108 1
79 0 83 0 -30 12 4 114 110 1
106 0 107 -6 70 0 1 37 36 1
87 5 89 0 8 2 2 81 78 1
71 3 75 1 -42 -17 4 119 114 1
104 -4 105 -3 70 0 1 35 34 1
81 0 84 0 -12 8 3 97 94 1
84 0 87 -2 0 13 3 87 84 1
105 -2 106 -4 72 2 1 33 32 1
106 -3 108 0 70 0 2 38 36 1
84 8 89 0 6 -10 5 84 80 1
80 -3 84 0 -20 0 4 105 100 1
85 0 88 5 0 0 3 88 84 1
84 5 87 0 0 0 3 87 84 1
102 -5 103 0 72 19 1 31 30 1
82 0 86 0 -12 -30 3 99 96 1
82 -2 87 0 -40 0 5 128 124 1
84 0 88 0 -2 -22 3 90 88 1
80 -5 84 0 -42 0 5 128 124 1
81 0 84 0 -20 -5 4 105 102 1
104 -1 105 -1 72 4 1 33 32 1
81 0 84 0 -20 4 4 105 102 1
80 2 84 5 -28 0 4 112 108 1
85 -3 88 0 2 7 3 86 82 1
85 0 88 0 6 18 3 83 80 1
71 0 75 2 -40 20 4 116 112 1
78 0 83 7 -46 0 4 129 124 1
79 0 83 -1 -40 4 4 125 120 1
79 0 83 -2 -32 -2 4 117 112 1
76 5 80 3 -42 0 4 124 120 1
82 0 85 0 -6 13 3 93 90 1
79 0 83 0 -30 1 4 114 110 1
104 1 106 3 70 0 1 36 34 1
73 7 77 5 -42 -3 4 121 118 1
104 -2 105 -1 70 0 1 35 34 1
104 1 105 2 70 0 1 35 34 1
81 0 84 0 -20 -17 4 105 102 1
81 0 84 0 -20 16 4 105 102 1
76 -1 81 0 -42 -3 5 125 120 1
79 0 83 0 -42 21 4 127 122 1
74 5 79 10 -42 0 4 123 118 1
101 0 102 0 72 8 1 29 28 1
85 -2 89 0 2 -4 4 86 82 1
80 0 84 -5 -20 0 4 105 100 1
80 1 84 0 -24 26 4 110 106 1
81 0 86 0 -24 -15 4 112 108 1
101 0 102 0 72 15 1 30 28 1
80 0 84 0 -36 -2 4 120 116 1
102 3 103 2 70 -22 1 33 32 1
101 0 102 0 70 -20 1 32 32 1
80 0 84 0 -40 26 4 125 122 1
81 0 84 0 -18 2 4 103 98 1
106 -4 108 0 72 11 1 35 34 1
105 -5 106 0 70 0 1 36 36 1
106 6 108 4 72 10 1 35 34 1
81 0 86 3 -40 3 5 127 122 1
102 -1 103 -2 72 22 1 31 30 1
71 -4 75 -2 -42 -16 4 119 114 1
102 0 102 0 70 -6 1 33 32 1
85 0 88 0 2 15 3 86 82 1
82 0 86 -1 -40 0 4 128 124 1
80 0 84 -1 -38 -6 4 123 118 1
107 0 108 -3 70 0 1 38 36 1
83 1 88 0 6 0 5 83 78 1
76 3 81 2 -40 9 5 122 118 1
76 0 80 -2 -42 -8 4 124 120 1
84 -3 88 0 0 1 4 88 84 1
82 0 86 1 -6 0 4 94 90 1
82 0 85 0 -10 0 3 95 92 1
103 -2 104 0 70 0 1 35 34 1
108 -1 109 0 70 -28 1 39 38 1
80 0 84 0 -28 -8 4 112 108 1
78 -3 82 0 -46 0 4 128 124 1
84 3 87 0 -2 0 3 90 86 1
102 0 102 -2 70 -10 1 33 32 1
85 0 88 0 0 -23 3 88 86 1
83 0 86 0 -6 -14 3 94 90 1
82 0 86 0 -12 0 3 99 96 1
107 1 109 6 72 1 2 36 34 1
83 0 86 0 -2 21 4 89 86 1
82 4 86 0 -40 4 4 128 124 1
106 3 108 2 72 5 1 35 34 1
81 0 85 0 -40 5 4 126 122 1
101 0 102 0 72 6 1 29 28 1
82 0 86 0 -10 12 3 96 92 1
80 0 84 0 -36 -6 4 120 116 1
105 3 108 0 70 0 2 38 36 1
74 8 78 4 -42 0 4 122 118 1
79 -1 83 -10 -32 -26739 4 117 112 1
105 0 106 -2 70 -2 1 36 36 1
82 -4 86 0 -4 -27 4 91 88 1
86 6 89 0 8 0 3 81 78 1
78 0 82 1 -40 0 4 123 120 1
108 2 109 0 72 5 1 36 36 1
101 -2 102 -3 72 0 1 29 28 1
80 1 84 0 -38 0 4 123 118 1
85 -3 88 0 0 0 3 88 84 1
71 -8 75 -5 -40 7 4 116 112 1
81 -1 85 0 -22 0 4 108 104 1
79 0 84 1 -42 -1 4 128 124 1
103 0 104 -7 70 0 1 34 34 1
87 1 89 0 8 1 2 81 78 1
79 0 84 2 -32 -7 4 117 112 1
82 5 86 0 -24 -24 4 112 108 1
84 5 86 0 -2 0 3 89 86 1
82 0 86 0 -10 23 3 96 92 1
80 -2 84 0 -14 -3 4 99 96 1
106 0 107 0 72 6 1 35 34 1
81 -3 84 0 -14 1 4 100 96 1
80 0 85 2 -40 3 5 126 122 1
84 2 87 0 -2 0 3 90 86 1
82 5 86 1 -2 4 3 88 84 1
80 0 84 3 -20 0 4 105 100 1
102 0 103 0 70 -2 1 33 32 1
83 0 86 0 -6 -12 3 94 90 1
83 0 86 0 -4 10 3 92 88 1
82 -1 85 -7 -2 1 3 88 84 1
85 0 88 -2 6 -6 3 83 80 1
80 0 84 0 -36 -29 4 120 116 1
