45 32 77 0 28 0 32 48 16 0
70 51 82 0 -40 28 12 123 112 0
68 72 82 0 -42 -8 14 126 112 0
48 30 77 0 28 0 29 48 20 0
51 23 77 0 28 0 26 48 22 0
81 -2 84 0 -18 -30 4 103 98 1
83 0 86 0 -4 0 3 92 88 1
107 -2 108 -1 70 -23 1 38 38 1
105 0 106 -1 70 0 1 36 34 1
101 0 102 0 70 -12 1 32 32 1
79 0 83 0 -32 -15 4 117 112 1
81 3 85 6 -24 0 4 111 106 1
80 0 84 6 -24 11 4 110 106 1
84 -2 88 0 2 0 3 85 82 1
82 0 85 0 -6 2 3 93 90 1
103 1 104 8 70 0 1 35 34 1
104 -5 106 0 72 0 1 33 32 1
78 0 83 4 -42 0 4 126 122 1
81 0 86 1 -24 -13 4 112 108 1
80 0 84 0 -40 21 4 125 122 1
85 0 88 -6 0 0 3 88 84 1
85 0 88 0 2 30 3 86 82 1
80 0 84 0 -42 -12 4 128 124 1
84 -3 88 0 6 0 4 83 78 1
84 0 88 0 -2 -30 4 90 86 1
102 0 102 0 70 -1 1 33 32 1
77 -3 81 0 -40 0 4 123 118 1
82 0 86 0 -2 8 4 88 84 1
106 -1 108 0 70 0 2 38 36 1
83 5 86 0 -2 0 3 88 86 1
81 -1 84 0 -18 0 4 103 98 1
106 -5 108 -1 70 0 1 38 36 1
81 0 84 0 -18 -10 3 103 100 1
81 0 85 6 -12 1 4 98 94 1
85 0 88 0 0 -2 3 88 86 1
76 0 81 -1 -40 10 5 122 118 1
101 0 102 0 70 -4 1 33 32 1
77 -4 81 0 -40 0 4 123 118 1
79 0 83 0 -40 -6 4 125 120 1
82 0 86 -2 -40 9 4 128 124 1
84 0 88 0 -2 -27 3 90 88 1
82 2 86 0 -6 0 3 94 90 1
82 0 86 2 -12 0 4 99 94 1
81 0 84 1 -12 21 4 97 94 1
81 0 84 0 -12 23 4 97 94 1
102 0 103 0 70 -13 1 33 32 1
101 0 102 0 72 10 1 30 28 1
81 0 86 0 -22 19 4 109 104 1
80 1 84 0 -40 2 4 126 122 1
102 0 103 0 70 -16 1 33 32 1
102 0 103 1 70 -15 1 33 32 1
81 0 84 0 -22 -6 3 108 104 1
80 3 84 0 -38 0 4 123 118 1
84 0 87 -1 0 10 3 87 84 1
104 5 105 6 72 9 1 33 32 1
79 0 83 0 -46 -19 4 130 126 1
79 3 83 0 -42 0 4 126 122 1
102 0 102 -1 72 18 1 30 30 1
83 -3 86 -4 -4 0 3 92 88 1
76 -5 80 0 -40 0 4 121 116 1
85 0 88 -1 2 -14 3 86 82 1
106 2 108 8 70 -30 2 38 36 1
79 0 84 -2 -40 10 4 125 120 1
76 0 80 0 -40 20 4 121 116 1
104 -3 105 -3 70 0 1 35 34 1
76 0 80 -1 -42 0 4 124 120 1
102 0 103 0 70 -27 1 33 32 1
82 0 86 0 -2 11 3 88 84 1
84 0 88 0 -2 -20 3 90 88 1
106 2 108 1 72 3 1 35 34 1
82 0 86 8 -12 0 4 99 94 1
83 0 86 0 -4 19 3 92 88 1
77 3 81 0 -40 0 4 123 118 1
83 0 86 0 -4 1 3 92 88 1
81 0 86 0 -40 1 4 127 122 1
105 -2 106 0 72 4 1 34 32 1
78 -5 83 0 -46 0 4 129 124 1
79 0 83 0 -38 9 4 122 118 1
82 0 86 1 -42 -29 5 130 126 1
81 0 84 2 -12 19 4 97 94 1
79 0 83 0 -30 -28 4 114 110 1
77 0 81 0 -40 2 4 123 118 1
102 0 102 0 70 -4 1 33 32 1
78 0 81 -5 -40 0 4 123 120 1
81 0 84 0 -20 -15 4 105 102 1
104 0 106 -2 70 -3 1 36 34 1
79 -1 83 0 -30 -3 4 114 110 1
83 0 86 -5 -2 24 3 88 86 1
76 0 81 4 -42 0 5 125 120 1
105 6 106 1 70 0 1 36 34 1
107 0 108 1 72 8 1 36 34 1
83 0 86 -3 -2 21 3 88 86 1
85 -2 88 0 2 -16 3 86 82 1
76 0 80 -7 -40 0 4 121 118 1
77 0 81 0 -40 12 4 123 118 1
80 -5 84 0 -20 0 4 105 100 1
105 -1 107 -4 70 -5 1 37 36 1
85 0 88 -2 6 26 3 83 80 1
82 5 86 0 -22 16 4 109 106 1
79 0 84 4 -42 -10 4 128 124 1
105 -5 106 0 70 0 2 36 34 1
79 0 83 0 -28 5 4 112 108 1
81 1 86 0 -42 -28 4 130 126 1
104 2 106 5 70 0 1 36 34 1
82 -4 87 0 -40 0 5 128 124 1
105 0 106 8 70 0 2 36 34 1
82 0 86 0 -2 7 3 88 84 1
86 3 89 0 8 6 3 81 78 1
102 0 102 -3 70 -13 1 33 32 1
101 0 102 0 70 -1 1 33 32 1
105 -7 107 -3 70 0 2 37 34 1
103 2 104 3 70 0 1 35 34 1
105 0 106 -1 70 -2 1 36 36 1
84 0 86 -7 -4 0 3 92 88 1
85 0 88 0 6 19 3 83 80 1
79 0 83 1 -40 17 5 125 120 1
79 1 83 0 -42 -18 4 126 122 1
81 1 85 0 -24 0 4 111 108 1
102 3 104 3 72 15 1 31 30 1
102 0 102 -7 70 -9 1 33 32 1
79 0 83 0 -30 -16 4 114 110 1
80 1 84 0 -42 0 4 128 124 1
79 0 84 2 -42 -4 4 128 124 1
82 0 85 0 -6 6 3 93 90 1
78 1 82 0 -42 0 4 126 122 1
106 0 107 -1 72 3 1 35 34 1
85 0 88 2 0 0 3 88 84 1
80 0 84 0 -24 1 4 110 106 1
80 0 84 -5 -36 0 4 120 116 1
79 0 83 0 -40 2 4 125 120 1
107 0 108 0 70 -29 1 38 36 1
84 0 88 -2 6 -6 4 83 78 1
71 -10 76 -7 -40 3 5 117 112 1
81 0 85 -5 -22 0 4 108 104 1
85 0 88 -1 6 -4 3 83 80 1
80 -4 84 0 -28 0 4 112 108 1
82 1 86 0 -22 6 4 109 106 1
101 0 102 0 72 17 1 29 28 1
102 0 103 0 72 23 1 31 30 1
76 5 80 0 -42 0 4 124 120 1
85 1 88 0 6 6 3 83 80 1
83 0 86 1 -2 0 4 89 86 1
80 0 84 0 -24 6 4 110 106 1
87 0 89 0 8 0 2 81 78 1
76 3 81 0 -42 0 4 125 120 1
102 0 103 3 70 -7 1 33 32 1
79 0 83 1 -40 14 5 125 120 1
105 3328 86 -2 46 0 -19 39 58 1
84 0 87 -1 0 6 3 87 84 1
104 4 105 5 70 0 1 35 34 1
82 2 86 0 -22 0 4 109 106 1
104 -2 105 0 72 6 1 33 32 1
85 0 88 0 2 5 3 86 82 1
107 2 108 0 72 2 1 36 34 1
81 0 85 0 -40 7 4 126 122 1
105 -1 106 -5 70 -4 1 36 36 1
79 0 83 0 -28 13 4 112 108 1
85 0 88 0 2 -12 3 86 82 1
82 0 85 0 -2 4 3 88 84 1
102 0 103 2 70 -11 1 33 32 1
102 0 103 0 72 4 1 31 30 1
102 6 103 3 70 -6 1 33 32 1
80 0 84 0 -28 -16 4 112 108 1
75 -5 79 -6 -40 0 4 121 116 1
82 0 87 2 -40 7 5 128 124 1
105 3 107 6 72 3 1 35 34 1
80 0 84 0 -32 5 4 117 114 1
82 4 86 -3 -10 18 3 96 92 1
83 0 87 6 -4 1 4 92 88 1
79 0 84 1 -38 0 4 123 118 1
77 4 81 0 -42 -14 4 125 122 1
102 0 102 -6 70 -2 1 33 32 1
80 0 84 -3 -20 0 4 105 100 1
82 0 86 0 -12 -26 3 99 96 1
85 5 88 8 -2 0 3 91 88 1
81 0 85 1 -24 0 4 111 106 1
85 0 89 0 2 -14 4 86 82 1
105 5 106 -7 70 0 1 36 36 1
105 6 106 2 70 0 1 36 34 1
104 0 105 0 70 -27 1 35 34 1
105 3 106 3 72 9 1 34 32 1
81 1 86 0 -40 5 4 127 122 1
106 -1 107 -2 70 -30 1 37 36 1
102 0 103 0 72 29 1 31 30 1
102 2 103 0 70 -10 1 33 32 1
76 1 81 6 -40 19 5 123 118 1
79 0 83 0 -42 12 4 127 122 1
81 2 86 1 -40 8 4 127 122 1
102 0 103 0 72 5 1 31 30 1
76 -1 81 0 -40 0 4 122 118 1
104 5 104 0 70 0 1 35 34 1
82 1 86 0 -2 5 3 88 84 1
79 0 83 0 -46 0 4 129 126 1
80 0 84 -1 -42 4 5 128 124 1
103 0 104 -2 70 -3 1 35 34 1
83 -2 86 -2 -4 0 3 92 88 1
81 0 86 1 -24 -14 4 112 108 1
82 2 86 -1 -10 7 3 96 92 1
84 0 88 0 -2 -11 3 90 88 1
85 0 88 -29 0 0 3 88 84 1
79 0 83 0 -30 -8 4 114 110 1
79 0 83 0 -42 6 4 127 122 1
79 -1 84 0 -10 40 4 94 90 1
80 -1 84 0 -20 6 4 105 100 1
81 0 86 0 -40 6 4 127 122 1
104 2 105 0 72 6 1 33 32 1
84 0 88 4 -2 0 4 90 86 1
80 0 84 -2 -40 3 4 125 122 1
85 0 89 7 2 0 4 86 82 1
103 -5 104 -3 70 0 1 35 34 1
85 0 88 -56 0 0 3 88 84 1
85 -1 88 0 2 7 3 86 82 1
82 -1 86 0 -6 0 4 94 90 1
104 2 105 0 70 0 1 35 34 1
81 0 85 1 -12 0 4 98 94 1
107 3 108 0 72 3 1 36 34 1
105 -4 107 0 72 0 1 35 34 1
74 8 78 10 -42 -2 4 122 118 1
78 2 82 6 -42 0 4 126 122 1
103 3447 76 0 42 0 -27 35 62 1
81 0 85 0 -22 31 4 108 104 1
84 2 87 -1 0 0 3 87 84 1
105 0 106 1 70 0 2 36 34 1
81 0 86 0 -40 2 4 127 122 1
80 0 84 2 -24 4 4 110 106 1
80 0 84 -1 -20 0 4 105 100 1
85 -27 89 0 8 0 4 81 78 1
86 6 89 0 8 12 3 81 78 1
83 0 86 0 -4 -9 4 92 88 1
79 3 83 0 -42 -21 4 127 122 1
81 0 84 0 -18 0 3 103 100 1
79 0 83 -1 -32 -1 4 117 112 1
81 -1 85 0 -24 0 4 111 106 1
84 0 88 -1 6 -4 5 83 78 1
105 -3 106 0 72 5 1 34 32 1
85 2 88 2 -2 0 3 91 88 1
79 -1 84 0 -42 0 4 128 124 1
82 0 86 0 -40 5 5 128 124 1
81 0 85 0 -40 2 4 126 122 1
81 0 84 0 -20 -16 4 105 102 1
108 4 109 0 72 9 1 36 36 1
81 0 86 1 -24 -11 4 112 108 1
84 0 87 1 -2 0 3 90 86 1
101 0 102 2 70 -19 1 33 32 1
79 0 83 0 -40 -9 4 125 120 1
81 1 84 0 -14 0 3 99 96 1
80 0 84 0 -32 13 4 117 114 1
82 0 85 -1 -4 -27 3 90 88 1
76 0 81 1 -42 0 5 125 120 1
84 0 86 -1 -2 0 3 89 86 1
105 0 107 2 70 0 1 37 36 1
80 0 84 0 -36 0 4 120 116 1
102 0 103 0 70 -26 1 33 32 1
83 0 86 0 -2 0 3 88 86 1
84 0 87 -5 0 1 3 87 84 1
80 0 84 0 -24 24 4 110 106 1
82 0 86 5 -6 2 4 94 90 1
79 0 83 0 -38 13 4 122 118 1
79 0 83 0 -30 -13 4 114 110 1
82 0 86 0 -12 -1 3 99 96 1
79 0 84 3 -42 -8 4 128 124 1
102 3 102 1 72 14 1 30 30 1
83 3 86 0 -2 0 3 88 86 1
106 1 108 4 70 0 2 38 36 1
76 1 81 1 -42 -19 5 125 120 1
85 0 88 -1 6 23 3 83 80 1
72 3 76 7 -40 29 4 117 114 1
105 5 106 2 72 8 1 33 32 1
86 4 89 0 8 0 3 81 78 1
81 0 84 0 -14 26 3 100 96 1
76 0 80 -1 -42 -11 4 124 120 1
85 2 88 0 0 -30 3 88 86 1
87 1 89 0 8 0 2 81 80 1
104 4 106 4 70 0 1 36 34 1
81 0 84 0 -14 1 4 100 96 1
84 0 88 0 0 5 4 88 84 1
83 0 86 0 -6 -13 3 94 90 1
83 0 86 0 -2 26 4 89 86 1
83 0 86 0 -4 15 3 92 88 1
79 0 83 0 -46 -12 4 130 126 1
81 0 84 0 -14 17 3 100 96 1
84 0 88 0 -2 0 3 90 88 1
80 4 84 1 -40 7 4 126 122 1
85 0 89 6 2 0 4 86 82 1
81 1 84 0 -14 -4 3 99 96 1
105 0 106 -1 72 1 1 33 32 1
83 0 87 6 -4 0 4 92 88 1
107 0 108 -7 70 -24 1 38 36 1
79 0 83 -1 -42 0 4 126 122 1
79 0 83 0 -42 0 4 127 122 1
71 2 75 1 -42 -11 4 119 114 1
79 0 83 0 -32 22 4 117 112 1
81 5 85 2 -40 3 4 126 122 1
77 -2 81 0 -40 47 4 123 118 1
82 3 86 6 -40 1 5 128 124 1
101 0 102 0 72 2 1 29 28 1
79 0 83 5 -40 14 5 125 120 1
81 0 84 0 -12 30 3 97 94 1
106 0 108 3 70 0 2 38 36 1
85 0 88 -1 2 -3 3 86 82 1
78 2 82 5 -42 0 4 126 122 1
81 1 86 0 -40 3 4 127 122 1
102 -14 107 0 70 0 5 37 32 1
84 0 88 -1 -2 -7 3 90 88 1
101 0 102 -7 72 0 1 29 28 1
80 0 85 8 -40 12 5 126 122 1
79 -1 83 -1 -40 2 4 124 120 1
76 0 81 2 -42 0 5 125 120 1
102 0 103 5 72 30 1 31 30 1
85 0 88 -1 6 21 3 83 80 1
81 0 85 -7 -22 0 4 108 104 1
104 3 105 6 70 0 1 35 34 1
81 1 85 3 -24 0 4 111 106 1
82 0 86 2 -6 5 4 94 90 1
107 1 109 8 72 1 2 36 34 1
80 1 84 0 -36 1 4 121 116 1
84 4 86 -2 -4 0 3 92 88 1
85 0 89 0 2 -10 4 86 82 1
81 4 84 0 -14 1 3 100 96 1
80 5 84 2 -38 -13 4 123 118 1
79 0 83 0 98 8098 4 -14 -18 1
105 6 106 2 70 0 1 36 36 1
85 0 88 0 2 25 3 86 82 1
105 0 106 -7 72 16 1 34 34 1
85 0 89 6 2 -11 4 86 82 1
106 0 108 0 70 -1 1 38 36 1
73 11 77 9 -42 -5 4 121 118 1
71 3 75 1 -40 16 4 116 112 1
79 5 83 0 -42 0 4 127 122 1
81 -3 85 0 -22 0 4 108 104 1
105 -1 106 0 70 0 1 36 36 1
102 -3 104 -1 72 14 1 31 30 1
