72 21 82 0 -42 -1 10 126 116 0
45 46 77 0 -22 0 33 101 68 0
47 33 77 0 28 0 30 48 18 0
51 24 77 0 -22 0 27 101 74 0
72 30 82 0 -42 -3 10 126 116 0
78 -2 82 0 -40 0 4 123 120 1
81 0 84 0 -20 -6 4 105 102 1
77 1 81 0 -42 0 4 125 122 1
105 -2 106 0 70 0 1 36 36 1
80 0 84 0 -36 -7 4 120 116 1
81 4 84 0 -14 4 3 100 96 1
107 3 108 0 70 -1 1 38 36 1
86 5 89 0 2 -14 3 86 84 1
106 5 107 -1 70 -1 1 37 36 1
81 0 84 0 -14 14 3 100 96 1
79 0 83 3 -40 15 5 125 120 1
79 0 83 0 -46 -29 4 130 126 1
83 0 86 0 -4 2 3 92 88 1
81 0 86 8 -40 7 5 127 122 1
79 1 84 3 -40 2 4 125 120 1
83 0 87 8 -4 1 4 92 88 1
101 0 102 0 72 3 1 29 28 1
102 0 102 0 72 31 1 30 30 1
79 0 83 0 -30 19 4 114 110 1
81 3 84 0 -12 17 3 97 94 1
76 0 81 0 -42 -18 5 125 120 1
81 -2 85 -4 -40 0 4 126 122 1
79 -3 83 -4 -40 5 4 124 120 1
105 1 106 0 70 -3 1 36 34 1
108 0 108 -6 72 7 1 36 36 1
85 0 88 0 0 -22 3 88 86 1
81 0 85 1 -22 0 4 108 104 1
81 1 84 0 -14 8 3 100 96 1
78 0 83 1 -40 10 4 124 120 1
78 0 82 0 -46 0 4 128 124 1
81 0 84 0 -20 24 4 105 102 1
83 0 86 -1 -4 10 3 92 88 1
81 0 84 0 -14 2 4 100 96 1
85 4 88 0 0 0 3 88 86 1
80 0 84 3 -24 5 4 110 106 1
81 0 84 0 -14 -4 4 100 96 1
102 0 103 0 72 10 1 31 30 1
104 -5 106 0 70 0 1 36 34 1
83 0 86 -2 -4 8 3 92 88 1
85 0 88 0 6 12 3 83 80 1
78 3 82 0 -42 0 4 126 122 1
102 -16 107 0 70 0 5 37 32 1
78 1 81 0 -40 142 4 123 120 1
80 -3 84 0 -36 0 5 121 116 1
80 1 84 0 -36 0 4 121 116 1
83 -2 86 -1 -4 0 3 92 88 1
84 0 88 0 0 9 3 88 84 1
85 0 88 5 6 0 3 83 80 1
104 0 106 1 70 -26 1 36 34 1
83 -4 87 4 -4 0 4 92 88 1
83 0 86 0 -6 -26 3 94 90 1
82 0 86 0 -10 2 3 96 92 1
84 -4 88 -6 0 28 3 88 84 1
85 0 88 0 6 13 3 83 80 1
84 -1 88 0 0 0 4 88 84 1
102 0 103 1 72 27 1 31 30 1
81 0 84 0 -14 0 3 99 96 1
101 0 102 0 72 21 1 29 28 1
79 0 83 2 -46 0 5 130 126 1
85 0 88 -2 0 0 3 88 84 1
105 -2 106 -5 70 0 1 36 34 1
79 0 83 0 -32 14 4 117 112 1
84 0 87 -1 0 8 3 87 84 1
77 0 81 0 -40 4 4 123 118 1
123 4903 104 -3 36 -6 -18 68 86 1
85 0 88 1 2 0 3 86 82 1
102 -4 104 -1 72 13 1 31 30 1
85 0 88 0 6 14 3 83 80 1
84 0 88 2 -2 0 4 90 86 1
103 0 104 1 70 0 1 35 34 1
85 -1 89 0 2 -5 4 86 82 1
83 1 86 3 -6 0 4 94 90 1
71 2 76 6 -42 -9 4 119 116 1
76 0 81 0 -40 29 5 123 118 1
81 -1 84 0 -20 18 4 105 102 1
85 0 88 0 6 0 3 83 80 1
86 5 89 0 2 -1 3 86 84 1
82 0 86 0 -40 9 4 128 124 1
80 0 84 -2 -38 -12 4 123 118 1
82 0 86 -1 -10 4 3 96 92 1
85 1 88 0 0 0 3 88 84 1
104 0 105 0 70 -25 1 35 34 1
101 -3 102 0 70 -4 1 33 32 1
79 0 83 0 -46 -15 4 130 126 1
85 2 88 3 -2 0 3 91 88 1
102 4 103 3 72 13 1 31 30 1
80 -5 84 0 -14 0 4 99 96 1
84 -5 88 0 0 4 4 88 84 1
81 0 84 0 -14 27 3 100 96 1
81 0 84 0 -14 24 3 100 96 1
85 0 88 0 2 31 3 86 82 1
101 0 102 0 72 13 1 29 28 1
71 1 75 0 -42 -7 4 119 114 1
84 4 87 0 -4 0 3 92 88 1
80 -2 84 2 -36 0 5 121 116 1
80 0 84 0 -42 -11 4 128 124 1
80 -5 84 -6 -40 1 4 126 122 1
85 0 88 -23 0 0 3 88 84 1
77 -2 81 0 -40 58 4 123 118 1
80 0 84 0 -32 1 4 117 114 1
85 0 88 2 2 0 3 86 82 1
105 4 107 7 72 4 1 35 34 1
102 0 103 7 70 -20 1 33 32 1
80 2 84 0 -38 0 4 123 118 1
103 1 104 0 70 0 1 35 34 1
105 0 106 -2 70 0 1 36 34 1
79 0 83 0 -32 -24 4 117 112 1
86 5 89 0 6 -23 3 84 80 1
108 -1 109 0 72 8 1 36 36 1
104 0 104 -3 70 0 1 35 34 1
85 0 88 2 6 3 3 83 80 1
85 0 88 0 0 -29 3 88 86 1
103 2 104 5 70 0 1 35 34 1
85 0 88 0 2 -15 3 86 82 1
84 -2 88 -4 0 22 3 88 84 1
84 -4 88 0 6 0 5 83 78 1
105 -1 106 0 72 3 1 34 32 1
80 -1 84 1 -36 15 5 121 116 1
107 0 108 -4 70 0 1 38 36 1
80 0 84 4 -20 0 4 105 100 1
85 0 89 0 2 -7 4 86 82 1
82 0 85 -5 -10 0 3 95 92 1
83 0 86 0 -4 -14 4 92 88 1
79 0 84 2 -32 -22 4 117 112 1
82 0 87 0 -40 1 5 128 124 1
106 3 108 1 70 0 1 38 36 1
85 -1 88 0 2 -8 3 86 82 1
106 -2 108 0 72 6 1 35 34 1
102 3 103 1 70 -3 1 33 32 1
81 -4 85 0 -22 0 4 108 104 1
104 3 106 5 72 3 1 33 32 1
79 4 83 0 -42 0 4 127 122 1
81 2 84 0 -14 -17 3 100 96 1
85 0 88 0 6 -1 3 83 80 1
79 0 83 0 -32 -21 4 117 112 1
85 0 88 0 -2 -5 3 91 88 1
80 0 84 -4 -20 0 4 105 100 1
104 -1 106 0 72 5 1 33 32 1
76 0 80 -7 -42 -11 4 124 120 1
80 0 85 1 -42 -28 5 129 124 1
81 0 84 -1 -20 -16 4 105 102 1
84 0 88 0 6 0 4 83 78 1
102 2 104 2 72 12 1 31 30 1
105 0 106 3 70 0 2 36 34 1
78 1 81 0 -40 222 4 123 120 1
102 0 103 5 70 -1 1 33 32 1
101 3 102 0 72 15 1 29 28 1
85 0 88 0 2 21 3 86 82 1
106 -1 108 0 72 4 1 35 34 1
82 2 86 0 -2 9 3 88 84 1
79 0 84 3 -32 -9 4 117 112 1
103 -2 104 -1 70 -15 1 35 34 1
85 7 89 0 6 -6 4 84 80 1
81 0 84 0 -12 11 3 97 94 1
81 0 84 3 -14 0 4 100 96 1
101 0 102 0 72 179 1 30 28 1
78 -5 82 0 -40 0 4 123 120 1
77 5 81 0 -42 0 4 125 122 1
85 0 88 0 0 -5 3 88 86 1
83 -2 88 0 6 0 5 83 78 1
81 0 84 0 -22 -11 4 108 104 1
81 2 84 0 -12 20 3 97 94 1
105 -2 107 0 70 0 1 37 36 1
105 1 107 8 70 0 1 37 36 1
81 0 84 0 -12 22 4 97 94 1
77 3 81 0 -42 0 4 125 122 1
102 0 103 3 70 -8 1 33 32 1
104 2 105 0 70 -28 1 35 34 1
84 0 88 0 0 6 3 88 84 1
102 -3 104 0 70 0 1 34 32 1
78 3 81 0 -42 0 4 125 122 1
108 3 109 2 72 4 1 36 36 1
81 0 84 0 -14 0 4 100 96 1
76 3 80 0 -42 0 4 124 120 1
75 -8 79 -11 -40 6 4 120 116 1
85 -1 88 0 6 0 3 83 80 1
81 -2 86 -2 -40 0 4 127 122 1
104 -1 105 0 72 3 1 33 32 1
106 0 107 0 72 3 1 35 34 1
77 2 81 0 -40 0 4 123 118 1
106 2 108 7 72 7 2 35 34 1
82 2 86 0 -42 -29 4 130 126 1
102 0 103 3 70 -6 1 33 32 1
78 0 83 2 -42 0 4 126 122 1
84 -2 88 0 0 1 4 88 84 1
81 0 84 -3 -14 0 3 99 96 1
82 0 87 0 -40 2 5 128 124 1
79 0 83 0 -46 -11 4 130 126 1
78 4 82 3 -42 -15 4 126 122 1
105 -4 106 -6 70 0 1 36 34 1
102 0 103 2 72 28 1 31 30 1
84 4 87 4 -4 0 3 92 88 1
102 -1 104 0 72 12 1 31 30 1
81 0 84 0 -12 13 3 97 94 1
105 0 106 6 70 0 2 36 34 1
84 3 86 -2 -4 0 3 92 88 1
82 -5 87 0 -40 0 5 128 124 1
105 0 106 0 72 2 1 34 34 1
104 2 106 4 70 0 1 36 34 1
85 0 88 0 0 -10 3 88 86 1
82 0 85 -1 -6 2 3 93 90 1
101 0 102 0 72 12 1 29 28 1
84 1 88 6 0 0 3 88 84 1
81 0 84 0 -12 4 3 97 94 1
83 0 87 0 -40 11 4 128 124 1
104 0 105 -6 70 0 1 35 34 1
80 0 84 0 -32 7 4 117 114 1
101 0 102 0 72 1 1 30 28 1
103 2 104 4 72 7 1 32 30 1
79 0 83 0 -46 -20 4 130 126 1
81 2 84 0 -22 -3 3 108 104 1
82 4 86 4 -2 0 3 88 84 1
82 0 87 6 -40 1 5 128 124 1
84 0 88 1 -2 0 4 90 86 1
80 2 84 0 -28 -8 4 112 108 1
81 0 84 0 -18 -21 3 103 100 1
78 5 83 6 -40 17 4 124 120 1
84 2 86 0 -2 0 3 89 86 1
82 0 85 0 -10 -5 3 95 92 1
85 0 88 -9 0 0 3 88 84 1
81 1 84 0 -14 6 3 100 96 1
101 0 102 0 72 5 1 29 28 1
81 2 85 0 -40 11 4 126 122 1
84 2 88 0 0 1 3 88 84 1
82 0 85 0 -4 -26 3 90 88 1
76 1 81 1 -42 -23 5 125 120 1
76 0 81 -3 -40 20 5 122 118 1
102 0 103 0 72 22 1 31 30 1
71 -6 75 -4 -42 -25 4 119 114 1
105 5 106 0 70 0 1 36 34 1
105 5 106 1 70 0 1 36 34 1
86 4 89 0 6 31 3 84 80 1
81 0 84 0 -12 1 3 97 94 1
85 0 88 0 6 21 3 83 80 1
85 0 88 4 6 2 3 83 80 1
102 0 102 0 70 -3 1 33 32 1
105 -3 106 -7 70 0 1 36 34 1
106 5 107 2 70 0 1 37 36 1
79 -4 83 0 -46 0 5 130 126 1
76 0 81 0 -42 -6 5 125 120 1
83 0 86 0 -4 12 3 92 88 1
102 0 102 -2 70 -4 1 33 32 1
102 -3 104 -1 70 -20 1 34 32 1
105 -1 107 0 70 0 1 37 36 1
81 0 84 0 -14 -2 4 100 96 1
85 0 88 0 0 -1 3 88 86 1
107 5 108 1 72 6 1 36 34 1
105 -1 106 -4 70 -5 1 36 36 1
105 -4 106 0 72 6 1 34 32 1
83 0 86 0 -6 0 3 94 90 1
102 -5 104 -2 72 16 1 31 30 1
82 0 86 0 -12 -28 3 99 96 1
106 0 107 0 72 7 1 35 34 1
83 -1 87 6 -4 0 4 92 88 1
121 962 106 -2 34 -3 -15 72 88 1
74 -11 79 -9 -40 5 4 120 116 1
81 0 84 0 -22 -10 4 108 104 1
103 6 104 3 72 5 1 32 30 1
82 0 86 0 -22 7 4 109 106 1
86 4 89 0 2 -8 3 86 84 1
76 0 81 0 -40 25 5 123 118 1
101 0 102 0 72 7 1 29 28 1
104 0 105 0 70 -14 1 35 34 1
86 -3 89 0 8 0 3 81 78 1
80 0 84 0 -32 4 4 117 114 1
106 0 108 0 72 2 1 35 34 1
81 5 84 2 -20 0 4 105 102 1
80 0 84 0 -32 20 4 117 114 1
79 0 83 0 -46 -21 4 130 126 1
80 2 84 0 -40 4 4 126 122 1
77 2 81 0 -42 0 4 125 120 1
85 0 88 -5 6 2 3 83 80 1
82 0 85 0 -10 -23 3 95 92 1
80 3 84 0 -38 -21 4 123 118 1
107 0 108 -2 70 0 1 38 36 1
79 0 83 2 -42 0 5 127 122 1
106 0 107 -3 70 0 1 37 36 1
74 11 78 12 -42 -2 4 122 118 1
85 0 88 -5 6 0 3 83 80 1
105 -4 106 0 70 0 1 36 36 1
81 -1 84 0 -12 17 4 97 94 1
104 -2 105 -1 72 5 1 33 32 1
78 1 83 1 -40 10 4 124 120 1
76 -3 81 -2 -40 30 5 123 118 1
74 5 78 6 -42 -1 4 122 118 1
105 -4 106 -6 72 3 1 33 32 1
79 -4 83 -2 -32 509 4 117 112 1
105 0 106 0 70 0 2 36 34 1
84 1 88 0 -2 0 3 90 88 1
71 -5 75 -8 -40 2 4 116 112 1
80 0 84 -2 -36 0 4 120 116 1
85 3 88 -2 -2 0 3 90 88 1
106 1 108 0 70 0 1 38 36 1
106 5 108 3 70 0 1 38 36 1
102 0 103 0 70 -7 1 33 32 1
81 0 84 -5 -14 0 3 99 96 1
81 0 84 0 -12 7 3 97 94 1
80 1 84 0 -42 -23 4 128 124 1
82 0 86 0 -12 -4 3 99 96 1
81 0 84 0 -20 5 4 105 102 1
76 0 81 -1 -42 -22 5 125 120 1
78 4 83 5 -42 -17 4 126 122 1
82 0 86 0 -10 7 3 96 92 1
84 0 88 -2 6 -7 4 83 78 1
85 0 88 -36 0 0 3 88 84 1
104 -4 105 -3 70 -21 1 35 34 1
101 0 102 0 72 0 1 29 28 1
79 0 83 2 -42 -16 5 127 122 1
105 5 107 9 72 5 1 35 34 1
102 0 103 3 70 -4 1 33 32 1
81 1 84 0 -12 13 3 97 94 1
79 0 83 -3 -38 0 4 122 118 1
105 -2 106 -3 72 1 1 33 32 1
81 -3 86 0 -22 0 4 109 104 1
80 -2 84 -2 -40 12 4 126 122 1
80 0 84 0 -28 -28 4 112 108 1
83 0 86 0 -4 11 3 92 88 1
81 0 84 0 -22 -28 4 108 104 1
81 0 84 -2 -18 17 4 103 98 1
83 -5 86 0 -4 -15 4 92 88 1
105 0 106 -2 70 -1 1 36 36 1
85 1 88 0 2 3 3 86 82 1
83 -1 86 0 -6 0 4 94 90 1
82 3 86 0 -22 15 4 109 106 1
79 5 83 1 -40 9 4 125 120 1
80 0 84 0 -42 0 5 128 124 1
101 0 102 0 70 -3 1 33 32 1
