0 2 2 1 5 0.0 0.4 0.4 0.2 324 2 1 0 327 0.9908256880733946 0.0061162079510703364 0.0030581039755351682 0.0 
0 2 2 1 5 0.0 0.4 0.4 0.2 325 1 1 0 327 0.9938837920489296 0.0030581039755351682 0.0030581039755351682 0.0 
0 2 2 1 5 0.0 0.4 0.4 0.2 324 2 1 0 327 0.9908256880733946 0.0061162079510703364 0.0030581039755351682 0.0 
0 1 3 1 5 0.0 0.2 0.6 0.2 324 2 1 0 327 0.9908256880733946 0.0061162079510703364 0.0030581039755351682 0.0 
0 1 4 0 5 0.0 0.2 0.8 0.0 326 0 0 1 327 0.9969418960244648 0.0 0.0 0.0030581039755351682 
0 3 2 0 5 0.0 0.6 0.4 0.0 326 0 0 1 327 0.9969418960244648 0.0 0.0 0.0030581039755351682 
0 2 2 1 5 0.0 0.4 0.4 0.2 326 0 0 1 327 0.9969418960244648 0.0 0.0 0.0030581039755351682 
0 3 2 0 5 0.0 0.6 0.4 0.0 325 0 0 1 326 0.9969325153374233 0.0 0.0 0.003067484662576687 
0 0 4 1 5 0.0 0.0 0.8 0.2 325 0 0 1 326 0.9969325153374233 0.0 0.0 0.003067484662576687 
0 0 4 0 4 0.0 0.0 1.0 0.0 325 0 1 0 326 0.9969325153374233 0.0 0.003067484662576687 0.0 
