50 24 77 0 -22 0 27 101 74 0
50 23 79 0 42 0 29 37 8 0
72 24 82 0 -42 -2 10 126 116 0
49 31 77 0 -22 0 28 101 72 0
42 23 77 0 28 0 35 48 14 0
80 0 85 6 -40 10 5 126 122 1
79 6 83 1 -40 13 4 124 120 1
105 0 106 -3 72 8 1 34 34 1
105 0 106 -1 70 0 1 36 36 1
81 -5 84 0 -22 -6 4 108 104 1
102 0 103 0 72 12 1 31 30 1
78 1 82 0 -46 0 4 128 124 1
79 -1 83 -3 -32 12 4 117 112 1
79 4 83 0 -30 0 4 114 110 1
82 0 86 1 -6 3 4 94 90 1
85 0 88 -2 2 -5 3 86 82 1
81 0 84 0 -22 -16 4 108 104 1
80 -4 84 0 -36 0 5 121 116 1
80 0 84 1 -36 16 5 121 116 1
82 -1 86 0 -2 2 4 88 84 1
85 0 88 0 2 4 3 86 82 1
84 0 88 0 0 25 3 88 84 1
80 -1 84 0 -36 0 5 121 116 1
106 0 108 -3 70 -4 1 38 36 1
81 0 84 4 -14 0 4 100 96 1
106 0 108 5 70 0 2 38 36 1
81 -2 84 0 -18 0 4 103 98 1
85 0 88 -6 6 0 3 83 80 1
81 0 85 0 -40 3 4 126 122 1
81 4 84 1 -20 0 4 105 102 1
82 0 85 0 -2 0 3 88 84 1
105 3 106 3 70 0 1 36 36 1
105 -3 106 -5 70 0 1 36 34 1
79 -2 83 -3 -40 3 4 124 120 1
79 0 83 -2 -46 0 4 129 126 1
75 4 79 4 -42 0 4 123 120 1
81 0 85 0 -40 9 4 126 122 1
84 2 86 -5 -4 0 3 92 88 1
76 0 80 -3 -40 0 4 121 118 1
80 0 84 1 -42 0 5 128 124 1
102 0 103 0 72 6 1 31 30 1
79 0 83 0 -28 16 4 112 108 1
80 5 84 0 -38 0 4 123 118 1
107 1 108 1 70 -26 1 38 36 1
106 5 108 1 70 0 1 38 36 1
79 0 83 1 -42 0 5 127 122 1
82 0 86 0 -6 1 4 94 90 1
83 0 86 0 -4 21 3 92 88 1
102 1 104 6 70 -3 2 34 32 1
82 0 86 0 -12 -8 3 99 96 1
85 3 88 0 0 0 3 88 84 1
107 2 108 4 72 1 1 36 34 1
79 0 84 0 -40 9 4 125 120 1
84 0 87 8 -2 0 3 90 86 1
105 1 107 2 72 1 1 35 34 1
83 0 86 -1 -4 4 3 92 88 1
107 1 108 8 70 0 1 38 36 1
83 0 86 0 -6 -22 3 94 90 1
102 0 102 -2 70 -5 1 33 32 1
104 -2 105 -2 70 0 1 35 34 1
81 0 84 -4 -14 0 3 99 96 1
82 0 86 0 -2 8 3 88 84 1
102 1 103 4 70 0 1 33 32 1
106 -4 108 0 70 0 2 38 36 1
78 0 83 1 -42 0 4 126 122 1
71 -2 74 -7 -42 -19 4 118 114 1
104 1 105 -2 70 0 1 35 34 1
104 1 106 4 70 0 1 36 34 1
104 -4 106 0 70 0 1 36 34 1
84 0 88 0 -2 -19 3 90 88 1
79 0 83 0 -46 -27 4 130 126 1
104 0 106 0 72 12 1 33 32 1
81 0 84 0 -18 -17 3 103 100 1
73 11 77 7 -40 28 4 118 114 1
79 0 83 0 -28 0 4 112 108 1
83 0 86 0 -4 16 3 92 88 1
80 -2 84 0 -24 0 4 110 106 1
80 2 84 -2 -36 3 4 121 116 1
80 0 84 1 -24 1 4 110 106 1
78 -1 82 0 -46 0 4 128 124 1
79 0 83 0 -38 8 4 122 118 1
78 0 81 -4 -40 0 4 123 120 1
79 0 84 0 -42 -1 4 128 124 1
83 3 86 0 -6 0 3 94 90 1
82 -4 86 -1 -4 -13 3 91 88 1
102 0 102 -6 70 -6 1 33 32 1
78 -3 83 0 -40 3 4 124 120 1
85 -5 89 0 8 0 4 81 78 1
83 0 86 0 -4 -12 3 92 88 1
104 -5 105 -4 70 0 1 35 34 1
81 0 84 0 -18 16 4 103 98 1
102 0 103 0 70 -22 1 33 32 1
84 0 88 1 0 0 3 88 84 1
81 0 85 0 -40 8 4 126 122 1
82 1 86 0 -22 0 4 109 106 1
80 0 84 -7 -20 1 4 105 100 1
79 5 83 0 -42 -22 4 126 122 1
79 0 83 5 -42 0 5 127 122 1
102 0 103 1 70 -5 1 33 32 1
81 0 86 0 -22 25 4 109 104 1
101 0 102 0 70 -7 1 33 32 1
79 -3 83 0 -40 0 4 125 120 1
74 -12 78 -13 -40 3 4 119 116 1
81 0 84 0 -14 4 4 100 96 1
102 0 102 -2 72 18 1 30 30 1
85 0 88 7 0 0 3 88 84 1
77 6 81 5 -40 15 4 123 118 1
85 0 88 -6 6 3 3 83 80 1
101 2 102 0 72 16 1 29 28 1
102 2 102 0 70 0 1 33 32 1
107 4 108 8 72 1 1 36 34 1
79 0 83 0 -42 0 4 126 122 1
81 0 84 0 -12 10 3 97 94 1
78 0 81 -7 -40 0 4 123 120 1
82 -2 86 0 -4 -7 3 91 88 1
85 -6 89 0 8 0 4 81 78 1
108 -3 109 0 72 6 1 36 36 1
82 -3 86 0 -2 4 4 88 84 1
85 0 88 0 0 28 3 88 84 1
81 0 84 0 -20 15 4 105 102 1
85 0 88 0 0 -25 3 88 86 1
79 -2 84 0 -40 19 4 125 120 1
85 0 88 -5 2 -11 3 86 82 1
102 0 103 0 72 13 1 31 30 1
79 1 83 0 -46 0 4 130 126 1
80 0 84 -3 -36 0 4 120 116 1
80 4 84 -7 -36 0 4 120 116 1
80 0 84 5 -20 1 4 105 100 1
83 -1 86 -1 -4 0 3 92 88 1
104 0 105 -7 70 0 1 35 34 1
84 -3 87 0 0 0 3 87 84 1
78 0 81 0 -40 447 4 123 120 1
102 0 103 0 72 16 1 31 30 1
83 0 86 2 -6 0 4 94 90 1
76 -1 81 0 -42 -2 5 125 120 1
81 2 84 0 -24 0 4 110 106 1
81 3 84 0 -14 -3 3 99 96 1
103 3 104 6 70 0 1 35 34 1
83 -5 86 -6 -4 0 3 92 88 1
81 0 84 0 -12 2 3 97 94 1
78 0 82 1 -42 0 4 126 122 1
84 0 88 -1 6 -4 4 83 78 1
79 -3 83 0 -30 0 4 114 110 1
80 4 84 1 -40 7 4 125 122 1
80 0 84 3 -38 -11 5 123 118 1
81 0 86 8 -24 -2 4 112 108 1
79 -1 84 0 -40 14 4 125 120 1
79 3 83 0 -46 0 4 130 126 1
83 0 87 0 -40 4 4 128 124 1
79 -5 83 0 -46 0 5 130 126 1
85 0 88 0 6 9 3 83 80 1
85 0 88 0 6 20 3 83 80 1
78 2 83 3 -40 16 4 124 120 1
83 0 87 7 -4 1 4 92 88 1
81 0 85 4 -12 0 4 98 94 1
80 0 84 0 -40 23 4 125 122 1
101 0 102 1 72 19 1 30 28 1
105 4 106 3 70 0 1 36 36 1
85 1 88 2 -2 0 3 91 88 1
85 5 88 0 0 0 3 88 86 1
101 0 102 0 72 4 1 30 28 1
55 0 29 -194 -22 0 -26 52 78 1
104 2 105 2 72 3 1 33 32 1
81 0 84 -7 -14 0 3 99 96 1
78 0 82 -3 -40 0 4 123 120 1
81 1 84 0 -14 -3 3 99 96 1
81 1 85 1 -24 0 4 111 106 1
84 5 88 0 0 0 3 88 84 1
104 1 106 9 72 2 2 33 32 1
76 0 81 0 -42 -5 5 125 120 1
85 0 88 0 0 -6 3 88 86 1
83 0 86 0 -4 0 4 92 88 1
79 3 83 0 -42 0 4 127 122 1
71 -3 75 -2 -40 18 4 116 112 1
101 2 102 -5 72 0 1 29 28 1
106 0 107 -7 72 0 1 35 34 1
86 7 89 0 8 0 3 81 78 1
79 0 84 0 -40 4 4 125 120 1
84 0 88 -2 6 -6 5 83 78 1
104 0 105 0 72 11 1 33 32 1
81 0 86 4 -24 -8 4 112 108 1
105 0 106 -5 70 0 1 36 36 1
80 -4 84 -6 -42 17 5 128 124 1
80 0 84 0 -24 5 4 110 106 1
78 0 82 2 -40 0 4 123 120 1
82 0 85 0 -6 28 3 93 90 1
101 0 102 0 72 9 1 29 28 1
81 -1 84 0 -14 0 4 100 96 1
81 0 84 1 -12 18 4 97 94 1
80 -1 84 -3 -38 -15 4 123 118 1
84 0 87 -7 0 2 3 87 84 1
104 2 106 3 70 0 1 36 34 1
78 0 81 0 -40 0 4 123 120 1
86 3 89 0 8 0 3 81 78 1
76 -5 81 0 -40 18 5 122 116 1
120 4692 76 5 36 6 -43 40 84 1
104 0 104 -8 70 -9 1 35 34 1
82 0 85 0 -2 9 3 88 84 1
84 4 87 0 0 0 3 87 84 1
75 1 79 1 -42 0 4 123 120 1
80 -1 84 -6 -36 0 4 120 116 1
85 0 88 -1 6 29 3 83 80 1
104 -4 105 -2 70 0 1 35 34 1
78 2 83 2 -42 -18 4 126 122 1
81 0 84 0 -14 -12 4 100 96 1
101 -5 102 2 72 0 2 30 28 1
71 -8 75 -13 -40 3 4 116 112 1
76 0 81 0 -40 20 5 123 118 1
82 0 85 0 -6 20 3 93 90 1
82 4 86 0 -24 -19 4 112 108 1
85 0 88 -6 2 0 3 86 82 1
102 -2 103 -4 70 -17 1 33 32 1
82 0 86 0 -4 -12 3 91 88 1
107 -1 108 0 70 0 1 38 36 1
82 2 86 3 -40 6 5 128 124 1
81 0 85 -3 -24 0 4 111 108 1
105 6 106 7 72 7 1 34 32 1
79 0 83 0 -28 27 4 112 108 1
72 -11 76 -10 -40 10 4 117 114 1
84 0 87 0 0 0 3 87 84 1
106 -3 107 -5 72 0 1 35 34 1
80 0 84 0 -36 0 4 121 116 1
107 5 108 1 72 1 1 35 34 1
85 0 88 -7 2 0 3 85 82 1
82 0 86 0 -2 12 3 88 84 1
102 0 103 0 70 -14 1 33 32 1
104 4 106 8 72 5 1 33 32 1
76 0 81 8 -42 0 5 125 120 1
82 0 86 6 -6 3 4 94 90 1
80 2 84 0 -28 0 4 112 108 1
103 -1 104 -1 70 0 1 35 34 1
85 0 88 -2 2 0 3 86 82 1
80 0 84 -4 -36 0 4 120 116 1
77 0 81 0 -40 19 4 123 118 1
81 4 84 0 -24 0 4 110 106 1
79 0 83 0 -42 31 4 127 122 1
83 2 86 0 -2 0 3 88 86 1
105 0 106 0 72 6 1 34 32 1
102 0 102 -3 72 22 1 30 30 1
84 0 88 0 -2 -12 3 90 88 1
80 0 84 0 -36 -5 4 120 116 1
79 0 83 0 -42 0 5 127 122 1
82 2 86 0 -12 0 3 99 96 1
85 -5 88 0 2 13 3 86 82 1
102 1 104 7 70 -18 2 34 32 1
82 4 86 0 -40 2 4 128 124 1
105 -3 107 -2 70 0 2 37 34 1
81 1 85 0 -40 8 4 126 122 1
84 -5 87 0 0 0 3 87 84 1
84 0 88 0 -2 -16 3 90 88 1
108 0 109 0 72 8 1 36 36 1
82 0 86 0 -4 -17 3 91 88 1
85 0 88 0 2 3 3 86 82 1
80 0 84 1 -20 0 4 105 100 1
84 -5 88 0 6 0 4 83 78 1
84 0 87 -3 0 0 3 87 84 1
82 0 86 0 -12 -5 3 99 96 1
86 4 89 0 8 8 3 81 78 1
104 -1 106 0 72 6 1 33 32 1
102 0 102 -3 70 -12 1 33 32 1
85 0 88 0 2 26 3 86 82 1
105 0 106 -4 70 -3 1 36 36 1
78 1 82 0 -42 -25 4 126 122 1
105 5 106 1 70 0 1 36 36 1
80 0 84 -1 -28 -24 4 112 108 1
104 0 106 0 72 2 1 33 32 1
83 0 87 7 -6 -18 4 95 90 1
82 0 85 0 -10 -18 3 95 92 1
85 0 89 0 6 30 4 84 80 1
79 5 83 0 -46 0 4 129 126 1
79 0 83 0 -40 -10 4 125 120 1
84 0 87 0 0 2 3 87 84 1
78 -2 83 0 -40 2 4 124 120 1
79 0 83 -1 -42 -29 4 126 122 1
104 -1 105 0 72 9 1 33 32 1
83 0 86 -1 -6 -30 3 94 90 1
81 0 86 5 -40 5 5 127 122 1
106 0 108 -2 70 -2 1 38 36 1
107 0 108 -2 72 8 1 35 34 1
83 0 86 0 -4 27 3 92 88 1
81 0 86 5 -24 -6 4 112 108 1
81 0 84 0 -20 17 4 105 102 1
73 -13 77 -13 -40 2 4 119 114 1
80 -2 84 0 -42 0 5 128 124 1
76 -5 81 0 -40 0 5 122 118 1
81 0 84 -1 -14 0 3 99 96 1
82 0 86 1 -40 2 5 128 124 1
102 -2 104 0 72 12 1 31 30 1
82 0 86 -1 -10 15 3 96 92 1
104 2 105 0 70 -29 1 35 34 1
82 3 85 0 -12 0 3 98 94 1
82 0 85 0 -6 24 3 93 90 1
81 -5 84 0 -14 5 4 100 96 1
104 3 105 3 70 0 1 35 34 1
79 0 84 -1 -40 8 4 125 120 1
107 -5 108 -3 72 4 1 36 34 1
106 -1 107 -3 70 0 1 37 36 1
104 -3 106 0 70 0 1 36 34 1
80 -2 84 0 -22 -30 4 108 104 1
77 5 81 0 -42 0 4 125 120 1
84 0 88 0 0 10 3 88 84 1
85 2 88 0 2 -27 3 86 82 1
81 0 84 0 -14 -6 3 99 96 1
84 4 86 -1 -4 0 3 92 88 1
83 0 86 0 -6 -9 3 94 90 1
79 0 83 0 -30 6 4 114 110 1
104 0 104 -1 70 0 1 35 34 1
84 -1 88 0 6 0 4 83 78 1
80 3 84 0 -40 15 4 125 122 1
82 0 86 1 -40 7 5 128 124 1
79 0 84 0 -40 1 4 125 120 1
76 2 81 0 -42 0 4 125 120 1
102 2 103 0 70 -13 1 33 32 1
101 0 102 0 72 19 1 30 28 1
79 -1 84 0 -32 0 4 117 112 1
84 0 88 0 0 12 3 88 84 1
102 3 102 0 72 12 1 30 30 1
80 -3 84 -4 -42 -30 4 128 124 1
102 0 103 1 70 -8 1 33 32 1
85 0 88 -1 0 0 3 88 84 1
80 0 84 0 -40 31 4 125 122 1
77 0 81 0 -40 6 4 123 118 1
81 0 84 7 -14 0 4 100 96 1
106 -5 108 2 72 0 2 35 34 1
85 0 88 -1 6 19 3 83 80 1
80 0 84 -3 -42 0 4 128 124 1
85 0 88 0 2 -13 3 86 82 1
78 1 82 1 -40 12 4 123 120 1
105 -5 106 2 70 0 2 36 34 1
80 -3 84 0 -40 4 5 126 122 1
80 0 84 0 -38 -4 4 123 118 1
101 -2 102 0 70 -2 1 33 32 1
