68 67 82 0 -42 -6 13 126 112 0
41 33 77 0 -22 0 37 101 64 0
50 22 79 0 42 0 29 37 8 0
66 77 82 0 -40 25 16 123 106 0
47 48 77 0 -22 0 30 101 70 0
71 42 82 0 -42 -7 11 126 114 0
50 23 77 0 -22 0 27 101 74 0
42 22 77 0 28 0 35 48 14 0
57 92 80 0 34 0 23 46 24 0
79 5 83 0 -46 0 4 130 126 1
79 0 83 0 -40 3 4 125 120 1
105 -1 106 2 70 0 2 36 34 1
85 0 88 -3 6 0 3 83 80 1
84 1 87 0 -4 0 3 92 88 1
79 0 83 0 -30 38 4 114 110 1
81 2 83 -8 -6 -968 3 91 88 1
106 -2 107 -4 72 0 1 35 34 1
107 0 108 0 72 2 1 35 34 1
105 2 106 0 70 0 1 36 36 1
83 -3 87 0 -4 0 4 92 88 1
81 -3 85 -6 -40 0 4 126 122 1
105 -1 107 -3 70 -4 1 37 36 1
78 -4 83 0 -40 3 4 124 120 1
80 0 84 0 -42 -10 4 128 124 1
84 -1 88 0 2 0 3 85 82 1
76 0 81 0 -42 0 5 125 120 1
81 0 84 0 -18 18 4 103 98 1
102 -4 104 0 70 -11 2 34 32 1
105 0 106 0 70 -30 1 36 36 1
81 5 86 2 -40 8 4 127 122 1
75 0 79 0 -42 0 4 123 120 1
85 0 88 0 0 -14 3 88 86 1
102 0 103 0 72 26 1 31 30 1
82 0 85 -2 -2 8 3 88 84 1
82 0 86 0 -40 10 4 128 124 1
104 0 106 0 72 7 1 33 32 1
82 3 86 2 -2 0 3 88 84 1
105 0 106 0 72 1 1 34 32 1
82 5 86 0 -6 0 3 94 90 1
78 -2 83 0 -46 0 4 129 124 1
78 0 82 0 -42 -22 4 126 122 1
77 0 81 0 -42 0 4 125 120 1
104 -1 105 -1 70 -22 1 35 34 1
82 0 86 0 -10 3 3 96 92 1
101 5 102 0 72 14 1 29 28 1
80 3 84 0 -42 -18 4 128 124 1
81 0 85 -4 -22 0 4 108 104 1
80 0 84 1 -40 14 5 126 122 1
85 0 89 1 2 -4 4 86 82 1
81 2 85 0 -24 0 4 111 108 1
82 -1 85 -3 -2 22 3 88 84 1
76 0 80 0 -40 17 4 121 116 1
82 0 86 0 -40 11 4 128 124 1
79 0 84 0 -38 0 4 123 118 1
82 0 86 -2 -40 0 4 128 124 1
82 -1 86 0 -12 0 4 99 94 1
83 -4 88 0 6 0 5 83 78 1
79 -5 83 -2 -32 1092 4 117 112 1
104 -4 105 -3 72 1 1 33 32 1
71 -12 76 -9 -40 4 5 117 112 1
81 0 86 0 -24 -18 4 112 108 1
102 0 102 -1 72 14 1 30 30 1
80 0 84 -5 -42 0 4 128 124 1
103 2 105 9 70 0 2 35 34 1
79 0 84 0 -40 11 4 125 120 1
79 0 84 7 -6 205 5 92 88 1
83 0 86 -2 -2 17 3 88 86 1
76 0 81 0 -40 16 5 123 118 1
77 -3 81 0 -40 73 4 123 118 1
75 1 79 8 -42 0 5 123 118 1
79 0 83 0 -46 -24 4 130 126 1
102 0 103 0 70 -25 1 33 32 1
79 -1 83 0 -46 0 5 130 126 1
85 -1 88 0 2 -13 3 86 82 1
82 0 86 0 -10 14 3 96 92 1
85 -4 88 0 2 3 3 86 82 1
77 0 81 1 -42 0 4 125 120 1
79 0 84 1 -42 -3 4 128 124 1
105 0 107 0 70 0 1 37 36 1
105 -3 106 0 70 0 1 36 36 1
111 4254 105 0 36 0 -6 69 76 1
82 0 86 1 -6 1 4 94 90 1
82 0 86 2 -10 0 4 96 92 1
104 3 106 6 72 4 1 33 32 1
82 -3 86 -1 -4 -11 3 91 88 1
85 0 88 0 2 20 3 86 82 1
103 1 104 6 70 0 1 35 34 1
85 0 88 0 0 -16 3 88 86 1
105 -2 108 0 70 0 3 38 36 1
83 0 86 0 -6 -17 3 94 90 1
77 1 81 0 -40 0 4 123 118 1
85 0 88 8 0 0 3 88 84 1
77 1 81 1 -40 10 4 123 118 1
81 0 85 0 -40 11 4 126 122 1
83 2 87 0 -40 0 4 128 124 1
85 0 89 0 2 -3 4 86 82 1
82 1 86 2 -40 3 5 128 124 1
81 0 86 2 -22 21 4 109 104 1
79 0 83 0 -32 43 4 117 112 1
107 0 108 -1 72 4 1 35 34 1
77 6 81 0 -42 -22 4 125 122 1
85 1 88 0 0 -1 3 88 86 1
80 0 84 -6 -20 1 4 105 100 1
80 -1 84 1 -36 0 5 121 116 1
102 1 103 1 70 -6 1 33 32 1
82 0 85 0 -6 11 3 93 90 1
108 5 109 0 72 11 1 36 36 1
101 0 102 0 72 331 1 30 28 1
85 0 88 0 2 28 3 86 82 1
79 0 83 -1 -40 3 4 125 120 1
78 1 83 2 -40 16 4 124 120 1
105 -1 106 -6 70 0 1 36 34 1
85 0 88 -7 6 4 3 83 80 1
102 3 104 3 70 -1 1 34 32 1
82 0 86 0 -4 -8 3 91 88 1
81 -2 85 0 -22 0 4 108 104 1
80 0 84 2 -24 3 4 110 106 1
75 3 79 1 -42 0 4 123 118 1
108 3 109 2 72 5 1 36 36 1
103 4 104 9 72 5 1 32 30 1
106 -2 108 0 70 0 1 38 36 1
80 4 84 0 -38 0 4 123 118 1
79 0 83 0 -38 26 4 122 118 1
76 3 80 0 -40 0 4 121 118 1
81 -1 85 0 -40 3 4 126 122 1
82 0 86 0 -12 -6 3 99 96 1
85 0 88 -5 2 0 3 85 82 1
79 -2 84 0 -40 1 4 125 120 1
83 0 86 0 -6 -5 3 94 90 1
81 0 84 1 -14 -16 4 100 96 1
85 0 88 0 2 22 3 86 82 1
72 -14 77 -11 -40 7 5 118 114 1
81 0 84 0 -18 14 4 103 98 1
81 1 86 0 -40 4 4 127 122 1
80 0 84 2 -36 22 5 121 116 1
103 0 104 -3 70 0 1 34 34 1
82 1 86 0 -12 0 3 99 96 1
102 0 102 -3 70 -2 1 33 32 1
82 1 86 0 -42 -23 4 130 126 1
77 0 81 -1 -40 0 4 122 118 1
103 4 104 -1 70 -1 1 35 34 1
81 0 84 0 -18 1 4 103 98 1
79 0 84 4 -32 -11 4 117 112 1
107 0 108 0 72 3 1 36 34 1
81 1 85 0 -12 0 4 98 94 1
79 -5 84 0 -40 1 4 125 120 1
82 -1 86 0 -10 0 4 96 92 1
104 2 105 0 72 3 1 33 32 1
107 0 109 4 72 1 2 36 34 1
82 0 86 0 -12 -22 3 99 96 1
108 1 109 1 72 8 1 36 36 1
81 0 84 0 -14 25 3 100 96 1
104 0 105 -4 70 0 1 35 34 1
84 7 89 0 6 -15 5 84 78 1
85 -2 89 0 8 0 4 81 78 1
77 4 81 0 -42 -18 4 125 122 1
105 -1 106 -7 70 0 1 36 34 1
85 1 88 0 -2 -2 3 91 88 1
83 0 86 -6 -4 -9 3 91 88 1
108 0 109 0 70 -30 1 39 38 1
85 0 88 0 2 0 3 85 82 1
75 0 80 5 -42 0 5 124 120 1
79 0 83 0 -42 5 4 127 122 1
108 1 109 0 72 6 1 36 36 1
104 4 105 4 70 0 1 35 34 1
106 4 108 2 70 0 1 38 36 1
82 4 86 -1 -40 1 4 127 124 1
107 0 108 8 70 0 1 38 36 1
80 -1 84 -2 -42 7 5 128 124 1
80 0 84 3 -36 0 5 121 116 1
84 0 88 0 -2 -26 3 90 88 1
85 -2 89 0 2 0 4 86 82 1
81 0 86 6 -40 6 5 127 122 1
85 0 88 1 6 1 3 83 80 1
84 5 87 7 -4 0 3 92 88 1
76 0 81 0 -42 -16 5 125 120 1
84 -3 88 3 -2 0 4 91 88 1
82 0 86 0 -2 18 3 88 84 1
79 -8 83 -4 -100 -572 4 184 180 1
76 0 80 -3 -40 25 4 121 116 1
104 -1 105 0 70 0 1 35 34 1
79 -4 83 -6 -40 6 4 124 120 1
81 0 84 0 -18 -27 3 103 100 1
76 6 81 0 -40 13 4 122 118 1
71 -2 74 -9 -40 14 4 116 112 1
105 0 106 -2 72 5 1 34 34 1
81 0 84 -6 -14 0 3 99 96 1
85 4 88 0 2 0 3 85 82 1
77 2 81 0 -42 0 4 125 122 1
82 0 85 0 -10 -13 3 95 92 1
107 0 108 0 72 10 1 36 34 1
80 3 84 0 -40 5 4 126 122 1
82 0 85 -5 -6 1 3 93 90 1
105 2 106 3 70 0 1 36 36 1
85 0 89 0 6 20 4 84 80 1
84 0 88 -1 -2 -9 3 90 88 1
102 0 103 0 70 -12 1 33 32 1
79 0 83 0 -46 -17 4 130 126 1
83 1 86 2 -6 0 4 94 90 1
105 -3 107 -6 70 0 2 37 36 1
76 -3 81 0 -40 18 5 122 116 1
80 0 84 0 -24 31 4 110 106 1
104 0 106 0 70 -21 1 36 34 1
83 0 87 0 -42 -24 4 131 126 1
83 0 86 -2 -4 1 3 92 88 1
81 0 85 0 -24 -6 4 111 108 1
81 0 84 0 -18 -26 3 103 100 1
82 0 86 0 -10 0 4 96 92 1
106 -1 107 -1 72 5 1 35 34 1
82 5 86 8 -40 1 5 128 124 1
81 -5 85 -1 -42 -30 4 129 124 1
102 0 103 0 72 21 1 31 30 1
80 -1 84 -5 -36 0 4 120 116 1
82 0 86 0 -22 3 4 109 106 1
102 0 103 3 70 -2 1 33 32 1
77 0 81 -7 -40 0 4 122 118 1
102 -3 103 -7 72 22 1 31 30 1
81 0 85 0 -40 10 4 126 122 1
83 -3 86 -2 -4 0 3 92 88 1
103 0 104 -2 70 0 1 34 34 1
79 0 83 0 -30 2 4 114 110 1
85 0 89 1 2 -13 4 86 82 1
75 4 79 1 -42 0 4 123 118 1
105 -1 106 0 72 2 1 34 32 1
85 0 88 0 0 -28 3 88 86 1
79 0 83 0 -38 21 4 122 118 1
79 -5 84 0 -32 0 4 117 112 1
79 3 84 5 -40 3 4 125 120 1
104 -5 105 -3 70 0 1 35 34 1
79 0 83 0 -38 23 4 122 118 1
102 3 102 0 70 0 1 33 32 1
103 7 104 1 72 7 1 31 30 1
85 0 88 -7 2 1 3 85 82 1
85 -4 88 0 6 5 3 83 80 1
85 0 88 0 0 -24 3 88 86 1
102 0 102 0 72 29 1 30 30 1
75 6 79 2 -42 0 4 123 118 1
83 0 86 0 -4 3 3 92 88 1
101 1 102 3 70 -20 1 33 32 1
84 5 89 0 6 -12 5 84 80 1
80 1 84 0 -28 -8 4 112 108 1
85 -4 88 0 2 2 3 86 82 1
82 0 86 0 -10 21 3 96 92 1
82 1 86 3 -40 5 5 128 124 1
102 0 103 3 70 -1 1 33 32 1
78 4 82 0 -42 0 4 126 122 1
104 1 105 3 70 0 1 35 34 1
79 -1 83 0 -32 106 4 117 112 1
102 0 102 -4 70 -2 1 33 32 1
107 1 108 0 72 2 1 36 34 1
80 -4 84 -2 -36 4 5 121 116 1
82 1 86 1 -40 2 5 128 124 1
85 -1 88 0 2 5 3 86 82 1
102 0 102 -7 72 31 1 30 30 1
81 -4 85 -1 -40 6 4 126 122 1
101 0 102 0 70 -5 1 33 32 1
76 0 80 -2 -40 0 4 121 118 1
76 1 80 0 -42 0 4 124 120 1
82 0 85 0 -6 14 3 93 90 1
85 0 88 0 2 -20 3 86 82 1
106 3 108 0 70 0 1 38 36 1
81 0 84 0 -14 -8 3 99 96 1
76 2 81 0 -40 0 4 122 118 1
82 0 86 -1 -12 -19 3 99 96 1
79 0 83 0 -40 -8 4 125 120 1
81 0 84 0 -14 7 3 100 96 1
81 0 84 5 -14 0 4 100 96 1
104 5 105 6 70 0 1 35 34 1
83 1 86 0 -4 -12 3 92 88 1
102 4 102 0 70 0 1 33 32 1
79 -2 83 -1 -32 165 4 117 112 1
76 0 80 0 -40 0 4 121 116 1
101 -2 102 0 70 -3 1 33 32 1
80 0 84 -6 -42 0 4 128 124 1
105 0 106 -1 72 0 1 33 32 1
80 4 84 0 -28 0 4 112 108 1
76 0 80 -6 -42 -9 4 124 120 1
79 -10 83 -5 -100 -1990 4 184 180 1
80 -2 84 0 -14 -6 4 99 96 1
79 0 83 0 -28 31 4 112 108 1
85 0 88 -88 0 0 3 88 84 1
81 0 85 0 -42 -26 4 129 124 1
82 0 85 0 -10 -29 3 95 92 1
82 1 86 0 -10 5 3 96 92 1
102 2 103 8 70 -21 1 33 32 1
82 0 86 -2 -40 5 4 128 124 1
102 4 104 4 70 -20 1 34 32 1
77 0 81 3 -40 0 4 123 118 1
78 3 82 2 -40 18 4 123 120 1
84 0 87 3 -2 0 3 90 86 1
102 -2 103 0 70 -10 1 33 32 1
81 1 84 0 -14 -22 3 100 96 1
80 0 84 2 -20 0 4 105 100 1
79 0 83 0 -38 6 4 122 118 1
80 0 84 0 -32 2 4 117 114 1
85 0 89 0 2 -1 4 86 82 1
108 2 109 1 72 3 1 36 36 1
105 0 107 -2 70 -2 1 37 36 1
80 2 84 0 -42 0 4 128 124 1
105 -2 106 0 70 0 2 36 34 1
79 0 83 0 -46 -4 4 130 126 1
85 0 88 0 2 24 3 86 82 1
80 1 84 0 -28 -6 4 112 108 1
81 0 84 0 -20 -20 4 105 102 1
85 0 88 1 6 3 3 83 80 1
79 0 83 7 -46 0 5 130 126 1
105 4 106 1 70 0 1 36 36 1
78 0 81 0 -40 640 4 123 120 1
84 -1 88 -3 -2 -13 3 90 88 1
81 0 84 0 -12 3 3 97 94 1
83 -1 86 0 -4 -5 4 92 88 1
106 4 107 0 70 -1 1 37 36 1
79 3 83 0 -28 0 4 112 108 1
103 0 104 3 70 0 1 35 34 1
81 0 84 0 -20 0 4 105 102 1
84 2 87 0 -4 0 3 92 88 1
84 0 88 0 6 -1 4 83 78 1
79 0 83 0 -28 1 4 112 108 1
79 -1 83 -8 436 1822 4 -353 -356 1
85 0 88 0 2 -26 3 86 82 1
82 0 85 -3 -10 0 3 95 92 1
83 1 86 0 -2 0 3 89 86 1
84 2 88 8 0 0 3 88 84 1
84 0 88 0 -2 -14 3 90 88 1
83 0 86 -2 -4 5 3 92 88 1
84 0 87 7 -2 0 3 90 86 1
76 4 81 0 -42 0 4 125 120 1
81 0 84 4 -14 -14 4 100 96 1
78 0 82 -6 -40 1 4 123 120 1
83 -4 86 0 -6 0 4 94 90 1
102 0 103 5 70 -16 1 33 32 1
79 2 83 0 -40 14 4 124 120 1
105 0 106 0 72 0 1 33 32 1
81 4 85 0 -42 -29 4 129 124 1
107 6 108 1 72 2 1 35 34 1
79 -2 83 -1 -32 213 4 117 112 1
103 -2 104 -2 72 19 1 32 30 1
84 0 88 0 0 19 3 88 84 1
80 0 85 5 -40 8 5 126 122 1
82 2 86 -1 -10 9 3 96 92 1
80 0 84 7 -20 0 4 105 100 1
80 0 85 4 -40 6 5 126 122 1
80 5 84 0 -24 19 4 110 106 1
79 0 83 0 -40 -11 4 125 120 1
85 0 88 0 2 29 3 86 82 1
83 0 86 -1 -4 1 3 92 88 1
104 0 106 0 72 14 1 33 32 1
75 1 79 0 -42 0 4 123 118 1
83 0 86 0 -2 0 4 89 86 1
82 0 85 -4 -10 0 3 95 92 1
85 1 88 0 0 29 3 88 84 1
81 0 84 2 -14 0 4 100 96 1
81 0 84 0 -14 12 3 100 96 1
85 0 88 -5 2 0 3 86 82 1
85 0 89 0 2 -15 4 86 82 1
107 0 108 7 70 0 1 38 36 1
80 0 84 0 -36 -1 4 120 116 1
78 2 82 1 -40 18 4 123 120 1
81 0 84 0 -14 -3 4 100 96 1
80 0 84 -1 -40 2 4 125 122 1
103 0 104 0 70 0 1 35 34 1
79 2 83 0 -42 0 4 127 122 1
105 -1 106 0 70 0 2 36 34 1
83 0 86 2 -4 -11 4 92 88 1
79 0 83 0 -46 -6 4 130 126 1
81 -2 84 0 -20 29 4 105 102 1
81 0 84 0 -20 -9 4 105 102 1
80 5 84 0 -28 0 4 112 108 1
79 0 83 0 -40 -5 4 125 120 1
78 0 81 -1 -188 -8392 4 270 266 1
84 2 88 0 -2 0 3 90 88 1
79 0 84 2 -38 0 4 123 118 1
81 0 84 0 -20 6 4 105 102 1
105 1 106 0 70 0 1 36 34 1
81 0 84 0 -14 -5 3 99 96 1
85 0 88 0 6 6 3 83 80 1
102 -4 103 0 70 -15 1 33 32 1
83 -1 87 5 -4 0 4 92 88 1
81 0 84 0 -18 25 4 103 98 1
102 -1 104 0 70 0 1 34 32 1
77 -2 81 0 -40 0 4 123 118 1
83 3 87 0 -40 0 4 128 124 1
82 0 86 0 -40 4 4 128 124 1
80 0 84 0 -36 -11 4 120 116 1
102 0 104 0 70 0 1 34 32 1
79 -1 83 -6 -40 0 4 125 120 1
82 3 86 0 -40 1 4 128 124 1
103 4 104 8 70 0 1 35 34 1
105 1 107 5 70 0 1 37 36 1
79 0 83 0 -38 2 4 122 118 1
86 2 89 0 2 0 3 86 84 1
79 -1 83 -2 -40 3 4 124 120 1
81 0 86 0 -22 20 4 109 104 1
105 5 106 4 70 0 1 36 36 1
101 0 102 0 72 4 1 29 28 1
85 0 88 3 6 0 3 83 80 1
82 0 85 -1 -6 8 3 93 90 1
82 -1 86 -4 -40 0 4 128 124 1
80 4 84 1 -42 -30 4 128 124 1
79 3 83 0 -40 12 4 125 120 1
80 4 84 1 -36 0 4 121 116 1
80 -6 84 -1 -40 6 5 126 122 1
102 0 103 0 72 15 1 31 30 1
105 1 106 8 70 -1 2 36 34 1
85 0 89 0 6 29 4 84 80 1
80 0 84 0 -32 0 4 117 114 1
78 4 82 0 -46 0 4 128 124 1
81 -4 85 0 -24 0 4 111 106 1
79 0 83 0 -40 -7 4 125 120 1
104 0 105 -6 72 8 1 33 32 1
82 0 86 0 -40 3 5 128 124 1
81 -5 86 0 -40 0 5 127 122 1
84 2 87 3 -4 0 3 92 88 1
83 1 86 5 -6 0 4 94 90 1
82 0 85 0 -6 3 3 93 90 1
104 0 106 1 72 10 1 33 32 1
102 0 103 0 72 19 1 31 30 1
81 4 84 0 -14 0 3 99 96 1
82 0 86 0 -42 -24 4 130 126 1
107 3 108 0 70 0 1 38 38 1
77 0 81 2 -40 0 4 123 118 1
104 5 105 5 70 0 1 35 34 1
82 -4 86 0 -10 2 4 96 92 1
81 0 84 0 -14 31 3 100 96 1
77 0 81 5 -42 0 4 125 120 1
81 0 84 0 -14 -15 4 100 96 1
106 2 108 5 70 -25 2 38 36 1
81 3 85 0 -40 6 4 126 122 1
78 2 82 1 -40 14 4 123 120 1
81 0 84 0 -14 4 3 100 96 1
102 0 103 0 72 30 1 31 30 1
82 0 85 0 -10 -12 3 95 92 1
81 0 84 0 -14 -22 3 100 96 1
104 -2 105 -1 72 14 1 33 32 1
82 0 86 0 -2 24 3 88 84 1
102 0 103 1 70 -7 1 33 32 1
85 1 88 0 2 7 3 86 82 1
75 2 79 0 -42 0 4 123 118 1
107 0 108 -5 70 0 1 38 36 1
76 0 81 0 -42 -23 5 125 120 1
83 0 86 0 -4 24 3 92 88 1
76 0 81 -1 -40 13 5 122 118 1
76 1 80 1 -42 0 4 124 120 1
82 0 87 7 -40 1 5 128 124 1
78 0 83 3 -46 0 4 129 124 1
76 -2 80 0 -40 0 4 121 116 1
102 0 103 0 72 9 1 31 30 1
82 0 86 -1 -12 0 3 99 96 1
85 0 88 0 2 -19 3 86 82 1
79 0 84 0 -36 -422 4 120 116 1
105 -3 107 0 72 0 1 35 34 1
81 0 84 3 -12 20 4 97 94 1
81 0 84 0 -14 -9 4 100 96 1
84 0 88 0 -2 -21 3 90 88 1
103 -6 104 -1 72 18 1 32 30 1
76 -4 81 0 -40 0 4 122 118 1
84 0 88 0 0 23 3 88 84 1
82 0 85 0 -2 5 3 88 84 1
82 -3 86 -1 -40 0 5 128 124 1
79 0 83 0 -40 1 4 125 120 1
82 1 86 -1 -10 6 3 96 92 1
78 0 83 2 -46 0 4 129 124 1
82 -2 86 0 -40 2 5 128 124 1
85 -3 88 0 2 2 3 86 82 1
82 0 86 0 -2 20 3 88 84 1
81 0 86 1 -22 22 4 109 104 1
84 2 87 0 0 0 3 87 84 1
79 -13 83 -6 -32 -1520 4 117 112 1
102 0 103 2 70 -5 1 33 32 1
107 2 108 0 70 0 1 38 36 1
105 0 106 0 72 0 1 34 32 1
83 1 87 0 -40 0 4 128 124 1
84 0 87 0 -2 0 3 90 86 1
80 -1 84 -3 -40 5 4 125 122 1
80 0 84 -1 -42 3 5 128 124 1
82 0 86 8 -10 0 4 96 92 1
108 -3 109 0 72 4 1 36 36 1
81 -2 85 -5 -40 0 4 126 122 1
102 0 103 2 70 -2 1 33 32 1
81 0 86 0 -22 0 4 109 104 1
104 0 106 0 72 6 1 33 32 1
72 -17 77 -14 -42 -29 5 121 116 1
106 3 107 1 70 0 1 37 36 1
81 2 85 4 -24 0 4 111 106 1
82 0 85 0 -10 -16 3 95 92 1
101 0 102 0 72 24 1 30 28 1
84 1 87 0 0 0 3 87 84 1
85 1 88 1 -2 -3 3 91 88 1
81 0 86 1 -22 20 4 109 104 1
103 -2 104 0 70 -1 1 35 34 1
108 3 109 0 72 7 1 36 36 1
85 0 88 7 2 0 3 86 82 1
82 0 86 0 -10 10 3 96 92 1
73 8 77 9 -42 -4 4 121 116 1
102 0 102 -5 70 -10 1 33 32 1
80 0 84 6 -36 29 5 121 116 1
79 0 83 -1 -40 7 4 124 120 1
106 -1 108 0 72 3 1 35 34 1
107 1 109 5 72 1 2 36 34 1
102 2 103 1 72 29 1 31 30 1
79 2 83 0 -40 15 4 124 120 1
79 0 83 0 -42 1 4 127 122 1
80 0 84 0 -24 14 4 110 106 1
106 -1 107 -6 70 0 1 37 36 1
80 0 84 0 -38 0 4 123 118 1
79 -5 83 0 -40 0 4 125 120 1
105 -1 106 -3 70 -4 1 36 36 1
81 4 84 0 -24 0 3 110 106 1
76 0 81 5 -42 -25 5 125 120 1
81 5 85 0 -24 0 4 111 108 1
85 -5 88 0 0 -2 3 88 84 1
79 0 83 0 -42 16 4 127 122 1
105 0 107 3 70 0 1 37 36 1
79 0 83 5 -46 0 5 130 126 1
82 -1 86 -3 -40 0 4 128 124 1
79 0 84 6 -38 0 4 123 118 1
85 0 88 -1 2 0 3 85 82 1
85 0 88 0 0 -15 3 88 86 1
79 0 83 0 -46 -2 4 130 126 1
103 5 104 1 72 6 1 31 30 1
83 0 86 0 -4 -4 4 92 88 1
79 0 84 0 -42 -24 4 128 124 1
78 1 83 1 -42 -22 4 126 122 1
107 -2 108 0 70 0 1 38 36 1
77 5 81 4 -40 12 4 123 118 1
85 0 88 0 6 4 3 83 80 1
105 -2 107 0 72 0 1 35 34 1
84 4 88 0 6 0 4 83 78 1
81 -1 84 0 -14 3 4 100 96 1
104 3 105 4 70 0 1 35 34 1
83 0 87 8 -4 10 4 92 88 1
82 5 86 0 -12 0 3 99 96 1
83 0 86 0 -4 30 3 92 88 1
79 -3 83 0 -46 0 5 130 126 1
82 0 85 -1 -2 9 3 88 84 1
84 0 88 -1 6 -5 5 83 78 1
76 2 81 0 -40 20 4 122 118 1
76 0 81 4 -40 0 5 122 118 1
80 5 84 1 -40 9 4 126 122 1
84 0 87 0 -4 0 3 92 88 1
75 2 79 1 -42 0 4 123 118 1
79 0 83 0 -38 1 4 122 118 1
79 0 84 8 -42 -21 4 128 124 1
81 0 84 0 -18 4 4 103 98 1
81 0 84 0 -24 0 4 110 106 1
85 4 88 0 6 0 3 83 80 1
79 0 83 0 -38 31 4 122 118 1
78 -1 82 0 -40 0 4 123 120 1
80 3 84 0 -40 5 4 125 122 1
82 0 87 2 -42 -30 5 131 126 1
116 4501 106 -2 30 47 -10 75 84 1
85 0 88 -2 6 -7 3 83 80 1
79 0 83 0 -38 20 4 122 118 1
79 1 83 0 -42 0 4 127 122 1
80 0 84 0 -42 -9 4 128 124 1
78 0 83 6 -46 0 4 129 124 1
82 4 86 0 -22 0 4 109 106 1
104 -3 105 0 72 2 1 33 32 1
83 -1 86 0 -4 -8 4 92 88 1
104 0 106 0 72 9 1 33 32 1
83 2 86 6 -6 0 4 94 90 1
101 3 102 0 70 -18 1 32 32 1
78 -4 82 0 -46 0 4 128 124 1
105 -1 106 -5 70 -6 1 36 36 1
85 0 89 5 2 0 4 86 82 1
82 0 86 0 -42 -23 4 130 126 1
101 1 102 5 72 8 1 30 28 1
83 0 86 -4 -4 -12 3 91 88 1
87 2 89 0 8 0 2 81 80 1
85 0 89 0 2 -6 4 86 82 1
80 4 84 0 -42 -20 4 128 124 1
85 0 88 0 2 -16 3 86 82 1
80 -1 84 1 -20 0 4 105 100 1
76 4 82 0 -42 -6 5 126 120 1
103 -5 104 -1 70 0 1 35 34 1
79 2 83 0 -42 0 4 126 122 1
78 1 81 0 -40 177 4 123 120 1
102 0 103 2 70 -4 1 33 32 1
79 -1 83 -7 -40 0 4 125 120 1
106 -2 108 0 72 7 1 35 34 1
79 0 84 7 -38 0 4 123 118 1
108 0 109 0 72 5 1 36 36 1
104 1 106 1 72 7 1 33 32 1
84 0 88 0 -2 -13 3 90 88 1
107 1 108 1 72 10 1 36 34 1
81 -3 85 0 -40 4 4 126 122 1
80 0 84 3 -24 6 4 110 106 1
102 0 102 -5 70 -3 1 33 32 1
102 0 104 5 70 -2 2 34 32 1
84 2 86 -2 -4 0 3 92 88 1
85 0 88 -4 2 0 3 85 82 1
72 6 76 3 -42 -4 4 119 116 1
79 0 83 -1 -30 29 4 114 110 1
106 5 107 0 70 0 1 37 36 1
85 0 89 2 2 -6 4 86 82 1
81 -1 84 0 -14 2 4 100 96 1
85 0 88 0 6 17 3 83 80 1
78 0 83 1 -46 0 4 129 124 1
74 1 79 3 -42 0 4 123 118 1
81 1 85 0 -40 12 4 126 122 1
82 0 86 0 -40 7 4 128 124 1
82 1 86 0 -40 6 4 128 124 1
107 0 108 0 72 3 1 35 34 1
81 0 84 0 -22 0 3 108 104 1
82 -1 86 0 -4 -10 3 91 88 1
82 -2 86 0 -40 0 5 128 124 1
81 -3 86 -3 -40 0 4 127 122 1
85 0 89 2 2 -14 4 86 82 1
84 0 88 0 6 0 4 83 80 1
82 0 85 -3 -2 10 3 88 84 1
83 0 86 -1 -6 -24 3 94 90 1
84 0 88 -1 6 -3 4 83 78 1
84 -5 88 0 2 0 3 85 82 1
104 -8 107 -1 70 0 3 37 34 1
81 3 86 1 -40 10 4 127 122 1
79 0 83 0 -30 9 4 114 110 1
105 -5 106 1 72 3 2 34 32 1
77 0 81 0 -42 0 4 125 122 1
104 5 106 6 70 -29 1 36 34 1
84 0 87 6 -2 0 3 90 86 1
76 0 80 0 -42 -17 4 124 120 1
80 0 84 0 -38 -3 4 123 118 1
81 1 85 0 -40 9 4 126 122 1
79 4 83 0 -42 0 4 126 122 1
76 0 81 -2 -40 16 5 122 118 1
79 0 83 0 -30 18 4 114 110 1
102 1 103 0 70 -5 1 33 32 1
81 0 84 0 -18 -12 3 103 100 1
81 0 84 0 -18 19 4 103 98 1
84 -10 89 0 8 0 5 81 76 1
101 -1 102 -1 72 0 1 29 28 1
82 0 85 -1 -2 0 3 88 84 1
108 1 109 0 72 1 1 36 36 1
107 0 108 0 72 8 1 36 34 1
104 0 104 -4 70 0 1 35 34 1
82 0 86 1 -2 6 4 88 84 1
81 0 84 0 -18 22 4 103 98 1
81 0 85 0 -40 4 4 126 122 1
84 1 88 0 0 2 3 88 84 1
80 1 84 0 -32 0 4 117 114 1
76 1 81 1 -40 9 5 122 118 1
85 0 88 -273 0 0 3 88 84 1
82 0 85 -1 -6 6 3 93 90 1
79 2 83 0 -30 0 4 114 110 1
104 2 105 2 70 0 1 35 34 1
85 -4 89 0 2 0 4 86 82 1
76 -5 81 0 -40 0 4 122 118 1
78 -1 83 0 -40 1 4 124 120 1
105 4 106 2 72 6 1 33 32 1
83 0 86 0 -4 -7 4 92 88 1
79 0 83 0 -42 -81 4 127 124 1
85 5 89 0 6 -5 4 84 80 1
80 1 84 6 -40 9 5 126 122 1
104 -1 106 -3 70 -4 1 36 34 1
81 3 85 0 -12 0 4 98 94 1
106 0 107 -2 70 0 1 37 36 1
104 2 105 4 70 0 1 35 34 1
123 170 105 0 36 -1 -18 69 86 1
82 1 86 0 -22 4 4 109 106 1
81 -1 84 -3 -18 26 4 103 98 1
81 0 84 0 -18 0 4 103 98 1
106 -4 107 -6 72 0 1 35 34 1
81 0 84 0 -22 -6 4 108 104 1
