45 46 77 0 -22 0 33 101 68 0
72 30 82 0 -42 -3 10 126 116 0
68 72 82 0 -42 -8 14 126 112 0
50 22 79 0 42 0 29 37 8 0
48 30 77 0 28 0 29 48 20 0
81 0 84 3 -12 20 4 97 94 1
81 1 84 0 -14 2 3 100 96 1
80 -4 84 0 -42 0 5 128 124 1
104 2 106 3 70 0 1 36 34 1
84 0 87 1 -2 0 3 90 86 1
80 -3 84 0 -20 0 4 105 100 1
85 0 88 0 6 24 3 83 80 1
83 3 86 8 -6 0 4 94 90 1
102 0 103 2 72 30 1 31 30 1
75 5 79 1 -42 0 4 123 118 1
79 -1 83 -8 436 1822 4 -353 -356 1
81 1 84 0 -18 -26 3 103 100 1
85 0 88 -6 6 3 3 83 80 1
81 5 85 2 -40 3 4 126 122 1
107 0 108 7 70 0 1 38 36 1
78 1 82 3 -42 0 4 126 122 1
84 0 88 -1 -2 -11 3 90 88 1
105 -1 106 -1 70 0 1 36 34 1
104 0 106 -1 70 -2 1 36 34 1
81 -3 85 -6 -40 0 4 126 122 1
85 0 88 0 -2 -3 3 91 88 1
80 0 84 0 -32 20 4 117 114 1
79 0 84 2 -32 -7 4 117 112 1
80 1 84 8 -28 0 4 113 108 1
79 0 83 0 -46 -17 4 130 126 1
83 0 86 0 -4 14 3 92 88 1
84 0 88 0 2 0 3 85 82 1
105 -11 108 0 70 0 3 38 36 1
82 -2 86 -1 -40 0 5 128 124 1
102 0 102 -1 72 14 1 30 30 1
105 -2 106 -3 72 1 1 33 32 1
104 -1 106 0 72 5 1 33 32 1
84 1 88 0 6 0 4 83 80 1
80 4 84 0 -38 0 4 123 118 1
76 4 82 0 -42 -6 5 126 120 1
82 -1 86 0 -6 0 3 94 90 1
108 4 109 0 72 9 1 36 36 1
80 -3 84 -8 -40 3 4 125 122 1
80 0 84 -6 -42 0 4 128 124 1
80 -1 84 -2 -42 5 5 128 124 1
79 0 83 0 -32 -24 4 117 112 1
84 0 88 1 0 0 3 88 84 1
76 0 80 -7 -40 0 4 121 118 1
85 -3 88 0 2 7 3 86 82 1
82 0 85 0 -2 5 3 88 84 1
76 2 81 1 -40 11 5 122 118 1
103 0 104 8 70 0 1 35 34 1
105 -1 106 -5 70 -6 1 36 36 1
74 3 79 7 -42 0 4 123 118 1
85 0 89 2 2 -14 4 86 82 1
85 4 88 0 2 0 3 86 82 1
82 0 86 0 -10 16 3 96 92 1
85 0 88 -14 0 0 3 88 84 1
78 0 82 -1 -42 0 4 126 122 1
102 2 103 0 72 18 1 31 30 1
76 0 81 -1 -40 13 5 122 118 1
81 3 84 0 -14 -3 3 99 96 1
79 0 83 -1 -30 29 4 114 110 1
76 0 81 0 -42 -20 5 125 120 1
82 0 86 3 -10 -30 4 96 92 1
102 1 103 5 70 0 1 33 32 1
107 4 108 0 70 0 1 38 38 1
102 0 103 1 70 -7 1 33 32 1
85 0 89 0 2 -10 4 86 82 1
85 -7 89 0 8 0 4 81 78 1
83 0 86 0 -4 0 3 92 88 1
82 5 86 0 -6 0 3 94 90 1
82 0 85 -7 -10 0 3 95 92 1
79 0 84 0 -40 7 4 125 120 1
76 0 81 5 -42 0 5 125 120 1
77 -2 81 0 -40 47 4 123 118 1
102 0 102 -3 72 24 1 30 30 1
86 5 89 0 2 -14 3 86 84 1
83 0 86 0 -4 22 3 92 88 1
101 1 102 3 70 -20 1 33 32 1
104 2 105 2 72 4 1 33 32 1
81 0 84 0 -14 -14 4 100 96 1
85 -16 89 0 8 0 4 81 78 1
87 2 89 0 8 0 2 81 80 1
84 0 87 -1 0 8 3 87 84 1
78 3 81 0 -42 0 4 125 122 1
79 0 83 0 -30 -28 4 114 110 1
79 -3 84 0 -32 0 4 117 112 1
104 -1 105 -1 72 11 1 33 32 1
78 2 81 0 -40 0 4 123 120 1
79 0 83 0 -40 -13 4 125 120 1
76 0 80 -1 -42 -11 4 124 120 1
81 1 86 0 -40 4 4 127 122 1
71 -9 76 -11 -40 5 4 117 112 1
102 0 103 -1 72 20 1 31 30 1
79 0 83 0 -42 6 4 127 122 1
85 0 88 0 -2 -5 3 91 88 1
84 -2 88 -6 -2 -11 3 90 88 1
85 5 88 0 0 0 3 88 86 1
81 0 84 0 -20 19 4 105 102 1
82 0 86 2 -6 5 4 94 90 1
81 0 85 -7 -22 0 4 108 104 1
82 0 86 0 -2 12 3 88 84 1
84 0 87 -1 0 6 3 87 84 1
81 0 84 0 -18 -16 3 103 100 1
76 0 81 0 -42 -7 5 125 120 1
79 0 83 0 -40 0 4 124 120 1
102 0 102 -3 70 -12 1 33 32 1
76 0 81 5 -42 -25 5 125 120 1
80 1 84 0 -32 0 4 117 114 1
102 -4 103 0 70 -15 1 33 32 1
104 0 105 -7 72 2 1 33 32 1
84 0 88 0 -2 -23 3 90 88 1
82 -1 87 0 -40 1 5 128 124 1
104 8 105 9 70 -25 1 35 34 1
82 0 86 0 -12 -22 3 99 96 1
81 0 85 2 -12 0 4 98 94 1
102 0 103 2 72 28 1 31 30 1
82 1 86 0 -40 9 4 128 124 1
102 3 104 3 72 15 1 31 30 1
85 1 88 0 0 -1 3 88 86 1
86 4 89 0 6 -18 3 84 80 1
103 -5 104 -4 72 15 1 32 30 1
85 0 88 -1 6 19 3 83 80 1
106 5 108 3 70 0 1 38 36 1
104 0 104 -8 70 -9 1 35 34 1
79 0 84 -2 -40 10 4 125 120 1
108 3 109 2 72 5 1 36 36 1
103 0 104 -7 70 0 1 34 34 1
79 0 83 -6 -32 -17 4 117 112 1
85 -3 88 0 0 0 3 88 84 1
105 0 106 0 72 0 1 34 34 1
83 -2 86 0 -2 25 4 89 86 1
81 0 84 0 -14 -8 3 99 96 1
104 -3 105 -2 70 -30 1 35 34 1
80 4 84 0 -36 12 4 121 116 1
79 0 83 0 -38 2 4 122 118 1
107 2 108 3 72 0 1 36 34 1
79 0 84 4 -42 -10 4 128 124 1
85 0 88 0 2 29 3 86 82 1
79 -1 83 0 -32 132 4 117 112 1
80 5 84 0 -28 0 4 112 108 1
81 1 85 0 -40 8 4 126 122 1
86 5 89 0 2 -1 3 86 84 1
106 -1 108 0 72 4 1 35 34 1
105 0 106 -5 70 0 1 36 34 1
80 -1 84 0 -14 0 4 99 96 1
104 5 105 0 72 6 1 33 32 1
82 0 85 0 -10 -6 3 95 92 1
103 -4 104 0 72 12 1 32 30 1
80 -2 84 2 -36 0 5 121 116 1
83 -5 86 -6 -4 0 3 92 88 1
84 0 87 0 0 3 3 87 84 1
81 4 85 0 -42 -29 4 129 124 1
78 0 83 8 -46 0 4 129 124 1
85 0 88 0 6 21 3 83 80 1
85 0 88 -3 2 -7 3 86 82 1
102 0 103 0 70 -24 1 33 32 1
85 0 89 0 6 26 4 84 80 1
73 -13 77 -13 -40 2 4 119 114 1
80 0 84 -1 -42 3 5 128 124 1
102 3 104 3 70 -1 1 34 32 1
85 0 89 4 2 0 4 86 82 1
81 0 84 0 -14 27 3 100 96 1
82 0 86 0 -12 -2 3 99 96 1
101 0 102 0 70 -3 1 33 32 1
79 1 84 2 -40 1 4 125 120 1
80 3 84 0 -42 -18 4 128 124 1
79 -4 83 -6 -40 6 4 124 120 1
102 0 102 0 70 -4 1 33 32 1
82 1 86 0 -22 4 4 109 106 1
107 -4 108 0 70 0 1 38 36 1
75 6 79 6 -42 0 4 123 120 1
85 2 88 2 -2 0 3 91 88 1
80 0 84 -3 -36 0 4 120 116 1
80 0 84 0 -24 6 4 110 106 1
79 0 83 0 -38 26 4 122 118 1
81 4 84 0 -18 0 3 103 100 1
107 0 108 -6 70 -19 1 38 36 1
85 0 88 -1 2 -4 3 86 82 1
84 -2 88 0 6 0 4 83 78 1
84 0 87 7 -2 0 3 90 86 1
107 -2 108 -1 70 -23 1 38 38 1
107 4 108 -1 70 -1 1 38 36 1
81 0 86 5 -24 -1 4 112 108 1
104 -3 105 0 72 2 1 33 32 1
106 3 108 1 70 0 1 38 36 1
80 0 84 0 -40 23 4 125 122 1
101 0 102 0 72 8 1 29 28 1
104 2 105 -1 70 0 1 35 34 1
81 0 84 0 -22 -12 4 108 104 1
85 1 88 0 -2 -7 3 91 88 1
81 0 84 0 -20 -10 4 105 102 1
106 2 108 7 72 7 2 35 34 1
81 1 86 0 -40 5 4 127 122 1
82 0 86 -1 -12 -19 3 99 96 1
78 -3 83 0 -46 0 4 129 124 1
85 -1 89 0 2 -1 4 86 82 1
84 8 89 0 6 -10 5 84 80 1
79 0 83 -4 -46 0 4 129 126 1
81 0 86 1 -24 -11 4 112 108 1
81 2 84 0 -14 -17 3 100 96 1
82 0 85 -1 -2 9 3 88 84 1
81 0 84 0 -18 0 4 103 98 1
102 0 102 -5 70 -5 1 33 32 1
83 0 86 -1 -4 10 3 92 88 1
81 0 84 0 -20 3 4 105 102 1
83 1 86 2 -6 0 4 94 90 1
85 0 88 0 6 11 3 83 80 1
78 3 82 0 -46 0 4 128 124 1
84 0 88 7 0 0 4 88 84 1
107 1 108 2 72 6 1 36 34 1
85 0 88 -114 0 0 3 88 84 1
105 -5 106 0 70 0 2 36 34 1
76 2 81 0 -40 20 4 122 118 1
84 -1 88 1 -2 0 4 90 86 1
82 5 86 0 -40 5 4 128 124 1
106 1 108 0 70 0 1 38 36 1
105 1 107 2 72 1 1 35 34 1
79 -10 83 -5 -100 -1990 4 184 180 1
80 0 84 0 -36 -3 4 120 116 1
76 3 80 0 -40 0 4 121 118 1
82 5 86 1 -2 4 3 88 84 1
82 1 86 0 -42 -23 4 130 126 1
106 0 107 -7 70 0 1 37 36 1
83 0 86 0 -2 17 3 89 86 1
105 -1 106 -3 70 -4 1 36 36 1
81 0 85 1 -22 0 4 108 104 1
86 5 89 0 6 -23 3 84 80 1
106 -1 108 0 70 0 2 38 36 1
102 -2 103 -4 70 -17 1 33 32 1
104 0 106 0 70 0 1 36 34 1
101 0 102 -2 72 -2 1 29 28 1
79 5 83 1 -40 9 4 125 120 1
81 0 84 0 -12 8 3 97 94 1
106 0 108 1 70 0 2 38 36 1
103 5 104 2 70 0 1 35 34 1
85 -1 88 0 6 0 3 83 80 1
76 5 81 3 -40 15 5 122 118 1
107 3 108 0 72 3 1 36 34 1
86 7 89 0 8 15 3 81 78 1
85 0 89 2 2 -6 4 86 82 1
102 -3 104 0 70 0 1 34 32 1
80 2 84 -2 -36 3 4 121 116 1
105 3 106 1 72 31 1 34 32 1
105 7 106 2 72 7 1 34 34 1
81 -5 84 0 -22 -6 4 108 104 1
85 0 88 -273 0 0 3 88 84 1
81 0 84 -7 -14 0 3 99 96 1
83 0 86 -1 -4 1 3 92 88 1
82 0 87 0 -40 2 5 128 124 1
104 0 105 -7 72 10 1 33 32 1
82 0 86 0 -22 1 4 109 106 1
107 0 108 -1 72 3 1 35 34 1
80 0 84 0 -36 -14 4 120 116 1
79 0 83 -5 -32 -5 4 117 112 1
81 -5 86 0 -22 0 4 109 104 1
77 6 81 0 -42 -22 4 125 122 1
79 0 84 1 -38 0 4 123 118 1
79 2 83 0 -42 0 4 127 122 1
82 0 86 0 -10 1 3 96 92 1
81 1 85 0 -24 0 4 111 108 1
84 4 86 -3 -4 0 3 92 88 1
101 -1 102 -1 72 0 1 29 28 1
77 -5 81 0 -40 277 4 123 118 1
80 0 84 0 -36 5 4 120 116 1
71 -2 74 -7 -42 -19 4 118 114 1
79 -4 84 0 -40 1 4 125 120 1
101 0 102 0 72 5 1 30 28 1
103 3 104 6 70 0 1 35 34 1
104 2 106 4 72 2 1 33 32 1
78 1 83 2 -40 16 4 124 120 1
81 0 84 0 -20 15 4 105 102 1
105 5 106 -7 70 0 1 36 36 1
83 0 86 -6 -4 -9 3 91 88 1
87 1 89 0 8 1 2 81 78 1
73 11 77 7 -40 28 4 118 114 1
78 0 81 -1 -40 7973 4 123 120 1
85 0 88 0 2 -29 3 86 82 1
82 0 87 2 -42 -30 5 131 126 1
79 0 83 0 -30 14 4 114 110 1
105 -3 106 -7 70 0 1 36 34 1
73 8 77 9 -42 -4 4 121 116 1
76 0 81 1 -42 0 5 125 120 1
83 5 87 0 -40 1 4 128 124 1
85 -3 88 0 2 2 3 86 82 1
79 0 83 -3 -32 -2 4 117 112 1
82 0 85 0 -10 -13 3 95 92 1
85 2 88 0 6 7 3 83 80 1
80 0 84 7 -20 0 4 105 100 1
76 -1 80 0 -40 0 4 121 116 1
83 0 87 8 -4 0 4 92 88 1
82 2 86 0 -12 0 3 99 96 1
105 -2 106 2 70 0 2 36 34 1
81 0 84 0 -12 11 3 97 94 1
78 0 81 -5 -40 0 4 123 120 1
102 0 104 0 70 0 1 34 32 1
82 2 86 0 -22 10 4 109 106 1
85 0 88 -1 6 -3 3 83 80 1
102 0 103 5 70 -1 1 33 32 1
79 0 83 0 -28 8 4 112 108 1
107 5 108 1 72 1 1 35 34 1
104 -4 105 -3 70 0 1 35 34 1
85 -3 88 0 2 -25 3 86 82 1
78 -2 83 0 -40 2 4 124 120 1
81 0 86 2 -22 21 4 109 104 1
105 1 107 8 70 0 1 37 36 1
82 4 86 0 -10 1 3 96 92 1
79 0 84 1 -42 -1 4 128 124 1
71 6 75 0 -42 -9 3 119 116 1
106 -2 107 -7 70 0 1 37 36 1
81 0 85 8 -12 2 4 98 94 1
78 5 83 6 -40 17 4 124 120 1
102 1 104 6 70 -3 2 34 32 1
76 -1 81 0 -40 10 5 122 116 1
76 -4 81 -3 -42 -1 5 125 120 1
81 -4 84 0 -14 4 4 100 96 1
102 0 103 5 70 -11 1 33 32 1
80 -1 84 -2 -42 7 5 128 124 1
123 109 105 0 36 -1 -18 69 86 1
81 2 84 0 -14 -5 3 99 96 1
76 -5 81 0 -40 18 5 122 116 1
104 2 105 0 70 -29 1 35 34 1
82 0 86 0 -10 23 3 96 92 1
104 -1 105 0 72 9 1 33 32 1
75 1 79 8 -42 0 5 123 118 1
85 -5 88 0 2 13 3 86 82 1
123 275 105 0 36 -2 -18 69 86 1
85 7 89 0 8 22 4 81 78 1
111 4254 105 0 36 0 -6 69 76 1
85 0 88 -587 0 0 3 88 84 1
123 656 105 1 36 -4 -18 69 86 1
