2 21 13 7 43 0.046511627906976744 0.4883720930232558 0.3023255813953488 0.16279069767441862 66 33 6 1 106 0.6226415094339622 0.3113207547169811 0.05660377358490566 0.009433962264150943 
4 19 15 5 43 0.09302325581395349 0.4418604651162791 0.3488372093023256 0.11627906976744186 70 31 5 0 106 0.660377358490566 0.29245283018867924 0.04716981132075472 0.0 
1 25 9 8 43 0.023255813953488372 0.5813953488372093 0.20930232558139536 0.18604651162790697 60 36 10 0 106 0.5660377358490566 0.33962264150943394 0.09433962264150944 0.0 
5 17 15 6 43 0.11627906976744186 0.3953488372093023 0.3488372093023256 0.13953488372093023 61 43 1 1 106 0.5754716981132075 0.4056603773584906 0.009433962264150943 0.009433962264150943 
5 21 15 2 43 0.11627906976744186 0.4883720930232558 0.3488372093023256 0.046511627906976744 68 33 5 0 106 0.6415094339622641 0.3113207547169811 0.04716981132075472 0.0 
6 19 12 6 43 0.13953488372093023 0.4418604651162791 0.27906976744186046 0.13953488372093023 78 21 5 1 105 0.7428571428571429 0.2 0.047619047619047616 0.009523809523809525 
4 21 10 8 43 0.09302325581395349 0.4883720930232558 0.23255813953488372 0.18604651162790697 71 30 2 2 105 0.6761904761904762 0.2857142857142857 0.01904761904761905 0.01904761904761905 
9 17 13 4 43 0.20930232558139536 0.3953488372093023 0.3023255813953488 0.09302325581395349 65 31 7 2 105 0.6190476190476191 0.29523809523809524 0.06666666666666667 0.01904761904761905 
1 25 12 5 43 0.023255813953488372 0.5813953488372093 0.27906976744186046 0.11627906976744186 78 21 6 0 105 0.7428571428571429 0.2 0.05714285714285714 0.0 
7 17 10 8 42 0.16666666666666666 0.40476190476190477 0.23809523809523808 0.19047619047619047 60 41 4 0 105 0.5714285714285714 0.3904761904761905 0.0380952380952381 0.0 
