3 23 13 4 43 0.06976744186046512 0.5348837209302325 0.3023255813953488 0.09302325581395349 76 22 7 1 106 0.7169811320754716 0.20754716981132076 0.0660377358490566 0.009433962264150943 
5 26 7 5 43 0.11627906976744186 0.6046511627906976 0.16279069767441862 0.11627906976744186 66 33 6 1 106 0.6226415094339622 0.3113207547169811 0.05660377358490566 0.009433962264150943 
14 19 7 3 43 0.32558139534883723 0.4418604651162791 0.16279069767441862 0.06976744186046512 70 33 2 1 106 0.660377358490566 0.3113207547169811 0.018867924528301886 0.009433962264150943 
7 17 17 2 43 0.16279069767441862 0.3953488372093023 0.3953488372093023 0.046511627906976744 67 34 5 0 106 0.6320754716981132 0.32075471698113206 0.04716981132075472 0.0 
2 22 13 6 43 0.046511627906976744 0.5116279069767442 0.3023255813953488 0.13953488372093023 76 28 0 1 105 0.7238095238095238 0.26666666666666666 0.0 0.009523809523809525 
7 18 15 3 43 0.16279069767441862 0.4186046511627907 0.3488372093023256 0.06976744186046512 67 30 6 2 105 0.638095238095238 0.2857142857142857 0.05714285714285714 0.01904761904761905 
8 20 7 8 43 0.18604651162790697 0.46511627906976744 0.16279069767441862 0.18604651162790697 74 25 4 2 105 0.7047619047619048 0.23809523809523808 0.0380952380952381 0.01904761904761905 
4 23 9 7 43 0.09302325581395349 0.5348837209302325 0.20930232558139536 0.16279069767441862 77 23 3 2 105 0.7333333333333333 0.21904761904761905 0.02857142857142857 0.01904761904761905 
8 17 11 7 43 0.18604651162790697 0.3953488372093023 0.2558139534883721 0.16279069767441862 81 20 3 1 105 0.7714285714285715 0.19047619047619047 0.02857142857142857 0.009523809523809525 
1 23 12 6 42 0.023809523809523808 0.5476190476190477 0.2857142857142857 0.14285714285714285 65 34 7 0 106 0.6132075471698113 0.32075471698113206 0.0660377358490566 0.0 
