83 181 78 44 386 0.21502590673575128 0.4689119170984456 0.20207253886010362 0.11398963730569948 683 226 32 8 949 0.7197049525816649 0.23814541622760801 0.03371970495258166 0.008429926238145416 
83 177 88 38 386 0.21502590673575128 0.4585492227979275 0.22797927461139897 0.09844559585492228 686 213 36 14 949 0.7228661749209695 0.2244467860906217 0.037934668071654375 0.014752370916754479 
90 157 96 43 386 0.23316062176165803 0.4067357512953368 0.24870466321243523 0.11139896373056994 675 228 33 13 949 0.7112750263435195 0.24025289778714437 0.03477344573234984 0.0136986301369863 
91 168 85 42 386 0.23575129533678757 0.43523316062176165 0.22020725388601037 0.10880829015544041 681 221 36 11 949 0.7175974710221286 0.2328767123287671 0.037934668071654375 0.011591148577449948 
90 178 78 40 386 0.23316062176165803 0.46113989637305697 0.20207253886010362 0.10362694300518134 673 239 26 12 950 0.708421052631579 0.25157894736842107 0.02736842105263158 0.01263157894736842 
88 169 86 43 386 0.22797927461139897 0.4378238341968912 0.22279792746113988 0.11139896373056994 676 226 37 11 950 0.7115789473684211 0.23789473684210527 0.03894736842105263 0.011578947368421053 
95 171 91 29 386 0.24611398963730569 0.4430051813471503 0.23575129533678757 0.07512953367875648 677 228 33 12 950 0.7126315789473684 0.24 0.034736842105263156 0.01263157894736842 
81 178 84 43 386 0.20984455958549222 0.46113989637305697 0.21761658031088082 0.11139896373056994 679 229 32 10 950 0.7147368421052631 0.24105263157894738 0.03368421052631579 0.010526315789473684 
94 175 76 41 386 0.24352331606217617 0.4533678756476684 0.19689119170984457 0.10621761658031088 689 218 34 9 950 0.7252631578947368 0.2294736842105263 0.035789473684210524 0.009473684210526316 
98 170 75 44 387 0.2532299741602067 0.4392764857881137 0.1937984496124031 0.11369509043927649 675 235 27 12 949 0.7112750263435195 0.2476290832455216 0.02845100105374078 0.012644889357218124 
