15 45 16 14 90 0.16666666666666666 0.5 0.17777777777777778 0.15555555555555556 396 47 5 2 450 0.88 0.10444444444444445 0.011111111111111112 0.0044444444444444444 
13 43 20 14 90 0.14444444444444443 0.4777777777777778 0.2222222222222222 0.15555555555555556 385 61 3 1 450 0.8555555555555555 0.13555555555555557 0.006666666666666667 0.0022222222222222222 
13 41 27 9 90 0.14444444444444443 0.45555555555555555 0.3 0.1 379 68 3 0 450 0.8422222222222222 0.1511111111111111 0.006666666666666667 0.0 
13 41 27 9 90 0.14444444444444443 0.45555555555555555 0.3 0.1 386 59 4 1 450 0.8577777777777778 0.13111111111111112 0.008888888888888889 0.0022222222222222222 
12 37 31 10 90 0.13333333333333333 0.4111111111111111 0.34444444444444444 0.1111111111111111 384 60 5 1 450 0.8533333333333334 0.13333333333333333 0.011111111111111112 0.0022222222222222222 
11 41 26 12 90 0.12222222222222222 0.45555555555555555 0.28888888888888886 0.13333333333333333 384 60 5 1 450 0.8533333333333334 0.13333333333333333 0.011111111111111112 0.0022222222222222222 
14 41 25 10 90 0.15555555555555556 0.45555555555555555 0.2777777777777778 0.1111111111111111 385 62 2 1 450 0.8555555555555555 0.13777777777777778 0.0044444444444444444 0.0022222222222222222 
10 39 31 10 90 0.1111111111111111 0.43333333333333335 0.34444444444444444 0.1111111111111111 377 68 4 1 450 0.8377777777777777 0.1511111111111111 0.008888888888888889 0.0022222222222222222 
12 41 25 12 90 0.13333333333333333 0.45555555555555555 0.2777777777777778 0.13333333333333333 387 59 2 2 450 0.86 0.13111111111111112 0.0044444444444444444 0.0044444444444444444 
8 45 25 12 90 0.08888888888888889 0.5 0.2777777777777778 0.13333333333333333 378 67 4 1 450 0.84 0.14888888888888888 0.008888888888888889 0.0022222222222222222 
