0 0 6 4 10 0.0 0.0 0.6 0.4 59 11 0 0 70 0.8428571428571429 0.15714285714285714 0.0 0.0 
0 3 3 4 10 0.0 0.3 0.3 0.4 59 11 0 0 70 0.8428571428571429 0.15714285714285714 0.0 0.0 
0 3 4 3 10 0.0 0.3 0.4 0.3 62 8 0 0 70 0.8857142857142857 0.11428571428571428 0.0 0.0 
0 4 3 3 10 0.0 0.4 0.3 0.3 64 6 0 0 70 0.9142857142857143 0.08571428571428572 0.0 0.0 
0 5 3 2 10 0.0 0.5 0.3 0.2 58 12 0 0 70 0.8285714285714286 0.17142857142857143 0.0 0.0 
0 3 5 2 10 0.0 0.3 0.5 0.2 60 10 0 0 70 0.8571428571428571 0.14285714285714285 0.0 0.0 
0 1 5 4 10 0.0 0.1 0.5 0.4 66 3 1 0 70 0.9428571428571428 0.04285714285714286 0.014285714285714285 0.0 
0 3 2 5 10 0.0 0.3 0.2 0.5 66 4 0 0 70 0.9428571428571428 0.05714285714285714 0.0 0.0 
0 4 5 1 10 0.0 0.4 0.5 0.1 62 8 0 0 70 0.8857142857142857 0.11428571428571428 0.0 0.0 
0 4 5 1 10 0.0 0.4 0.5 0.1 54 16 0 0 70 0.7714285714285715 0.22857142857142856 0.0 0.0 
