50 29 7 4 90 0.5555555555555556 0.32222222222222224 0.07777777777777778 0.044444444444444446 418 31 1 0 450 0.9288888888888889 0.06888888888888889 0.0022222222222222222 0.0 
49 29 8 4 90 0.5444444444444444 0.32222222222222224 0.08888888888888889 0.044444444444444446 417 31 1 1 450 0.9266666666666666 0.06888888888888889 0.0022222222222222222 0.0022222222222222222 
52 25 11 2 90 0.5777777777777777 0.2777777777777778 0.12222222222222222 0.022222222222222223 420 28 2 0 450 0.9333333333333333 0.06222222222222222 0.0044444444444444444 0.0 
52 25 9 4 90 0.5777777777777777 0.2777777777777778 0.1 0.044444444444444446 416 31 3 0 450 0.9244444444444444 0.06888888888888889 0.006666666666666667 0.0 
57 21 6 6 90 0.6333333333333333 0.23333333333333334 0.06666666666666667 0.06666666666666667 418 30 1 1 450 0.9288888888888889 0.06666666666666667 0.0022222222222222222 0.0022222222222222222 
55 23 8 4 90 0.6111111111111112 0.25555555555555554 0.08888888888888889 0.044444444444444446 419 29 2 0 450 0.9311111111111111 0.06444444444444444 0.0044444444444444444 0.0 
55 23 7 5 90 0.6111111111111112 0.25555555555555554 0.07777777777777778 0.05555555555555555 421 28 1 0 450 0.9355555555555556 0.06222222222222222 0.0022222222222222222 0.0 
52 27 8 3 90 0.5777777777777777 0.3 0.08888888888888889 0.03333333333333333 414 34 2 0 450 0.92 0.07555555555555556 0.0044444444444444444 0.0 
51 27 8 4 90 0.5666666666666667 0.3 0.08888888888888889 0.044444444444444446 416 33 1 0 450 0.9244444444444444 0.07333333333333333 0.0022222222222222222 0.0 
53 24 10 3 90 0.5888888888888889 0.26666666666666666 0.1111111111111111 0.03333333333333333 420 28 2 0 450 0.9333333333333333 0.06222222222222222 0.0044444444444444444 0.0 
