0 6 3 1 10 0.0 0.6 0.3 0.1 61 8 1 0 70 0.8714285714285714 0.11428571428571428 0.014285714285714285 0.0 
0 6 2 2 10 0.0 0.6 0.2 0.2 62 8 0 0 70 0.8857142857142857 0.11428571428571428 0.0 0.0 
0 6 2 2 10 0.0 0.6 0.2 0.2 62 8 0 0 70 0.8857142857142857 0.11428571428571428 0.0 0.0 
0 8 1 1 10 0.0 0.8 0.1 0.1 60 10 0 0 70 0.8571428571428571 0.14285714285714285 0.0 0.0 
0 7 2 1 10 0.0 0.7 0.2 0.1 63 6 1 0 70 0.9 0.08571428571428572 0.014285714285714285 0.0 
0 4 4 2 10 0.0 0.4 0.4 0.2 66 4 0 0 70 0.9428571428571428 0.05714285714285714 0.0 0.0 
0 4 4 2 10 0.0 0.4 0.4 0.2 58 12 0 0 70 0.8285714285714286 0.17142857142857143 0.0 0.0 
0 6 3 1 10 0.0 0.6 0.3 0.1 63 7 0 0 70 0.9 0.1 0.0 0.0 
1 7 2 0 10 0.1 0.7 0.2 0.0 67 2 1 0 70 0.9571428571428572 0.02857142857142857 0.014285714285714285 0.0 
0 7 0 3 10 0.0 0.7 0.0 0.3 62 8 0 0 70 0.8857142857142857 0.11428571428571428 0.0 0.0 
