10 27 32 21 90 0.1111111111111111 0.3 0.35555555555555557 0.23333333333333334 566 64 0 0 630 0.8984126984126984 0.10158730158730159 0.0 0.0 
7 38 26 19 90 0.07777777777777778 0.4222222222222222 0.28888888888888886 0.2111111111111111 566 64 0 0 630 0.8984126984126984 0.10158730158730159 0.0 0.0 
13 26 27 24 90 0.14444444444444443 0.28888888888888886 0.3 0.26666666666666666 571 59 0 0 630 0.9063492063492063 0.09365079365079365 0.0 0.0 
9 33 27 21 90 0.1 0.36666666666666664 0.3 0.23333333333333334 570 60 0 0 630 0.9047619047619048 0.09523809523809523 0.0 0.0 
13 27 28 22 90 0.14444444444444443 0.3 0.3111111111111111 0.24444444444444444 573 57 0 0 630 0.9095238095238095 0.09047619047619047 0.0 0.0 
12 23 35 20 90 0.13333333333333333 0.25555555555555554 0.3888888888888889 0.2222222222222222 564 66 0 0 630 0.8952380952380953 0.10476190476190476 0.0 0.0 
14 29 25 22 90 0.15555555555555556 0.32222222222222224 0.2777777777777778 0.24444444444444444 566 62 2 0 630 0.8984126984126984 0.09841269841269841 0.0031746031746031746 0.0 
12 29 24 25 90 0.13333333333333333 0.32222222222222224 0.26666666666666666 0.2777777777777778 572 58 0 0 630 0.9079365079365079 0.09206349206349207 0.0 0.0 
12 22 33 23 90 0.13333333333333333 0.24444444444444444 0.36666666666666664 0.25555555555555554 566 64 0 0 630 0.8984126984126984 0.10158730158730159 0.0 0.0 
8 28 34 20 90 0.08888888888888889 0.3111111111111111 0.37777777777777777 0.2222222222222222 566 64 0 0 630 0.8984126984126984 0.10158730158730159 0.0 0.0 
