0 0 8 2 10 0.0 0.0 0.8 0.2 36 14 0 0 50 0.72 0.28 0.0 0.0 
0 6 2 2 10 0.0 0.6 0.2 0.2 43 7 0 0 50 0.86 0.14 0.0 0.0 
0 3 3 4 10 0.0 0.3 0.3 0.4 41 8 1 0 50 0.82 0.16 0.02 0.0 
0 4 2 4 10 0.0 0.4 0.2 0.4 42 7 1 0 50 0.84 0.14 0.02 0.0 
1 2 5 2 10 0.1 0.2 0.5 0.2 37 12 1 0 50 0.74 0.24 0.02 0.0 
0 0 6 4 10 0.0 0.0 0.6 0.4 35 15 0 0 50 0.7 0.3 0.0 0.0 
0 2 6 2 10 0.0 0.2 0.6 0.2 40 10 0 0 50 0.8 0.2 0.0 0.0 
0 0 8 2 10 0.0 0.0 0.8 0.2 38 12 0 0 50 0.76 0.24 0.0 0.0 
0 5 3 2 10 0.0 0.5 0.3 0.2 42 8 0 0 50 0.84 0.16 0.0 0.0 
0 3 6 1 10 0.0 0.3 0.6 0.1 40 10 0 0 50 0.8 0.2 0.0 0.0 
