26 19 28 17 90 0.28888888888888886 0.2111111111111111 0.3111111111111111 0.18888888888888888 574 56 0 0 630 0.9111111111111111 0.08888888888888889 0.0 0.0 
20 26 29 15 90 0.2222222222222222 0.28888888888888886 0.32222222222222224 0.16666666666666666 579 51 0 0 630 0.919047619047619 0.08095238095238096 0.0 0.0 
24 22 28 16 90 0.26666666666666666 0.24444444444444444 0.3111111111111111 0.17777777777777778 579 51 0 0 630 0.919047619047619 0.08095238095238096 0.0 0.0 
24 25 28 13 90 0.26666666666666666 0.2777777777777778 0.3111111111111111 0.14444444444444443 579 50 1 0 630 0.919047619047619 0.07936507936507936 0.0015873015873015873 0.0 
26 21 28 15 90 0.28888888888888886 0.23333333333333334 0.3111111111111111 0.16666666666666666 575 55 0 0 630 0.9126984126984127 0.0873015873015873 0.0 0.0 
25 21 31 13 90 0.2777777777777778 0.23333333333333334 0.34444444444444444 0.14444444444444443 579 51 0 0 630 0.919047619047619 0.08095238095238096 0.0 0.0 
23 24 25 18 90 0.25555555555555554 0.26666666666666666 0.2777777777777778 0.2 582 48 0 0 630 0.9238095238095239 0.0761904761904762 0.0 0.0 
26 20 26 18 90 0.28888888888888886 0.2222222222222222 0.28888888888888886 0.2 586 44 0 0 630 0.9301587301587302 0.06984126984126984 0.0 0.0 
24 20 29 17 90 0.26666666666666666 0.2222222222222222 0.32222222222222224 0.18888888888888888 581 49 0 0 630 0.9222222222222223 0.07777777777777778 0.0 0.0 
22 26 27 15 90 0.24444444444444444 0.28888888888888886 0.3 0.16666666666666666 578 52 0 0 630 0.9174603174603174 0.08253968253968254 0.0 0.0 
