0 2 5 3 10 0.0 0.2 0.5 0.3 38 12 0 0 50 0.76 0.24 0.0 0.0 
0 5 3 2 10 0.0 0.5 0.3 0.2 39 11 0 0 50 0.78 0.22 0.0 0.0 
0 3 4 3 10 0.0 0.3 0.4 0.3 35 15 0 0 50 0.7 0.3 0.0 0.0 
0 4 1 5 10 0.0 0.4 0.1 0.5 42 7 1 0 50 0.84 0.14 0.02 0.0 
0 7 2 1 10 0.0 0.7 0.2 0.1 37 13 0 0 50 0.74 0.26 0.0 0.0 
0 3 4 3 10 0.0 0.3 0.4 0.3 42 8 0 0 50 0.84 0.16 0.0 0.0 
0 2 3 5 10 0.0 0.2 0.3 0.5 37 13 0 0 50 0.74 0.26 0.0 0.0 
0 4 4 2 10 0.0 0.4 0.4 0.2 38 12 0 0 50 0.76 0.24 0.0 0.0 
0 6 3 1 10 0.0 0.6 0.3 0.1 42 8 0 0 50 0.84 0.16 0.0 0.0 
2 6 2 0 10 0.2 0.6 0.2 0.0 38 12 0 0 50 0.76 0.24 0.0 0.0 
