27 27 22 14 90 0.3 0.3 0.24444444444444444 0.15555555555555556 397 53 0 0 450 0.8822222222222222 0.11777777777777777 0.0 0.0 
24 31 25 10 90 0.26666666666666666 0.34444444444444444 0.2777777777777778 0.1111111111111111 395 54 1 0 450 0.8777777777777778 0.12 0.0022222222222222222 0.0 
28 29 21 12 90 0.3111111111111111 0.32222222222222224 0.23333333333333334 0.13333333333333333 398 52 0 0 450 0.8844444444444445 0.11555555555555555 0.0 0.0 
28 27 22 13 90 0.3111111111111111 0.3 0.24444444444444444 0.14444444444444443 389 59 2 0 450 0.8644444444444445 0.13111111111111112 0.0044444444444444444 0.0 
26 27 24 13 90 0.28888888888888886 0.3 0.26666666666666666 0.14444444444444443 398 51 1 0 450 0.8844444444444445 0.11333333333333333 0.0022222222222222222 0.0 
28 25 27 10 90 0.3111111111111111 0.2777777777777778 0.3 0.1111111111111111 388 61 1 0 450 0.8622222222222222 0.13555555555555557 0.0022222222222222222 0.0 
25 30 19 16 90 0.2777777777777778 0.3333333333333333 0.2111111111111111 0.17777777777777778 397 52 1 0 450 0.8822222222222222 0.11555555555555555 0.0022222222222222222 0.0 
29 24 24 13 90 0.32222222222222224 0.26666666666666666 0.26666666666666666 0.14444444444444443 393 56 1 0 450 0.8733333333333333 0.12444444444444444 0.0022222222222222222 0.0 
27 24 26 13 90 0.3 0.26666666666666666 0.28888888888888886 0.14444444444444443 391 59 0 0 450 0.8688888888888889 0.13111111111111112 0.0 0.0 
24 30 25 11 90 0.26666666666666666 0.3333333333333333 0.2777777777777778 0.12222222222222222 384 66 0 0 450 0.8533333333333334 0.14666666666666667 0.0 0.0 
