11 38 30 11 90 0.12222222222222222 0.4222222222222222 0.3333333333333333 0.12222222222222222 380 64 6 0 450 0.8444444444444444 0.14222222222222222 0.013333333333333334 0.0 
8 43 25 14 90 0.08888888888888889 0.4777777777777778 0.2777777777777778 0.15555555555555556 378 67 3 2 450 0.84 0.14888888888888888 0.006666666666666667 0.0044444444444444444 
12 42 23 13 90 0.13333333333333333 0.4666666666666667 0.25555555555555554 0.14444444444444443 384 59 6 1 450 0.8533333333333334 0.13111111111111112 0.013333333333333334 0.0022222222222222222 
10 43 27 10 90 0.1111111111111111 0.4777777777777778 0.3 0.1111111111111111 375 67 7 1 450 0.8333333333333334 0.14888888888888888 0.015555555555555555 0.0022222222222222222 
11 39 27 13 90 0.12222222222222222 0.43333333333333335 0.3 0.14444444444444443 378 66 5 1 450 0.84 0.14666666666666667 0.011111111111111112 0.0022222222222222222 
6 48 24 12 90 0.06666666666666667 0.5333333333333333 0.26666666666666666 0.13333333333333333 379 67 3 1 450 0.8422222222222222 0.14888888888888888 0.006666666666666667 0.0022222222222222222 
11 44 28 7 90 0.12222222222222222 0.4888888888888889 0.3111111111111111 0.07777777777777778 385 55 9 1 450 0.8555555555555555 0.12222222222222222 0.02 0.0022222222222222222 
11 40 30 9 90 0.12222222222222222 0.4444444444444444 0.3333333333333333 0.1 376 68 5 1 450 0.8355555555555556 0.1511111111111111 0.011111111111111112 0.0022222222222222222 
7 41 31 11 90 0.07777777777777778 0.45555555555555555 0.34444444444444444 0.12222222222222222 374 71 5 0 450 0.8311111111111111 0.15777777777777777 0.011111111111111112 0.0 
8 40 31 11 90 0.08888888888888889 0.4444444444444444 0.34444444444444444 0.12222222222222222 375 69 5 1 450 0.8333333333333334 0.15333333333333332 0.011111111111111112 0.0022222222222222222 
