47 29 9 5 90 0.5222222222222223 0.32222222222222224 0.1 0.05555555555555555 605 22 3 0 630 0.9603174603174603 0.03492063492063492 0.004761904761904762 0.0 
45 29 11 5 90 0.5 0.32222222222222224 0.12222222222222222 0.05555555555555555 598 31 1 0 630 0.9492063492063492 0.049206349206349205 0.0015873015873015873 0.0 
47 28 12 3 90 0.5222222222222223 0.3111111111111111 0.13333333333333333 0.03333333333333333 602 28 0 0 630 0.9555555555555556 0.044444444444444446 0.0 0.0 
40 34 10 6 90 0.4444444444444444 0.37777777777777777 0.1111111111111111 0.06666666666666667 598 32 0 0 630 0.9492063492063492 0.050793650793650794 0.0 0.0 
49 27 7 7 90 0.5444444444444444 0.3 0.07777777777777778 0.07777777777777778 606 23 1 0 630 0.9619047619047619 0.03650793650793651 0.0015873015873015873 0.0 
50 26 9 5 90 0.5555555555555556 0.28888888888888886 0.1 0.05555555555555555 608 21 1 0 630 0.9650793650793651 0.03333333333333333 0.0015873015873015873 0.0 
54 21 8 7 90 0.6 0.23333333333333334 0.08888888888888889 0.07777777777777778 605 24 1 0 630 0.9603174603174603 0.0380952380952381 0.0015873015873015873 0.0 
47 29 9 5 90 0.5222222222222223 0.32222222222222224 0.1 0.05555555555555555 601 28 1 0 630 0.953968253968254 0.044444444444444446 0.0015873015873015873 0.0 
50 25 9 6 90 0.5555555555555556 0.2777777777777778 0.1 0.06666666666666667 600 29 1 0 630 0.9523809523809523 0.046031746031746035 0.0015873015873015873 0.0 
44 32 11 3 90 0.4888888888888889 0.35555555555555557 0.12222222222222222 0.03333333333333333 600 29 1 0 630 0.9523809523809523 0.046031746031746035 0.0015873015873015873 0.0 
