0 3 5 2 10 0.0 0.3 0.5 0.2 38 12 0 0 50 0.76 0.24 0.0 0.0 
0 7 1 2 10 0.0 0.7 0.1 0.2 36 13 1 0 50 0.72 0.26 0.02 0.0 
0 5 4 1 10 0.0 0.5 0.4 0.1 36 14 0 0 50 0.72 0.28 0.0 0.0 
0 7 0 3 10 0.0 0.7 0.0 0.3 36 14 0 0 50 0.72 0.28 0.0 0.0 
1 6 2 1 10 0.1 0.6 0.2 0.1 42 8 0 0 50 0.84 0.16 0.0 0.0 
0 0 6 4 10 0.0 0.0 0.6 0.4 41 9 0 0 50 0.82 0.18 0.0 0.0 
0 2 5 3 10 0.0 0.2 0.5 0.3 43 7 0 0 50 0.86 0.14 0.0 0.0 
0 3 4 3 10 0.0 0.3 0.4 0.3 37 13 0 0 50 0.74 0.26 0.0 0.0 
0 5 4 1 10 0.0 0.5 0.4 0.1 35 15 0 0 50 0.7 0.3 0.0 0.0 
1 6 3 0 10 0.1 0.6 0.3 0.0 33 17 0 0 50 0.66 0.34 0.0 0.0 
