0 1 6 3 10 0.0 0.1 0.6 0.3 61 8 1 0 70 0.8714285714285714 0.11428571428571428 0.014285714285714285 0.0 
0 5 3 2 10 0.0 0.5 0.3 0.2 58 12 0 0 70 0.8285714285714286 0.17142857142857143 0.0 0.0 
0 3 3 4 10 0.0 0.3 0.3 0.4 63 7 0 0 70 0.9 0.1 0.0 0.0 
0 5 2 3 10 0.0 0.5 0.2 0.3 62 8 0 0 70 0.8857142857142857 0.11428571428571428 0.0 0.0 
1 5 2 2 10 0.1 0.5 0.2 0.2 60 10 0 0 70 0.8571428571428571 0.14285714285714285 0.0 0.0 
0 2 5 3 10 0.0 0.2 0.5 0.3 61 9 0 0 70 0.8714285714285714 0.12857142857142856 0.0 0.0 
0 1 4 5 10 0.0 0.1 0.4 0.5 63 7 0 0 70 0.9 0.1 0.0 0.0 
0 4 1 5 10 0.0 0.4 0.1 0.5 62 8 0 0 70 0.8857142857142857 0.11428571428571428 0.0 0.0 
0 3 4 3 10 0.0 0.3 0.4 0.3 62 8 0 0 70 0.8857142857142857 0.11428571428571428 0.0 0.0 
0 8 2 0 10 0.0 0.8 0.2 0.0 62 8 0 0 70 0.8857142857142857 0.11428571428571428 0.0 0.0 
