33 41 11 5 90 0.36666666666666664 0.45555555555555555 0.12222222222222222 0.05555555555555555 404 43 3 0 450 0.8977777777777778 0.09555555555555556 0.006666666666666667 0.0 
33 37 13 7 90 0.36666666666666664 0.4111111111111111 0.14444444444444443 0.07777777777777778 401 44 4 1 450 0.8911111111111111 0.09777777777777778 0.008888888888888889 0.0022222222222222222 
27 43 14 6 90 0.3 0.4777777777777778 0.15555555555555556 0.06666666666666667 396 46 8 0 450 0.88 0.10222222222222223 0.017777777777777778 0.0 
41 31 13 5 90 0.45555555555555555 0.34444444444444444 0.14444444444444443 0.05555555555555555 401 41 6 2 450 0.8911111111111111 0.09111111111111111 0.013333333333333334 0.0044444444444444444 
31 40 9 10 90 0.34444444444444444 0.4444444444444444 0.1 0.1111111111111111 403 43 3 1 450 0.8955555555555555 0.09555555555555556 0.006666666666666667 0.0022222222222222222 
32 38 15 5 90 0.35555555555555557 0.4222222222222222 0.16666666666666666 0.05555555555555555 396 50 4 0 450 0.88 0.1111111111111111 0.008888888888888889 0.0 
34 33 16 7 90 0.37777777777777777 0.36666666666666664 0.17777777777777778 0.07777777777777778 401 43 5 1 450 0.8911111111111111 0.09555555555555556 0.011111111111111112 0.0022222222222222222 
31 38 15 6 90 0.34444444444444444 0.4222222222222222 0.16666666666666666 0.06666666666666667 395 49 5 1 450 0.8777777777777778 0.10888888888888888 0.011111111111111112 0.0022222222222222222 
32 39 13 6 90 0.35555555555555557 0.43333333333333335 0.14444444444444443 0.06666666666666667 406 41 3 0 450 0.9022222222222223 0.09111111111111111 0.006666666666666667 0.0 
37 34 14 5 90 0.4111111111111111 0.37777777777777777 0.15555555555555556 0.05555555555555555 400 43 6 1 450 0.8888888888888888 0.09555555555555556 0.013333333333333334 0.0022222222222222222 
