0 7 3 0 10 0.0 0.7 0.3 0.0 62 7 1 0 70 0.8857142857142857 0.1 0.014285714285714285 0.0 
0 5 4 1 10 0.0 0.5 0.4 0.1 63 7 0 0 70 0.9 0.1 0.0 0.0 
0 5 3 2 10 0.0 0.5 0.3 0.2 60 10 0 0 70 0.8571428571428571 0.14285714285714285 0.0 0.0 
0 8 2 0 10 0.0 0.8 0.2 0.0 63 7 0 0 70 0.9 0.1 0.0 0.0 
0 5 2 3 10 0.0 0.5 0.2 0.3 62 8 0 0 70 0.8857142857142857 0.11428571428571428 0.0 0.0 
0 6 3 1 10 0.0 0.6 0.3 0.1 61 9 0 0 70 0.8714285714285714 0.12857142857142856 0.0 0.0 
0 3 7 0 10 0.0 0.3 0.7 0.0 58 11 1 0 70 0.8285714285714286 0.15714285714285714 0.014285714285714285 0.0 
0 6 1 3 10 0.0 0.6 0.1 0.3 60 10 0 0 70 0.8571428571428571 0.14285714285714285 0.0 0.0 
0 6 2 2 10 0.0 0.6 0.2 0.2 63 5 1 1 70 0.9 0.07142857142857142 0.014285714285714285 0.014285714285714285 
0 4 4 2 10 0.0 0.4 0.4 0.2 60 10 0 0 70 0.8571428571428571 0.14285714285714285 0.0 0.0 
