0 6 1 3 10 0.0 0.6 0.1 0.3 62 8 0 0 70 0.8857142857142857 0.11428571428571428 0.0 0.0 
0 0 8 2 10 0.0 0.0 0.8 0.2 56 14 0 0 70 0.8 0.2 0.0 0.0 
0 7 1 2 10 0.0 0.7 0.1 0.2 57 11 2 0 70 0.8142857142857143 0.15714285714285714 0.02857142857142857 0.0 
0 5 4 1 10 0.0 0.5 0.4 0.1 54 16 0 0 70 0.7714285714285715 0.22857142857142856 0.0 0.0 
0 7 2 1 10 0.0 0.7 0.2 0.1 62 7 1 0 70 0.8857142857142857 0.1 0.014285714285714285 0.0 
0 4 4 2 10 0.0 0.4 0.4 0.2 63 7 0 0 70 0.9 0.1 0.0 0.0 
0 4 4 2 10 0.0 0.4 0.4 0.2 57 10 3 0 70 0.8142857142857143 0.14285714285714285 0.04285714285714286 0.0 
0 4 5 1 10 0.0 0.4 0.5 0.1 58 11 1 0 70 0.8285714285714286 0.15714285714285714 0.014285714285714285 0.0 
3 3 4 0 10 0.3 0.3 0.4 0.0 63 6 1 0 70 0.9 0.08571428571428572 0.014285714285714285 0.0 
1 5 1 3 10 0.1 0.5 0.1 0.3 63 7 0 0 70 0.9 0.1 0.0 0.0 
