15 44 23 8 90 0.16666666666666666 0.4888888888888889 0.25555555555555554 0.08888888888888889 368 73 9 0 450 0.8177777777777778 0.1622222222222222 0.02 0.0 
16 47 18 9 90 0.17777777777777778 0.5222222222222223 0.2 0.1 378 65 6 1 450 0.84 0.14444444444444443 0.013333333333333334 0.0022222222222222222 
14 50 18 8 90 0.15555555555555556 0.5555555555555556 0.2 0.08888888888888889 379 62 8 1 450 0.8422222222222222 0.13777777777777778 0.017777777777777778 0.0022222222222222222 
12 52 18 8 90 0.13333333333333333 0.5777777777777777 0.2 0.08888888888888889 376 65 7 2 450 0.8355555555555556 0.14444444444444443 0.015555555555555555 0.0044444444444444444 
11 49 21 9 90 0.12222222222222222 0.5444444444444444 0.23333333333333334 0.1 371 71 7 1 450 0.8244444444444444 0.15777777777777777 0.015555555555555555 0.0022222222222222222 
16 39 26 9 90 0.17777777777777778 0.43333333333333335 0.28888888888888886 0.1 368 72 9 1 450 0.8177777777777778 0.16 0.02 0.0022222222222222222 
9 45 27 9 90 0.1 0.5 0.3 0.1 370 73 6 1 450 0.8222222222222222 0.1622222222222222 0.013333333333333334 0.0022222222222222222 
16 45 22 7 90 0.17777777777777778 0.5 0.24444444444444444 0.07777777777777778 363 80 6 1 450 0.8066666666666666 0.17777777777777778 0.013333333333333334 0.0022222222222222222 
14 48 22 6 90 0.15555555555555556 0.5333333333333333 0.24444444444444444 0.06666666666666667 378 64 6 2 450 0.84 0.14222222222222222 0.013333333333333334 0.0044444444444444444 
15 43 24 8 90 0.16666666666666666 0.4777777777777778 0.26666666666666666 0.08888888888888889 376 66 6 2 450 0.8355555555555556 0.14666666666666667 0.013333333333333334 0.0044444444444444444 
