1 5 4 0 10 0.1 0.5 0.4 0.0 59 10 1 0 70 0.8428571428571429 0.14285714285714285 0.014285714285714285 0.0 
0 4 3 3 10 0.0 0.4 0.3 0.3 60 10 0 0 70 0.8571428571428571 0.14285714285714285 0.0 0.0 
0 4 5 1 10 0.0 0.4 0.5 0.1 62 8 0 0 70 0.8857142857142857 0.11428571428571428 0.0 0.0 
0 7 2 1 10 0.0 0.7 0.2 0.1 59 10 1 0 70 0.8428571428571429 0.14285714285714285 0.014285714285714285 0.0 
1 6 2 1 10 0.1 0.6 0.2 0.1 62 8 0 0 70 0.8857142857142857 0.11428571428571428 0.0 0.0 
0 4 4 2 10 0.0 0.4 0.4 0.2 53 16 1 0 70 0.7571428571428571 0.22857142857142856 0.014285714285714285 0.0 
0 0 8 2 10 0.0 0.0 0.8 0.2 53 17 0 0 70 0.7571428571428571 0.24285714285714285 0.0 0.0 
0 7 2 1 10 0.0 0.7 0.2 0.1 61 9 0 0 70 0.8714285714285714 0.12857142857142856 0.0 0.0 
0 6 1 3 10 0.0 0.6 0.1 0.3 63 5 2 0 70 0.9 0.07142857142857142 0.02857142857142857 0.0 
0 8 1 1 10 0.0 0.8 0.1 0.1 62 8 0 0 70 0.8857142857142857 0.11428571428571428 0.0 0.0 
