5 52 23 10 90 0.05555555555555555 0.5777777777777777 0.25555555555555554 0.1111111111111111 382 61 4 3 450 0.8488888888888889 0.13555555555555557 0.008888888888888889 0.006666666666666667 
5 50 27 8 90 0.05555555555555555 0.5555555555555556 0.3 0.08888888888888889 380 63 5 2 450 0.8444444444444444 0.14 0.011111111111111112 0.0044444444444444444 
6 49 27 8 90 0.06666666666666667 0.5444444444444444 0.3 0.08888888888888889 376 68 5 1 450 0.8355555555555556 0.1511111111111111 0.011111111111111112 0.0022222222222222222 
7 51 22 10 90 0.07777777777777778 0.5666666666666667 0.24444444444444444 0.1111111111111111 373 71 5 1 450 0.8288888888888889 0.15777777777777777 0.011111111111111112 0.0022222222222222222 
4 51 26 9 90 0.044444444444444446 0.5666666666666667 0.28888888888888886 0.1 377 66 4 3 450 0.8377777777777777 0.14666666666666667 0.008888888888888889 0.006666666666666667 
7 46 28 9 90 0.07777777777777778 0.5111111111111111 0.3111111111111111 0.1 370 73 6 1 450 0.8222222222222222 0.1622222222222222 0.013333333333333334 0.0022222222222222222 
6 45 30 9 90 0.06666666666666667 0.5 0.3333333333333333 0.1 373 72 3 2 450 0.8288888888888889 0.16 0.006666666666666667 0.0044444444444444444 
8 50 23 9 90 0.08888888888888889 0.5555555555555556 0.25555555555555554 0.1 380 65 4 1 450 0.8444444444444444 0.14444444444444443 0.008888888888888889 0.0022222222222222222 
6 56 21 7 90 0.06666666666666667 0.6222222222222222 0.23333333333333334 0.07777777777777778 378 63 9 0 450 0.84 0.14 0.02 0.0 
3 53 25 9 90 0.03333333333333333 0.5888888888888889 0.2777777777777778 0.1 379 64 5 2 450 0.8422222222222222 0.14222222222222222 0.011111111111111112 0.0044444444444444444 
