4 38 31 17 90 0.044444444444444446 0.4222222222222222 0.34444444444444444 0.18888888888888888 547 81 2 0 630 0.8682539682539683 0.12857142857142856 0.0031746031746031746 0.0 
3 39 33 15 90 0.03333333333333333 0.43333333333333335 0.36666666666666664 0.16666666666666666 547 78 5 0 630 0.8682539682539683 0.12380952380952381 0.007936507936507936 0.0 
1 44 30 15 90 0.011111111111111112 0.4888888888888889 0.3333333333333333 0.16666666666666666 561 65 4 0 630 0.8904761904761904 0.10317460317460317 0.006349206349206349 0.0 
3 45 24 18 90 0.03333333333333333 0.5 0.26666666666666666 0.2 559 67 4 0 630 0.8873015873015873 0.10634920634920635 0.006349206349206349 0.0 
2 38 33 17 90 0.022222222222222223 0.4222222222222222 0.36666666666666664 0.18888888888888888 548 77 4 1 630 0.8698412698412699 0.12222222222222222 0.006349206349206349 0.0015873015873015873 
2 36 35 17 90 0.022222222222222223 0.4 0.3888888888888889 0.18888888888888888 552 73 5 0 630 0.8761904761904762 0.11587301587301588 0.007936507936507936 0.0 
1 40 32 17 90 0.011111111111111112 0.4444444444444444 0.35555555555555557 0.18888888888888888 550 76 4 0 630 0.873015873015873 0.12063492063492064 0.006349206349206349 0.0 
2 42 33 13 90 0.022222222222222223 0.4666666666666667 0.36666666666666664 0.14444444444444443 548 78 4 0 630 0.8698412698412699 0.12380952380952381 0.006349206349206349 0.0 
2 42 29 17 90 0.022222222222222223 0.4666666666666667 0.32222222222222224 0.18888888888888888 550 75 5 0 630 0.873015873015873 0.11904761904761904 0.007936507936507936 0.0 
3 42 30 15 90 0.03333333333333333 0.4666666666666667 0.3333333333333333 0.16666666666666666 553 73 4 0 630 0.8777777777777778 0.11587301587301588 0.006349206349206349 0.0 
