14 41 21 14 90 0.15555555555555556 0.45555555555555555 0.23333333333333334 0.15555555555555556 572 55 3 0 630 0.9079365079365079 0.0873015873015873 0.004761904761904762 0.0 
14 37 26 13 90 0.15555555555555556 0.4111111111111111 0.28888888888888886 0.14444444444444443 565 61 4 0 630 0.8968253968253969 0.09682539682539683 0.006349206349206349 0.0 
7 50 22 11 90 0.07777777777777778 0.5555555555555556 0.24444444444444444 0.12222222222222222 570 59 1 0 630 0.9047619047619048 0.09365079365079365 0.0015873015873015873 0.0 
15 41 18 16 90 0.16666666666666666 0.45555555555555555 0.2 0.17777777777777778 576 47 7 0 630 0.9142857142857143 0.0746031746031746 0.011111111111111112 0.0 
6 45 23 16 90 0.06666666666666667 0.5 0.25555555555555554 0.17777777777777778 567 61 2 0 630 0.9 0.09682539682539683 0.0031746031746031746 0.0 
13 40 22 15 90 0.14444444444444443 0.4444444444444444 0.24444444444444444 0.16666666666666666 577 48 5 0 630 0.9158730158730158 0.0761904761904762 0.007936507936507936 0.0 
10 41 25 14 90 0.1111111111111111 0.45555555555555555 0.2777777777777778 0.15555555555555556 573 56 1 0 630 0.9095238095238095 0.08888888888888889 0.0015873015873015873 0.0 
12 43 24 11 90 0.13333333333333333 0.4777777777777778 0.26666666666666666 0.12222222222222222 567 60 3 0 630 0.9 0.09523809523809523 0.004761904761904762 0.0 
12 43 22 13 90 0.13333333333333333 0.4777777777777778 0.24444444444444444 0.14444444444444443 575 50 5 0 630 0.9126984126984127 0.07936507936507936 0.007936507936507936 0.0 
13 39 24 14 90 0.14444444444444443 0.43333333333333335 0.26666666666666666 0.15555555555555556 571 56 3 0 630 0.9063492063492063 0.08888888888888889 0.004761904761904762 0.0 
