0 7 2 1 10 0.0 0.7 0.2 0.1 42 8 0 0 50 0.84 0.16 0.0 0.0 
2 3 5 0 10 0.2 0.3 0.5 0.0 41 9 0 0 50 0.82 0.18 0.0 0.0 
4 4 0 2 10 0.4 0.4 0.0 0.2 45 5 0 0 50 0.9 0.1 0.0 0.0 
0 5 4 1 10 0.0 0.5 0.4 0.1 40 10 0 0 50 0.8 0.2 0.0 0.0 
0 8 1 1 10 0.0 0.8 0.1 0.1 41 7 2 0 50 0.82 0.14 0.04 0.0 
0 4 3 3 10 0.0 0.4 0.3 0.3 40 9 1 0 50 0.8 0.18 0.02 0.0 
0 4 4 2 10 0.0 0.4 0.4 0.2 37 12 1 0 50 0.74 0.24 0.02 0.0 
0 5 4 1 10 0.0 0.5 0.4 0.1 35 13 2 0 50 0.7 0.26 0.04 0.0 
2 4 3 1 10 0.2 0.4 0.3 0.1 41 9 0 0 50 0.82 0.18 0.0 0.0 
3 4 1 2 10 0.3 0.4 0.1 0.2 45 5 0 0 50 0.9 0.1 0.0 0.0 
