0 10 0 0 10 0.0 1.0 0.0 0.0 42 5 3 0 50 0.84 0.1 0.06 0.0 
0 6 2 2 10 0.0 0.6 0.2 0.2 36 14 0 0 50 0.72 0.28 0.0 0.0 
0 4 5 1 10 0.0 0.4 0.5 0.1 40 9 1 0 50 0.8 0.18 0.02 0.0 
0 4 6 0 10 0.0 0.4 0.6 0.0 34 16 0 0 50 0.68 0.32 0.0 0.0 
0 2 5 3 10 0.0 0.2 0.5 0.3 36 14 0 0 50 0.72 0.28 0.0 0.0 
0 7 3 0 10 0.0 0.7 0.3 0.0 41 8 1 0 50 0.82 0.16 0.02 0.0 
0 2 8 0 10 0.0 0.2 0.8 0.0 39 11 0 0 50 0.78 0.22 0.0 0.0 
1 6 3 0 10 0.1 0.6 0.3 0.0 43 6 1 0 50 0.86 0.12 0.02 0.0 
7 0 1 2 10 0.7 0.0 0.1 0.2 41 7 1 1 50 0.82 0.14 0.02 0.02 
1 5 3 1 10 0.1 0.5 0.3 0.1 40 9 0 1 50 0.8 0.18 0.0 0.02 
