38 49 2 1 90 0.4222222222222222 0.5444444444444444 0.022222222222222223 0.011111111111111112 590 39 1 0 630 0.9365079365079365 0.06190476190476191 0.0015873015873015873 0.0 
45 43 2 0 90 0.5 0.4777777777777778 0.022222222222222223 0.0 598 29 2 1 630 0.9492063492063492 0.046031746031746035 0.0031746031746031746 0.0015873015873015873 
41 43 6 0 90 0.45555555555555555 0.4777777777777778 0.06666666666666667 0.0 595 29 5 1 630 0.9444444444444444 0.046031746031746035 0.007936507936507936 0.0015873015873015873 
44 42 4 0 90 0.4888888888888889 0.4666666666666667 0.044444444444444446 0.0 594 33 3 0 630 0.9428571428571428 0.05238095238095238 0.004761904761904762 0.0 
39 45 6 0 90 0.43333333333333335 0.5 0.06666666666666667 0.0 593 34 3 0 630 0.9412698412698413 0.05396825396825397 0.004761904761904762 0.0 
42 45 2 1 90 0.4666666666666667 0.5 0.022222222222222223 0.011111111111111112 595 32 3 0 630 0.9444444444444444 0.050793650793650794 0.004761904761904762 0.0 
38 45 6 1 90 0.4222222222222222 0.5 0.06666666666666667 0.011111111111111112 596 30 4 0 630 0.946031746031746 0.047619047619047616 0.006349206349206349 0.0 
44 43 3 0 90 0.4888888888888889 0.4777777777777778 0.03333333333333333 0.0 593 33 4 0 630 0.9412698412698413 0.05238095238095238 0.006349206349206349 0.0 
42 44 4 0 90 0.4666666666666667 0.4888888888888889 0.044444444444444446 0.0 593 32 5 0 630 0.9412698412698413 0.050793650793650794 0.007936507936507936 0.0 
40 43 7 0 90 0.4444444444444444 0.4777777777777778 0.07777777777777778 0.0 593 34 3 0 630 0.9412698412698413 0.05396825396825397 0.004761904761904762 0.0 
