0 6 4 0 10 0.0 0.6 0.4 0.0 36 12 2 0 50 0.72 0.24 0.04 0.0 
0 4 5 1 10 0.0 0.4 0.5 0.1 40 10 0 0 50 0.8 0.2 0.0 0.0 
0 7 2 1 10 0.0 0.7 0.2 0.1 41 6 3 0 50 0.82 0.12 0.06 0.0 
0 8 1 1 10 0.0 0.8 0.1 0.1 38 11 1 0 50 0.76 0.22 0.02 0.0 
0 5 4 1 10 0.0 0.5 0.4 0.1 35 15 0 0 50 0.7 0.3 0.0 0.0 
2 6 2 0 10 0.2 0.6 0.2 0.0 44 5 0 1 50 0.88 0.1 0.0 0.02 
3 3 4 0 10 0.3 0.3 0.4 0.0 40 10 0 0 50 0.8 0.2 0.0 0.0 
0 8 1 1 10 0.0 0.8 0.1 0.1 40 9 1 0 50 0.8 0.18 0.02 0.0 
1 6 1 2 10 0.1 0.6 0.1 0.2 41 5 3 1 50 0.82 0.1 0.06 0.02 
0 8 0 2 10 0.0 0.8 0.0 0.2 42 7 1 0 50 0.84 0.14 0.02 0.0 
