3 4 2 1 10 0.3 0.4 0.2 0.1 62 7 0 1 70 0.8857142857142857 0.1 0.0 0.014285714285714285 
0 2 6 2 10 0.0 0.2 0.6 0.2 59 11 0 0 70 0.8428571428571429 0.15714285714285714 0.0 0.0 
0 3 6 1 10 0.0 0.3 0.6 0.1 61 8 1 0 70 0.8714285714285714 0.11428571428571428 0.014285714285714285 0.0 
0 4 6 0 10 0.0 0.4 0.6 0.0 56 14 0 0 70 0.8 0.2 0.0 0.0 
0 1 6 3 10 0.0 0.1 0.6 0.3 57 13 0 0 70 0.8142857142857143 0.18571428571428572 0.0 0.0 
0 7 2 1 10 0.0 0.7 0.2 0.1 53 17 0 0 70 0.7571428571428571 0.24285714285714285 0.0 0.0 
0 3 4 3 10 0.0 0.3 0.4 0.3 62 8 0 0 70 0.8857142857142857 0.11428571428571428 0.0 0.0 
0 7 2 1 10 0.0 0.7 0.2 0.1 63 7 0 0 70 0.9 0.1 0.0 0.0 
0 6 1 3 10 0.0 0.6 0.1 0.3 62 7 1 0 70 0.8857142857142857 0.1 0.014285714285714285 0.0 
0 5 3 2 10 0.0 0.5 0.3 0.2 63 7 0 0 70 0.9 0.1 0.0 0.0 
