6 46 24 14 90 0.06666666666666667 0.5111111111111111 0.26666666666666666 0.15555555555555556 547 78 5 0 630 0.8682539682539683 0.12380952380952381 0.007936507936507936 0.0 
7 47 21 15 90 0.07777777777777778 0.5222222222222223 0.23333333333333334 0.16666666666666666 551 73 5 1 630 0.8746031746031746 0.11587301587301588 0.007936507936507936 0.0015873015873015873 
6 44 29 11 90 0.06666666666666667 0.4888888888888889 0.32222222222222224 0.12222222222222222 550 74 5 1 630 0.873015873015873 0.11746031746031746 0.007936507936507936 0.0015873015873015873 
11 42 23 14 90 0.12222222222222222 0.4666666666666667 0.25555555555555554 0.15555555555555556 559 65 5 1 630 0.8873015873015873 0.10317460317460317 0.007936507936507936 0.0015873015873015873 
7 44 25 14 90 0.07777777777777778 0.4888888888888889 0.2777777777777778 0.15555555555555556 554 73 2 1 630 0.8793650793650793 0.11587301587301588 0.0031746031746031746 0.0015873015873015873 
8 36 30 16 90 0.08888888888888889 0.4 0.3333333333333333 0.17777777777777778 552 71 6 1 630 0.8761904761904762 0.1126984126984127 0.009523809523809525 0.0015873015873015873 
6 40 25 19 90 0.06666666666666667 0.4444444444444444 0.2777777777777778 0.2111111111111111 555 71 3 1 630 0.8809523809523809 0.1126984126984127 0.004761904761904762 0.0015873015873015873 
9 42 26 13 90 0.1 0.4666666666666667 0.28888888888888886 0.14444444444444443 544 82 3 1 630 0.8634920634920635 0.13015873015873017 0.004761904761904762 0.0015873015873015873 
10 37 29 14 90 0.1111111111111111 0.4111111111111111 0.32222222222222224 0.15555555555555556 558 67 5 0 630 0.8857142857142857 0.10634920634920635 0.007936507936507936 0.0 
8 40 26 16 90 0.08888888888888889 0.4444444444444444 0.28888888888888886 0.17777777777777778 556 70 3 1 630 0.8825396825396825 0.1111111111111111 0.004761904761904762 0.0015873015873015873 
