17 43 21 9 90 0.18888888888888888 0.4777777777777778 0.23333333333333334 0.1 386 60 4 0 450 0.8577777777777778 0.13333333333333333 0.008888888888888889 0.0 
19 43 21 7 90 0.2111111111111111 0.4777777777777778 0.23333333333333334 0.07777777777777778 388 54 8 0 450 0.8622222222222222 0.12 0.017777777777777778 0.0 
13 60 9 8 90 0.14444444444444443 0.6666666666666666 0.1 0.08888888888888889 390 56 4 0 450 0.8666666666666667 0.12444444444444444 0.008888888888888889 0.0 
17 50 13 10 90 0.18888888888888888 0.5555555555555556 0.14444444444444443 0.1111111111111111 393 51 6 0 450 0.8733333333333333 0.11333333333333333 0.013333333333333334 0.0 
12 53 15 10 90 0.13333333333333333 0.5888888888888889 0.16666666666666666 0.1111111111111111 392 54 4 0 450 0.8711111111111111 0.12 0.008888888888888889 0.0 
16 50 15 9 90 0.17777777777777778 0.5555555555555556 0.16666666666666666 0.1 386 58 6 0 450 0.8577777777777778 0.1288888888888889 0.013333333333333334 0.0 
14 49 18 9 90 0.15555555555555556 0.5444444444444444 0.2 0.1 393 52 3 2 450 0.8733333333333333 0.11555555555555555 0.006666666666666667 0.0044444444444444444 
15 51 17 7 90 0.16666666666666666 0.5666666666666667 0.18888888888888888 0.07777777777777778 391 54 5 0 450 0.8688888888888889 0.12 0.011111111111111112 0.0 
16 47 20 7 90 0.17777777777777778 0.5222222222222223 0.2222222222222222 0.07777777777777778 391 54 5 0 450 0.8688888888888889 0.12 0.011111111111111112 0.0 
17 48 15 10 90 0.18888888888888888 0.5333333333333333 0.16666666666666666 0.1111111111111111 391 53 6 0 450 0.8688888888888889 0.11777777777777777 0.013333333333333334 0.0 
