1 8 0 1 10 0.1 0.8 0.0 0.1 65 5 0 0 70 0.9285714285714286 0.07142857142857142 0.0 0.0 
2 3 4 1 10 0.2 0.3 0.4 0.1 65 5 0 0 70 0.9285714285714286 0.07142857142857142 0.0 0.0 
5 1 4 0 10 0.5 0.1 0.4 0.0 65 5 0 0 70 0.9285714285714286 0.07142857142857142 0.0 0.0 
3 7 0 0 10 0.3 0.7 0.0 0.0 60 10 0 0 70 0.8571428571428571 0.14285714285714285 0.0 0.0 
1 8 0 1 10 0.1 0.8 0.0 0.1 62 8 0 0 70 0.8857142857142857 0.11428571428571428 0.0 0.0 
4 3 2 1 10 0.4 0.3 0.2 0.1 63 7 0 0 70 0.9 0.1 0.0 0.0 
5 3 2 0 10 0.5 0.3 0.2 0.0 66 4 0 0 70 0.9428571428571428 0.05714285714285714 0.0 0.0 
0 9 1 0 10 0.0 0.9 0.1 0.0 64 6 0 0 70 0.9142857142857143 0.08571428571428572 0.0 0.0 
6 2 1 1 10 0.6 0.2 0.1 0.1 66 3 1 0 70 0.9428571428571428 0.04285714285714286 0.014285714285714285 0.0 
2 6 2 0 10 0.2 0.6 0.2 0.0 59 9 2 0 70 0.8428571428571429 0.12857142857142856 0.02857142857142857 0.0 
