0 5 4 1 10 0.0 0.5 0.4 0.1 63 5 2 0 70 0.9 0.07142857142857142 0.02857142857142857 0.0 
0 3 2 5 10 0.0 0.3 0.2 0.5 63 6 0 1 70 0.9 0.08571428571428572 0.0 0.014285714285714285 
1 5 3 1 10 0.1 0.5 0.3 0.1 65 4 1 0 70 0.9285714285714286 0.05714285714285714 0.014285714285714285 0.0 
2 8 0 0 10 0.2 0.8 0.0 0.0 64 5 1 0 70 0.9142857142857143 0.07142857142857142 0.014285714285714285 0.0 
0 3 4 3 10 0.0 0.3 0.4 0.3 64 5 1 0 70 0.9142857142857143 0.07142857142857142 0.014285714285714285 0.0 
0 3 5 2 10 0.0 0.3 0.5 0.2 60 10 0 0 70 0.8571428571428571 0.14285714285714285 0.0 0.0 
0 7 2 1 10 0.0 0.7 0.2 0.1 65 5 0 0 70 0.9285714285714286 0.07142857142857142 0.0 0.0 
1 6 1 2 10 0.1 0.6 0.1 0.2 62 8 0 0 70 0.8857142857142857 0.11428571428571428 0.0 0.0 
0 7 1 2 10 0.0 0.7 0.1 0.2 61 7 2 0 70 0.8714285714285714 0.1 0.02857142857142857 0.0 
3 4 3 0 10 0.3 0.4 0.3 0.0 64 6 0 0 70 0.9142857142857143 0.08571428571428572 0.0 0.0 
