32 34 16 8 90 0.35555555555555557 0.37777777777777777 0.17777777777777778 0.08888888888888889 397 50 3 0 450 0.8822222222222222 0.1111111111111111 0.006666666666666667 0.0 
40 26 18 6 90 0.4444444444444444 0.28888888888888886 0.2 0.06666666666666667 400 45 5 0 450 0.8888888888888888 0.1 0.011111111111111112 0.0 
38 30 15 7 90 0.4222222222222222 0.3333333333333333 0.16666666666666666 0.07777777777777778 401 43 6 0 450 0.8911111111111111 0.09555555555555556 0.013333333333333334 0.0 
38 28 18 6 90 0.4222222222222222 0.3111111111111111 0.2 0.06666666666666667 401 45 4 0 450 0.8911111111111111 0.1 0.008888888888888889 0.0 
39 23 16 12 90 0.43333333333333335 0.25555555555555554 0.17777777777777778 0.13333333333333333 398 48 4 0 450 0.8844444444444445 0.10666666666666667 0.008888888888888889 0.0 
40 27 18 5 90 0.4444444444444444 0.3 0.2 0.05555555555555555 401 45 3 1 450 0.8911111111111111 0.1 0.006666666666666667 0.0022222222222222222 
31 37 18 4 90 0.34444444444444444 0.4111111111111111 0.2 0.044444444444444446 391 53 6 0 450 0.8688888888888889 0.11777777777777777 0.013333333333333334 0.0 
35 30 18 7 90 0.3888888888888889 0.3333333333333333 0.2 0.07777777777777778 397 45 8 0 450 0.8822222222222222 0.1 0.017777777777777778 0.0 
37 29 17 7 90 0.4111111111111111 0.32222222222222224 0.18888888888888888 0.07777777777777778 394 52 4 0 450 0.8755555555555555 0.11555555555555555 0.008888888888888889 0.0 
38 27 19 6 90 0.4222222222222222 0.3 0.2111111111111111 0.06666666666666667 396 50 4 0 450 0.88 0.1111111111111111 0.008888888888888889 0.0 
