29 28 23 10 90 0.32222222222222224 0.3111111111111111 0.25555555555555554 0.1111111111111111 574 52 3 1 630 0.9111111111111111 0.08253968253968254 0.004761904761904762 0.0015873015873015873 
38 18 22 12 90 0.4222222222222222 0.2 0.24444444444444444 0.13333333333333333 580 44 4 2 630 0.9206349206349206 0.06984126984126984 0.006349206349206349 0.0031746031746031746 
28 30 21 11 90 0.3111111111111111 0.3333333333333333 0.23333333333333334 0.12222222222222222 576 49 4 1 630 0.9142857142857143 0.07777777777777778 0.006349206349206349 0.0015873015873015873 
30 24 25 11 90 0.3333333333333333 0.26666666666666666 0.2777777777777778 0.12222222222222222 576 50 3 1 630 0.9142857142857143 0.07936507936507936 0.004761904761904762 0.0015873015873015873 
35 21 16 18 90 0.3888888888888889 0.23333333333333334 0.17777777777777778 0.2 577 48 3 2 630 0.9158730158730158 0.0761904761904762 0.004761904761904762 0.0031746031746031746 
32 22 25 11 90 0.35555555555555557 0.24444444444444444 0.2777777777777778 0.12222222222222222 573 53 4 0 630 0.9095238095238095 0.08412698412698413 0.006349206349206349 0.0 
27 27 27 9 90 0.3 0.3 0.3 0.1 571 54 4 1 630 0.9063492063492063 0.08571428571428572 0.006349206349206349 0.0015873015873015873 
28 29 18 15 90 0.3111111111111111 0.32222222222222224 0.2 0.16666666666666666 573 54 2 1 630 0.9095238095238095 0.08571428571428572 0.0031746031746031746 0.0015873015873015873 
29 28 20 13 90 0.32222222222222224 0.3111111111111111 0.2222222222222222 0.14444444444444443 574 52 3 1 630 0.9111111111111111 0.08253968253968254 0.004761904761904762 0.0015873015873015873 
30 26 23 11 90 0.3333333333333333 0.28888888888888886 0.25555555555555554 0.12222222222222222 572 53 4 1 630 0.9079365079365079 0.08412698412698413 0.006349206349206349 0.0015873015873015873 
