1 4 3 2 10 0.1 0.4 0.3 0.2 60 10 0 0 70 0.8571428571428571 0.14285714285714285 0.0 0.0 
1 4 3 2 10 0.1 0.4 0.3 0.2 64 6 0 0 70 0.9142857142857143 0.08571428571428572 0.0 0.0 
2 6 2 0 10 0.2 0.6 0.2 0.0 57 12 1 0 70 0.8142857142857143 0.17142857142857143 0.014285714285714285 0.0 
1 8 1 0 10 0.1 0.8 0.1 0.0 61 8 1 0 70 0.8714285714285714 0.11428571428571428 0.014285714285714285 0.0 
0 3 4 3 10 0.0 0.3 0.4 0.3 60 9 1 0 70 0.8571428571428571 0.12857142857142856 0.014285714285714285 0.0 
0 4 1 5 10 0.0 0.4 0.1 0.5 64 6 0 0 70 0.9142857142857143 0.08571428571428572 0.0 0.0 
0 4 6 0 10 0.0 0.4 0.6 0.0 63 7 0 0 70 0.9 0.1 0.0 0.0 
1 6 2 1 10 0.1 0.6 0.2 0.1 65 5 0 0 70 0.9285714285714286 0.07142857142857142 0.0 0.0 
0 8 0 2 10 0.0 0.8 0.0 0.2 61 8 1 0 70 0.8714285714285714 0.11428571428571428 0.014285714285714285 0.0 
1 7 2 0 10 0.1 0.7 0.2 0.0 63 7 0 0 70 0.9 0.1 0.0 0.0 
