2 3 2 3 10 0.2 0.3 0.2 0.3 58 12 0 0 70 0.8285714285714286 0.17142857142857143 0.0 0.0 
0 5 0 5 10 0.0 0.5 0.0 0.5 62 8 0 0 70 0.8857142857142857 0.11428571428571428 0.0 0.0 
0 4 3 3 10 0.0 0.4 0.3 0.3 65 4 0 1 70 0.9285714285714286 0.05714285714285714 0.0 0.014285714285714285 
0 3 2 5 10 0.0 0.3 0.2 0.5 61 9 0 0 70 0.8714285714285714 0.12857142857142856 0.0 0.0 
0 3 5 2 10 0.0 0.3 0.5 0.2 62 7 1 0 70 0.8857142857142857 0.1 0.014285714285714285 0.0 
0 4 3 3 10 0.0 0.4 0.3 0.3 54 16 0 0 70 0.7714285714285715 0.22857142857142856 0.0 0.0 
0 1 6 3 10 0.0 0.1 0.6 0.3 58 12 0 0 70 0.8285714285714286 0.17142857142857143 0.0 0.0 
4 4 0 2 10 0.4 0.4 0.0 0.2 66 4 0 0 70 0.9428571428571428 0.05714285714285714 0.0 0.0 
0 7 1 2 10 0.0 0.7 0.1 0.2 64 6 0 0 70 0.9142857142857143 0.08571428571428572 0.0 0.0 
0 7 2 1 10 0.0 0.7 0.2 0.1 61 9 0 0 70 0.8714285714285714 0.12857142857142856 0.0 0.0 
