3 3 4 0 10 0.3 0.3 0.4 0.0 48 1 0 1 50 0.96 0.02 0.0 0.02 
0 3 3 4 10 0.0 0.3 0.3 0.4 45 5 0 0 50 0.9 0.1 0.0 0.0 
1 5 4 0 10 0.1 0.5 0.4 0.0 44 6 0 0 50 0.88 0.12 0.0 0.0 
0 8 2 0 10 0.0 0.8 0.2 0.0 39 10 1 0 50 0.78 0.2 0.02 0.0 
2 4 3 1 10 0.2 0.4 0.3 0.1 42 7 1 0 50 0.84 0.14 0.02 0.0 
0 2 7 1 10 0.0 0.2 0.7 0.1 39 11 0 0 50 0.78 0.22 0.0 0.0 
2 6 1 1 10 0.2 0.6 0.1 0.1 39 11 0 0 50 0.78 0.22 0.0 0.0 
1 6 1 2 10 0.1 0.6 0.1 0.2 41 9 0 0 50 0.82 0.18 0.0 0.0 
0 8 1 1 10 0.0 0.8 0.1 0.1 43 7 0 0 50 0.86 0.14 0.0 0.0 
0 6 4 0 10 0.0 0.6 0.4 0.0 40 10 0 0 50 0.8 0.2 0.0 0.0 
