29 32 21 8 90 0.32222222222222224 0.35555555555555557 0.23333333333333334 0.08888888888888889 388 59 2 1 450 0.8622222222222222 0.13111111111111112 0.0044444444444444444 0.0022222222222222222 
35 28 16 11 90 0.3888888888888889 0.3111111111111111 0.17777777777777778 0.12222222222222222 396 51 1 2 450 0.88 0.11333333333333333 0.0022222222222222222 0.0044444444444444444 
34 28 19 9 90 0.37777777777777777 0.3111111111111111 0.2111111111111111 0.1 391 56 2 1 450 0.8688888888888889 0.12444444444444444 0.0044444444444444444 0.0022222222222222222 
34 28 20 8 90 0.37777777777777777 0.3111111111111111 0.2222222222222222 0.08888888888888889 392 55 2 1 450 0.8711111111111111 0.12222222222222222 0.0044444444444444444 0.0022222222222222222 
34 25 21 10 90 0.37777777777777777 0.2777777777777778 0.23333333333333334 0.1111111111111111 389 58 2 1 450 0.8644444444444445 0.1288888888888889 0.0044444444444444444 0.0022222222222222222 
39 21 20 10 90 0.43333333333333335 0.23333333333333334 0.2222222222222222 0.1111111111111111 400 45 3 2 450 0.8888888888888888 0.1 0.006666666666666667 0.0044444444444444444 
30 32 20 8 90 0.3333333333333333 0.35555555555555557 0.2222222222222222 0.08888888888888889 391 57 1 1 450 0.8688888888888889 0.12666666666666668 0.0022222222222222222 0.0022222222222222222 
30 31 20 9 90 0.3333333333333333 0.34444444444444444 0.2222222222222222 0.1 388 58 3 1 450 0.8622222222222222 0.1288888888888889 0.006666666666666667 0.0022222222222222222 
31 31 23 5 90 0.34444444444444444 0.34444444444444444 0.25555555555555554 0.05555555555555555 381 66 2 1 450 0.8466666666666667 0.14666666666666667 0.0044444444444444444 0.0022222222222222222 
30 34 19 7 90 0.3333333333333333 0.37777777777777777 0.2111111111111111 0.07777777777777778 392 53 5 0 450 0.8711111111111111 0.11777777777777777 0.011111111111111112 0.0 
