43 25 12 10 90 0.4777777777777778 0.2777777777777778 0.13333333333333333 0.1111111111111111 595 32 2 1 630 0.9444444444444444 0.050793650793650794 0.0031746031746031746 0.0015873015873015873 
48 18 10 14 90 0.5333333333333333 0.2 0.1111111111111111 0.15555555555555556 597 29 3 1 630 0.9476190476190476 0.046031746031746035 0.004761904761904762 0.0015873015873015873 
44 22 14 10 90 0.4888888888888889 0.24444444444444444 0.15555555555555556 0.1111111111111111 594 35 1 0 630 0.9428571428571428 0.05555555555555555 0.0015873015873015873 0.0 
47 20 12 11 90 0.5222222222222223 0.2222222222222222 0.13333333333333333 0.12222222222222222 591 36 2 1 630 0.9380952380952381 0.05714285714285714 0.0031746031746031746 0.0015873015873015873 
47 19 10 14 90 0.5222222222222223 0.2111111111111111 0.1111111111111111 0.15555555555555556 599 28 2 1 630 0.9507936507936507 0.044444444444444446 0.0031746031746031746 0.0015873015873015873 
47 18 17 8 90 0.5222222222222223 0.2 0.18888888888888888 0.08888888888888889 592 35 2 1 630 0.9396825396825397 0.05555555555555555 0.0031746031746031746 0.0015873015873015873 
45 22 12 11 90 0.5 0.24444444444444444 0.13333333333333333 0.12222222222222222 587 40 2 1 630 0.9317460317460318 0.06349206349206349 0.0031746031746031746 0.0015873015873015873 
42 24 12 12 90 0.4666666666666667 0.26666666666666666 0.13333333333333333 0.13333333333333333 586 40 3 1 630 0.9301587301587302 0.06349206349206349 0.004761904761904762 0.0015873015873015873 
44 25 11 10 90 0.4888888888888889 0.2777777777777778 0.12222222222222222 0.1111111111111111 591 35 3 1 630 0.9380952380952381 0.05555555555555555 0.004761904761904762 0.0015873015873015873 
46 20 14 10 90 0.5111111111111111 0.2222222222222222 0.15555555555555556 0.1111111111111111 587 40 1 2 630 0.9317460317460318 0.06349206349206349 0.0015873015873015873 0.0031746031746031746 
