2 3 5 0 10 0.2 0.3 0.5 0.0 66 3 1 0 70 0.9428571428571428 0.04285714285714286 0.014285714285714285 0.0 
0 5 2 3 10 0.0 0.5 0.2 0.3 62 7 1 0 70 0.8857142857142857 0.1 0.014285714285714285 0.0 
0 5 4 1 10 0.0 0.5 0.4 0.1 60 10 0 0 70 0.8571428571428571 0.14285714285714285 0.0 0.0 
0 1 5 4 10 0.0 0.1 0.5 0.4 59 11 0 0 70 0.8428571428571429 0.15714285714285714 0.0 0.0 
0 2 6 2 10 0.0 0.2 0.6 0.2 57 13 0 0 70 0.8142857142857143 0.18571428571428572 0.0 0.0 
0 3 6 1 10 0.0 0.3 0.6 0.1 60 10 0 0 70 0.8571428571428571 0.14285714285714285 0.0 0.0 
0 3 5 2 10 0.0 0.3 0.5 0.2 61 9 0 0 70 0.8714285714285714 0.12857142857142856 0.0 0.0 
1 6 2 1 10 0.1 0.6 0.2 0.1 60 9 1 0 70 0.8571428571428571 0.12857142857142856 0.014285714285714285 0.0 
2 6 0 2 10 0.2 0.6 0.0 0.2 65 4 1 0 70 0.9285714285714286 0.05714285714285714 0.014285714285714285 0.0 
0 6 1 3 10 0.0 0.6 0.1 0.3 62 8 0 0 70 0.8857142857142857 0.11428571428571428 0.0 0.0 
