1 8 1 0 10 0.1 0.8 0.1 0.0 43 5 2 0 50 0.86 0.1 0.04 0.0 
3 3 3 1 10 0.3 0.3 0.3 0.1 40 9 1 0 50 0.8 0.18 0.02 0.0 
6 1 3 0 10 0.6 0.1 0.3 0.0 40 8 2 0 50 0.8 0.16 0.04 0.0 
5 4 1 0 10 0.5 0.4 0.1 0.0 45 4 1 0 50 0.9 0.08 0.02 0.0 
0 10 0 0 10 0.0 1.0 0.0 0.0 41 9 0 0 50 0.82 0.18 0.0 0.0 
2 7 1 0 10 0.2 0.7 0.1 0.0 43 6 0 1 50 0.86 0.12 0.0 0.02 
5 3 2 0 10 0.5 0.3 0.2 0.0 40 10 0 0 50 0.8 0.2 0.0 0.0 
0 10 0 0 10 0.0 1.0 0.0 0.0 38 11 1 0 50 0.76 0.22 0.02 0.0 
7 2 0 1 10 0.7 0.2 0.0 0.1 47 3 0 0 50 0.94 0.06 0.0 0.0 
3 4 3 0 10 0.3 0.4 0.3 0.0 42 7 0 1 50 0.84 0.14 0.0 0.02 
