67 18 4 1 90 0.7444444444444445 0.2 0.044444444444444446 0.011111111111111112 611 14 4 1 630 0.9698412698412698 0.022222222222222223 0.006349206349206349 0.0015873015873015873 
67 18 4 1 90 0.7444444444444445 0.2 0.044444444444444446 0.011111111111111112 608 18 4 0 630 0.9650793650793651 0.02857142857142857 0.006349206349206349 0.0 
63 21 5 1 90 0.7 0.23333333333333334 0.05555555555555555 0.011111111111111112 611 13 5 1 630 0.9698412698412698 0.020634920634920634 0.007936507936507936 0.0015873015873015873 
65 22 1 2 90 0.7222222222222222 0.24444444444444444 0.011111111111111112 0.022222222222222223 611 14 5 0 630 0.9698412698412698 0.022222222222222223 0.007936507936507936 0.0 
70 15 4 1 90 0.7777777777777778 0.16666666666666666 0.044444444444444446 0.011111111111111112 609 19 0 2 630 0.9666666666666667 0.03015873015873016 0.0 0.0031746031746031746 
69 15 6 0 90 0.7666666666666667 0.16666666666666666 0.06666666666666667 0.0 610 16 3 1 630 0.9682539682539683 0.025396825396825397 0.004761904761904762 0.0015873015873015873 
61 24 5 0 90 0.6777777777777778 0.26666666666666666 0.05555555555555555 0.0 607 16 5 2 630 0.9634920634920635 0.025396825396825397 0.007936507936507936 0.0031746031746031746 
63 23 4 0 90 0.7 0.25555555555555554 0.044444444444444446 0.0 605 20 4 1 630 0.9603174603174603 0.031746031746031744 0.006349206349206349 0.0015873015873015873 
62 24 3 1 90 0.6888888888888889 0.26666666666666666 0.03333333333333333 0.011111111111111112 608 16 6 0 630 0.9650793650793651 0.025396825396825397 0.009523809523809525 0.0 
66 18 5 1 90 0.7333333333333333 0.2 0.05555555555555555 0.011111111111111112 614 13 2 1 630 0.9746031746031746 0.020634920634920634 0.0031746031746031746 0.0015873015873015873 
