17 36 23 14 90 0.18888888888888888 0.4 0.25555555555555554 0.15555555555555556 574 53 3 0 630 0.9111111111111111 0.08412698412698413 0.004761904761904762 0.0 
27 25 22 16 90 0.3 0.2777777777777778 0.24444444444444444 0.17777777777777778 575 51 4 0 630 0.9126984126984127 0.08095238095238096 0.006349206349206349 0.0 
22 36 18 14 90 0.24444444444444444 0.4 0.2 0.15555555555555556 569 56 5 0 630 0.9031746031746032 0.08888888888888889 0.007936507936507936 0.0 
30 22 26 12 90 0.3333333333333333 0.24444444444444444 0.28888888888888886 0.13333333333333333 574 55 1 0 630 0.9111111111111111 0.0873015873015873 0.0015873015873015873 0.0 
24 22 28 16 90 0.26666666666666666 0.24444444444444444 0.3111111111111111 0.17777777777777778 570 56 4 0 630 0.9047619047619048 0.08888888888888889 0.006349206349206349 0.0 
23 26 26 15 90 0.25555555555555554 0.28888888888888886 0.28888888888888886 0.16666666666666666 570 56 4 0 630 0.9047619047619048 0.08888888888888889 0.006349206349206349 0.0 
20 33 25 12 90 0.2222222222222222 0.36666666666666664 0.2777777777777778 0.13333333333333333 568 56 6 0 630 0.9015873015873016 0.08888888888888889 0.009523809523809525 0.0 
21 30 24 15 90 0.23333333333333334 0.3333333333333333 0.26666666666666666 0.16666666666666666 565 61 4 0 630 0.8968253968253969 0.09682539682539683 0.006349206349206349 0.0 
22 29 26 13 90 0.24444444444444444 0.32222222222222224 0.28888888888888886 0.14444444444444443 564 63 3 0 630 0.8952380952380953 0.1 0.004761904761904762 0.0 
23 30 25 12 90 0.25555555555555554 0.3333333333333333 0.2777777777777778 0.13333333333333333 565 61 3 1 630 0.8968253968253969 0.09682539682539683 0.004761904761904762 0.0015873015873015873 
