0 3 5 2 10 0.0 0.3 0.5 0.2 38 12 0 0 50 0.76 0.24 0.0 0.0 
3 3 2 2 10 0.3 0.3 0.2 0.2 42 7 1 0 50 0.84 0.14 0.02 0.0 
2 4 1 3 10 0.2 0.4 0.1 0.3 47 3 0 0 50 0.94 0.06 0.0 0.0 
1 4 3 2 10 0.1 0.4 0.3 0.2 41 9 0 0 50 0.82 0.18 0.0 0.0 
0 5 3 2 10 0.0 0.5 0.3 0.2 40 9 1 0 50 0.8 0.18 0.02 0.0 
0 5 2 3 10 0.0 0.5 0.2 0.3 39 10 1 0 50 0.78 0.2 0.02 0.0 
0 5 3 2 10 0.0 0.5 0.3 0.2 42 8 0 0 50 0.84 0.16 0.0 0.0 
5 3 1 1 10 0.5 0.3 0.1 0.1 46 4 0 0 50 0.92 0.08 0.0 0.0 
0 8 1 1 10 0.0 0.8 0.1 0.1 46 3 1 0 50 0.92 0.06 0.02 0.0 
0 8 2 0 10 0.0 0.8 0.2 0.0 40 9 1 0 50 0.8 0.18 0.02 0.0 
