20 39 25 6 90 0.2222222222222222 0.43333333333333335 0.2777777777777778 0.06666666666666667 384 60 5 1 450 0.8533333333333334 0.13333333333333333 0.011111111111111112 0.0022222222222222222 
25 37 23 5 90 0.2777777777777778 0.4111111111111111 0.25555555555555554 0.05555555555555555 384 58 7 1 450 0.8533333333333334 0.1288888888888889 0.015555555555555555 0.0022222222222222222 
15 44 26 5 90 0.16666666666666666 0.4888888888888889 0.28888888888888886 0.05555555555555555 380 62 6 2 450 0.8444444444444444 0.13777777777777778 0.013333333333333334 0.0044444444444444444 
21 39 25 5 90 0.23333333333333334 0.43333333333333335 0.2777777777777778 0.05555555555555555 381 63 5 1 450 0.8466666666666667 0.14 0.011111111111111112 0.0022222222222222222 
21 35 28 6 90 0.23333333333333334 0.3888888888888889 0.3111111111111111 0.06666666666666667 372 72 5 1 450 0.8266666666666667 0.16 0.011111111111111112 0.0022222222222222222 
20 38 25 7 90 0.2222222222222222 0.4222222222222222 0.2777777777777778 0.07777777777777778 376 68 5 1 450 0.8355555555555556 0.1511111111111111 0.011111111111111112 0.0022222222222222222 
22 43 19 6 90 0.24444444444444444 0.4777777777777778 0.2111111111111111 0.06666666666666667 381 60 7 2 450 0.8466666666666667 0.13333333333333333 0.015555555555555555 0.0044444444444444444 
16 38 30 6 90 0.17777777777777778 0.4222222222222222 0.3333333333333333 0.06666666666666667 373 68 8 1 450 0.8288888888888889 0.1511111111111111 0.017777777777777778 0.0022222222222222222 
19 45 22 4 90 0.2111111111111111 0.5 0.24444444444444444 0.044444444444444446 379 66 4 1 450 0.8422222222222222 0.14666666666666667 0.008888888888888889 0.0022222222222222222 
20 43 22 5 90 0.2222222222222222 0.4777777777777778 0.24444444444444444 0.05555555555555555 379 60 9 2 450 0.8422222222222222 0.13333333333333333 0.02 0.0044444444444444444 
