5.9 0.21 0.28 4.6 0.053 40.0 199.0 0.9964 3.72 0.7 10.0 1
5.8 0.36 0.38 0.9 0.037 3.0 75.0 0.9904 3.28 0.34 11.4 1
6.8 0.44 0.37 5.1 0.047 46.0 201.0 0.9938 3.08 0.65 10.5 1
7.2 0.4 0.62 10.8 0.041 70.0 189.0 0.9976 3.08 0.49 8.6 1
9.4 0.29 0.55 2.2 0.05 17.0 119.0 0.9962 3.12 0.69 10.3 1
6.1 0.6 0.0 1.3 0.042 24.0 79.0 0.9937 3.31 0.38 9.4 1
9.2 0.28 0.49 11.8 0.042 29.0 137.0 0.998 3.1 0.34 10.1 1
9.3 0.2 0.33 1.7 0.05 28.0 178.0 0.9954 3.16 0.43 9.0 1
7.6 0.26 0.36 1.6 0.032 6.0 106.0 0.993 3.15 0.4 10.4 1
6.4 0.43 0.27 1.1 0.054 5.0 110.0 0.9939 3.24 0.52 9.1 1
9.8 0.93 0.45 8.6 0.052 34.0 187.0 0.9994 3.12 0.59 10.2 1
6.7 0.54 0.27 7.1 0.049 8.0 178.0 0.99502 3.16 0.38 9.4 1
7.1 0.27 0.28 1.25 0.023 3.0 89.0 0.98993 2.95 0.3 11.4 1
6.8 0.27 0.29 4.6 0.046 6.0 88.0 0.99458 3.34 0.48 10.6 1
6.7 0.64 0.3 1.2 0.03 18.0 76.0 0.9892 3.16 0.6 12.9 1
7.4 0.27 0.31 2.4 0.014 15.0 143.0 0.99094 3.03 0.65 12.0 1
6.2 0.53 0.02 0.9 0.035 6.0 81.0 0.99234 3.24 0.35 9.5 1
