6.9 0.3 0.36 4.5 0.054 31.0 203.0 0.99513 3.4 0.57 10.4 1
8.2 0.68 0.3 2.1 0.047 17.0 138.0 0.995 3.22 0.71 10.8 1
6.8 0.64 0.08 9.7 0.062 26.0 142.0 0.9972 3.37 0.46 8.9 1
6.0 0.615 0.04 0.8 0.032 8.0 50.0 0.99036 3.14 0.4 11.0 1
8.4 0.19 0.42 1.6 0.047 9.0 101.0 0.994 3.06 0.65 11.1 1
9.9 1.005 0.46 1.4 0.046 34.0 185.0 0.9966 3.02 0.49 10.2 1
6.2 0.38 0.18 7.4 0.095 28.0 195.0 0.99773 3.53 0.71 9.2 1
9.2 0.35 0.39 0.9 0.042 15.0 61.0 0.9924 2.96 0.28 10.4 1
6.0 0.33 0.18 3.0 0.036 5.0 85.0 0.99125 3.28 0.4 11.5 1
6.4 0.37 0.12 5.9 0.056 6.0 91.0 0.99536 3.06 0.46 8.4 1
6.3 0.39 0.24 6.9 0.069 9.0 117.0 0.9942 3.15 0.35 10.2 1
6.7 0.54 0.27 7.1 0.049 8.0 178.0 0.99502 3.16 0.38 9.4 1
8.3 0.27 0.45 1.3 0.048 8.0 72.0 0.9944 3.08 0.61 10.3 1
6.0 0.11 0.47 10.6 0.052 69.0 148.0 0.9958 2.91 0.34 9.3 1
8.6 0.34 0.36 1.4 0.045 11.0 119.0 0.99556 3.17 0.47 9.4 1
6.2 0.53 0.02 0.9 0.035 6.0 81.0 0.99234 3.24 0.35 9.5 1
