6.6 0.36 0.29 1.6 0.021 24.0 85.0 0.98965 3.41 0.61 12.4 0
5.5 0.485 0.0 1.5 0.065 8.0 103.0 0.994 3.63 0.4 9.7 1
6.6 0.38 0.18 1.2 0.042 20.0 84.0 0.9927 3.22 0.45 10.1 1
8.0 0.23 0.37 9.6 0.054 23.0 159.0 0.99795 3.32 0.47 9.8 1
8.0 0.55 0.17 8.2 0.04 13.0 60.0 0.9956 3.09 0.3 9.5 1
6.5 0.52 0.17 1.4 0.047 5.0 26.0 0.9932 3.26 0.32 10.0 1
8.8 0.35 0.49 1.0 0.036 14.0 56.0 0.992 2.96 0.33 10.5 1
6.4 0.34 0.2 14.9 0.06 37.0 162.0 0.9983 3.13 0.45 9.0 1
6.9 0.3 0.29 1.3 0.053 24.0 189.0 0.99362 3.29 0.54 9.9 1
6.4 0.35 0.35 5.6 0.034 9.0 148.0 0.99441 3.17 0.5 9.8 1
7.5 0.34 0.24 3.85 0.031 5.0 34.0 0.99098 3.01 0.36 11.8 1
8.7 0.31 0.21 5.6 0.039 28.0 67.0 0.99328 2.96 0.52 11.0 1
6.5 0.38 0.53 1.4 0.142 5.0 69.0 0.9926 3.14 0.52 10.1 1
5.8 0.28 0.18 1.2 0.058 7.0 108.0 0.99288 3.23 0.58 9.55 1
6.8 0.63 0.04 1.3 0.058 25.0 133.0 0.99271 3.17 0.39 10.2 1
6.8 0.63 0.04 1.3 0.058 25.0 133.0 0.99271 3.17 0.39 10.2 1
5.2 0.405 0.15 1.45 0.038 10.0 44.0 0.99125 3.52 0.4 11.6 1
