9.1 0.27 0.45 10.6 0.035 28.0 124.0 0.997 3.2 0.46 10.4 0
5.8 0.28 0.35 2.3 0.053 36.0 114.0 0.9924 3.28 0.5 10.2 1
10.2 0.44 0.88 6.2 0.049 20.0 124.0 0.9968 2.99 0.51 9.9 1
6.8 0.32 0.34 1.2 0.044 14.0 67.0 0.9919 3.05 0.47 10.6 1
6.9 0.2 0.34 1.9 0.043 25.0 136.0 0.9935 3.31 0.6 10.1 1
8.2 0.68 0.3 2.1 0.047 17.0 138.0 0.995 3.22 0.71 10.8 1
6.9 0.41 0.22 4.2 0.031 10.0 102.0 0.993 3.0 0.86 11.6 1
8.4 0.29 0.29 1.05 0.032 4.0 55.0 0.9908 2.91 0.32 11.4 1
7.4 0.45 0.32 7.1 0.044 17.0 117.0 0.9962 3.32 0.41 10.4 1
7.6 0.23 0.26 15.3 0.067 32.0 166.0 0.9986 3.03 0.44 9.2 1
7.1 0.21 0.28 2.7 0.034 23.0 111.0 0.99405 3.35 0.64 10.2 1
6.2 0.38 0.18 7.4 0.095 28.0 195.0 0.99773 3.53 0.71 9.2 1
6.7 0.22 0.22 1.2 0.038 5.0 124.0 0.99098 3.1 0.37 11.2 1
7.3 0.36 0.54 13.3 0.054 63.0 193.0 0.99864 3.06 0.49 8.6 1
6.4 0.37 0.12 5.9 0.056 6.0 91.0 0.99536 3.06 0.46 8.4 1
5.3 0.47 0.1 1.3 0.036 11.0 74.0 0.99082 3.48 0.54 11.2 1
7.1 0.24 0.34 1.2 0.045 6.0 132.0 0.99132 3.16 0.46 11.2 1
