@relation winequality-white-9_vs_4
@attribute FixedAcidity real [3.8, 14.2]
@attribute VolatileAcidity real [0.08, 1.1]
@attribute CitricAcid real [0.0, 1.66]
@attribute ResidualSugar real [0.6, 65.8]
@attribute Chlorides real [0.009, 0.346]
@attribute FreeSulfurDioxide real [2.0, 289.0]
@attribute TotalSulfurDioxide real [9.0, 440.0]
@attribute Density real [0.98711, 1.03898]
@attribute PH real [2.72, 3.82]
@attribute Sulphates real [0.22, 1.08]
@attribute Alcohol real [8.0, 14.2]
@attribute Class {positive, negative}
@inputs FixedAcidity, VolatileAcidity, CitricAcid, ResidualSugar, Chlorides, FreeSulfurDioxide, TotalSulfurDioxide, Density, PH, Sulphates, Alcohol
@outputs Class
@data
5.5, 0.485, 0.0, 1.5, 0.065, 8.0, 103.0, 0.994, 3.63, 0.4, 9.7, negative
6.0, 0.67, 0.07, 1.2, 0.06, 9.0, 108.0, 0.9931, 3.11, 0.35, 8.7, negative
5.8, 0.28, 0.35, 2.3, 0.053, 36.0, 114.0, 0.9924, 3.28, 0.5, 10.2, negative
6.8, 0.64, 0.08, 9.7, 0.062, 26.0, 142.0, 0.9972, 3.37, 0.46, 8.9, negative
5.8, 0.36, 0.38, 0.9, 0.037, 3.0, 75.0, 0.9904, 3.28, 0.34, 11.4, negative
7.2, 0.4, 0.62, 10.8, 0.041, 70.0, 189.0, 0.9976, 3.08, 0.49, 8.6, negative
7.2, 0.31, 0.46, 5.0, 0.04, 3.0, 29.0, 0.9906, 3.04, 0.53, 12.5, negative
7.6, 0.56, 0.12, 10.4, 0.096, 22.0, 177.0, 0.9983, 3.32, 0.45, 9.1, negative
6.1, 0.28, 0.25, 12.9, 0.054, 34.0, 189.0, 0.9979, 3.25, 0.43, 9.0, negative
6.8, 0.29, 0.16, 1.4, 0.038, 122.5, 234.5, 0.9922, 3.15, 0.47, 10.0, negative
6.6, 0.36, 0.29, 1.6, 0.021, 24.0, 85.0, 0.98965, 3.41, 0.61, 12.4, positive
7.4, 0.24, 0.36, 2.0, 0.031, 27.0, 139.0, 0.99055, 3.28, 0.48, 12.5, positive
6.9, 0.36, 0.34, 4.2, 0.018, 57.0, 119.0, 0.9898, 3.28, 0.36, 12.7, positive
8.3, 0.27, 0.45, 1.3, 0.048, 8.0, 72.0, 0.9944, 3.08, 0.61, 10.3, negative
6.8, 0.705, 0.25, 3.2, 0.048, 10.0, 57.0, 0.996, 3.36, 0.52, 9.5, negative
8.2, 0.26, 0.44, 1.3, 0.046, 7.0, 69.0, 0.9944, 3.14, 0.62, 10.2, negative
7.0, 0.24, 0.18, 1.3, 0.046, 9.0, 62.0, 0.994, 3.38, 0.47, 10.1, negative
8.0, 0.55, 0.17, 8.2, 0.04, 13.0, 60.0, 0.9956, 3.09, 0.3, 9.5, negative
9.4, 0.29, 0.55, 2.2, 0.05, 17.0, 119.0, 0.9962, 3.12, 0.69, 10.3, negative
7.9, 0.16, 0.3, 4.8, 0.037, 37.0, 171.0, 0.9967, 3.47, 0.44, 9.0, negative
7.6, 0.33, 0.36, 2.1, 0.034, 26.0, 172.0, 0.9944, 3.42, 0.48, 10.5, negative
8.0, 0.66, 0.72, 17.55, 0.042, 62.0, 233.0, 0.9999, 2.92, 0.68, 9.4, negative
6.9, 0.41, 0.22, 4.2, 0.031, 10.0, 102.0, 0.993, 3.0, 0.86, 11.6, negative
6.9, 0.32, 0.16, 1.4, 0.051, 15.0, 96.0, 0.994, 3.22, 0.38, 9.5, negative
6.3, 0.39, 0.24, 6.9, 0.069, 9.0, 117.0, 0.9942, 3.15, 0.35, 10.2, negative
9.2, 0.28, 0.49, 11.8, 0.042, 29.0, 137.0, 0.998, 3.1, 0.34, 10.1, negative
7.0, 0.39, 0.24, 1.0, 0.048, 8.0, 119.0, 0.9923, 3.0, 0.31, 10.1, negative
6.9, 0.25, 0.24, 3.6, 0.057, 13.0, 85.0, 0.9942, 2.99, 0.48, 9.5, negative
6.2, 0.43, 0.49, 6.4, 0.045, 12.0, 115.0, 0.9963, 3.27, 0.57, 9.0, negative
8.8, 0.35, 0.49, 1.0, 0.036, 14.0, 56.0, 0.992, 2.96, 0.33, 10.5, negative
8.5, 0.17, 0.49, 8.8, 0.048, 23.0, 108.0, 0.9947, 2.88, 0.34, 10.5, negative
7.6, 0.31, 0.49, 13.4, 0.062, 50.0, 191.0, 0.9989, 3.22, 0.53, 9.0, negative
7.1, 0.26, 0.49, 2.2, 0.032, 31.0, 113.0, 0.9903, 3.37, 0.42, 12.9, positive
6.9, 0.26, 0.49, 1.6, 0.058, 39.0, 166.0, 0.9965, 3.65, 0.52, 9.4, negative
9.0, 0.43, 0.3, 1.5, 0.05, 7.0, 175.0, 0.9951, 3.11, 0.45, 9.7, negative
7.0, 0.61, 0.26, 1.7, 0.051, 25.0, 161.0, 0.9946, 3.36, 0.6, 10.6, negative
9.3, 0.2, 0.33, 1.7, 0.05, 28.0, 178.0, 0.9954, 3.16, 0.43, 9.0, negative
6.4, 0.43, 0.27, 1.1, 0.054, 5.0, 110.0, 0.9939, 3.24, 0.52, 9.1, negative
7.4, 0.45, 0.32, 7.1, 0.044, 17.0, 117.0, 0.9962, 3.32, 0.41, 10.4, negative
6.8, 0.2, 0.27, 1.2, 0.034, 19.0, 68.0, 0.9902, 3.14, 0.37, 11.7, negative
8.0, 0.16, 0.36, 1.5, 0.033, 14.0, 122.0, 0.9941, 3.2, 0.39, 10.3, negative
6.3, 0.24, 0.37, 1.8, 0.031, 6.0, 61.0, 0.9897, 3.3, 0.34, 12.2, negative
7.5, 0.29, 0.26, 14.95, 0.067, 47.0, 178.0, 0.99838, 3.04, 0.49, 9.2, negative
7.7, 0.28, 0.63, 11.1, 0.039, 58.0, 179.0, 0.9979, 3.08, 0.44, 8.8, negative
6.9, 0.3, 0.29, 1.3, 0.053, 24.0, 189.0, 0.99362, 3.29, 0.54, 9.9, negative
6.9, 0.3, 0.3, 1.3, 0.053, 24.0, 186.0, 0.99361, 3.29, 0.54, 9.9, negative
9.2, 0.19, 0.42, 2.0, 0.047, 16.0, 104.0, 0.99517, 3.09, 0.66, 10.0, negative
6.3, 0.38, 0.17, 8.8, 0.08, 50.0, 212.0, 0.99803, 3.47, 0.66, 9.4, negative
7.1, 0.21, 0.28, 2.7, 0.034, 23.0, 111.0, 0.99405, 3.35, 0.64, 10.2, negative
6.2, 0.38, 0.18, 7.4, 0.095, 28.0, 195.0, 0.99773, 3.53, 0.71, 9.2, negative
7.6, 0.31, 0.23, 12.7, 0.054, 20.0, 139.0, 0.99836, 3.16, 0.5, 9.7, negative
8.6, 0.34, 0.36, 1.4, 0.045, 11.0, 119.0, 0.99556, 3.17, 0.47, 9.4, negative
6.7, 0.54, 0.27, 7.1, 0.049, 8.0, 178.0, 0.99502, 3.16, 0.38, 9.4, negative
6.7, 0.54, 0.27, 7.1, 0.049, 8.0, 178.0, 0.99502, 3.16, 0.38, 9.4, negative
7.2, 0.615, 0.1, 1.4, 0.068, 25.0, 154.0, 0.99499, 3.2, 0.48, 9.7, negative
7.1, 0.23, 0.24, 5.4, 0.039, 60.0, 196.0, 0.9948, 3.19, 0.78, 10.0, negative
6.0, 0.11, 0.47, 10.6, 0.052, 69.0, 148.0, 0.9958, 2.91, 0.34, 9.3, negative
8.5, 0.22, 0.34, 0.7, 0.04, 5.0, 25.0, 0.9918, 3.04, 0.37, 10.5, negative
6.2, 0.255, 0.24, 1.7, 0.039, 138.5, 272.0, 0.99452, 3.53, 0.53, 9.6, negative
7.3, 0.28, 0.42, 1.2, 0.033, 29.0, 142.0, 0.99205, 3.17, 0.43, 10.7, negative
6.9, 0.3, 0.36, 4.5, 0.054, 31.0, 203.0, 0.99513, 3.4, 0.57, 10.4, negative
6.5, 0.29, 0.25, 2.5, 0.142, 8.0, 111.0, 0.9927, 3.0, 0.44, 9.9, negative
6.5, 0.48, 0.02, 0.9, 0.043, 32.0, 99.0, 0.99226, 3.14, 0.47, 9.8, negative
7.5, 0.34, 0.24, 3.85, 0.031, 5.0, 34.0, 0.99098, 3.01, 0.36, 11.8, negative
5.9, 0.655, 0.0, 5.6, 0.033, 8.0, 31.0, 0.9936, 3.32, 0.51, 10.5, negative
6.7, 0.22, 0.22, 1.2, 0.038, 5.0, 124.0, 0.99098, 3.1, 0.37, 11.2, negative
6.1, 0.6, 0.12, 1.8, 0.05, 11.0, 76.0, 0.99268, 3.42, 0.48, 10.4, negative
8.5, 0.18, 0.3, 1.1, 0.028, 34.0, 95.0, 0.99272, 2.83, 0.36, 10.0, negative
7.3, 0.36, 0.54, 13.3, 0.054, 63.0, 193.0, 0.99864, 3.06, 0.49, 8.6, negative
7.3, 0.38, 0.23, 6.5, 0.05, 18.0, 102.0, 0.99304, 3.1, 0.55, 11.2, negative
6.3, 0.27, 0.51, 7.6, 0.049, 35.0, 200.0, 0.99548, 3.16, 0.54, 9.4, negative
6.4, 0.37, 0.12, 5.9, 0.056, 6.0, 91.0, 0.99536, 3.06, 0.46, 8.4, negative
6.1, 1.1, 0.16, 4.4, 0.033, 8.0, 109.0, 0.99058, 3.35, 0.47, 12.4, negative
6.6, 0.35, 0.19, 10.5, 0.06, 15.0, 82.0, 0.99588, 3.13, 0.38, 9.9, negative
6.5, 0.38, 0.53, 1.4, 0.142, 5.0, 69.0, 0.9926, 3.14, 0.52, 10.1, negative
6.1, 0.38, 0.14, 3.9, 0.06, 27.0, 113.0, 0.99344, 3.07, 0.34, 9.2, negative
5.3, 0.43, 0.11, 1.1, 0.029, 6.0, 51.0, 0.99076, 3.51, 0.48, 11.2, negative
5.3, 0.47, 0.1, 1.3, 0.036, 11.0, 74.0, 0.99082, 3.48, 0.54, 11.2, negative
5.6, 0.18, 0.29, 2.3, 0.04, 5.0, 47.0, 0.99126, 3.07, 0.45, 10.1, negative
5.8, 0.28, 0.18, 1.2, 0.058, 7.0, 108.0, 0.99288, 3.23, 0.58, 9.55, negative
6.8, 0.63, 0.04, 1.3, 0.058, 25.0, 133.0, 0.99271, 3.17, 0.39, 10.2, negative
7.1, 0.24, 0.34, 1.2, 0.045, 6.0, 132.0, 0.99132, 3.16, 0.46, 11.2, negative
6.0, 0.35, 0.46, 0.9, 0.033, 9.0, 65.0, 0.98934, 3.24, 0.35, 12.1, negative
6.2, 0.53, 0.02, 0.9, 0.035, 6.0, 81.0, 0.99234, 3.24, 0.35, 9.5, negative
