441.0 358.0 0
307.0 515.0 0
476.0 702.0 0
517.0 678.0 0
445.0 775.0 0
320.0 449.0 0
349.0 339.0 0
286.0 645.0 0
404.0 387.0 0
192.0 576.0 0
501.0 497.0 0
514.0 233.0 0
255.0 412.0 0
268.0 325.0 0
185.0 481.0 0
515.0 751.0 0
395.0 727.0 0
111.0 601.0 0
435.0 629.0 0
606.0 633.0 0
720.0 923.0 1
364.0 123.0 1
131.0 657.0 1
-41.0 761.0 1
368.0 800.0 1
350.0 708.0 1
503.0 961.0 1
318.0 627.0 1
263.0 395.0 1
556.0 762.0 1
349.0 984.0 1
610.0 364.0 1
360.0 925.0 1
110.0 690.0 1
641.0 240.0 1
151.0 347.0 1
596.0 519.0 1
146.0 225.0 1
269.0 268.0 1
639.0 96.0 1
437.0 138.0 1
529.0 274.0 1
430.0 575.0 1
624.0 746.0 1
667.0 323.0 1
744.0 645.0 1
-15.0 702.0 1
182.0 992.0 1
-22.0 623.0 1
707.0 244.0 1
193.0 869.0 1
149.0 629.0 1
470.0 200.0 1
34.0 107.0 1
197.0 190.0 1
96.0 260.0 1
610.0 875.0 1
643.0 301.0 1
209.0 259.0 1
509.0 814.0 1
-16.0 158.0 1
534.0 483.0 1
417.0 90.0 1
-62.0 575.0 1
645.0 537.0 1
517.0 888.0 1
158.0 953.0 1
79.0 612.0 1
89.0 220.0 1
414.0 919.0 1
717.0 130.0 1
48.0 470.0 1
325.0 236.0 1
685.0 712.0 1
607.0 590.0 1
318.0 160.0 1
704.0 541.0 1
13.0 292.0 1
-39.0 895.0 1
225.0 703.0 1
734.0 366.0 1
263.0 910.0 1
340.0 664.0 1
221.0 801.0 1
359.0 846.0 1
725.0 778.0 1
184.0 776.0 1
93.0 725.0 1
328.0 915.0 1
2.0 550.0 1
185.0 677.0 1
430.0 273.0 1
419.0 790.0 1
272.0 989.0 1
664.0 852.0 1
585.0 146.0 1
559.0 981.0 1
683.0 604.0 1
154.0 96.0 1
569.0 241.0 1
146.0 824.0 1
383.0 251.0 1
-57.0 113.0 1
696.0 448.0 1
701.0 739.0 1
443.0 488.0 1
475.0 555.0 1
100.0 931.0 1
289.0 806.0 1
160.0 589.0 1
609.0 950.0 1
302.0 719.0 1
327.0 84.0 1
731.0 934.0 1
30.0 398.0 1
585.0 199.0 1
85.0 391.0 1
310.0 864.0 1
52.0 906.0 1
466.0 921.0 1
725.0 852.0 1
88.0 150.0 1
-56.0 837.0 1
373.0 563.0 1
565.0 694.0 1
180.0 407.0 1
674.0 935.0 1
50.0 638.0 1
346.0 445.0 1
548.0 423.0 1
748.0 215.0 1
127.0 981.0 1
264.0 173.0 1
512.0 207.0 1
727.0 67.0 1
589.0 438.0 1
62.0 570.0 1
101.0 489.0 1
124.0 302.0 1
126.0 537.0 1
-40.0 979.0 1
68.0 438.0 1
650.0 959.0 1
68.0 736.0 1
560.0 606.0 1
193.0 317.0 1
48.0 860.0 1
718.0 468.0 1
-9.0 392.0 1
751.0 885.0 1
-17.0 480.0 1
659.0 166.0 1
-9.0 931.0 1
-2.0 199.0 1
15.0 509.0 1
715.0 580.0 1
298.0 588.0 1
428.0 980.0 1
95.0 803.0 1
389.0 164.0 1
