404.0 387.0 0
527.0 363.0 0
268.0 325.0 0
316.0 366.0 0
502.0 350.0 0
349.0 339.0 0
386.0 409.0 0
366.0 348.0 0
400.0 683.0 0
395.0 727.0 0
349.0 757.0 0
371.0 728.0 0
541.0 647.0 0
301.0 267.0 0
538.0 808.0 0
229.0 437.0 0
331.0 450.0 0
249.0 410.0 0
255.0 412.0 0
282.0 501.0 0
731.0 934.0 1
-40.0 979.0 1
141.0 505.0 1
696.0 448.0 1
732.0 234.0 1
272.0 967.0 1
517.0 888.0 1
686.0 728.0 1
-61.0 572.0 1
613.0 720.0 1
725.0 852.0 1
384.0 491.0 1
223.0 298.0 1
609.0 950.0 1
615.0 609.0 1
443.0 488.0 1
68.0 736.0 1
67.0 174.0 1
739.0 120.0 1
639.0 780.0 1
536.0 793.0 1
659.0 749.0 1
174.0 965.0 1
106.0 742.0 1
51.0 142.0 1
198.0 223.0 1
154.0 96.0 1
121.0 867.0 1
329.0 127.0 1
-37.0 588.0 1
54.0 765.0 1
347.0 796.0 1
338.0 206.0 1
550.0 227.0 1
750.0 862.0 1
121.0 298.0 1
-33.0 94.0 1
123.0 323.0 1
15.0 509.0 1
193.0 317.0 1
445.0 201.0 1
76.0 75.0 1
68.0 653.0 1
733.0 878.0 1
623.0 687.0 1
50.0 638.0 1
-40.0 924.0 1
182.0 623.0 1
334.0 922.0 1
396.0 129.0 1
160.0 589.0 1
519.0 954.0 1
27.0 855.0 1
172.0 325.0 1
732.0 915.0 1
760.0 590.0 1
521.0 896.0 1
659.0 547.0 1
70.0 356.0 1
755.0 106.0 1
-62.0 575.0 1
293.0 879.0 1
610.0 218.0 1
664.0 852.0 1
751.0 885.0 1
73.0 202.0 1
511.0 784.0 1
548.0 702.0 1
641.0 240.0 1
151.0 557.0 1
-32.0 620.0 1
656.0 144.0 1
44.0 278.0 1
82.0 740.0 1
466.0 921.0 1
-17.0 480.0 1
565.0 531.0 1
143.0 946.0 1
62.0 570.0 1
677.0 921.0 1
51.0 860.0 1
131.0 657.0 1
696.0 879.0 1
77.0 310.0 1
628.0 409.0 1
116.0 381.0 1
607.0 590.0 1
430.0 838.0 1
316.0 927.0 1
704.0 541.0 1
-14.0 165.0 1
234.0 73.0 1
318.0 160.0 1
534.0 442.0 1
339.0 671.0 1
602.0 94.0 1
642.0 304.0 1
701.0 739.0 1
645.0 208.0 1
428.0 980.0 1
47.0 442.0 1
89.0 220.0 1
81.0 751.0 1
310.0 677.0 1
451.0 982.0 1
106.0 755.0 1
-9.0 392.0 1
569.0 241.0 1
722.0 922.0 1
6.0 352.0 1
18.0 519.0 1
618.0 738.0 1
279.0 893.0 1
96.0 260.0 1
239.0 135.0 1
8.0 74.0 1
237.0 266.0 1
624.0 926.0 1
248.0 604.0 1
545.0 644.0 1
725.0 778.0 1
52.0 769.0 1
608.0 537.0 1
-36.0 661.0 1
328.0 915.0 1
146.0 824.0 1
705.0 239.0 1
580.0 116.0 1
1.0 326.0 1
721.0 711.0 1
255.0 354.0 1
240.0 382.0 1
718.0 468.0 1
707.0 244.0 1
521.0 159.0 1
397.0 838.0 1
75.0 134.0 1
72.0 269.0 1
506.0 775.0 1
81.0 722.0 1
