422.0 495.0 0
465.0 350.0 0
390.0 626.0 0
461.0 661.0 0
175.0 563.0 0
111.0 601.0 0
220.0 479.0 0
253.0 516.0 0
541.0 647.0 0
282.0 501.0 0
241.0 832.0 1
526.0 508.0 1
751.0 369.0 1
160.0 778.0 1
419.0 790.0 1
125.0 392.0 1
24.0 271.0 1
742.0 716.0 1
216.0 263.0 1
445.0 954.0 1
264.0 930.0 1
430.0 940.0 1
512.0 203.0 1
656.0 403.0 1
177.0 920.0 1
725.0 87.0 1
73.0 469.0 1
90.0 612.0 1
221.0 974.0 1
700.0 380.0 1
94.0 660.0 1
634.0 889.0 1
394.0 202.0 1
352.0 769.0 1
555.0 662.0 1
75.0 726.0 1
383.0 251.0 1
335.0 721.0 1
676.0 524.0 1
142.0 640.0 1
718.0 930.0 1
687.0 269.0 1
685.0 712.0 1
442.0 459.0 1
174.0 213.0 1
415.0 246.0 1
573.0 960.0 1
340.0 860.0 1
326.0 986.0 1
258.0 677.0 1
679.0 469.0 1
721.0 635.0 1
269.0 268.0 1
710.0 682.0 1
669.0 118.0 1
667.0 918.0 1
47.0 172.0 1
59.0 500.0 1
87.0 945.0 1
599.0 793.0 1
201.0 818.0 1
714.0 426.0 1
567.0 399.0 1
361.0 982.0 1
184.0 776.0 1
564.0 496.0 1
639.0 780.0 1
659.0 749.0 1
106.0 742.0 1
182.0 623.0 1
27.0 855.0 1
659.0 547.0 1
70.0 356.0 1
73.0 202.0 1
701.0 739.0 1
81.0 751.0 1
608.0 537.0 1
580.0 116.0 1
397.0 838.0 1
81.0 722.0 1
