415.0 294.0 0
509.0 848.0 0
445.0 775.0 0
520.0 668.0 0
287.0 383.0 0
263.0 553.0 0
501.0 497.0 0
307.0 515.0 0
247.0 461.0 0
349.0 757.0 0
486.0 966.0 1
430.0 273.0 1
43.0 654.0 1
760.0 858.0 1
94.0 263.0 1
543.0 880.0 1
636.0 970.0 1
632.0 127.0 1
429.0 891.0 1
534.0 483.0 1
244.0 359.0 1
635.0 333.0 1
329.0 806.0 1
67.0 630.0 1
353.0 168.0 1
537.0 858.0 1
259.0 211.0 1
614.0 836.0 1
580.0 520.0 1
389.0 836.0 1
286.0 745.0 1
289.0 806.0 1
709.0 480.0 1
194.0 638.0 1
227.0 232.0 1
373.0 249.0 1
607.0 743.0 1
470.0 200.0 1
84.0 842.0 1
733.0 106.0 1
93.0 498.0 1
690.0 319.0 1
40.0 623.0 1
674.0 935.0 1
63.0 920.0 1
124.0 302.0 1
645.0 537.0 1
633.0 538.0 1
139.0 632.0 1
79.0 612.0 1
627.0 321.0 1
53.0 920.0 1
417.0 275.0 1
569.0 742.0 1
106.0 524.0 1
624.0 746.0 1
101.0 97.0 1
465.0 862.0 1
350.0 708.0 1
63.0 610.0 1
659.0 166.0 1
151.0 347.0 1
739.0 108.0 1
636.0 818.0 1
732.0 234.0 1
443.0 488.0 1
67.0 174.0 1
198.0 223.0 1
329.0 127.0 1
-37.0 588.0 1
732.0 915.0 1
293.0 879.0 1
511.0 784.0 1
151.0 557.0 1
565.0 531.0 1
116.0 381.0 1
722.0 922.0 1
96.0 260.0 1
8.0 74.0 1
506.0 775.0 1
