403.0 352.0 0
338.0 524.0 0
461.0 661.0 0
518.0 638.0 0
443.0 807.0 0
342.0 463.0 0
325.0 329.0 0
259.0 656.0 0
358.0 400.0 0
200.0 526.0 0
502.0 350.0 0
399.0 280.0 0
274.0 410.0 0
316.0 366.0 0
159.0 507.0 0
590.0 722.0 0
400.0 683.0 0
121.0 552.0 0
390.0 626.0 0
541.0 647.0 0
718.0 930.0 1
329.0 127.0 1
144.0 668.0 1
-37.0 786.0 1
329.0 806.0 1
335.0 721.0 1
519.0 954.0 1
302.0 611.0 1
240.0 382.0 1
569.0 742.0 1
326.0 986.0 1
624.0 330.0 1
334.0 922.0 1
105.0 726.0 1
675.0 241.0 1
132.0 347.0 1
586.0 535.0 1
174.0 213.0 1
237.0 266.0 1
602.0 94.0 1
454.0 147.0 1
518.0 244.0 1
464.0 562.0 1
607.0 743.0 1
690.0 319.0 1
751.0 637.0 1
41.0 703.0 1
201.0 965.0 1
-17.0 604.0 1
732.0 234.0 1
166.0 897.0 1
164.0 649.0 1
445.0 201.0 1
35.0 84.0 1
195.0 230.0 1
124.0 259.0 1
614.0 836.0 1
642.0 304.0 1
227.0 232.0 1
506.0 775.0 1
-14.0 165.0 1
526.0 508.0 1
398.0 81.0 1
-63.0 592.0 1
659.0 547.0 1
543.0 880.0 1
150.0 914.0 1
63.0 610.0 1
73.0 202.0 1
395.0 908.0 1
733.0 106.0 1
39.0 483.0 1
313.0 219.0 1
686.0 728.0 1
629.0 599.0 1
306.0 139.0 1
702.0 566.0 1
44.0 278.0 1
-43.0 909.0 1
221.0 688.0 1
751.0 369.0 1
243.0 917.0 1
313.0 664.0 1
201.0 818.0 1
340.0 860.0 1
739.0 773.0 1
149.0 799.0 1
75.0 726.0 1
316.0 927.0 1
39.0 549.0 1
171.0 689.0 1
417.0 275.0 1
426.0 809.0 1
272.0 967.0 1
670.0 869.0 1
580.0 116.0 1
573.0 960.0 1
670.0 581.0 1
101.0 97.0 1
581.0 222.0 1
91.0 818.0 1
396.0 212.0 1
8.0 74.0 1
668.0 453.0 1
742.0 716.0 1
433.0 466.0 1
475.0 526.0 1
87.0 945.0 1
329.0 783.0 1
120.0 592.0 1
629.0 966.0 1
255.0 657.0 1
234.0 73.0 1
757.0 940.0 1
18.0 407.0 1
541.0 220.0 1
116.0 381.0 1
389.0 836.0 1
53.0 920.0 1
465.0 862.0 1
750.0 862.0 1
111.0 155.0 1
-9.0 805.0 1
372.0 543.0 1
555.0 662.0 1
173.0 376.0 1
667.0 918.0 1
53.0 652.0 1
351.0 532.0 1
534.0 442.0 1
681.0 218.0 1
30.0 943.0 1
251.0 209.0 1
529.0 229.0 1
723.0 70.0 1
503.0 450.0 1
64.0 516.0 1
93.0 498.0 1
123.0 323.0 1
141.0 516.0 1
-40.0 924.0 1
44.0 436.0 1
701.0 972.0 1
38.0 734.0 1
568.0 580.0 1
244.0 359.0 1
37.0 863.0 1
726.0 496.0 1
-2.0 431.0 1
636.0 818.0 1
-11.0 505.0 1
669.0 118.0 1
52.0 827.0 1
-25.0 240.0 1
-28.0 319.0 1
760.0 590.0 1
237.0 609.0 1
451.0 982.0 1
52.0 769.0 1
589.0 323.0 1
