419.0 390.0 0
299.0 549.0 0
434.0 680.0 0
538.0 648.0 0
401.0 758.0 0
252.0 459.0 0
347.0 386.0 0
241.0 673.0 0
406.0 302.0 0
224.0 622.0 0
488.0 649.0 0
268.0 309.0 0
229.0 437.0 0
220.0 479.0 0
125.0 408.0 0
613.0 734.0 0
421.0 666.0 0
283.0 541.0 0
541.0 646.0 0
292.0 545.0 0
710.0 912.0 1
353.0 168.0 1
139.0 632.0 1
-16.0 793.0 1
381.0 766.0 1
335.0 739.0 1
465.0 979.0 1
310.0 657.0 1
255.0 354.0 1
536.0 793.0 1
350.0 944.0 1
618.0 412.0 1
362.0 890.0 1
94.0 660.0 1
610.0 218.0 1
143.0 386.0 1
565.0 531.0 1
198.0 223.0 1
216.0 263.0 1
605.0 87.0 1
410.0 157.0 1
503.0 255.0 1
402.0 546.0 1
613.0 720.0 1
627.0 321.0 1
721.0 635.0 1
-36.0 661.0 1
210.0 965.0 1
-12.0 579.0 1
739.0 236.0 1
205.0 916.0 1
194.0 638.0 1
449.0 215.0 1
63.0 99.0 1
192.0 129.0 1
87.0 288.0 1
553.0 871.0 1
665.0 270.0 1
223.0 298.0 1
537.0 858.0 1
-4.0 132.0 1
564.0 496.0 1
472.0 95.0 1
-34.0 537.0 1
679.0 527.0 1
568.0 907.0 1
171.0 910.0 1
67.0 630.0 1
67.0 174.0 1
430.0 940.0 1
725.0 87.0 1
47.0 442.0 1
338.0 206.0 1
701.0 685.0 1
622.0 614.0 1
265.0 164.0 1
710.0 516.0 1
1.0 333.0 1
-36.0 919.0 1
191.0 682.0 1
714.0 397.0 1
244.0 892.0 1
253.0 664.0 1
233.0 763.0 1
384.0 859.0 1
745.0 793.0 1
235.0 755.0 1
106.0 742.0 1
296.0 941.0 1
18.0 519.0 1
258.0 677.0 1
415.0 246.0 1
430.0 838.0 1
277.0 953.0 1
701.0 835.0 1
562.0 171.0 1
598.0 954.0 1
691.0 649.0 1
171.0 147.0 1
550.0 227.0 1
87.0 837.0 1
367.0 196.0 1
51.0 142.0 1
714.0 426.0 1
671.0 680.0 1
455.0 526.0 1
519.0 553.0 1
98.0 969.0 1
241.0 832.0 1
194.0 614.0 1
624.0 926.0 1
277.0 609.0 1
234.0 127.0 1
739.0 967.0 1
68.0 401.0 1
512.0 203.0 1
70.0 356.0 1
277.0 945.0 1
45.0 881.0 1
429.0 891.0 1
760.0 858.0 1
40.0 162.0 1
-51.0 933.0 1
357.0 532.0 1
623.0 687.0 1
177.0 317.0 1
692.0 916.0 1
40.0 623.0 1
490.0 430.0 1
567.0 399.0 1
659.0 181.0 1
245.0 948.0 1
224.0 139.0 1
444.0 223.0 1
739.0 96.0 1
652.0 489.0 1
59.0 500.0 1
78.0 494.0 1
67.0 303.0 1
86.0 514.0 1
4.0 947.0 1
115.0 460.0 1
755.0 986.0 1
115.0 734.0 1
596.0 644.0 1
58.0 359.0 1
73.0 859.0 1
737.0 540.0 1
6.0 352.0 1
588.0 814.0 1
-46.0 450.0 1
483.0 115.0 1
66.0 804.0 1
45.0 255.0 1
208.0 625.0 1
636.0 626.0 1
109.0 756.0 1
599.0 793.0 1
76.0 75.0 1
671.0 395.0 1
