465.0 350.0 0
282.0 501.0 0
472.0 678.0 0
520.0 668.0 0
463.0 778.0 0
331.0 450.0 0
366.0 348.0 0
301.0 632.0 0
386.0 409.0 0
175.0 563.0 0
422.0 495.0 0
415.0 294.0 0
249.0 410.0 0
287.0 383.0 0
190.0 463.0 0
538.0 808.0 0
371.0 728.0 0
140.0 617.0 0
427.0 605.0 0
623.0 660.0 0
722.0 922.0 1
396.0 129.0 1
135.0 657.0 1
-44.0 751.0 1
347.0 796.0 1
340.0 697.0 1
486.0 966.0 1
314.0 651.0 1
286.0 393.0 1
570.0 748.0 1
361.0 982.0 1
610.0 324.0 1
358.0 904.0 1
138.0 700.0 1
635.0 250.0 1
160.0 350.0 1
580.0 520.0 1
142.0 212.0 1
242.0 266.0 1
656.0 101.0 1
436.0 120.0 1
530.0 253.0 1
429.0 552.0 1
618.0 738.0 1
669.0 334.0 1
754.0 644.0 1
-11.0 698.0 1
174.0 965.0 1
-32.0 620.0 1
705.0 239.0 1
219.0 879.0 1
148.0 608.0 1
470.0 215.0 1
24.0 102.0 1
196.0 189.0 1
94.0 263.0 1
634.0 889.0 1
643.0 302.0 1
199.0 264.0 1
511.0 784.0 1
-9.0 158.0 1
547.0 492.0 1
430.0 85.0 1
-61.0 572.0 1
633.0 538.0 1
521.0 896.0 1
143.0 946.0 1
90.0 612.0 1
70.0 210.0 1
428.0 918.0 1
739.0 120.0 1
50.0 488.0 1
345.0 227.0 1
674.0 712.0 1
615.0 609.0 1
323.0 156.0 1
704.0 558.0 1
24.0 271.0 1
-34.0 900.0 1
228.0 702.0 1
734.0 373.0 1
264.0 930.0 1
339.0 671.0 1
222.0 816.0 1
379.0 838.0 1
735.0 783.0 1
160.0 778.0 1
81.0 722.0 1
325.0 908.0 1
2.0 561.0 1
166.0 684.0 1
422.0 271.0 1
424.0 797.0 1
272.0 981.0 1
678.0 847.0 1
600.0 146.0 1
576.0 979.0 1
698.0 589.0 1
185.0 93.0 1
572.0 231.0 1
138.0 822.0 1
373.0 249.0 1
-33.0 94.0 1
719.0 449.0 1
730.0 734.0 1
442.0 459.0 1
496.0 561.0 1
115.0 919.0 1
319.0 791.0 1
195.0 593.0 1
627.0 954.0 1
288.0 715.0 1
306.0 110.0 1
730.0 949.0 1
14.0 399.0 1
609.0 194.0 1
125.0 392.0 1
293.0 879.0 1
48.0 902.0 1
445.0 954.0 1
717.0 835.0 1
77.0 138.0 1
-51.0 836.0 1
378.0 554.0 1
548.0 702.0 1
165.0 403.0 1
677.0 921.0 1
57.0 630.0 1
384.0 491.0 1
526.0 414.0 1
714.0 200.0 1
221.0 974.0 1
259.0 211.0 1
512.0 174.0 1
729.0 71.0 1
628.0 409.0 1
33.0 587.0 1
101.0 481.0 1
121.0 298.0 1
106.0 524.0 1
-17.0 951.0 1
80.0 447.0 1
636.0 970.0 1
81.0 751.0 1
576.0 616.0 1
222.0 339.0 1
51.0 860.0 1
709.0 480.0 1
-8.0 432.0 1
696.0 879.0 1
-8.0 472.0 1
656.0 144.0 1
20.0 804.0 1
7.0 186.0 1
68.0 653.0 1
717.0 577.0 1
248.0 604.0 1
434.0 974.0 1
106.0 755.0 1
430.0 194.0 1
