490.0 360.0 0
298.0 485.0 0
433.0 684.0 0
517.0 630.0 0
411.0 757.0 0
301.0 479.0 0
399.0 335.0 0
343.0 662.0 0
475.0 401.0 0
222.0 545.0 0
527.0 363.0 0
301.0 267.0 0
234.0 433.0 0
247.0 461.0 0
253.0 516.0 0
509.0 848.0 0
349.0 757.0 0
263.0 553.0 0
418.0 591.0 0
322.0 567.0 0
732.0 915.0 1
330.0 101.0 1
142.0 640.0 1
-15.0 791.0 1
352.0 769.0 1
347.0 748.0 1
515.0 940.0 1
296.0 640.0 1
257.0 359.0 1
549.0 800.0 1
365.0 961.0 1
635.0 333.0 1
400.0 926.0 1
135.0 710.0 1
645.0 208.0 1
172.0 325.0 1
608.0 537.0 1
110.0 212.0 1
302.0 284.0 1
632.0 127.0 1
444.0 170.0 1
493.0 283.0 1
465.0 554.0 1
659.0 749.0 1
692.0 334.0 1
760.0 660.0 1
38.0 710.0 1
165.0 960.0 1
-37.0 588.0 1
709.0 277.0 1
145.0 880.0 1
182.0 623.0 1
482.0 182.0 1
61.0 100.0 1
225.0 173.0 1
72.0 269.0 1
563.0 873.0 1
609.0 308.0 1
233.0 289.0 1
482.0 835.0 1
5.0 151.0 1
496.0 484.0 1
382.0 71.0 1
-50.0 541.0 1
667.0 532.0 1
506.0 911.0 1
177.0 920.0 1
89.0 601.0 1
63.0 195.0 1
418.0 946.0 1
739.0 108.0 1
73.0 469.0 1
318.0 258.0 1
721.0 711.0 1
632.0 604.0 1
278.0 156.0 1
708.0 565.0 1
1.0 326.0 1
-20.0 901.0 1
231.0 746.0 1
700.0 380.0 1
279.0 893.0 1
310.0 677.0 1
239.0 821.0 1
386.0 836.0 1
755.0 784.0 1
233.0 755.0 1
82.0 740.0 1
302.0 888.0 1
45.0 549.0 1
148.0 701.0 1
431.0 257.0 1
429.0 810.0 1
241.0 990.0 1
647.0 837.0 1
591.0 115.0 1
600.0 985.0 1
722.0 588.0 1
188.0 122.0 1
567.0 212.0 1
121.0 867.0 1
394.0 202.0 1
-2.0 183.0 1
679.0 469.0 1
710.0 682.0 1
449.0 448.0 1
494.0 576.0 1
103.0 960.0 1
286.0 745.0 1
151.0 557.0 1
629.0 968.0 1
260.0 629.0 1
240.0 127.0 1
695.0 931.0 1
40.0 409.0 1
619.0 166.0 1
64.0 364.0 1
397.0 838.0 1
63.0 920.0 1
430.0 892.0 1
733.0 878.0 1
75.0 134.0 1
27.0 855.0 1
372.0 601.0 1
588.0 667.0 1
203.0 377.0 1
677.0 906.0 1
43.0 654.0 1
378.0 514.0 1
521.0 407.0 1
687.0 269.0 1
234.0 945.0 1
239.0 135.0 1
521.0 159.0 1
749.0 66.0 1
656.0 403.0 1
11.0 592.0 1
96.0 476.0 1
77.0 310.0 1
141.0 505.0 1
-8.0 942.0 1
26.0 452.0 1
757.0 971.0 1
54.0 765.0 1
545.0 644.0 1
58.0 349.0 1
34.0 862.0 1
730.0 503.0 1
-32.0 420.0 1
639.0 780.0 1
-49.0 483.0 1
755.0 106.0 1
84.0 842.0 1
47.0 172.0 1
-59.0 289.0 1
676.0 524.0 1
486.0 513.0 1
415.0 884.0 1
641.0 649.0 1
717.0 328.0 1
