606.0 633.0 0
515.0 751.0 0
476.0 702.0 0
517.0 678.0 0
234.0 433.0 0
274.0 410.0 0
322.0 567.0 0
283.0 541.0 0
192.0 576.0 0
538.0 808.0 0
209.0 259.0 1
222.0 339.0 1
110.0 690.0 1
455.0 526.0 1
515.0 940.0 1
41.0 703.0 1
38.0 734.0 1
95.0 803.0 1
754.0 644.0 1
-9.0 931.0 1
710.0 516.0 1
145.0 880.0 1
-41.0 761.0 1
-46.0 450.0 1
591.0 115.0 1
722.0 588.0 1
559.0 981.0 1
33.0 587.0 1
177.0 317.0 1
-49.0 483.0 1
242.0 266.0 1
40.0 409.0 1
632.0 604.0 1
735.0 783.0 1
306.0 110.0 1
39.0 483.0 1
704.0 558.0 1
609.0 308.0 1
730.0 949.0 1
2.0 550.0 1
193.0 869.0 1
26.0 452.0 1
-17.0 951.0 1
-2.0 199.0 1
-15.0 791.0 1
698.0 589.0 1
691.0 649.0 1
-50.0 541.0 1
39.0 549.0 1
378.0 554.0 1
141.0 516.0 1
720.0 923.0 1
221.0 688.0 1
233.0 763.0 1
13.0 292.0 1
585.0 199.0 1
708.0 565.0 1
323.0 156.0 1
109.0 756.0 1
529.0 274.0 1
588.0 814.0 1
340.0 697.0 1
64.0 516.0 1
313.0 664.0 1
185.0 93.0 1
600.0 146.0 1
714.0 397.0 1
731.0 934.0 1
272.0 967.0 1
686.0 728.0 1
613.0 720.0 1
193.0 317.0 1
68.0 653.0 1
610.0 218.0 1
430.0 838.0 1
-14.0 165.0 1
602.0 94.0 1
310.0 677.0 1
705.0 239.0 1
240.0 382.0 1
