419.0 390.0 0
399.0 280.0 0
301.0 479.0 0
514.0 233.0 0
538.0 648.0 0
421.0 666.0 0
517.0 630.0 0
222.0 545.0 0
343.0 662.0 0
366.0 348.0 0
-56.0 837.0 1
430.0 892.0 1
314.0 651.0 1
600.0 985.0 1
526.0 414.0 1
494.0 576.0 1
-28.0 319.0 1
402.0 546.0 1
549.0 800.0 1
171.0 689.0 1
255.0 657.0 1
-8.0 432.0 1
48.0 902.0 1
757.0 940.0 1
150.0 914.0 1
101.0 481.0 1
596.0 644.0 1
519.0 553.0 1
667.0 323.0 1
351.0 532.0 1
727.0 67.0 1
5.0 151.0 1
-2.0 183.0 1
627.0 954.0 1
357.0 532.0 1
430.0 85.0 1
34.0 107.0 1
429.0 552.0 1
53.0 652.0 1
470.0 215.0 1
-43.0 909.0 1
729.0 71.0 1
679.0 527.0 1
127.0 981.0 1
472.0 95.0 1
465.0 979.0 1
739.0 967.0 1
85.0 391.0 1
-25.0 240.0 1
-36.0 919.0 1
340.0 664.0 1
325.0 908.0 1
260.0 629.0 1
298.0 588.0 1
670.0 869.0 1
434.0 974.0 1
563.0 873.0 1
-11.0 505.0 1
199.0 264.0 1
201.0 965.0 1
384.0 859.0 1
530.0 253.0 1
610.0 324.0 1
219.0 879.0 1
-40.0 979.0 1
739.0 120.0 1
550.0 227.0 1
-33.0 94.0 1
396.0 129.0 1
160.0 589.0 1
-62.0 575.0 1
607.0 590.0 1
234.0 73.0 1
428.0 980.0 1
47.0 442.0 1
89.0 220.0 1
-9.0 392.0 1
6.0 352.0 1
18.0 519.0 1
239.0 135.0 1
