403.0 352.0 0
338.0 524.0 0
461.0 661.0 0
443.0 807.0 0
538.0 648.0 0
342.0 463.0 0
268.0 325.0 0
259.0 656.0 0
527.0 363.0 0
190.0 463.0 0
718.0 930.0 1
329.0 127.0 1
144.0 668.0 1
-37.0 786.0 1
329.0 806.0 1
335.0 721.0 1
519.0 954.0 1
302.0 611.0 1
240.0 382.0 1
569.0 742.0 1
326.0 986.0 1
624.0 330.0 1
675.0 241.0 1
132.0 347.0 1
586.0 535.0 1
174.0 213.0 1
237.0 266.0 1
602.0 94.0 1
444.0 170.0 1
518.0 244.0 1
464.0 562.0 1
659.0 749.0 1
690.0 319.0 1
751.0 637.0 1
201.0 965.0 1
-17.0 604.0 1
166.0 897.0 1
482.0 182.0 1
35.0 84.0 1
225.0 173.0 1
614.0 836.0 1
208.0 625.0 1
359.0 846.0 1
537.0 858.0 1
-14.0 165.0 1
534.0 442.0 1
-50.0 541.0 1
63.0 610.0 1
400.0 926.0 1
733.0 106.0 1
39.0 483.0 1
313.0 219.0 1
701.0 685.0 1
629.0 599.0 1
702.0 566.0 1
44.0 278.0 1
-43.0 909.0 1
221.0 688.0 1
751.0 369.0 1
243.0 917.0 1
241.0 832.0 1
94.0 263.0 1
81.0 722.0 1
417.0 275.0 1
389.0 836.0 1
619.0 166.0 1
101.0 97.0 1
709.0 480.0 1
87.0 945.0 1
670.0 581.0 1
627.0 954.0 1
278.0 156.0 1
18.0 407.0 1
733.0 878.0 1
135.0 710.0 1
357.0 532.0 1
93.0 498.0 1
30.0 943.0 1
-17.0 480.0 1
87.0 837.0 1
