623.0 660.0 0
298.0 485.0 0
259.0 656.0 0
475.0 401.0 0
301.0 632.0 0
435.0 629.0 0
427.0 605.0 0
443.0 807.0 0
268.0 309.0 0
395.0 727.0 0
194.0 614.0 1
66.0 804.0 1
302.0 611.0 1
78.0 494.0 1
382.0 71.0 1
430.0 575.0 1
185.0 677.0 1
330.0 101.0 1
734.0 373.0 1
73.0 859.0 1
272.0 981.0 1
158.0 953.0 1
302.0 888.0 1
286.0 393.0 1
50.0 488.0 1
681.0 218.0 1
692.0 334.0 1
509.0 814.0 1
30.0 398.0 1
149.0 629.0 1
503.0 255.0 1
490.0 430.0 1
310.0 864.0 1
-51.0 836.0 1
379.0 838.0 1
1.0 333.0 1
233.0 755.0 1
431.0 257.0 1
7.0 186.0 1
144.0 668.0 1
350.0 944.0 1
643.0 302.0 1
91.0 818.0 1
572.0 231.0 1
358.0 904.0 1
132.0 347.0 1
629.0 966.0 1
88.0 150.0 1
191.0 682.0 1
368.0 800.0 1
-37.0 786.0 1
609.0 194.0 1
45.0 881.0 1
89.0 601.0 1
671.0 680.0 1
482.0 835.0 1
225.0 173.0 1
702.0 566.0 1
20.0 804.0 1
560.0 606.0 1
696.0 448.0 1
68.0 736.0 1
536.0 793.0 1
121.0 298.0 1
76.0 75.0 1
50.0 638.0 1
334.0 922.0 1
172.0 325.0 1
751.0 885.0 1
548.0 702.0 1
-32.0 620.0 1
656.0 144.0 1
62.0 570.0 1
339.0 671.0 1
642.0 304.0 1
451.0 982.0 1
624.0 926.0 1
248.0 604.0 1
707.0 244.0 1
521.0 159.0 1
