441.0 358.0 0
307.0 515.0 0
476.0 702.0 0
445.0 775.0 0
517.0 630.0 0
320.0 449.0 0
349.0 339.0 0
286.0 645.0 0
501.0 497.0 0
255.0 412.0 0
720.0 923.0 1
364.0 123.0 1
131.0 657.0 1
-41.0 761.0 1
368.0 800.0 1
350.0 708.0 1
503.0 961.0 1
318.0 627.0 1
263.0 395.0 1
556.0 762.0 1
349.0 984.0 1
610.0 364.0 1
641.0 240.0 1
151.0 347.0 1
596.0 519.0 1
146.0 225.0 1
269.0 268.0 1
639.0 96.0 1
437.0 138.0 1
529.0 274.0 1
430.0 575.0 1
624.0 746.0 1
667.0 323.0 1
744.0 645.0 1
182.0 992.0 1
-22.0 623.0 1
193.0 869.0 1
470.0 200.0 1
34.0 107.0 1
197.0 190.0 1
610.0 875.0 1
182.0 623.0 1
362.0 890.0 1
509.0 814.0 1
-16.0 158.0 1
534.0 483.0 1
-62.0 575.0 1
79.0 612.0 1
414.0 919.0 1
717.0 130.0 1
48.0 470.0 1
325.0 236.0 1
685.0 712.0 1
607.0 590.0 1
704.0 541.0 1
13.0 292.0 1
-39.0 895.0 1
225.0 703.0 1
734.0 366.0 1
263.0 910.0 1
221.0 801.0 1
87.0 288.0 1
93.0 725.0 1
430.0 273.0 1
419.0 790.0 1
585.0 146.0 1
154.0 96.0 1
739.0 236.0 1
100.0 931.0 1
698.0 589.0 1
609.0 950.0 1
327.0 84.0 1
30.0 398.0 1
725.0 852.0 1
166.0 684.0 1
378.0 514.0 1
101.0 489.0 1
-40.0 979.0 1
39.0 549.0 1
73.0 859.0 1
