475.0 401.0 0
253.0 516.0 0
515.0 751.0 0
538.0 808.0 0
390.0 626.0 0
347.0 386.0 0
415.0 294.0 0
192.0 576.0 0
229.0 437.0 0
111.0 601.0 0
730.0 949.0 1
306.0 139.0 1
138.0 700.0 1
54.0 765.0 1
319.0 791.0 1
288.0 715.0 1
451.0 982.0 1
298.0 588.0 1
222.0 339.0 1
548.0 702.0 1
428.0 980.0 1
628.0 409.0 1
643.0 301.0 1
116.0 381.0 1
547.0 492.0 1
227.0 232.0 1
259.0 211.0 1
580.0 116.0 1
445.0 201.0 1
569.0 241.0 1
378.0 554.0 1
674.0 712.0 1
671.0 395.0 1
742.0 716.0 1
158.0 953.0 1
-63.0 592.0 1
244.0 892.0 1
394.0 202.0 1
40.0 162.0 1
264.0 173.0 1
568.0 907.0 1
237.0 609.0 1
328.0 915.0 1
521.0 896.0 1
-33.0 94.0 1
443.0 488.0 1
-11.0 505.0 1
53.0 652.0 1
434.0 974.0 1
729.0 71.0 1
96.0 476.0 1
318.0 160.0 1
683.0 604.0 1
636.0 626.0 1
667.0 532.0 1
6.0 352.0 1
-8.0 942.0 1
253.0 664.0 1
696.0 448.0 1
296.0 941.0 1
138.0 822.0 1
70.0 210.0 1
81.0 751.0 1
433.0 466.0 1
255.0 657.0 1
748.0 215.0 1
77.0 138.0 1
589.0 438.0 1
150.0 914.0 1
717.0 835.0 1
576.0 979.0 1
346.0 445.0 1
58.0 359.0 1
667.0 918.0 1
38.0 734.0 1
106.0 524.0 1
18.0 519.0 1
48.0 860.0 1
66.0 804.0 1
757.0 971.0 1
