419.0 390.0 0
298.0 485.0 0
406.0 302.0 0
259.0 656.0 0
445.0 775.0 0
418.0 591.0 0
411.0 757.0 0
421.0 666.0 0
252.0 459.0 0
175.0 563.0 0
263.0 553.0 0
274.0 410.0 0
159.0 507.0 0
190.0 463.0 0
140.0 617.0 0
299.0 549.0 0
322.0 567.0 0
343.0 662.0 0
220.0 479.0 0
253.0 516.0 0
751.0 637.0 1
313.0 219.0 1
209.0 259.0 1
-56.0 837.0 1
496.0 484.0 1
148.0 701.0 1
455.0 526.0 1
678.0 847.0 1
160.0 778.0 1
419.0 790.0 1
-22.0 623.0 1
115.0 460.0 1
125.0 392.0 1
277.0 609.0 1
359.0 846.0 1
506.0 911.0 1
38.0 734.0 1
692.0 916.0 1
529.0 229.0 1
543.0 880.0 1
319.0 791.0 1
142.0 212.0 1
754.0 644.0 1
-9.0 931.0 1
365.0 961.0 1
742.0 716.0 1
428.0 918.0 1
494.0 576.0 1
30.0 943.0 1
402.0 546.0 1
430.0 940.0 1
512.0 203.0 1
24.0 102.0 1
635.0 333.0 1
64.0 364.0 1
362.0 890.0 1
171.0 689.0 1
329.0 783.0 1
63.0 195.0 1
668.0 453.0 1
722.0 588.0 1
483.0 115.0 1
306.0 139.0 1
259.0 211.0 1
580.0 520.0 1
45.0 549.0 1
-16.0 158.0 1
30.0 398.0 1
61.0 100.0 1
75.0 726.0 1
194.0 638.0 1
296.0 941.0 1
227.0 232.0 1
242.0 266.0 1
40.0 409.0 1
632.0 604.0 1
727.0 67.0 1
607.0 743.0 1
302.0 284.0 1
306.0 110.0 1
195.0 230.0 1
335.0 721.0 1
704.0 558.0 1
733.0 106.0 1
745.0 793.0 1
381.0 766.0 1
695.0 931.0 1
512.0 207.0 1
237.0 609.0 1
629.0 968.0 1
193.0 869.0 1
26.0 452.0 1
379.0 838.0 1
367.0 196.0 1
115.0 734.0 1
135.0 657.0 1
636.0 626.0 1
67.0 303.0 1
674.0 935.0 1
124.0 302.0 1
430.0 85.0 1
34.0 107.0 1
100.0 931.0 1
7.0 186.0 1
442.0 459.0 1
174.0 213.0 1
350.0 944.0 1
656.0 101.0 1
652.0 489.0 1
-43.0 909.0 1
264.0 173.0 1
521.0 407.0 1
4.0 947.0 1
358.0 904.0 1
139.0 632.0 1
52.0 827.0 1
415.0 246.0 1
618.0 412.0 1
629.0 966.0 1
191.0 682.0 1
739.0 967.0 1
378.0 554.0 1
68.0 401.0 1
110.0 212.0 1
240.0 127.0 1
260.0 629.0 1
141.0 516.0 1
298.0 588.0 1
569.0 742.0 1
106.0 524.0 1
624.0 746.0 1
364.0 123.0 1
101.0 489.0 1
679.0 469.0 1
650.0 959.0 1
588.0 667.0 1
126.0 537.0 1
166.0 897.0 1
465.0 862.0 1
710.0 682.0 1
556.0 762.0 1
350.0 708.0 1
-11.0 505.0 1
96.0 476.0 1
346.0 445.0 1
709.0 277.0 1
599.0 793.0 1
433.0 466.0 1
70.0 210.0 1
714.0 426.0 1
417.0 90.0 1
288.0 715.0 1
64.0 516.0 1
313.0 664.0 1
636.0 818.0 1
600.0 146.0 1
715.0 580.0 1
35.0 84.0 1
221.0 801.0 1
465.0 554.0 1
