490.0 360.0 0
399.0 335.0 0
463.0 778.0 0
342.0 463.0 0
252.0 459.0 0
299.0 549.0 0
404.0 387.0 0
268.0 325.0 0
400.0 683.0 0
229.0 437.0 0
313.0 219.0 1
-16.0 793.0 1
373.0 563.0 1
659.0 181.0 1
115.0 460.0 1
80.0 447.0 1
277.0 609.0 1
386.0 836.0 1
296.0 640.0 1
506.0 911.0 1
142.0 212.0 1
197.0 190.0 1
318.0 627.0 1
135.0 710.0 1
449.0 448.0 1
744.0 645.0 1
-63.0 592.0 1
165.0 960.0 1
675.0 241.0 1
483.0 115.0 1
306.0 139.0 1
45.0 549.0 1
671.0 395.0 1
493.0 283.0 1
414.0 919.0 1
389.0 164.0 1
105.0 726.0 1
205.0 916.0 1
237.0 609.0 1
-32.0 420.0 1
115.0 734.0 1
636.0 626.0 1
310.0 657.0 1
576.0 979.0 1
-39.0 895.0 1
-17.0 604.0 1
14.0 399.0 1
160.0 350.0 1
618.0 412.0 1
192.0 129.0 1
68.0 401.0 1
240.0 127.0 1
245.0 948.0 1
410.0 157.0 1
665.0 270.0 1
444.0 170.0 1
126.0 537.0 1
512.0 174.0 1
195.0 593.0 1
70.0 210.0 1
639.0 96.0 1
596.0 519.0 1
715.0 580.0 1
35.0 84.0 1
221.0 801.0 1
-61.0 572.0 1
384.0 491.0 1
223.0 298.0 1
609.0 950.0 1
615.0 609.0 1
174.0 965.0 1
54.0 765.0 1
466.0 921.0 1
143.0 946.0 1
131.0 657.0 1
628.0 409.0 1
316.0 927.0 1
704.0 541.0 1
534.0 442.0 1
328.0 915.0 1
