11.6 0.58 0.66 2.2 0.074 10.0 47.0 1.0008 3.25 0.57 9.0 0
7.6 0.49 0.26 1.6 0.236 10.0 88.0 0.9968 3.11 0.8 9.3 1
10.7 0.46 0.39 2.0 0.061 7.0 15.0 0.9981 3.18 0.62 9.5 1
6.7 0.54 0.13 2.0 0.076 15.0 36.0 0.9973 3.61 0.64 9.8 1
10.3 0.44 0.5 4.5 0.107 5.0 13.0 0.998 3.28 0.83 11.5 1
9.0 0.82 0.05 2.4 0.081 26.0 96.0 0.99814 3.36 0.53 10.0 1
8.2 0.5 0.35 2.9 0.077 21.0 127.0 0.9976 3.23 0.62 9.4 1
12.3 0.5 0.49 2.2 0.089 5.0 14.0 1.0002 3.19 0.44 9.6 1
8.8 0.59 0.18 2.9 0.089 12.0 74.0 0.99738 3.14 0.54 9.4 1
7.9 0.18 0.4 1.8 0.062 7.0 20.0 0.9941 3.28 0.7 11.1 1
8.1 0.87 0.0 2.2 0.084 10.0 31.0 0.99656 3.25 0.5 9.8 1
7.8 0.59 0.18 2.3 0.076 17.0 54.0 0.9975 3.43 0.59 10.0 1
6.8 0.915 0.29 4.8 0.07 15.0 39.0 0.99577 3.53 0.54 11.1 1
9.9 0.63 0.24 2.4 0.077 6.0 33.0 0.9974 3.09 0.57 9.4 1
10.4 0.28 0.54 2.7 0.105 5.0 19.0 0.9988 3.25 0.63 9.5 1
8.8 0.44 0.49 2.8 0.083 18.0 111.0 0.9982 3.3 0.6 9.5 1
9.5 0.55 0.66 2.3 0.387 12.0 37.0 0.9982 3.17 0.67 9.6 1
9.5 0.885 0.27 2.3 0.084 31.0 145.0 0.9978 3.24 0.53 9.4 1
5.6 0.615 0.0 1.6 0.089 16.0 59.0 0.9943 3.58 0.52 9.9 1
15.5 0.645 0.49 4.2 0.095 10.0 23.0 1.00315 2.92 0.74 11.1 1
6.6 0.44 0.15 2.1 0.076 22.0 53.0 0.9957 3.32 0.62 9.3 1
8.6 0.52 0.38 1.5 0.096 5.0 18.0 0.99666 3.2 0.52 9.4 1
8.5 0.34 0.44 1.7 0.079 6.0 12.0 0.99605 3.52 0.63 10.7 1
8.1 0.725 0.22 2.2 0.072 11.0 41.0 0.9967 3.36 0.55 9.1 1
7.0 0.5 0.25 2.0 0.07 3.0 22.0 0.9963 3.25 0.63 9.2 1
7.0 0.735 0.05 2.0 0.081 13.0 54.0 0.9966 3.39 0.57 9.8 1
7.5 0.705 0.24 1.8 0.36 15.0 63.0 0.9964 3.0 1.59 9.5 1
7.2 0.41 0.3 2.1 0.083 35.0 72.0 0.997 3.44 0.52 9.4 1
6.9 0.57 0.0 2.8 0.081 21.0 41.0 0.99518 3.41 0.52 10.8 1
7.4 0.49 0.19 3.0 0.077 16.0 37.0 0.9966 3.37 0.51 10.5 1
7.5 0.61 0.2 1.7 0.076 36.0 60.0 0.99494 3.1 0.4 9.3 1
9.0 0.58 0.25 2.0 0.104 8.0 21.0 0.99769 3.27 0.72 9.6 1
10.2 0.42 0.57 3.4 0.07 4.0 10.0 0.9971 3.04 0.63 9.6 1
8.7 0.69 0.0 3.2 0.084 13.0 33.0 0.9992 3.36 0.45 9.4 1
7.8 0.87 0.26 3.8 0.107 31.0 67.0 0.99668 3.26 0.46 9.2 1
8.6 0.725 0.24 6.6 0.117 31.0 134.0 1.0014 3.32 1.07 9.3 1
7.5 0.5 0.36 6.1 0.071 17.0 102.0 0.9978 3.35 0.8 10.5 1
7.7 0.705 0.1 2.6 0.084 9.0 26.0 0.9976 3.39 0.49 9.7 1
7.8 0.82 0.29 4.3 0.083 21.0 64.0 0.99642 3.16 0.53 9.4 1
9.2 0.59 0.24 3.3 0.101 20.0 47.0 0.9988 3.26 0.67 9.6 1
9.5 0.57 0.27 2.3 0.082 23.0 144.0 0.99782 3.27 0.55 9.4 1
6.9 0.56 0.03 1.5 0.086 36.0 46.0 0.99522 3.53 0.57 10.6 1
9.3 0.43 0.44 1.9 0.085 9.0 22.0 0.99708 3.28 0.55 9.5 1
8.4 0.62 0.09 2.2 0.084 11.0 108.0 0.9964 3.15 0.66 9.8 1
7.4 0.39 0.48 2.0 0.082 14.0 67.0 0.9972 3.34 0.55 9.2 1
10.6 0.83 0.37 2.6 0.086 26.0 70.0 0.9981 3.16 0.52 9.9 1
7.6 0.685 0.23 2.3 0.111 20.0 84.0 0.9964 3.21 0.61 9.3 1
8.2 0.39 0.49 2.3 0.099 47.0 133.0 0.9979 3.38 0.99 9.8 1
10.2 0.67 0.39 1.9 0.054 6.0 17.0 0.9976 3.17 0.47 10.0 1
7.7 0.39 0.12 1.7 0.097 19.0 27.0 0.99596 3.16 0.49 9.4 1
8.0 0.71 0.0 2.6 0.08 11.0 34.0 0.9976 3.44 0.53 9.5 1
7.3 0.32 0.23 2.3 0.066 35.0 70.0 0.99588 3.43 0.62 10.1 1
8.0 0.57 0.23 3.2 0.073 17.0 119.0 0.99675 3.26 0.57 9.3 1
7.2 0.725 0.05 4.65 0.086 4.0 11.0 0.9962 3.41 0.39 10.9 1
11.9 0.38 0.49 2.7 0.098 12.0 42.0 1.0004 3.16 0.61 10.3 1
11.1 0.39 0.54 2.7 0.095 21.0 101.0 1.0001 3.13 0.51 9.5 1
9.0 0.62 0.04 1.9 0.146 27.0 90.0 0.9984 3.16 0.7 9.4 1
8.0 0.43 0.36 2.3 0.075 10.0 48.0 0.9976 3.34 0.46 9.4 1
9.7 0.69 0.32 2.5 0.088 22.0 91.0 0.9979 3.29 0.62 10.1 1
11.2 0.4 0.5 2.0 0.099 19.0 50.0 0.99783 3.1 0.58 10.4 1
9.9 0.54 0.45 2.3 0.071 16.0 40.0 0.9991 3.39 0.62 9.4 1
8.3 0.705 0.12 2.6 0.092 12.0 28.0 0.9994 3.51 0.72 10.0 1
10.7 0.9 0.34 6.6 0.112 23.0 99.0 1.00289 3.22 0.68 9.3 1
6.0 0.5 0.04 2.2 0.092 13.0 26.0 0.99647 3.46 0.47 10.0 1
6.0 0.5 0.0 1.4 0.057 15.0 26.0 0.99448 3.36 0.45 9.5 1
7.2 0.54 0.27 2.6 0.084 12.0 78.0 0.9964 3.39 0.71 11.0 1
11.2 0.5 0.74 5.15 0.1 5.0 17.0 0.9996 3.22 0.62 11.2 1
7.5 0.61 0.26 1.9 0.073 24.0 88.0 0.99612 3.3 0.53 9.8 1
6.2 0.56 0.09 1.7 0.053 24.0 32.0 0.99402 3.54 0.6 11.3 1
