@relation  winequality-red-3_vs_5
@attribute FixedAcidity real[4.6,15.9]
@attribute VolatileAcidity real[0.12,1.58]
@attribute CitricAcid real[0.0,1.0]
@attribute ResidualSugar real[0.9,15.5]
@attribute Chlorides real[0.012,0.611]
@attribute FreeSulfurDioxide real[1.0,72.0]
@attribute TotalSulfurDioxide real[6.0,289.0]
@attribute Density real[0.99007,1.00369]
@attribute PH real[2.74,4.01]
@attribute Sulphates real[0.33,2.0]
@attribute Alcohol real[8.4,14.9]
@attribute Class{positive,negative}
@inputs FixedAcidity,VolatileAcidity,CitricAcid,ResidualSugar,Chlorides,FreeSulfurDioxide,TotalSulfurDioxide,Density,PH,Sulphates,Alcohol
@outputs Class
@data
6.8, 0.815, 0.0, 1.2, 0.267, 16.0, 29.0, 0.99471, 3.32, 0.51, 9.8, positive
7.2, 0.635, 0.07, 2.6, 0.077, 16.0, 86.0, 0.99748, 3.51, 0.54, 9.7, negative
8.8, 0.6, 0.29, 2.2, 0.098, 5.0, 15.0, 0.9988, 3.36, 0.49, 9.1, negative
6.7, 0.54, 0.13, 2.0, 0.076, 15.0, 36.0, 0.9973, 3.61, 0.64, 9.8, negative
6.1, 0.59, 0.01, 2.1, 0.056, 5.0, 13.0, 0.99472, 3.52, 0.56, 11.4, negative
5.6, 0.31, 0.37, 1.4, 0.074, 12.0, 96.0, 0.9954, 3.32, 0.58, 9.2, negative
7.1, 0.43, 0.42, 5.5, 0.07, 29.0, 129.0, 0.9973, 3.42, 0.72, 10.5, negative
9.9, 0.35, 0.55, 2.1, 0.062, 5.0, 14.0, 0.9971, 3.26, 0.79, 10.6, negative
9.1, 0.45, 0.35, 2.4, 0.08, 23.0, 78.0, 0.9987, 3.38, 0.62, 9.5, negative
7.0, 0.805, 0.0, 2.5, 0.068, 7.0, 20.0, 0.9969, 3.48, 0.56, 9.6, negative
8.1, 0.87, 0.0, 2.2, 0.084, 10.0, 31.0, 0.99656, 3.25, 0.5, 9.8, negative
7.6, 0.645, 0.03, 1.9, 0.086, 14.0, 57.0, 0.9969, 3.37, 0.46, 10.3, negative
7.1, 0.46, 0.14, 2.8, 0.076, 15.0, 37.0, 0.99624, 3.36, 0.49, 10.7, negative
10.0, 0.58, 0.22, 1.9, 0.08, 9.0, 32.0, 0.9974, 3.13, 0.55, 9.5, negative
7.4, 0.67, 0.12, 1.6, 0.186, 5.0, 21.0, 0.996, 3.39, 0.54, 9.5, negative
8.9, 0.48, 0.24, 2.85, 0.094, 35.0, 106.0, 0.9982, 3.1, 0.53, 9.2, negative
8.7, 0.29, 0.52, 1.6, 0.113, 12.0, 37.0, 0.9969, 3.25, 0.58, 9.5, negative
9.8, 0.98, 0.32, 2.3, 0.078, 35.0, 152.0, 0.998, 3.25, 0.48, 9.4, negative
9.9, 0.35, 0.41, 2.3, 0.083, 11.0, 61.0, 0.9982, 3.21, 0.5, 9.5, negative
9.0, 0.82, 0.14, 2.6, 0.089, 9.0, 23.0, 0.9984, 3.39, 0.63, 9.8, negative
8.0, 0.62, 0.35, 2.8, 0.086, 28.0, 52.0, 0.997, 3.31, 0.62, 10.8, negative
10.6, 0.36, 0.6, 2.2, 0.152, 7.0, 18.0, 0.9986, 3.04, 1.06, 9.4, negative
8.1, 0.33, 0.44, 1.5, 0.042, 6.0, 12.0, 0.99542, 3.35, 0.61, 10.7, negative
7.1, 0.65, 0.18, 1.8, 0.07, 13.0, 40.0, 0.997, 3.44, 0.6, 9.1, negative
6.8, 0.775, 0.0, 3.0, 0.102, 8.0, 23.0, 0.9965, 3.45, 0.56, 10.7, negative
12.1, 0.4, 0.52, 2.0, 0.092, 15.0, 54.0, 1.0, 3.03, 0.66, 10.2, negative
8.0, 0.52, 0.25, 2.0, 0.078, 19.0, 59.0, 0.99612, 3.3, 0.48, 10.2, negative
7.2, 0.41, 0.3, 2.1, 0.083, 35.0, 72.0, 0.997, 3.44, 0.52, 9.4, negative
7.1, 0.66, 0.0, 3.9, 0.086, 17.0, 45.0, 0.9976, 3.46, 0.54, 9.5, negative
6.8, 0.67, 0.0, 1.9, 0.08, 22.0, 39.0, 0.99701, 3.4, 0.74, 9.7, negative
7.2, 0.39, 0.32, 1.8, 0.065, 34.0, 60.0, 0.99714, 3.46, 0.78, 9.9, negative
9.1, 0.34, 0.42, 1.8, 0.058, 9.0, 18.0, 0.99392, 3.18, 0.55, 11.4, negative
7.0, 0.51, 0.09, 2.1, 0.062, 4.0, 9.0, 0.99584, 3.35, 0.54, 10.5, negative
6.4, 0.64, 0.21, 1.8, 0.081, 14.0, 31.0, 0.99689, 3.59, 0.66, 9.8, negative
7.8, 0.88, 0.0, 2.6, 0.098, 25.0, 67.0, 0.9968, 3.2, 0.68, 9.8, negative
8.0, 0.745, 0.56, 2.0, 0.118, 30.0, 134.0, 0.9968, 3.24, 0.66, 9.4, negative
7.8, 0.56, 0.19, 2.0, 0.081, 17.0, 108.0, 0.9962, 3.32, 0.54, 9.5, negative
10.0, 0.69, 0.11, 1.4, 0.084, 8.0, 24.0, 0.99578, 2.88, 0.47, 9.7, negative
6.8, 0.59, 0.1, 1.7, 0.063, 34.0, 53.0, 0.9958, 3.41, 0.67, 9.7, negative
11.3, 0.37, 0.5, 1.8, 0.09, 20.0, 47.0, 0.99734, 3.15, 0.57, 10.5, negative
7.8, 0.53, 0.33, 2.4, 0.08, 24.0, 144.0, 0.99655, 3.3, 0.6, 9.5, negative
9.4, 0.59, 0.14, 2.0, 0.084, 25.0, 48.0, 0.9981, 3.14, 0.56, 9.7, negative
7.0, 0.685, 0.0, 1.9, 0.099, 9.0, 22.0, 0.99606, 3.34, 0.6, 9.7, negative
7.0, 0.6, 0.3, 4.5, 0.068, 20.0, 110.0, 0.99914, 3.3, 1.17, 10.2, negative
6.2, 0.63, 0.31, 1.7, 0.088, 15.0, 64.0, 0.9969, 3.46, 0.79, 9.3, negative
7.6, 0.43, 0.29, 2.1, 0.075, 19.0, 66.0, 0.99718, 3.4, 0.64, 9.5, negative
10.6, 1.025, 0.43, 2.8, 0.08, 21.0, 84.0, 0.9985, 3.06, 0.57, 10.1, negative
8.8, 0.52, 0.34, 2.7, 0.087, 24.0, 122.0, 0.9982, 3.26, 0.61, 9.5, negative
6.7, 0.7, 0.08, 3.75, 0.067, 8.0, 16.0, 0.99334, 3.43, 0.52, 12.6, negative
7.1, 0.69, 0.04, 2.1, 0.068, 19.0, 27.0, 0.99712, 3.44, 0.67, 9.8, negative
7.4, 0.7, 0.0, 1.9, 0.076, 11.0, 34.0, 0.9978, 3.51, 0.56, 9.4, negative
8.1, 0.575, 0.22, 2.1, 0.077, 12.0, 65.0, 0.9967, 3.29, 0.51, 9.2, negative
8.6, 0.63, 0.17, 2.9, 0.099, 21.0, 119.0, 0.998, 3.09, 0.52, 9.3, negative
6.4, 0.57, 0.02, 1.8, 0.067, 4.0, 11.0, 0.997, 3.46, 0.68, 9.5, negative
11.9, 0.38, 0.49, 2.7, 0.098, 12.0, 42.0, 1.0004, 3.16, 0.61, 10.3, negative
7.3, 0.365, 0.49, 2.5, 0.088, 39.0, 106.0, 0.9966, 3.36, 0.78, 11.0, negative
7.1, 0.52, 0.03, 2.6, 0.076, 21.0, 92.0, 0.99745, 3.5, 0.6, 9.8, negative
6.6, 0.64, 0.31, 6.1, 0.083, 7.0, 49.0, 0.99718, 3.35, 0.68, 10.3, negative
9.7, 0.66, 0.34, 2.6, 0.094, 12.0, 88.0, 0.99796, 3.26, 0.66, 10.1, negative
7.0, 0.62, 0.18, 1.5, 0.062, 7.0, 50.0, 0.9951, 3.08, 0.6, 9.3, negative
7.9, 0.37, 0.23, 1.8, 0.077, 23.0, 49.0, 0.9963, 3.28, 0.67, 9.3, negative
8.6, 0.47, 0.47, 2.4, 0.074, 7.0, 29.0, 0.9979, 3.08, 0.46, 9.5, negative
6.8, 0.64, 0.1, 2.1, 0.085, 18.0, 101.0, 0.9956, 3.34, 0.52, 10.2, negative
6.3, 0.6, 0.1, 1.6, 0.048, 12.0, 26.0, 0.99306, 3.55, 0.51, 12.1, negative
6.2, 0.64, 0.09, 2.5, 0.081, 15.0, 26.0, 0.99538, 3.57, 0.63, 12.0, negative
6.6, 0.63, 0.0, 4.3, 0.093, 51.0, 77.5, 0.99558, 3.2, 0.45, 9.5, negative
6.0, 0.64, 0.05, 1.9, 0.066, 9.0, 17.0, 0.99496, 3.52, 0.78, 10.6, negative
7.1, 0.685, 0.35, 2.0, 0.088, 9.0, 92.0, 0.9963, 3.28, 0.62, 9.4, negative
12.2, 0.45, 0.49, 1.4, 0.075, 3.0, 6.0, 0.9969, 3.13, 0.63, 10.4, negative
