@relation  winequality-red-3_vs_5
@attribute FixedAcidity real[4.6,15.9]
@attribute VolatileAcidity real[0.12,1.58]
@attribute CitricAcid real[0.0,1.0]
@attribute ResidualSugar real[0.9,15.5]
@attribute Chlorides real[0.012,0.611]
@attribute FreeSulfurDioxide real[1.0,72.0]
@attribute TotalSulfurDioxide real[6.0,289.0]
@attribute Density real[0.99007,1.00369]
@attribute PH real[2.74,4.01]
@attribute Sulphates real[0.33,2.0]
@attribute Alcohol real[8.4,14.9]
@attribute Class{positive,negative}
@inputs FixedAcidity,VolatileAcidity,CitricAcid,ResidualSugar,Chlorides,FreeSulfurDioxide,TotalSulfurDioxide,Density,PH,Sulphates,Alcohol
@outputs Class
@data
7.1, 0.875, 0.05, 5.7, 0.082, 3.0, 14.0, 0.99808, 3.4, 0.52, 10.2, positive
11.6, 0.58, 0.66, 2.2, 0.074, 10.0, 47.0, 1.0008, 3.25, 0.57, 9.0, positive
8.3, 0.56, 0.22, 2.4, 0.082, 10.0, 86.0, 0.9983, 3.37, 0.62, 9.5, negative
12.5, 0.46, 0.63, 2.0, 0.071, 6.0, 15.0, 0.9988, 2.99, 0.87, 10.2, negative
7.0, 0.42, 0.19, 2.3, 0.071, 18.0, 36.0, 0.99476, 3.39, 0.56, 10.9, negative
8.2, 0.73, 0.21, 1.7, 0.074, 5.0, 13.0, 0.9968, 3.2, 0.52, 9.5, negative
7.7, 0.69, 0.22, 1.9, 0.084, 18.0, 94.0, 0.9961, 3.31, 0.48, 9.5, negative
9.3, 0.39, 0.44, 2.1, 0.107, 34.0, 125.0, 0.9978, 3.14, 1.22, 9.5, negative
10.0, 0.32, 0.59, 2.2, 0.077, 3.0, 15.0, 0.9994, 3.2, 0.78, 9.6, negative
10.3, 0.34, 0.52, 2.8, 0.159, 15.0, 75.0, 0.9998, 3.18, 0.64, 9.4, negative
6.6, 0.88, 0.04, 2.2, 0.066, 12.0, 20.0, 0.99636, 3.53, 0.56, 9.9, negative
8.9, 0.75, 0.14, 2.5, 0.086, 9.0, 30.0, 0.99824, 3.34, 0.64, 10.5, negative
7.3, 0.91, 0.1, 1.8, 0.074, 20.0, 56.0, 0.99672, 3.35, 0.56, 9.2, negative
7.4, 0.61, 0.01, 2.0, 0.074, 13.0, 38.0, 0.99748, 3.48, 0.65, 9.8, negative
7.9, 0.72, 0.01, 1.9, 0.076, 7.0, 32.0, 0.99668, 3.39, 0.54, 9.6, negative
9.3, 0.715, 0.24, 2.1, 0.07, 5.0, 20.0, 0.9966, 3.12, 0.59, 9.9, negative
9.0, 0.54, 0.49, 2.9, 0.094, 41.0, 110.0, 0.9982, 3.08, 0.61, 9.2, negative
6.9, 0.52, 0.25, 2.6, 0.081, 10.0, 37.0, 0.99685, 3.46, 0.5, 11.0, negative
8.9, 0.62, 0.18, 3.8, 0.176, 52.0, 145.0, 0.9986, 3.16, 0.88, 9.2, negative
8.6, 0.49, 0.51, 2.0, 0.422, 16.0, 62.0, 0.9979, 3.03, 1.17, 9.0, negative
9.6, 0.41, 0.37, 2.3, 0.091, 10.0, 23.0, 0.99786, 3.24, 0.56, 10.5, negative
6.8, 0.77, 0.0, 1.8, 0.066, 34.0, 52.0, 0.9976, 3.62, 0.68, 9.9, negative
10.6, 0.36, 0.59, 2.2, 0.152, 6.0, 18.0, 0.9986, 3.04, 1.05, 9.4, negative
7.1, 0.62, 0.06, 1.3, 0.07, 5.0, 12.0, 0.9942, 3.17, 0.48, 9.8, negative
7.7, 0.56, 0.2, 2.0, 0.075, 9.0, 39.0, 0.9987, 3.48, 0.62, 9.3, negative
7.6, 0.41, 0.33, 2.5, 0.078, 6.0, 23.0, 0.9957, 3.3, 0.58, 11.2, negative
6.6, 0.44, 0.15, 2.1, 0.076, 22.0, 53.0, 0.9957, 3.32, 0.62, 9.3, negative
10.8, 0.89, 0.3, 2.6, 0.132, 7.0, 60.0, 0.99786, 2.99, 1.18, 10.2, negative
9.9, 0.5, 0.5, 13.8, 0.205, 48.0, 82.0, 1.00242, 3.16, 0.75, 8.8, negative
7.6, 0.41, 0.49, 2.0, 0.088, 16.0, 43.0, 0.998, 3.48, 0.64, 9.1, negative
8.4, 0.745, 0.11, 1.9, 0.09, 16.0, 63.0, 0.9965, 3.19, 0.82, 9.6, negative
8.3, 0.65, 0.1, 2.9, 0.089, 17.0, 40.0, 0.99803, 3.29, 0.55, 9.5, negative
7.5, 0.4, 0.18, 1.6, 0.079, 24.0, 58.0, 0.9965, 3.34, 0.58, 9.4, negative
8.3, 0.615, 0.22, 2.6, 0.087, 6.0, 19.0, 0.9982, 3.26, 0.61, 9.3, negative
8.3, 0.85, 0.14, 2.5, 0.093, 13.0, 54.0, 0.99724, 3.36, 0.54, 10.1, negative
8.0, 0.6, 0.08, 2.6, 0.056, 3.0, 7.0, 0.99286, 3.22, 0.37, 13.0, negative
8.0, 0.59, 0.05, 2.0, 0.089, 12.0, 32.0, 0.99735, 3.36, 0.61, 10.0, negative
9.9, 0.72, 0.55, 1.7, 0.136, 24.0, 52.0, 0.99752, 3.35, 0.94, 10.0, negative
8.2, 0.57, 0.26, 2.2, 0.06, 28.0, 65.0, 0.9959, 3.3, 0.43, 10.1, negative
8.1, 0.66, 0.7, 2.2, 0.098, 25.0, 129.0, 0.9972, 3.08, 0.53, 9.0, negative
7.2, 0.54, 0.27, 2.6, 0.084, 12.0, 78.0, 0.9964, 3.39, 0.71, 11.0, negative
8.2, 0.56, 0.23, 3.4, 0.078, 14.0, 104.0, 0.9976, 3.28, 0.62, 9.4, negative
9.5, 0.55, 0.66, 2.3, 0.387, 12.0, 37.0, 0.9982, 3.17, 0.67, 9.6, negative
7.0, 0.655, 0.16, 2.1, 0.074, 8.0, 25.0, 0.99606, 3.37, 0.55, 9.7, negative
7.5, 0.61, 0.2, 1.7, 0.076, 36.0, 60.0, 0.99494, 3.1, 0.4, 9.3, negative
6.9, 0.765, 0.02, 2.3, 0.063, 35.0, 63.0, 0.9975, 3.57, 0.78, 9.9, negative
11.9, 0.58, 0.66, 2.5, 0.072, 6.0, 37.0, 0.9992, 3.05, 0.56, 10.0, negative
7.4, 0.41, 0.24, 1.8, 0.066, 18.0, 47.0, 0.9956, 3.37, 0.62, 10.4, negative
8.1, 0.67, 0.55, 1.8, 0.117, 32.0, 141.0, 0.9968, 3.17, 0.62, 9.4, negative
9.5, 0.57, 0.27, 2.3, 0.082, 23.0, 144.0, 0.99782, 3.27, 0.55, 9.4, negative
7.5, 0.58, 0.03, 4.1, 0.08, 27.0, 46.0, 0.99592, 3.02, 0.47, 9.2, negative
7.1, 0.68, 0.0, 2.2, 0.073, 12.0, 22.0, 0.9969, 3.48, 0.5, 9.3, negative
7.6, 0.95, 0.03, 2.0, 0.09, 7.0, 20.0, 0.9959, 3.2, 0.56, 9.6, negative
8.8, 0.44, 0.49, 2.8, 0.083, 18.0, 111.0, 0.9982, 3.3, 0.6, 9.5, negative
6.8, 0.61, 0.2, 1.8, 0.077, 11.0, 65.0, 0.9971, 3.54, 0.58, 9.3, negative
7.6, 0.79, 0.21, 2.3, 0.087, 21.0, 68.0, 0.9955, 3.12, 0.44, 9.2, negative
7.9, 0.6, 0.06, 1.6, 0.069, 15.0, 59.0, 0.9964, 3.3, 0.46, 9.4, negative
8.0, 0.81, 0.25, 3.4, 0.076, 34.0, 85.0, 0.99668, 3.19, 0.42, 9.2, negative
6.9, 0.63, 0.33, 6.7, 0.235, 66.0, 115.0, 0.99787, 3.22, 0.56, 9.5, negative
9.3, 0.48, 0.29, 2.1, 0.127, 6.0, 16.0, 0.9968, 3.22, 0.72, 11.2, negative
15.5, 0.645, 0.49, 4.2, 0.095, 10.0, 23.0, 1.00315, 2.92, 0.74, 11.1, negative
6.6, 0.66, 0.0, 3.0, 0.115, 21.0, 31.0, 0.99629, 3.45, 0.63, 10.3, negative
9.3, 0.655, 0.26, 2.0, 0.096, 5.0, 35.0, 0.99738, 3.25, 0.42, 9.6, negative
7.8, 0.41, 0.68, 1.7, 0.467, 18.0, 69.0, 0.9973, 3.08, 1.31, 9.3, negative
5.9, 0.19, 0.21, 1.7, 0.045, 57.0, 135.0, 0.99341, 3.32, 0.44, 9.5, negative
6.8, 0.67, 0.02, 1.8, 0.05, 5.0, 11.0, 0.9962, 3.48, 0.52, 9.5, negative
8.8, 0.41, 0.64, 2.2, 0.093, 9.0, 42.0, 0.9986, 3.54, 0.66, 10.5, negative
8.5, 0.66, 0.2, 2.1, 0.097, 23.0, 113.0, 0.99733, 3.13, 0.48, 9.2, negative
9.9, 0.63, 0.24, 2.4, 0.077, 6.0, 33.0, 0.9974, 3.09, 0.57, 9.4, negative
7.8, 0.87, 0.26, 3.8, 0.107, 31.0, 67.0, 0.99668, 3.26, 0.46, 9.2, negative
7.5, 0.77, 0.2, 8.1, 0.098, 30.0, 92.0, 0.99892, 3.2, 0.58, 9.2, negative
9.5, 0.86, 0.26, 1.9, 0.079, 13.0, 28.0, 0.99712, 3.25, 0.62, 10.0, negative
8.7, 0.625, 0.16, 2.0, 0.101, 13.0, 49.0, 0.9962, 3.14, 0.57, 11.0, negative
10.0, 0.35, 0.45, 2.5, 0.092, 20.0, 88.0, 0.99918, 3.15, 0.43, 9.4, negative
8.3, 0.715, 0.15, 1.8, 0.089, 10.0, 52.0, 0.9968, 3.23, 0.77, 9.5, negative
6.2, 0.65, 0.06, 1.6, 0.05, 6.0, 18.0, 0.99348, 3.57, 0.54, 11.95, negative
9.1, 0.47, 0.49, 2.6, 0.094, 38.0, 106.0, 0.9982, 3.08, 0.59, 9.1, negative
10.8, 0.26, 0.45, 3.3, 0.06, 20.0, 49.0, 0.9972, 3.13, 0.54, 9.6, negative
6.2, 0.6, 0.08, 2.0, 0.09, 32.0, 44.0, 0.9949, 3.45, 0.58, 10.5, negative
7.4, 0.49, 0.19, 3.0, 0.077, 16.0, 37.0, 0.9966, 3.37, 0.51, 10.5, negative
7.8, 0.56, 0.19, 2.0, 0.081, 17.0, 108.0, 0.9962, 3.32, 0.54, 9.5, negative
7.7, 0.39, 0.12, 1.7, 0.097, 19.0, 27.0, 0.99596, 3.16, 0.49, 9.4, negative
6.5, 0.885, 0.0, 2.3, 0.166, 6.0, 12.0, 0.99551, 3.56, 0.51, 10.8, negative
7.2, 0.58, 0.03, 2.3, 0.077, 7.0, 28.0, 0.99568, 3.35, 0.52, 10.0, negative
7.3, 0.365, 0.49, 2.5, 0.088, 39.0, 106.0, 0.9966, 3.36, 0.78, 11.0, negative
7.0, 0.5, 0.25, 2.0, 0.07, 3.0, 22.0, 0.9963, 3.25, 0.63, 9.2, negative
10.2, 0.24, 0.49, 2.4, 0.075, 10.0, 28.0, 0.9978, 3.14, 0.61, 10.4, negative
8.7, 0.84, 0.0, 1.4, 0.065, 24.0, 33.0, 0.9954, 3.27, 0.55, 9.7, negative
9.6, 0.6, 0.5, 2.3, 0.079, 28.0, 71.0, 0.9997, 3.5, 0.57, 9.7, negative
6.0, 0.5, 0.04, 2.2, 0.092, 13.0, 26.0, 0.99647, 3.46, 0.47, 10.0, negative
11.3, 0.37, 0.5, 1.8, 0.09, 20.0, 47.0, 0.99734, 3.15, 0.57, 10.5, negative
7.8, 0.5, 0.09, 2.2, 0.115, 10.0, 42.0, 0.9971, 3.18, 0.62, 9.5, negative
8.8, 0.59, 0.18, 2.9, 0.089, 12.0, 74.0, 0.99738, 3.14, 0.54, 9.4, negative
7.3, 0.73, 0.24, 1.9, 0.108, 18.0, 102.0, 0.9967, 3.26, 0.59, 9.3, negative
7.0, 0.685, 0.0, 1.9, 0.099, 9.0, 22.0, 0.99606, 3.34, 0.6, 9.7, negative
8.6, 0.8, 0.11, 2.3, 0.084, 12.0, 31.0, 0.9979, 3.4, 0.48, 9.9, negative
7.8, 0.43, 0.32, 2.8, 0.08, 29.0, 58.0, 0.9974, 3.31, 0.64, 10.3, negative
9.0, 0.44, 0.49, 2.4, 0.078, 26.0, 121.0, 0.9978, 3.23, 0.58, 9.2, negative
9.1, 0.775, 0.22, 2.2, 0.079, 12.0, 48.0, 0.9976, 3.18, 0.51, 9.6, negative
8.2, 0.5, 0.35, 2.9, 0.077, 21.0, 127.0, 0.9976, 3.23, 0.62, 9.4, negative
8.6, 0.55, 0.09, 3.3, 0.068, 8.0, 17.0, 0.99735, 3.23, 0.44, 10.0, negative
9.5, 0.885, 0.27, 2.3, 0.084, 31.0, 145.0, 0.9978, 3.24, 0.53, 9.4, negative
6.1, 0.59, 0.01, 2.1, 0.056, 5.0, 13.0, 0.99472, 3.52, 0.56, 11.4, negative
9.0, 0.62, 0.04, 1.9, 0.146, 27.0, 90.0, 0.9984, 3.16, 0.7, 9.4, negative
9.0, 0.82, 0.05, 2.4, 0.081, 26.0, 96.0, 0.99814, 3.36, 0.53, 10.0, negative
9.8, 0.88, 0.25, 2.5, 0.104, 35.0, 155.0, 1.001, 3.41, 0.67, 11.2, negative
7.7, 0.64, 0.21, 2.2, 0.077, 32.0, 133.0, 0.9956, 3.27, 0.45, 9.9, negative
6.7, 0.64, 0.23, 2.1, 0.08, 11.0, 119.0, 0.99538, 3.36, 0.7, 10.9, negative
7.1, 0.59, 0.01, 2.5, 0.077, 20.0, 85.0, 0.99746, 3.55, 0.59, 9.8, negative
8.1, 0.38, 0.48, 1.8, 0.157, 5.0, 17.0, 0.9976, 3.3, 1.05, 9.4, negative
10.4, 0.28, 0.54, 2.7, 0.105, 5.0, 19.0, 0.9988, 3.25, 0.63, 9.5, negative
10.7, 0.46, 0.39, 2.0, 0.061, 7.0, 15.0, 0.9981, 3.18, 0.62, 9.5, negative
7.5, 0.6, 0.03, 1.8, 0.095, 25.0, 99.0, 0.995, 3.35, 0.54, 10.1, negative
9.0, 0.785, 0.24, 1.7, 0.078, 10.0, 21.0, 0.99692, 3.29, 0.67, 10.0, negative
7.8, 0.82, 0.29, 4.3, 0.083, 21.0, 64.0, 0.99642, 3.16, 0.53, 9.4, negative
7.6, 0.9, 0.06, 2.5, 0.079, 5.0, 10.0, 0.9967, 3.39, 0.56, 9.8, negative
7.2, 0.725, 0.05, 4.65, 0.086, 4.0, 11.0, 0.9962, 3.41, 0.39, 10.9, negative
6.4, 0.795, 0.0, 2.2, 0.065, 28.0, 52.0, 0.99378, 3.49, 0.52, 11.6, negative
9.9, 0.54, 0.45, 2.3, 0.071, 16.0, 40.0, 0.9991, 3.39, 0.62, 9.4, negative
10.6, 0.83, 0.37, 2.6, 0.086, 26.0, 70.0, 0.9981, 3.16, 0.52, 9.9, negative
6.1, 0.6, 0.08, 1.8, 0.071, 14.0, 45.0, 0.99336, 3.38, 0.54, 11.0, negative
7.1, 0.43, 0.17, 1.8, 0.082, 27.0, 51.0, 0.99634, 3.49, 0.64, 10.4, negative
7.2, 0.56, 0.26, 2.0, 0.083, 13.0, 100.0, 0.99586, 3.26, 0.52, 9.9, negative
7.7, 0.705, 0.1, 2.6, 0.084, 9.0, 26.0, 0.9976, 3.39, 0.49, 9.7, negative
7.2, 0.635, 0.07, 2.6, 0.077, 16.0, 86.0, 0.99748, 3.51, 0.54, 9.7, negative
7.6, 0.49, 0.26, 1.6, 0.236, 10.0, 88.0, 0.9968, 3.11, 0.8, 9.3, negative
7.7, 0.66, 0.04, 1.6, 0.039, 4.0, 9.0, 0.9962, 3.4, 0.47, 9.4, negative
7.0, 0.62, 0.08, 1.8, 0.076, 8.0, 24.0, 0.9978, 3.48, 0.53, 9.0, negative
8.6, 0.47, 0.27, 2.3, 0.055, 14.0, 28.0, 0.99516, 3.18, 0.8, 11.2, negative
7.7, 0.835, 0.0, 2.6, 0.081, 6.0, 14.0, 0.9975, 3.3, 0.52, 9.3, negative
7.1, 0.68, 0.0, 2.3, 0.087, 17.0, 26.0, 0.99783, 3.45, 0.53, 9.5, negative
7.5, 0.61, 0.26, 1.9, 0.073, 24.0, 88.0, 0.99612, 3.3, 0.53, 9.8, negative
7.4, 0.39, 0.48, 2.0, 0.082, 14.0, 67.0, 0.9972, 3.34, 0.55, 9.2, negative
8.9, 0.875, 0.13, 3.45, 0.088, 4.0, 14.0, 0.9994, 3.44, 0.52, 11.5, negative
7.9, 0.72, 0.17, 2.6, 0.096, 20.0, 38.0, 0.9978, 3.4, 0.53, 9.5, negative
7.4, 0.7, 0.0, 1.9, 0.076, 11.0, 34.0, 0.9978, 3.51, 0.56, 9.4, negative
7.4, 0.53, 0.26, 2.0, 0.101, 16.0, 72.0, 0.9957, 3.15, 0.57, 9.4, negative
7.1, 0.685, 0.35, 2.0, 0.088, 9.0, 92.0, 0.9963, 3.28, 0.62, 9.4, negative
