@relation  winequality-red-3_vs_5
@attribute FixedAcidity real[4.6,15.9]
@attribute VolatileAcidity real[0.12,1.58]
@attribute CitricAcid real[0.0,1.0]
@attribute ResidualSugar real[0.9,15.5]
@attribute Chlorides real[0.012,0.611]
@attribute FreeSulfurDioxide real[1.0,72.0]
@attribute TotalSulfurDioxide real[6.0,289.0]
@attribute Density real[0.99007,1.00369]
@attribute PH real[2.74,4.01]
@attribute Sulphates real[0.33,2.0]
@attribute Alcohol real[8.4,14.9]
@attribute Class{positive,negative}
@inputs FixedAcidity,VolatileAcidity,CitricAcid,ResidualSugar,Chlorides,FreeSulfurDioxide,TotalSulfurDioxide,Density,PH,Sulphates,Alcohol
@outputs Class
@data
10.4, 0.61, 0.49, 2.1, 0.2, 5.0, 16.0, 0.9994, 3.16, 0.63, 8.4, positive
7.3, 0.98, 0.05, 2.1, 0.061, 20.0, 49.0, 0.99705, 3.31, 0.55, 9.7, positive
7.3, 0.45, 0.36, 5.9, 0.074, 12.0, 87.0, 0.9978, 3.33, 0.83, 10.5, negative
8.1, 0.78, 0.23, 2.6, 0.059, 5.0, 15.0, 0.997, 3.37, 0.56, 11.3, negative
6.7, 0.48, 0.08, 2.1, 0.064, 18.0, 34.0, 0.99552, 3.33, 0.64, 9.7, negative
8.2, 0.73, 0.21, 1.7, 0.074, 5.0, 13.0, 0.9968, 3.2, 0.52, 9.5, negative
7.7, 0.67, 0.23, 2.1, 0.088, 17.0, 96.0, 0.9962, 3.32, 0.48, 9.5, negative
7.1, 0.43, 0.42, 5.5, 0.071, 28.0, 128.0, 0.9973, 3.42, 0.71, 10.5, negative
10.0, 0.32, 0.59, 2.2, 0.077, 3.0, 15.0, 0.9994, 3.2, 0.78, 9.6, negative
9.9, 0.74, 0.28, 2.6, 0.078, 21.0, 77.0, 0.998, 3.28, 0.51, 9.8, negative
8.4, 0.29, 0.4, 1.7, 0.067, 8.0, 20.0, 0.99603, 3.39, 0.6, 10.5, negative
7.8, 0.61, 0.29, 1.6, 0.114, 9.0, 29.0, 0.9974, 3.26, 1.56, 9.1, negative
8.1, 0.56, 0.28, 1.7, 0.368, 16.0, 56.0, 0.9968, 3.11, 1.28, 9.3, negative
7.4, 0.61, 0.01, 2.0, 0.074, 13.0, 38.0, 0.99748, 3.48, 0.65, 9.8, negative
7.2, 0.65, 0.02, 2.3, 0.094, 5.0, 31.0, 0.9993, 3.67, 0.8, 9.7, negative
7.3, 0.67, 0.05, 3.6, 0.107, 6.0, 20.0, 0.9972, 3.4, 0.63, 10.1, negative
8.9, 0.595, 0.41, 7.9, 0.086, 30.0, 109.0, 0.9998, 3.27, 0.57, 9.3, negative
6.9, 0.52, 0.25, 2.6, 0.081, 10.0, 37.0, 0.99685, 3.46, 0.5, 11.0, negative
8.8, 0.37, 0.48, 2.1, 0.097, 39.0, 145.0, 0.9975, 3.04, 1.03, 9.3, negative
7.3, 0.585, 0.18, 2.4, 0.078, 15.0, 60.0, 0.99638, 3.31, 0.54, 9.8, negative
6.8, 0.68, 0.21, 2.1, 0.07, 9.0, 23.0, 0.99546, 3.38, 0.6, 10.3, negative
10.4, 0.64, 0.24, 2.8, 0.105, 29.0, 53.0, 0.9998, 3.24, 0.67, 9.9, negative
12.3, 0.39, 0.63, 2.3, 0.091, 6.0, 18.0, 1.0004, 3.16, 0.49, 9.5, negative
6.4, 0.4, 0.23, 1.6, 0.066, 5.0, 12.0, 0.9958, 3.34, 0.56, 9.2, negative
7.5, 0.52, 0.11, 1.5, 0.079, 11.0, 39.0, 0.9968, 3.42, 0.58, 9.6, negative
10.6, 0.28, 0.39, 15.5, 0.069, 6.0, 23.0, 1.0026, 3.12, 0.66, 9.2, negative
7.8, 0.59, 0.18, 2.3, 0.076, 17.0, 54.0, 0.9975, 3.43, 0.59, 10.0, negative
9.1, 0.66, 0.15, 3.2, 0.097, 9.0, 59.0, 0.99976, 3.28, 0.54, 9.6, negative
9.9, 0.5, 0.5, 13.8, 0.205, 48.0, 82.0, 1.00242, 3.16, 0.75, 8.8, negative
8.4, 0.56, 0.08, 2.1, 0.105, 16.0, 44.0, 0.9958, 3.13, 0.52, 11.0, negative
8.4, 0.745, 0.11, 1.9, 0.09, 16.0, 63.0, 0.9965, 3.19, 0.82, 9.6, negative
8.3, 0.65, 0.1, 2.9, 0.089, 17.0, 40.0, 0.99803, 3.29, 0.55, 9.5, negative
6.8, 0.69, 0.0, 5.6, 0.124, 21.0, 58.0, 0.9997, 3.46, 0.72, 10.2, negative
7.3, 0.835, 0.03, 2.1, 0.092, 10.0, 19.0, 0.9966, 3.39, 0.47, 9.6, negative
7.8, 0.76, 0.04, 2.3, 0.092, 15.0, 54.0, 0.997, 3.26, 0.65, 9.8, negative
7.0, 0.59, 0.0, 1.7, 0.052, 3.0, 8.0, 0.996, 3.41, 0.47, 10.3, negative
6.4, 0.63, 0.21, 1.6, 0.08, 12.0, 32.0, 0.99689, 3.58, 0.66, 9.8, negative
7.3, 0.67, 0.26, 1.8, 0.401, 16.0, 51.0, 0.9969, 3.16, 1.14, 9.4, negative
9.2, 0.63, 0.21, 2.7, 0.097, 29.0, 65.0, 0.9988, 3.28, 0.58, 9.6, negative
7.1, 0.43, 0.42, 5.5, 0.07, 29.0, 129.0, 0.9973, 3.42, 0.72, 10.5, negative
7.1, 0.735, 0.16, 1.9, 0.1, 15.0, 77.0, 0.9966, 3.27, 0.64, 9.3, negative
7.3, 0.59, 0.26, 2.0, 0.08, 17.0, 104.0, 0.99584, 3.28, 0.52, 9.9, negative
8.7, 0.29, 0.52, 1.6, 0.113, 12.0, 37.0, 0.9969, 3.25, 0.58, 9.5, negative
7.5, 0.42, 0.32, 2.7, 0.067, 7.0, 25.0, 0.99628, 3.24, 0.44, 10.4, negative
7.2, 0.39, 0.32, 1.8, 0.065, 34.0, 60.0, 0.99714, 3.46, 0.78, 9.9, negative
7.9, 0.18, 0.4, 2.2, 0.049, 38.0, 67.0, 0.996, 3.33, 0.93, 11.3, negative
7.1, 0.46, 0.14, 2.8, 0.076, 15.0, 37.0, 0.99624, 3.36, 0.49, 10.7, negative
7.8, 0.56, 0.19, 1.8, 0.104, 12.0, 47.0, 0.9964, 3.19, 0.93, 9.5, negative
9.3, 0.4, 0.49, 2.5, 0.085, 38.0, 142.0, 0.9978, 3.22, 0.55, 9.4, negative
7.8, 0.53, 0.33, 2.4, 0.08, 24.0, 144.0, 0.99655, 3.3, 0.6, 9.5, negative
8.2, 0.43, 0.29, 1.6, 0.081, 27.0, 45.0, 0.99603, 3.25, 0.54, 10.3, negative
8.4, 0.56, 0.04, 2.0, 0.082, 10.0, 22.0, 0.9976, 3.22, 0.44, 9.6, negative
7.9, 0.18, 0.4, 1.8, 0.062, 7.0, 20.0, 0.9941, 3.28, 0.7, 11.1, negative
8.3, 0.54, 0.24, 3.4, 0.076, 16.0, 112.0, 0.9976, 3.27, 0.61, 9.4, negative
8.7, 0.78, 0.51, 1.7, 0.415, 12.0, 66.0, 0.99623, 3.0, 1.17, 9.2, negative
7.0, 0.23, 0.4, 1.6, 0.063, 21.0, 67.0, 0.9952, 3.5, 0.63, 11.1, negative
5.6, 0.615, 0.0, 1.6, 0.089, 16.0, 59.0, 0.9943, 3.58, 0.52, 9.9, negative
9.7, 0.32, 0.54, 2.5, 0.094, 28.0, 83.0, 0.9984, 3.28, 0.82, 9.6, negative
7.4, 0.6, 0.26, 7.3, 0.07, 36.0, 121.0, 0.9982, 3.37, 0.49, 9.4, negative
11.3, 0.37, 0.41, 2.3, 0.088, 6.0, 16.0, 0.9988, 3.09, 0.8, 9.3, negative
15.5, 0.645, 0.49, 4.2, 0.095, 10.0, 23.0, 1.00315, 2.92, 0.74, 11.1, negative
7.3, 0.735, 0.0, 2.2, 0.08, 18.0, 28.0, 0.99765, 3.41, 0.6, 9.4, negative
9.3, 0.655, 0.26, 2.0, 0.096, 5.0, 35.0, 0.99738, 3.25, 0.42, 9.6, negative
7.8, 0.55, 0.35, 2.2, 0.074, 21.0, 66.0, 0.9974, 3.25, 0.56, 9.2, negative
8.0, 0.42, 0.32, 2.5, 0.08, 26.0, 122.0, 0.99801, 3.22, 1.07, 9.7, negative
8.7, 0.675, 0.1, 1.6, 0.09, 4.0, 11.0, 0.99745, 3.31, 0.65, 9.55, negative
8.8, 0.41, 0.64, 2.2, 0.093, 9.0, 42.0, 0.9986, 3.54, 0.66, 10.5, negative
9.2, 0.43, 0.49, 2.4, 0.086, 23.0, 116.0, 0.9976, 3.23, 0.64, 9.5, negative
9.9, 0.63, 0.24, 2.4, 0.077, 6.0, 33.0, 0.9974, 3.09, 0.57, 9.4, negative
7.1, 0.36, 0.3, 1.6, 0.08, 35.0, 70.0, 0.99693, 3.44, 0.5, 9.4, negative
7.5, 0.77, 0.2, 8.1, 0.098, 30.0, 92.0, 0.99892, 3.2, 0.58, 9.2, negative
6.1, 0.705, 0.1, 2.8, 0.081, 13.0, 28.0, 0.99631, 3.6, 0.66, 10.2, negative
7.6, 0.46, 0.11, 2.6, 0.079, 12.0, 49.0, 0.9968, 3.21, 0.57, 10.0, negative
9.3, 0.61, 0.26, 3.4, 0.09, 25.0, 87.0, 0.99975, 3.24, 0.62, 9.7, negative
8.3, 0.715, 0.15, 1.8, 0.089, 10.0, 52.0, 0.9968, 3.23, 0.77, 9.5, negative
7.1, 0.56, 0.14, 1.6, 0.078, 7.0, 18.0, 0.99592, 3.27, 0.62, 9.3, negative
8.9, 0.48, 0.24, 2.85, 0.094, 35.0, 106.0, 0.9982, 3.1, 0.53, 9.2, negative
7.9, 0.37, 0.23, 1.8, 0.077, 23.0, 49.0, 0.9963, 3.28, 0.67, 9.3, negative
5.9, 0.645, 0.12, 2.0, 0.075, 32.0, 44.0, 0.99547, 3.57, 0.71, 10.2, negative
7.4, 0.55, 0.19, 1.8, 0.082, 15.0, 34.0, 0.99655, 3.49, 0.68, 10.5, negative
7.0, 0.6, 0.3, 4.5, 0.068, 20.0, 110.0, 0.99914, 3.3, 1.17, 10.2, negative
7.7, 0.39, 0.12, 1.7, 0.097, 19.0, 27.0, 0.99596, 3.16, 0.49, 9.4, negative
7.6, 0.74, 0.0, 1.9, 0.1, 6.0, 12.0, 0.99521, 3.36, 0.59, 11.0, negative
9.6, 0.68, 0.24, 2.2, 0.087, 5.0, 28.0, 0.9988, 3.14, 0.6, 10.2, negative
7.9, 0.35, 0.21, 1.9, 0.073, 46.0, 102.0, 0.9964, 3.27, 0.58, 9.5, negative
6.7, 0.56, 0.09, 2.9, 0.079, 7.0, 22.0, 0.99669, 3.46, 0.61, 10.2, negative
8.6, 0.47, 0.47, 2.4, 0.074, 7.0, 29.0, 0.9979, 3.08, 0.46, 9.5, negative
6.9, 0.63, 0.02, 1.9, 0.078, 18.0, 30.0, 0.99712, 3.4, 0.75, 9.8, negative
9.6, 0.6, 0.5, 2.3, 0.079, 28.0, 71.0, 0.9997, 3.5, 0.57, 9.7, negative
10.0, 0.29, 0.4, 2.9, 0.098, 10.0, 26.0, 1.0006, 3.48, 0.91, 9.7, negative
9.4, 0.59, 0.14, 2.0, 0.084, 25.0, 48.0, 0.9981, 3.14, 0.56, 9.7, negative
8.1, 0.725, 0.22, 2.2, 0.072, 11.0, 41.0, 0.9967, 3.36, 0.55, 9.1, negative
9.4, 0.615, 0.28, 3.2, 0.087, 18.0, 72.0, 1.0001, 3.31, 0.53, 9.7, negative
7.8, 0.5, 0.17, 1.6, 0.082, 21.0, 102.0, 0.996, 3.39, 0.48, 9.5, negative
8.2, 0.28, 0.6, 3.0, 0.104, 10.0, 22.0, 0.99828, 3.39, 0.68, 10.6, negative
9.3, 0.41, 0.39, 2.2, 0.064, 12.0, 31.0, 0.9984, 3.26, 0.65, 10.2, negative
7.8, 0.64, 0.0, 1.9, 0.072, 27.0, 55.0, 0.9962, 3.31, 0.63, 11.0, negative
7.8, 0.57, 0.31, 1.8, 0.069, 26.0, 120.0, 0.99625, 3.29, 0.53, 9.3, negative
6.6, 0.64, 0.31, 6.1, 0.083, 7.0, 49.0, 0.99718, 3.35, 0.68, 10.3, negative
8.0, 0.57, 0.23, 3.2, 0.073, 17.0, 119.0, 0.99675, 3.26, 0.57, 9.3, negative
6.5, 0.615, 0.0, 1.9, 0.065, 9.0, 18.0, 0.9972, 3.46, 0.65, 9.2, negative
9.8, 1.24, 0.34, 2.0, 0.079, 32.0, 151.0, 0.998, 3.15, 0.53, 9.5, negative
9.4, 0.34, 0.37, 2.2, 0.075, 5.0, 13.0, 0.998, 3.22, 0.62, 9.2, negative
10.0, 0.38, 0.38, 1.6, 0.169, 27.0, 90.0, 0.99914, 3.15, 0.65, 8.5, negative
6.2, 0.46, 0.29, 2.1, 0.074, 32.0, 98.0, 0.99578, 3.33, 0.62, 9.8, negative
7.7, 0.54, 0.26, 1.9, 0.089, 23.0, 147.0, 0.99636, 3.26, 0.59, 9.7, negative
7.8, 0.6, 0.26, 2.0, 0.08, 31.0, 131.0, 0.99622, 3.21, 0.52, 9.9, negative
8.6, 0.63, 0.17, 2.9, 0.099, 21.0, 119.0, 0.998, 3.09, 0.52, 9.3, negative
10.6, 1.025, 0.43, 2.8, 0.08, 21.0, 84.0, 0.9985, 3.06, 0.57, 10.1, negative
11.4, 0.46, 0.5, 2.7, 0.122, 4.0, 17.0, 1.0006, 3.13, 0.7, 10.2, negative
12.7, 0.6, 0.49, 2.8, 0.075, 5.0, 19.0, 0.9994, 3.14, 0.57, 11.4, negative
12.3, 0.5, 0.49, 2.2, 0.089, 5.0, 14.0, 1.0002, 3.19, 0.44, 9.6, negative
7.5, 0.6, 0.03, 1.8, 0.095, 25.0, 99.0, 0.995, 3.35, 0.54, 10.1, negative
9.0, 0.785, 0.24, 1.7, 0.078, 10.0, 21.0, 0.99692, 3.29, 0.67, 10.0, negative
11.5, 0.41, 0.52, 3.0, 0.08, 29.0, 55.0, 1.0001, 3.26, 0.88, 11.0, negative
10.2, 0.42, 0.57, 3.4, 0.07, 4.0, 10.0, 0.9971, 3.04, 0.63, 9.6, negative
7.2, 0.725, 0.05, 4.65, 0.086, 4.0, 11.0, 0.9962, 3.41, 0.39, 10.9, negative
8.0, 0.62, 0.35, 2.8, 0.086, 28.0, 52.0, 0.997, 3.31, 0.62, 10.8, negative
9.9, 0.54, 0.45, 2.3, 0.071, 16.0, 40.0, 0.9991, 3.39, 0.62, 9.4, negative
7.2, 0.41, 0.3, 2.1, 0.083, 35.0, 72.0, 0.997, 3.44, 0.52, 9.4, negative
8.5, 0.46, 0.59, 1.4, 0.414, 16.0, 45.0, 0.99702, 3.03, 1.34, 9.2, negative
7.4, 0.66, 0.0, 1.8, 0.075, 13.0, 40.0, 0.9978, 3.51, 0.56, 9.4, negative
7.5, 0.6, 0.32, 2.7, 0.103, 13.0, 98.0, 0.99938, 3.45, 0.62, 9.5, negative
12.5, 0.56, 0.49, 2.4, 0.064, 5.0, 27.0, 0.9999, 3.08, 0.87, 10.9, negative
7.2, 0.62, 0.06, 2.7, 0.077, 15.0, 85.0, 0.99746, 3.51, 0.54, 9.5, negative
9.9, 0.57, 0.25, 2.0, 0.104, 12.0, 89.0, 0.9963, 3.04, 0.9, 10.1, negative
7.0, 0.51, 0.09, 2.1, 0.062, 4.0, 9.0, 0.99584, 3.35, 0.54, 10.5, negative
10.0, 0.69, 0.11, 1.4, 0.084, 8.0, 24.0, 0.99578, 2.88, 0.47, 9.7, negative
6.0, 0.5, 0.0, 1.4, 0.057, 15.0, 26.0, 0.99448, 3.36, 0.45, 9.5, negative
7.1, 0.72, 0.0, 1.8, 0.123, 6.0, 14.0, 0.99627, 3.45, 0.58, 9.8, negative
7.2, 0.695, 0.13, 2.0, 0.076, 12.0, 20.0, 0.99546, 3.29, 0.54, 10.1, negative
8.3, 0.78, 0.1, 2.6, 0.081, 45.0, 87.0, 0.9983, 3.48, 0.53, 10.0, negative
8.5, 0.49, 0.11, 2.3, 0.084, 9.0, 67.0, 0.9968, 3.17, 0.53, 9.4, negative
7.2, 1.0, 0.0, 3.0, 0.102, 7.0, 16.0, 0.99586, 3.43, 0.46, 10.0, negative
6.9, 0.55, 0.15, 2.2, 0.076, 19.0, 40.0, 0.9961, 3.41, 0.59, 10.1, negative
10.8, 0.45, 0.33, 2.5, 0.099, 20.0, 38.0, 0.99818, 3.24, 0.71, 10.8, negative
7.4, 0.36, 0.29, 2.6, 0.087, 26.0, 72.0, 0.99645, 3.39, 0.68, 11.0, negative
9.2, 0.92, 0.24, 2.6, 0.087, 12.0, 93.0, 0.9998, 3.48, 0.54, 9.8, negative
