7.3 0.98 0.05 2.1 0.061 20.0 49.0 0.99705 3.31 0.55 9.7 0
8.9 0.62 0.19 3.9 0.17 51.0 148.0 0.9986 3.17 0.93 9.2 1
7.9 0.43 0.21 1.6 0.106 10.0 37.0 0.9966 3.17 0.91 9.5 1
7.1 0.71 0.0 1.9 0.08 14.0 35.0 0.9972 3.47 0.55 9.4 1
8.3 0.655 0.12 2.3 0.083 15.0 113.0 0.9966 3.17 0.66 9.8 1
8.8 0.41 0.64 2.2 0.093 9.0 42.0 0.9986 3.54 0.66 10.5 1
6.2 0.45 0.2 1.6 0.069 3.0 15.0 0.9958 3.41 0.56 9.2 1
7.7 0.49 0.26 1.9 0.062 9.0 31.0 0.9966 3.39 0.64 9.6 1
7.7 0.49 0.26 1.9 0.062 9.0 31.0 0.9966 3.39 0.64 9.6 1
7.0 0.5 0.25 2.0 0.07 3.0 22.0 0.9963 3.25 0.63 9.2 1
7.3 1.07 0.09 1.7 0.178 10.0 89.0 0.9962 3.3 0.57 9.0 1
8.1 1.33 0.0 1.8 0.082 3.0 12.0 0.9964 3.54 0.48 10.9 1
8.4 0.745 0.11 1.9 0.09 16.0 63.0 0.9965 3.19 0.82 9.6 1
7.6 0.49 0.26 1.6 0.236 10.0 88.0 0.9968 3.11 0.8 9.3 1
6.8 0.61 0.2 1.8 0.077 11.0 65.0 0.9971 3.54 0.58 9.3 1
8.2 0.6 0.17 2.3 0.072 11.0 73.0 0.9963 3.2 0.45 9.3 1
6.6 0.695 0.0 2.1 0.075 12.0 56.0 0.9968 3.49 0.67 9.2 1
10.8 0.5 0.46 2.5 0.073 5.0 27.0 1.0001 3.05 0.64 9.5 1
6.9 0.67 0.06 2.1 0.08 8.0 33.0 0.99845 3.68 0.71 9.6 1
8.2 0.7 0.23 2.0 0.099 14.0 81.0 0.9973 3.19 0.7 9.4 1
9.5 0.37 0.52 2.0 0.082 6.0 26.0 0.998 3.18 0.51 9.5 1
6.6 0.735 0.02 7.9 0.122 68.0 124.0 0.9994 3.47 0.53 9.9 1
7.8 0.55 0.35 2.2 0.074 21.0 66.0 0.9974 3.25 0.56 9.2 1
12.3 0.39 0.63 2.3 0.091 6.0 18.0 1.0004 3.16 0.49 9.5 1
7.0 0.62 0.18 1.5 0.062 7.0 50.0 0.9951 3.08 0.6 9.3 1
9.2 0.63 0.21 2.7 0.097 29.0 65.0 0.9988 3.28 0.58 9.6 1
13.0 0.32 0.65 2.6 0.093 15.0 47.0 0.9996 3.05 0.61 10.6 1
9.9 0.35 0.55 2.1 0.062 5.0 14.0 0.9971 3.26 0.79 10.6 1
10.6 0.28 0.39 15.5 0.069 6.0 23.0 1.0026 3.12 0.66 9.2 1
10.2 0.67 0.39 1.9 0.054 6.0 17.0 0.9976 3.17 0.47 10.0 1
9.9 0.63 0.24 2.4 0.077 6.0 33.0 0.9974 3.09 0.57 9.4 1
15.6 0.645 0.49 4.2 0.095 10.0 23.0 1.00315 2.92 0.74 11.1 1
12.7 0.6 0.49 2.8 0.075 5.0 19.0 0.9994 3.14 0.57 11.4 1
9.9 0.49 0.58 3.5 0.094 9.0 43.0 1.0004 3.29 0.58 9.0 1
8.2 0.39 0.38 1.5 0.058 10.0 29.0 0.9962 3.26 0.74 9.8 1
7.9 0.35 0.21 1.9 0.073 46.0 102.0 0.9964 3.27 0.58 9.5 1
9.5 0.59 0.44 2.3 0.071 21.0 68.0 0.9992 3.46 0.63 9.5 1
9.0 0.48 0.32 2.8 0.084 21.0 122.0 0.9984 3.32 0.62 9.4 1
7.4 0.49 0.19 3.0 0.077 16.0 37.0 0.9966 3.37 0.51 10.5 1
7.3 0.835 0.03 2.1 0.092 10.0 19.0 0.9966 3.39 0.47 9.6 1
7.7 0.56 0.2 2.0 0.075 9.0 39.0 0.9987 3.48 0.62 9.3 1
7.7 0.965 0.1 2.1 0.112 11.0 22.0 0.9963 3.26 0.5 9.5 1
8.8 0.685 0.26 1.6 0.088 16.0 23.0 0.99694 3.32 0.47 9.4 1
6.4 0.64 0.21 1.8 0.081 14.0 31.0 0.99689 3.59 0.66 9.8 1
6.9 0.56 0.03 1.5 0.086 36.0 46.0 0.99522 3.53 0.57 10.6 1
9.2 0.58 0.2 3.0 0.081 15.0 115.0 0.998 3.23 0.59 9.5 1
7.2 0.54 0.27 2.6 0.084 12.0 78.0 0.9964 3.39 0.71 11.0 1
12.2 0.45 0.49 1.4 0.075 3.0 6.0 0.9969 3.13 0.63 10.4 1
8.6 0.37 0.65 6.4 0.08 3.0 8.0 0.99817 3.27 0.58 11.0 1
8.3 0.6 0.25 2.2 0.118 9.0 38.0 0.99616 3.15 0.53 9.8 1
8.3 0.6 0.25 2.2 0.118 9.0 38.0 0.99616 3.15 0.53 9.8 1
8.5 0.44 0.5 1.9 0.369 15.0 38.0 0.99634 3.01 1.1 9.4 1
9.9 0.74 0.19 5.8 0.111 33.0 76.0 0.99878 3.14 0.55 9.4 1
9.2 0.46 0.23 2.6 0.091 18.0 77.0 0.99922 3.15 0.51 9.4 1
7.4 0.55 0.19 1.8 0.082 15.0 34.0 0.99655 3.49 0.68 10.5 1
8.6 0.635 0.68 1.8 0.403 19.0 56.0 0.99632 3.02 1.15 9.3 1
6.6 0.63 0.0 4.3 0.093 51.0 77.5 0.99558 3.2 0.45 9.5 1
7.5 0.61 0.26 1.9 0.073 24.0 88.0 0.99612 3.3 0.53 9.8 1
9.7 0.69 0.32 2.5 0.088 22.0 91.0 0.9979 3.29 0.62 10.1 1
9.7 0.66 0.34 2.6 0.094 12.0 88.0 0.99796 3.26 0.66 10.1 1
9.1 0.34 0.42 1.8 0.058 9.0 18.0 0.99392 3.18 0.55 11.4 1
7.2 0.56 0.26 2.0 0.083 13.0 100.0 0.99586 3.26 0.52 9.9 1
8.2 0.885 0.2 1.4 0.086 7.0 31.0 0.9946 3.11 0.46 10.0 1
7.6 0.49 0.33 1.9 0.074 27.0 85.0 0.99706 3.41 0.58 9.0 1
6.1 0.6 0.08 1.8 0.071 14.0 45.0 0.99336 3.38 0.54 11.0 1
6.2 0.65 0.06 1.6 0.05 6.0 18.0 0.99348 3.57 0.54 11.95 1
7.7 0.54 0.26 1.9 0.089 23.0 147.0 0.99636 3.26 0.59 9.7 1
7.1 0.69 0.04 2.1 0.068 19.0 27.0 0.99712 3.44 0.67 9.8 1
7.4 0.47 0.46 2.2 0.114 7.0 20.0 0.99647 3.32 0.63 10.5 1
