7.4 1.185 0.0 4.25 0.097 5.0 14.0 0.9966 3.63 0.54 10.7 0
6.8 0.815 0.0 1.2 0.267 16.0 29.0 0.99471 3.32 0.51 9.8 0
7.7 0.775 0.42 1.9 0.092 8.0 86.0 0.9959 3.23 0.59 9.5 1
6.6 0.705 0.07 1.6 0.076 6.0 15.0 0.9962 3.44 0.58 10.7 1
7.8 0.7 0.06 1.9 0.079 20.0 35.0 0.99628 3.4 0.69 10.9 1
8.1 0.78 0.1 3.3 0.09 4.0 13.0 0.99855 3.36 0.49 9.5 1
7.8 0.44 0.28 2.7 0.1 18.0 95.0 0.9966 3.22 0.67 9.4 1
7.1 0.31 0.3 2.2 0.053 36.0 127.0 0.9965 2.94 1.62 9.5 1
6.2 0.45 0.2 1.6 0.069 3.0 15.0 0.9958 3.41 0.56 9.2 1
9.0 0.45 0.49 2.6 0.084 21.0 75.0 0.9987 3.35 0.57 9.7 1
7.2 0.695 0.13 2.0 0.076 12.0 20.0 0.99546 3.29 0.54 10.1 1
9.1 0.52 0.33 1.3 0.07 9.0 30.0 0.9978 3.24 0.6 9.3 1
8.6 0.635 0.68 1.8 0.403 19.0 56.0 0.99632 3.02 1.15 9.3 1
8.5 0.44 0.5 1.9 0.369 15.0 38.0 0.99634 3.01 1.1 9.4 1
6.1 0.32 0.25 1.8 0.086 5.0 32.0 0.99464 3.36 0.44 10.1 1
6.3 0.39 0.08 1.7 0.066 3.0 20.0 0.9954 3.34 0.58 9.4 1
6.7 0.48 0.02 2.2 0.08 36.0 111.0 0.99524 3.1 0.53 9.7 1
6.5 0.46 0.14 2.4 0.114 9.0 37.0 0.99732 3.66 0.65 9.8 1
8.9 0.62 0.19 3.9 0.17 51.0 148.0 0.9986 3.17 0.93 9.2 1
6.8 0.66 0.07 1.6 0.07 16.0 61.0 0.99572 3.29 0.6 9.3 1
7.0 0.5 0.14 1.8 0.078 10.0 23.0 0.99636 3.53 0.61 10.4 1
6.8 0.59 0.1 1.7 0.063 34.0 53.0 0.9958 3.41 0.67 9.7 1
11.0 0.2 0.48 2.0 0.343 6.0 18.0 0.9979 3.3 0.71 10.5 1
7.4 0.53 0.12 1.9 0.165 4.0 12.0 0.99702 3.26 0.86 9.2 1
8.9 0.31 0.36 2.6 0.056 10.0 39.0 0.99562 3.4 0.69 11.8 1
8.8 0.66 0.26 1.7 0.074 4.0 23.0 0.9971 3.15 0.74 9.2 1
7.7 0.51 0.28 2.1 0.087 23.0 54.0 0.998 3.42 0.74 9.2 1
9.9 0.54 0.26 2.0 0.111 7.0 60.0 0.99709 2.94 0.98 10.2 1
6.6 0.63 0.0 4.3 0.093 51.0 77.5 0.99558 3.2 0.45 9.5 1
12.4 0.42 0.49 4.6 0.073 19.0 43.0 0.9978 3.02 0.61 9.5 1
7.5 0.705 0.24 1.8 0.36 15.0 63.0 0.9964 3.0 1.59 9.5 1
9.9 0.54 0.45 2.3 0.071 16.0 40.0 0.9991 3.39 0.62 9.4 1
6.1 0.32 0.25 2.3 0.071 23.0 58.0 0.99633 3.42 0.97 10.6 1
7.7 0.665 0.0 2.4 0.09 8.0 19.0 0.9974 3.27 0.73 9.3 1
7.0 0.735 0.05 2.0 0.081 13.0 54.0 0.9966 3.39 0.57 9.8 1
12.2 0.45 0.49 1.4 0.075 3.0 6.0 0.9969 3.13 0.63 10.4 1
7.4 0.965 0.0 2.2 0.088 16.0 32.0 0.99756 3.58 0.67 10.2 1
8.8 0.4 0.4 2.2 0.079 19.0 52.0 0.998 3.44 0.64 9.2 1
9.8 0.37 0.39 2.5 0.079 28.0 65.0 0.99729 3.16 0.59 9.8 1
8.8 0.64 0.17 2.9 0.084 25.0 130.0 0.99818 3.23 0.54 9.6 1
5.6 0.915 0.0 2.1 0.041 17.0 78.0 0.99346 3.68 0.73 11.4 1
7.8 0.56 0.19 2.1 0.081 15.0 105.0 0.9962 3.33 0.54 9.5 1
10.2 0.41 0.43 2.2 0.11 11.0 37.0 0.99728 3.16 0.67 10.8 1
6.6 0.61 0.01 1.9 0.08 8.0 25.0 0.99746 3.69 0.73 10.5 1
7.5 0.59 0.22 1.8 0.082 43.0 60.0 0.99499 3.1 0.42 9.2 1
6.8 0.48 0.08 1.8 0.074 40.0 64.0 0.99529 3.12 0.49 9.6 1
8.3 0.6 0.25 2.2 0.118 9.0 38.0 0.99616 3.15 0.53 9.8 1
13.0 0.32 0.65 2.6 0.093 15.0 47.0 0.9996 3.05 0.61 10.6 1
7.9 0.69 0.21 2.1 0.08 33.0 141.0 0.9962 3.25 0.51 9.9 1
9.4 0.685 0.26 2.4 0.082 23.0 143.0 0.9978 3.28 0.55 9.4 1
6.1 0.64 0.02 2.4 0.069 26.0 46.0 0.99358 3.47 0.45 11.0 1
7.7 0.965 0.1 2.1 0.112 11.0 22.0 0.9963 3.26 0.5 9.5 1
7.0 0.805 0.0 2.5 0.068 7.0 20.0 0.9969 3.48 0.56 9.6 1
8.4 0.6 0.1 2.2 0.085 14.0 111.0 0.9964 3.15 0.66 9.8 1
8.1 0.575 0.22 2.1 0.077 12.0 65.0 0.9967 3.29 0.51 9.2 1
9.5 0.59 0.44 2.3 0.071 21.0 68.0 0.9992 3.46 0.63 9.5 1
7.6 0.645 0.03 1.9 0.086 14.0 57.0 0.9969 3.37 0.46 10.3 1
8.0 0.39 0.3 1.9 0.074 32.0 84.0 0.99717 3.39 0.61 9.0 1
6.6 0.735 0.02 7.9 0.122 68.0 124.0 0.9994 3.47 0.53 9.9 1
9.3 0.27 0.41 2.0 0.091 6.0 16.0 0.998 3.28 0.7 9.7 1
15.6 0.645 0.49 4.2 0.095 10.0 23.0 1.00315 2.92 0.74 11.1 1
6.9 0.63 0.02 1.9 0.078 18.0 30.0 0.99712 3.4 0.75 9.8 1
7.3 0.38 0.21 2.0 0.08 7.0 35.0 0.9961 3.33 0.47 9.5 1
9.5 0.59 0.44 2.3 0.071 21.0 68.0 0.9992 3.46 0.63 9.5 1
6.6 0.735 0.02 7.9 0.122 68.0 124.0 0.9994 3.47 0.53 9.9 1
9.8 0.39 0.43 1.65 0.068 5.0 11.0 0.99478 3.19 0.46 11.4 1
8.7 0.765 0.22 2.3 0.064 9.0 42.0 0.9963 3.1 0.55 9.4 1
7.7 0.935 0.43 2.2 0.114 22.0 114.0 0.997 3.25 0.73 9.2 1
8.0 0.64 0.22 2.4 0.094 5.0 33.0 0.99612 3.37 0.58 11.0 1
7.1 0.34 0.28 2.0 0.082 31.0 68.0 0.99694 3.45 0.48 9.4 1
9.6 0.56 0.23 3.4 0.102 37.0 92.0 0.9996 3.3 0.65 10.1 1
8.6 0.47 0.27 2.3 0.055 14.0 28.0 0.99516 3.18 0.8 11.2 1
6.3 0.57 0.28 2.1 0.048 13.0 49.0 0.99374 3.41 0.6 12.8 1
7.5 0.61 0.26 1.9 0.073 24.0 88.0 0.99612 3.3 0.53 9.8 1
7.6 0.52 0.12 3.0 0.067 12.0 53.0 0.9971 3.36 0.57 9.1 1
8.6 0.52 0.38 1.5 0.096 5.0 18.0 0.99666 3.2 0.52 9.4 1
7.3 0.365 0.49 2.5 0.088 39.0 106.0 0.9966 3.36 0.78 11.0 1
6.9 0.5 0.04 1.5 0.085 19.0 49.0 0.9958 3.35 0.78 9.5 1
7.5 0.58 0.2 2.0 0.073 34.0 44.0 0.99494 3.1 0.43 9.3 1
6.7 0.54 0.13 2.0 0.076 15.0 36.0 0.9973 3.61 0.64 9.8 1
7.2 0.61 0.08 4.0 0.082 26.0 108.0 0.99641 3.25 0.51 9.4 1
7.1 0.69 0.04 2.1 0.068 19.0 27.0 0.99712 3.44 0.67 9.8 1
6.4 0.885 0.0 2.3 0.166 6.0 12.0 0.99551 3.56 0.51 10.8 1
7.6 0.55 0.21 2.2 0.071 7.0 28.0 0.9964 3.28 0.55 9.7 1
7.5 0.63 0.12 5.1 0.111 50.0 110.0 0.9983 3.26 0.77 9.4 1
8.9 0.59 0.39 2.3 0.095 5.0 22.0 0.9986 3.37 0.58 10.3 1
7.6 0.55 0.21 2.2 0.071 7.0 28.0 0.9964 3.28 0.55 9.7 1
6.2 0.56 0.09 1.7 0.053 24.0 32.0 0.99402 3.54 0.6 11.3 1
9.9 0.59 0.07 3.4 0.102 32.0 71.0 1.00015 3.31 0.71 9.8 1
6.3 0.6 0.1 1.6 0.048 12.0 26.0 0.99306 3.55 0.51 12.1 1
7.1 0.715 0.0 2.35 0.071 21.0 47.0 0.99632 3.29 0.45 9.4 1
11.9 0.38 0.49 2.7 0.098 12.0 42.0 1.0004 3.16 0.61 10.3 1
9.0 0.45 0.49 2.6 0.084 21.0 75.0 0.9987 3.35 0.57 9.7 1
7.5 0.5 0.36 6.1 0.071 17.0 102.0 0.9978 3.35 0.8 10.5 1
9.3 0.43 0.44 1.9 0.085 9.0 22.0 0.99708 3.28 0.55 9.5 1
8.1 0.87 0.0 2.2 0.084 10.0 31.0 0.99656 3.25 0.5 9.8 1
7.6 0.645 0.03 1.9 0.086 14.0 57.0 0.9969 3.37 0.46 10.3 1
7.0 0.49 0.49 5.6 0.06 26.0 121.0 0.9974 3.34 0.76 10.5 1
8.0 0.43 0.36 2.3 0.075 10.0 48.0 0.9976 3.34 0.46 9.4 1
6.8 0.63 0.12 3.8 0.099 16.0 126.0 0.9969 3.28 0.61 9.5 1
6.0 0.64 0.05 1.9 0.066 9.0 17.0 0.99496 3.52 0.78 10.6 1
7.7 0.54 0.26 1.9 0.089 23.0 147.0 0.99636 3.26 0.59 9.7 1
5.6 0.54 0.04 1.7 0.049 5.0 13.0 0.9942 3.72 0.58 11.4 1
7.6 0.42 0.25 3.9 0.104 28.0 90.0 0.99784 3.15 0.57 9.1 1
5.0 1.04 0.24 1.6 0.05 32.0 96.0 0.9934 3.74 0.62 11.5 1
8.1 0.785 0.52 2.0 0.122 37.0 153.0 0.9969 3.21 0.69 9.3 1
8.0 0.745 0.56 2.0 0.118 30.0 134.0 0.9968 3.24 0.66 9.4 1
9.2 0.58 0.2 3.0 0.081 15.0 115.0 0.998 3.23 0.59 9.5 1
8.9 0.31 0.57 2.0 0.111 26.0 85.0 0.9971 3.26 0.53 9.7 1
11.2 0.5 0.74 5.15 0.1 5.0 17.0 0.9996 3.22 0.62 11.2 1
9.1 0.34 0.42 1.8 0.058 9.0 18.0 0.99392 3.18 0.55 11.4 1
11.7 0.49 0.49 2.2 0.083 5.0 15.0 1.0 3.19 0.43 9.2 1
11.6 0.41 0.58 2.8 0.096 25.0 101.0 1.00024 3.13 0.53 10.0 1
7.2 0.695 0.13 2.0 0.076 12.0 20.0 0.99546 3.29 0.54 10.1 1
6.8 0.48 0.25 2.0 0.076 29.0 61.0 0.9953 3.34 0.6 10.4 1
6.8 0.61 0.04 1.5 0.057 5.0 10.0 0.99525 3.42 0.6 9.5 1
6.2 0.46 0.17 1.6 0.073 7.0 11.0 0.99425 3.61 0.54 11.4 1
7.1 0.43 0.17 1.8 0.082 27.0 51.0 0.99634 3.49 0.64 10.4 1
7.0 0.42 0.35 1.6 0.088 16.0 39.0 0.9961 3.34 0.55 9.2 1
7.1 0.34 0.28 2.0 0.082 31.0 68.0 0.99694 3.45 0.48 9.4 1
7.2 0.415 0.36 2.0 0.081 13.0 45.0 0.9972 3.48 0.64 9.2 1
8.0 0.43 0.36 2.3 0.075 10.0 48.0 0.9976 3.34 0.46 9.4 1
5.6 0.5 0.09 2.3 0.049 17.0 99.0 0.9937 3.63 0.63 13.0 1
9.5 0.37 0.52 2.0 0.082 6.0 26.0 0.998 3.18 0.51 9.5 1
7.2 0.66 0.03 2.3 0.078 16.0 86.0 0.99743 3.53 0.57 9.7 1
9.7 0.66 0.34 2.6 0.094 12.0 88.0 0.99796 3.26 0.66 10.1 1
12.2 0.45 0.49 1.4 0.075 3.0 6.0 0.9969 3.13 0.63 10.4 1
6.8 0.775 0.0 3.0 0.102 8.0 23.0 0.9965 3.45 0.56 10.7 1
6.1 0.715 0.1 2.6 0.053 13.0 27.0 0.99362 3.57 0.5 11.9 1
7.7 0.6 0.0 2.6 0.055 7.0 13.0 0.99639 3.38 0.56 10.8 1
5.6 0.605 0.05 2.4 0.073 19.0 25.0 0.99258 3.56 0.55 12.9 1
8.8 0.42 0.21 2.5 0.092 33.0 88.0 0.99823 3.19 0.52 9.2 1
8.1 0.575 0.22 2.1 0.077 12.0 65.0 0.9967 3.29 0.51 9.2 1
7.3 0.49 0.1 2.6 0.068 4.0 14.0 0.99562 3.3 0.47 10.5 1
10.8 0.45 0.33 2.5 0.099 20.0 38.0 0.99818 3.24 0.71 10.8 1
8.0 0.71 0.0 2.6 0.08 11.0 34.0 0.9976 3.44 0.53 9.5 1
8.2 0.6 0.17 2.3 0.072 11.0 73.0 0.9963 3.2 0.45 9.3 1
7.1 0.52 0.03 2.6 0.076 21.0 92.0 0.99745 3.5 0.6 9.8 1
6.6 0.63 0.0 4.3 0.093 51.0 77.5 0.99558 3.2 0.45 9.5 1
