290.0 -57.0 0
199.0 38.0 0
55.0 402.0 0
237.0 287.0 0
227.0 342.0 0
84.0 -1.0 0
76.0 361.0 0
235.0 147.0 0
166.0 756.0 0
88.0 -36.0 0
11.0 207.0 1
28.0 558.0 1
470.0 1466.0 1
334.0 993.0 1
438.0 163.0 1
415.0 -235.0 1
451.0 948.0 1
420.0 1116.0 1
355.0 -164.0 1
-39.0 -22.0 1
4.0 46.0 1
452.0 964.0 1
-23.0 1112.0 1
424.0 1151.0 1
29.0 928.0 1
15.0 901.0 1
218.0 760.0 1
389.0 632.0 1
216.0 1389.0 1
303.0 1231.0 1
433.0 -184.0 1
376.0 988.0 1
455.0 398.0 1
59.0 1065.0 1
-28.0 445.0 1
87.0 529.0 1
61.0 1385.0 1
2.0 768.0 1
-28.0 -45.0 1
145.0 490.0 1
-35.0 224.0 1
357.0 40.0 1
332.0 1078.0 1
90.0 1305.0 1
403.0 1394.0 1
38.0 543.0 1
339.0 960.0 1
443.0 384.0 1
352.0 914.0 1
-18.0 1355.0 1
402.0 -102.0 1
-35.0 1156.0 1
351.0 968.0 1
-35.0 -76.0 1
306.0 1466.0 1
-16.0 -59.0 1
215.0 -195.0 1
418.0 835.0 1
93.0 -180.0 1
302.0 -112.0 1
414.0 57.0 1
388.0 205.0 1
57.0 -219.0 1
190.0 752.0 1
-2.0 -151.0 1
431.0 -141.0 1
267.0 -141.0 1
45.0 416.0 1
455.0 793.0 1
414.0 18.0 1
22.0 1194.0 1
282.0 1020.0 1
338.0 391.0 1
387.0 335.0 1
119.0 1036.0 1
366.0 445.0 1
262.0 491.0 1
1.0 23.0 1
352.0 246.0 1
-60.0 927.0 1
