204.0 89.0 0
133.0 471.0 0
297.0 426.0 0
358.0 1233.0 0
335.0 695.0 0
113.0 870.0 0
82.0 749.0 0
274.0 931.0 0
290.0 1202.0 0
96.0 -108.0 0
35.0 935.0 1
452.0 529.0 1
367.0 288.0 1
203.0 -208.0 1
327.0 277.0 1
74.0 91.0 1
464.0 812.0 1
22.0 576.0 1
-22.0 893.0 1
419.0 1281.0 1
235.0 767.0 1
387.0 173.0 1
194.0 1350.0 1
-28.0 51.0 1
17.0 371.0 1
93.0 1420.0 1
-60.0 1156.0 1
-59.0 -280.0 1
397.0 462.0 1
436.0 516.0 1
201.0 1413.0 1
457.0 1386.0 1
439.0 231.0 1
60.0 -185.0 1
93.0 772.0 1
329.0 516.0 1
338.0 -170.0 1
94.0 -180.0 1
190.0 708.0 1
-81.0 419.0 1
360.0 1077.0 1
89.0 373.0 1
455.0 272.0 1
430.0 1025.0 1
293.0 1433.0 1
468.0 34.0 1
328.0 1232.0 1
472.0 517.0 1
264.0 1069.0 1
22.0 428.0 1
346.0 1153.0 1
-84.0 1369.0 1
21.0 -65.0 1
-66.0 284.0 1
30.0 780.0 1
464.0 626.0 1
72.0 214.0 1
94.0 -57.0 1
-3.0 652.0 1
159.0 -234.0 1
374.0 -212.0 1
401.0 1156.0 1
429.0 1209.0 1
227.0 -151.0 1
360.0 156.0 1
-47.0 -257.0 1
342.0 595.0 1
472.0 403.0 1
48.0 1128.0 1
331.0 472.0 1
237.0 1084.0 1
333.0 -66.0 1
13.0 552.0 1
-66.0 246.0 1
-49.0 69.0 1
-18.0 1387.0 1
387.0 892.0 1
202.0 -172.0 1
331.0 1257.0 1
360.0 1274.0 1
