69.0 1074.0 0
199.0 38.0 0
168.0 789.0 0
55.0 402.0 0
297.0 426.0 0
150.0 1342.0 0
59.0 249.0 0
270.0 588.0 0
177.0 825.0 0
309.0 1207.0 0
113.0 870.0 0
268.0 858.0 0
213.0 1298.0 0
238.0 1169.0 0
87.0 310.0 0
83.0 564.0 0
172.0 1245.0 0
223.0 1331.0 0
266.0 1177.0 0
242.0 1245.0 0
457.0 348.0 1
332.0 485.0 1
15.0 1212.0 1
4.0 0.0 1
326.0 1213.0 1
41.0 472.0 1
-51.0 1371.0 1
151.0 141.0 1
361.0 699.0 1
94.0 1439.0 1
-37.0 701.0 1
467.0 910.0 1
460.0 -81.0 1
445.0 712.0 1
210.0 1414.0 1
11.0 183.0 1
201.0 1026.0 1
365.0 1443.0 1
447.0 515.0 1
74.0 91.0 1
344.0 -282.0 1
304.0 39.0 1
6.0 950.0 1
332.0 557.0 1
-71.0 333.0 1
103.0 -113.0 1
116.0 1055.0 1
124.0 773.0 1
260.0 1049.0 1
245.0 1372.0 1
479.0 1310.0 1
8.0 753.0 1
306.0 1002.0 1
387.0 173.0 1
435.0 325.0 1
-1.0 -233.0 1
369.0 607.0 1
374.0 739.0 1
74.0 1177.0 1
73.0 652.0 1
201.0 1418.0 1
320.0 715.0 1
171.0 1424.0 1
-60.0 1156.0 1
397.0 462.0 1
-1.0 1299.0 1
405.0 -257.0 1
216.0 1389.0 1
79.0 100.0 1
448.0 -10.0 1
60.0 -185.0 1
458.0 -216.0 1
93.0 772.0 1
-73.0 -73.0 1
-59.0 -273.0 1
-36.0 -51.0 1
204.0 1478.0 1
338.0 -170.0 1
204.0 776.0 1
443.0 1228.0 1
-40.0 1248.0 1
6.0 0.0 1
143.0 -240.0 1
-81.0 419.0 1
200.0 1071.0 1
165.0 159.0 1
439.0 704.0 1
124.0 1341.0 1
5.0 -117.0 1
382.0 195.0 1
-46.0 772.0 1
388.0 770.0 1
-28.0 445.0 1
77.0 863.0 1
443.0 1197.0 1
467.0 1400.0 1
-82.0 -254.0 1
-32.0 1358.0 1
430.0 1025.0 1
468.0 34.0 1
-80.0 -225.0 1
439.0 661.0 1
9.0 -32.0 1
-28.0 -45.0 1
115.0 1392.0 1
343.0 1104.0 1
-35.0 224.0 1
-29.0 271.0 1
408.0 1188.0 1
50.0 27.0 1
122.0 782.0 1
53.0 -156.0 1
-65.0 336.0 1
403.0 1394.0 1
264.0 1069.0 1
39.0 959.0 1
342.0 602.0 1
76.0 450.0 1
339.0 960.0 1
352.0 914.0 1
42.0 341.0 1
436.0 166.0 1
310.0 780.0 1
3.0 284.0 1
136.0 744.0 1
313.0 -8.0 1
36.0 -144.0 1
-67.0 1433.0 1
-66.0 284.0 1
30.0 780.0 1
464.0 626.0 1
414.0 1182.0 1
251.0 702.0 1
459.0 847.0 1
126.0 126.0 1
471.0 960.0 1
1.0 1033.0 1
323.0 928.0 1
94.0 -57.0 1
59.0 400.0 1
381.0 222.0 1
-3.0 652.0 1
323.0 300.0 1
378.0 317.0 1
-82.0 -73.0 1
184.0 1099.0 1
460.0 1382.0 1
254.0 749.0 1
29.0 962.0 1
32.0 631.0 1
320.0 1178.0 1
378.0 1369.0 1
452.0 -11.0 1
270.0 1338.0 1
227.0 -151.0 1
359.0 771.0 1
168.0 1405.0 1
307.0 -264.0 1
87.0 999.0 1
-82.0 538.0 1
