133.0 471.0 0
288.0 1016.0 0
227.0 342.0 0
235.0 147.0 0
353.0 -14.0 0
238.0 1169.0 0
172.0 1245.0 0
116.0 -95.0 0
255.0 738.0 0
333.0 1300.0 0
411.0 405.0 1
402.0 1154.0 1
-2.0 -151.0 1
6.0 0.0 1
-35.0 1397.0 1
27.0 629.0 1
470.0 334.0 1
365.0 1295.0 1
312.0 1085.0 1
348.0 242.0 1
-25.0 -39.0 1
65.0 -137.0 1
203.0 -208.0 1
438.0 1454.0 1
79.0 100.0 1
190.0 752.0 1
125.0 102.0 1
332.0 1078.0 1
202.0 -172.0 1
133.0 734.0 1
310.0 -227.0 1
369.0 605.0 1
451.0 948.0 1
44.0 172.0 1
82.0 430.0 1
-66.0 246.0 1
-47.0 770.0 1
30.0 780.0 1
328.0 1279.0 1
53.0 -156.0 1
310.0 780.0 1
201.0 1026.0 1
9.0 580.0 1
-59.0 -273.0 1
-35.0 1156.0 1
-44.0 1244.0 1
42.0 341.0 1
329.0 516.0 1
319.0 408.0 1
417.0 999.0 1
124.0 1341.0 1
4.0 46.0 1
155.0 1322.0 1
436.0 77.0 1
414.0 18.0 1
-63.0 881.0 1
387.0 1352.0 1
278.0 -122.0 1
-51.0 1014.0 1
238.0 1398.0 1
372.0 -51.0 1
355.0 350.0 1
189.0 1456.0 1
457.0 348.0 1
437.0 800.0 1
-82.0 538.0 1
361.0 699.0 1
-54.0 279.0 1
335.0 -48.0 1
467.0 1400.0 1
440.0 1040.0 1
204.0 1478.0 1
35.0 935.0 1
338.0 649.0 1
318.0 969.0 1
307.0 -264.0 1
331.0 472.0 1
348.0 307.0 1
451.0 451.0 1
64.0 88.0 1
