315.0 451.0 0
121.0 948.0 0
79.0 566.0 0
55.0 228.0 0
258.0 1.0 0
341.0 1039.0 0
242.0 1245.0 0
290.0 -57.0 0
201.0 733.0 0
277.0 816.0 0
464.0 396.0 1
443.0 1197.0 1
55.0 -113.0 1
43.0 0.0 1
-51.0 1371.0 1
73.0 652.0 1
441.0 326.0 1
476.0 1330.0 1
346.0 1153.0 1
355.0 209.0 1
-82.0 -73.0 1
94.0 -57.0 1
145.0 -253.0 1
365.0 1443.0 1
22.0 157.0 1
126.0 771.0 1
380.0 100.0 1
231.0 1065.0 1
355.0 -164.0 1
235.0 767.0 1
369.0 -246.0 1
402.0 648.0 1
387.0 892.0 1
330.0 171.0 1
22.0 428.0 1
-35.0 224.0 1
13.0 729.0 1
4.0 769.0 1
326.0 1213.0 1
71.0 -178.0 1
305.0 798.0 1
119.0 1036.0 1
-36.0 622.0 1
-80.0 -225.0 1
-49.0 1127.0 1
86.0 1204.0 1
39.0 352.0 1
454.0 537.0 1
275.0 415.0 1
460.0 955.0 1
194.0 1350.0 1
9.0 -32.0 1
60.0 1295.0 1
427.0 148.0 1
417.0 9.0 1
-66.0 859.0 1
320.0 1370.0 1
371.0 -94.0 1
220.0 1009.0 1
245.0 1411.0 1
454.0 -49.0 1
-45.0 328.0 1
151.0 1434.0 1
374.0 373.0 1
459.0 847.0 1
38.0 543.0 1
402.0 740.0 1
73.0 248.0 1
359.0 29.0 1
460.0 1382.0 1
467.0 1128.0 1
63.0 1468.0 1
6.0 950.0 1
342.0 602.0 1
356.0 1057.0 1
404.0 -179.0 1
204.0 776.0 1
367.0 288.0 1
338.0 443.0 1
266.0 1475.0 1
