152.0 -97.0 0
323.0 1296.0 0
59.0 249.0 0
87.0 182.0 0
284.0 1117.0 0
138.0 463.0 0
116.0 421.0 0
119.0 211.0 0
304.0 -153.0 0
178.0 934.0 0
457.0 348.0 1
-51.0 1014.0 1
-8.0 -3.0 1
249.0 1452.0 1
-66.0 1405.0 1
363.0 1433.0 1
189.0 1456.0 1
-71.0 333.0 1
-67.0 -11.0 1
260.0 1049.0 1
306.0 1002.0 1
435.0 325.0 1
-1.0 -233.0 1
-46.0 160.0 1
343.0 467.0 1
455.0 269.0 1
330.0 171.0 1
446.0 1300.0 1
-2.0 30.0 1
156.0 -232.0 1
200.0 1071.0 1
165.0 159.0 1
402.0 648.0 1
124.0 1341.0 1
382.0 195.0 1
236.0 741.0 1
77.0 863.0 1
146.0 745.0 1
365.0 378.0 1
456.0 408.0 1
387.0 1352.0 1
-29.0 271.0 1
408.0 1188.0 1
-6.0 722.0 1
-20.0 -270.0 1
53.0 -156.0 1
-2.0 1110.0 1
39.0 959.0 1
238.0 1398.0 1
440.0 -132.0 1
90.0 -107.0 1
327.0 1068.0 1
-23.0 271.0 1
44.0 172.0 1
377.0 1379.0 1
376.0 756.0 1
467.0 1128.0 1
164.0 1060.0 1
-42.0 8.0 1
55.0 -113.0 1
-78.0 -156.0 1
-82.0 -73.0 1
-30.0 1060.0 1
15.0 414.0 1
-81.0 1281.0 1
375.0 269.0 1
378.0 1369.0 1
356.0 1057.0 1
324.0 -99.0 1
95.0 232.0 1
266.0 1333.0 1
118.0 759.0 1
31.0 961.0 1
410.0 1276.0 1
463.0 70.0 1
350.0 1050.0 1
32.0 575.0 1
307.0 -49.0 1
27.0 699.0 1
-84.0 488.0 1
