59.0 -67.0 0
58.0 566.0 0
277.0 78.0 0
133.0 471.0 0
333.0 1300.0 0
258.0 1.0 0
354.0 136.0 0
55.0 402.0 0
114.0 1011.0 0
290.0 1011.0 0
189.0 224.0 0
224.0 427.0 0
237.0 287.0 0
84.0 -1.0 0
59.0 249.0 0
201.0 510.0 0
65.0 196.0 0
76.0 361.0 0
199.0 1033.0 0
166.0 756.0 0
121.0 948.0 0
321.0 472.0 0
185.0 849.0 0
335.0 695.0 0
315.0 451.0 0
309.0 1207.0 0
82.0 749.0 0
274.0 931.0 0
268.0 858.0 0
213.0 1298.0 0
238.0 1169.0 0
87.0 310.0 0
83.0 564.0 0
223.0 1331.0 0
213.0 1253.0 0
242.0 1245.0 0
257.0 1215.0 0
138.0 463.0 0
116.0 -95.0 0
116.0 421.0 0
135.0 398.0 0
215.0 149.0 0
88.0 -36.0 0
150.0 603.0 0
288.0 868.0 0
202.0 1159.0 0
341.0 1039.0 0
276.0 741.0 0
457.0 348.0 1
332.0 485.0 1
15.0 1212.0 1
28.0 558.0 1
-63.0 786.0 1
-51.0 1014.0 1
367.0 288.0 1
470.0 1466.0 1
305.0 -167.0 1
-8.0 -3.0 1
403.0 1433.0 1
353.0 634.0 1
417.0 999.0 1
361.0 699.0 1
334.0 993.0 1
94.0 1439.0 1
438.0 163.0 1
467.0 910.0 1
70.0 804.0 1
445.0 712.0 1
325.0 705.0 1
-75.0 773.0 1
451.0 948.0 1
0.0 1255.0 1
122.0 763.0 1
371.0 -94.0 1
56.0 436.0 1
79.0 -9.0 1
98.0 791.0 1
327.0 277.0 1
369.0 -246.0 1
85.0 -3.0 1
344.0 -282.0 1
332.0 557.0 1
328.0 809.0 1
363.0 1433.0 1
348.0 242.0 1
483.0 1297.0 1
22.0 576.0 1
459.0 -42.0 1
13.0 609.0 1
189.0 1456.0 1
-71.0 333.0 1
-39.0 -22.0 1
88.0 112.0 1
-5.0 498.0 1
419.0 1281.0 1
235.0 767.0 1
103.0 -113.0 1
-54.0 365.0 1
116.0 1055.0 1
-20.0 266.0 1
162.0 1471.0 1
-1.0 -106.0 1
-6.0 -168.0 1
369.0 15.0 1
-79.0 797.0 1
260.0 1049.0 1
-39.0 1420.0 1
413.0 1313.0 1
245.0 1372.0 1
239.0 1472.0 1
470.0 334.0 1
306.0 1002.0 1
401.0 406.0 1
387.0 173.0 1
194.0 1350.0 1
79.0 962.0 1
388.0 -182.0 1
-28.0 51.0 1
441.0 242.0 1
369.0 607.0 1
171.0 1068.0 1
431.0 500.0 1
315.0 567.0 1
440.0 1040.0 1
-46.0 160.0 1
374.0 739.0 1
343.0 467.0 1
-64.0 196.0 1
320.0 1370.0 1
455.0 269.0 1
17.0 371.0 1
38.0 -59.0 1
214.0 1468.0 1
356.0 1280.0 1
73.0 662.0 1
322.0 603.0 1
136.0 1407.0 1
-84.0 1479.0 1
330.0 171.0 1
49.0 769.0 1
-32.0 596.0 1
333.0 1433.0 1
-66.0 859.0 1
-13.0 624.0 1
171.0 1424.0 1
294.0 788.0 1
29.0 928.0 1
463.0 339.0 1
391.0 508.0 1
15.0 901.0 1
460.0 569.0 1
317.0 1358.0 1
93.0 1420.0 1
-59.0 -280.0 1
361.0 481.0 1
8.0 52.0 1
417.0 9.0 1
-1.0 1299.0 1
218.0 760.0 1
143.0 1026.0 1
405.0 -257.0 1
248.0 -217.0 1
375.0 788.0 1
-40.0 552.0 1
22.0 157.0 1
389.0 632.0 1
-4.0 176.0 1
445.0 -143.0 1
79.0 100.0 1
439.0 231.0 1
60.0 -185.0 1
458.0 -216.0 1
93.0 772.0 1
-73.0 -73.0 1
446.0 353.0 1
433.0 1380.0 1
329.0 516.0 1
440.0 -221.0 1
338.0 -170.0 1
303.0 1231.0 1
32.0 1318.0 1
475.0 -131.0 1
305.0 798.0 1
5.0 602.0 1
433.0 -184.0 1
443.0 1228.0 1
301.0 1353.0 1
6.0 0.0 1
143.0 -240.0 1
165.0 159.0 1
53.0 -14.0 1
243.0 166.0 1
-73.0 133.0 1
124.0 1341.0 1
65.0 -137.0 1
59.0 1065.0 1
429.0 150.0 1
382.0 195.0 1
126.0 771.0 1
236.0 741.0 1
125.0 102.0 1
-46.0 772.0 1
-28.0 445.0 1
455.0 272.0 1
430.0 1025.0 1
293.0 1433.0 1
114.0 -202.0 1
71.0 -178.0 1
-23.0 353.0 1
-80.0 -225.0 1
282.0 1010.0 1
439.0 1351.0 1
387.0 534.0 1
-26.0 770.0 1
146.0 745.0 1
43.0 0.0 1
4.0 -241.0 1
336.0 366.0 1
365.0 378.0 1
456.0 408.0 1
387.0 1352.0 1
2.0 768.0 1
476.0 155.0 1
13.0 729.0 1
-28.0 -45.0 1
145.0 490.0 1
115.0 1392.0 1
-9.0 922.0 1
269.0 -227.0 1
357.0 40.0 1
51.0 81.0 1
122.0 782.0 1
477.0 763.0 1
90.0 1305.0 1
-65.0 336.0 1
-2.0 1110.0 1
425.0 848.0 1
403.0 1394.0 1
264.0 1069.0 1
22.0 428.0 1
39.0 959.0 1
440.0 -132.0 1
193.0 1371.0 1
327.0 1068.0 1
342.0 602.0 1
309.0 1352.0 1
292.0 1366.0 1
-23.0 271.0 1
-42.0 675.0 1
163.0 -128.0 1
-79.0 361.0 1
339.0 960.0 1
438.0 1187.0 1
42.0 341.0 1
305.0 1111.0 1
374.0 -19.0 1
346.0 1153.0 1
31.0 556.0 1
436.0 166.0 1
438.0 1454.0 1
-84.0 1369.0 1
3.0 284.0 1
-18.0 1355.0 1
222.0 470.0 1
313.0 -8.0 1
36.0 -144.0 1
311.0 175.0 1
-67.0 1433.0 1
-58.0 369.0 1
40.0 1062.0 1
-66.0 284.0 1
467.0 1128.0 1
230.0 434.0 1
402.0 -102.0 1
477.0 1388.0 1
24.0 1136.0 1
-35.0 1156.0 1
351.0 968.0 1
-27.0 1383.0 1
414.0 1182.0 1
164.0 1060.0 1
40.0 936.0 1
143.0 1379.0 1
55.0 -113.0 1
-20.0 412.0 1
454.0 537.0 1
268.0 473.0 1
126.0 126.0 1
94.0 -57.0 1
-28.0 129.0 1
291.0 793.0 1
52.0 1122.0 1
381.0 222.0 1
-3.0 652.0 1
72.0 647.0 1
323.0 300.0 1
-35.0 -76.0 1
337.0 291.0 1
133.0 734.0 1
159.0 -234.0 1
-18.0 -65.0 1
73.0 -233.0 1
-67.0 -187.0 1
369.0 605.0 1
420.0 1447.0 1
405.0 1478.0 1
475.0 -97.0 1
15.0 414.0 1
375.0 269.0 1
-36.0 622.0 1
460.0 1382.0 1
254.0 749.0 1
29.0 962.0 1
-8.0 36.0 1
320.0 1178.0 1
452.0 -11.0 1
440.0 1204.0 1
356.0 1057.0 1
270.0 1338.0 1
337.0 1217.0 1
401.0 1156.0 1
460.0 262.0 1
292.0 760.0 1
227.0 -151.0 1
239.0 -236.0 1
329.0 342.0 1
472.0 813.0 1
348.0 307.0 1
359.0 771.0 1
338.0 649.0 1
319.0 408.0 1
266.0 1475.0 1
87.0 999.0 1
302.0 -112.0 1
470.0 966.0 1
341.0 839.0 1
325.0 1332.0 1
360.0 156.0 1
99.0 -93.0 1
402.0 740.0 1
342.0 314.0 1
-62.0 1022.0 1
407.0 1280.0 1
403.0 1404.0 1
57.0 -219.0 1
152.0 116.0 1
73.0 220.0 1
472.0 403.0 1
95.0 232.0 1
266.0 1333.0 1
331.0 472.0 1
261.0 747.0 1
399.0 338.0 1
436.0 77.0 1
311.0 -135.0 1
431.0 -141.0 1
468.0 1329.0 1
70.0 616.0 1
267.0 -141.0 1
245.0 1411.0 1
220.0 1009.0 1
204.0 1062.0 1
404.0 -179.0 1
16.0 553.0 1
455.0 793.0 1
121.0 721.0 1
13.0 552.0 1
-66.0 246.0 1
282.0 1020.0 1
275.0 415.0 1
64.0 88.0 1
330.0 447.0 1
-49.0 69.0 1
215.0 1430.0 1
338.0 391.0 1
2.0 1057.0 1
410.0 1276.0 1
-56.0 -119.0 1
-44.0 1244.0 1
-19.0 823.0 1
454.0 -49.0 1
365.0 1295.0 1
240.0 1093.0 1
-54.0 279.0 1
162.0 1365.0 1
73.0 248.0 1
447.0 654.0 1
387.0 892.0 1
-7.0 -212.0 1
316.0 804.0 1
202.0 -172.0 1
388.0 -64.0 1
331.0 1257.0 1
178.0 412.0 1
79.0 822.0 1
144.0 1466.0 1
68.0 1313.0 1
145.0 -253.0 1
328.0 905.0 1
152.0 -178.0 1
