141.0 473.0 0
290.0 1011.0 0
150.0 603.0 0
215.0 149.0 0
121.0 -38.0 0
202.0 1159.0 0
213.0 1253.0 0
304.0 -153.0 0
168.0 789.0 0
323.0 1296.0 0
443.0 384.0 1
440.0 1204.0 1
-35.0 -76.0 1
53.0 -14.0 1
-84.0 1369.0 1
32.0 631.0 1
416.0 347.0 1
413.0 1313.0 1
320.0 1178.0 1
439.0 231.0 1
21.0 -65.0 1
144.0 -121.0 1
239.0 -236.0 1
403.0 1404.0 1
-73.0 133.0 1
136.0 744.0 1
152.0 116.0 1
204.0 1062.0 1
227.0 -151.0 1
282.0 766.0 1
346.0 -252.0 1
369.0 607.0 1
402.0 948.0 1
151.0 141.0 1
-20.0 412.0 1
-46.0 160.0 1
8.0 753.0 1
-30.0 793.0 1
443.0 1228.0 1
140.0 -166.0 1
341.0 839.0 1
40.0 1062.0 1
22.0 576.0 1
-82.0 -254.0 1
69.0 1093.0 1
-3.0 1256.0 1
-23.0 353.0 1
436.0 516.0 1
222.0 470.0 1
392.0 989.0 1
196.0 1340.0 1
-28.0 51.0 1
34.0 1263.0 1
463.0 70.0 1
476.0 0.0 1
77.0 863.0 1
325.0 1332.0 1
408.0 -90.0 1
31.0 961.0 1
168.0 1405.0 1
440.0 -132.0 1
329.0 342.0 1
144.0 1466.0 1
329.0 375.0 1
472.0 813.0 1
87.0 529.0 1
320.0 715.0 1
-29.0 271.0 1
313.0 -8.0 1
439.0 1351.0 1
360.0 1077.0 1
162.0 1471.0 1
282.0 1020.0 1
431.0 500.0 1
282.0 1010.0 1
248.0 -217.0 1
303.0 479.0 1
305.0 291.0 1
366.0 445.0 1
74.0 91.0 1
