168.0 789.0 0
354.0 136.0 0
55.0 228.0 0
150.0 1342.0 0
121.0 948.0 0
211.0 881.0 0
255.0 738.0 0
213.0 1298.0 0
55.0 768.0 0
257.0 1215.0 0
248.0 708.0 1
41.0 472.0 1
151.0 141.0 1
329.0 375.0 1
-37.0 701.0 1
4.0 769.0 1
0.0 1255.0 1
371.0 -94.0 1
369.0 -246.0 1
310.0 -227.0 1
437.0 464.0 1
-1.0 -106.0 1
-39.0 1420.0 1
-72.0 600.0 1
401.0 406.0 1
69.0 1093.0 1
79.0 962.0 1
388.0 -182.0 1
319.0 695.0 1
257.0 465.0 1
315.0 567.0 1
38.0 -59.0 1
73.0 652.0 1
-84.0 1479.0 1
294.0 788.0 1
391.0 508.0 1
317.0 1358.0 1
22.0 157.0 1
-3.0 1256.0 1
433.0 1380.0 1
475.0 -131.0 1
-73.0 133.0 1
33.0 1305.0 1
-32.0 1358.0 1
336.0 366.0 1
105.0 1069.0 1
479.0 1158.0 1
411.0 405.0 1
74.0 1395.0 1
230.0 434.0 1
414.0 1182.0 1
40.0 936.0 1
261.0 -176.0 1
126.0 126.0 1
471.0 960.0 1
381.0 222.0 1
72.0 647.0 1
92.0 -86.0 1
378.0 317.0 1
133.0 734.0 1
73.0 -233.0 1
476.0 405.0 1
369.0 605.0 1
99.0 252.0 1
320.0 1178.0 1
413.0 703.0 1
245.0 -233.0 1
161.0 1391.0 1
266.0 1475.0 1
416.0 347.0 1
-82.0 538.0 1
325.0 1332.0 1
191.0 423.0 1
402.0 740.0 1
27.0 629.0 1
155.0 1322.0 1
39.0 352.0 1
220.0 1009.0 1
316.0 804.0 1
392.0 989.0 1
