333.0 1300.0 0
265.0 1057.0 0
201.0 510.0 0
65.0 196.0 0
277.0 816.0 0
268.0 858.0 0
172.0 1245.0 0
353.0 -14.0 0
213.0 1253.0 0
288.0 868.0 0
15.0 1212.0 1
-63.0 786.0 1
403.0 1433.0 1
-51.0 1371.0 1
325.0 705.0 1
151.0 113.0 1
201.0 1026.0 1
-30.0 793.0 1
6.0 950.0 1
332.0 557.0 1
459.0 -42.0 1
-20.0 266.0 1
69.0 9.0 1
-25.0 -39.0 1
441.0 242.0 1
201.0 1418.0 1
-13.0 624.0 1
463.0 339.0 1
8.0 52.0 1
375.0 788.0 1
-73.0 -73.0 1
-59.0 -273.0 1
-36.0 -51.0 1
424.0 225.0 1
443.0 1228.0 1
59.0 18.0 1
143.0 -240.0 1
-18.0 399.0 1
372.0 -51.0 1
125.0 102.0 1
-46.0 772.0 1
388.0 770.0 1
114.0 -202.0 1
-26.0 770.0 1
477.0 763.0 1
-52.0 1043.0 1
471.0 1157.0 1
438.0 1187.0 1
-35.0 1467.0 1
436.0 166.0 1
36.0 -144.0 1
482.0 399.0 1
92.0 352.0 1
52.0 367.0 1
454.0 537.0 1
-49.0 1127.0 1
447.0 380.0 1
157.0 1329.0 1
-67.0 -187.0 1
193.0 713.0 1
420.0 1447.0 1
405.0 1478.0 1
452.0 -11.0 1
270.0 1338.0 1
460.0 262.0 1
359.0 771.0 1
341.0 839.0 1
267.0 1095.0 1
99.0 -93.0 1
310.0 1135.0 1
464.0 10.0 1
260.0 499.0 1
442.0 350.0 1
404.0 -179.0 1
221.0 1387.0 1
302.0 -225.0 1
231.0 1065.0 1
-73.0 322.0 1
343.0 -102.0 1
427.0 362.0 1
