69.0 1074.0 0
69.0 879.0 0
114.0 1011.0 0
339.0 246.0 0
79.0 566.0 0
270.0 588.0 0
199.0 1033.0 0
344.0 1222.0 0
223.0 1331.0 0
135.0 398.0 0
4.0 0.0 1
453.0 -191.0 1
-75.0 773.0 1
13.0 609.0 1
451.0 451.0 1
124.0 773.0 1
369.0 15.0 1
245.0 1372.0 1
24.0 1289.0 1
369.0 607.0 1
431.0 500.0 1
438.0 918.0 1
460.0 -87.0 1
460.0 955.0 1
227.0 1446.0 1
196.0 1340.0 1
305.0 291.0 1
446.0 353.0 1
213.0 -151.0 1
278.0 -122.0 1
204.0 1478.0 1
312.0 1085.0 1
305.0 798.0 1
301.0 1353.0 1
126.0 771.0 1
-80.0 -225.0 1
439.0 661.0 1
387.0 534.0 1
9.0 580.0 1
402.0 1154.0 1
50.0 27.0 1
415.0 547.0 1
193.0 1371.0 1
309.0 1352.0 1
163.0 -128.0 1
-79.0 361.0 1
42.0 341.0 1
305.0 1111.0 1
374.0 -19.0 1
31.0 556.0 1
380.0 100.0 1
-69.0 883.0 1
313.0 -8.0 1
-67.0 1433.0 1
321.0 431.0 1
-27.0 1383.0 1
318.0 969.0 1
323.0 300.0 1
337.0 1217.0 1
401.0 835.0 1
329.0 342.0 1
472.0 813.0 1
338.0 649.0 1
319.0 408.0 1
306.0 1169.0 1
439.0 191.0 1
399.0 338.0 1
86.0 1204.0 1
151.0 1434.0 1
325.0 142.0 1
204.0 1062.0 1
422.0 -11.0 1
454.0 -49.0 1
-54.0 279.0 1
88.0 250.0 1
162.0 1365.0 1
447.0 654.0 1
-7.0 -212.0 1
303.0 479.0 1
388.0 -64.0 1
