116.0 421.0 0
288.0 868.0 0
222.0 598.0 0
119.0 211.0 0
204.0 89.0 0
114.0 1011.0 0
309.0 1207.0 0
237.0 287.0 0
166.0 756.0 0
335.0 695.0 0
476.0 405.0 1
438.0 1187.0 1
-1.0 -106.0 1
85.0 -3.0 1
11.0 1345.0 1
19.0 663.0 1
399.0 338.0 1
446.0 1300.0 1
305.0 1111.0 1
388.0 205.0 1
-16.0 -59.0 1
90.0 -107.0 1
143.0 -240.0 1
420.0 1447.0 1
19.0 147.0 1
118.0 759.0 1
382.0 109.0 1
184.0 1099.0 1
261.0 -176.0 1
261.0 747.0 1
405.0 -257.0 1
447.0 654.0 1
467.0 910.0 1
258.0 181.0 1
6.0 416.0 1
11.0 207.0 1
-6.0 722.0 1
-63.0 786.0 1
337.0 1217.0 1
98.0 -172.0 1
304.0 812.0 1
105.0 1069.0 1
5.0 602.0 1
-7.0 -212.0 1
52.0 1122.0 1
22.0 1194.0 1
89.0 373.0 1
415.0 547.0 1
230.0 434.0 1
471.0 960.0 1
143.0 1379.0 1
-8.0 -3.0 1
24.0 1289.0 1
429.0 150.0 1
452.0 -11.0 1
70.0 804.0 1
301.0 1353.0 1
302.0 -112.0 1
79.0 962.0 1
201.0 1418.0 1
460.0 -87.0 1
-65.0 336.0 1
93.0 1420.0 1
427.0 362.0 1
418.0 835.0 1
31.0 556.0 1
388.0 770.0 1
99.0 252.0 1
468.0 34.0 1
403.0 1394.0 1
471.0 1157.0 1
-67.0 1433.0 1
-24.0 963.0 1
315.0 567.0 1
350.0 1050.0 1
433.0 -184.0 1
190.0 708.0 1
455.0 269.0 1
330.0 447.0 1
306.0 1466.0 1
