58.0 566.0 0
290.0 1011.0 0
321.0 472.0 0
185.0 849.0 0
177.0 825.0 0
83.0 564.0 0
187.0 34.0 0
116.0 -95.0 0
215.0 149.0 0
114.0 805.0 0
332.0 485.0 1
-18.0 1422.0 1
417.0 999.0 1
432.0 813.0 1
467.0 910.0 1
427.0 148.0 1
445.0 712.0 1
122.0 763.0 1
477.0 1210.0 1
11.0 183.0 1
304.0 39.0 1
328.0 809.0 1
483.0 1297.0 1
428.0 1030.0 1
-5.0 498.0 1
420.0 907.0 1
171.0 1068.0 1
440.0 1040.0 1
320.0 1370.0 1
320.0 715.0 1
171.0 1424.0 1
-1.0 1299.0 1
402.0 948.0 1
143.0 1026.0 1
-4.0 176.0 1
52.0 67.0 1
440.0 -221.0 1
65.0 -137.0 1
5.0 -117.0 1
429.0 150.0 1
443.0 1197.0 1
-82.0 -254.0 1
4.0 -241.0 1
13.0 729.0 1
441.0 326.0 1
335.0 -48.0 1
425.0 848.0 1
295.0 110.0 1
76.0 450.0 1
292.0 1366.0 1
310.0 780.0 1
136.0 744.0 1
222.0 470.0 1
311.0 175.0 1
382.0 109.0 1
-20.0 412.0 1
1.0 1033.0 1
337.0 291.0 1
144.0 -121.0 1
29.0 962.0 1
281.0 -164.0 1
149.0 762.0 1
168.0 1405.0 1
307.0 -264.0 1
87.0 999.0 1
421.0 666.0 1
466.0 80.0 1
342.0 314.0 1
-62.0 1022.0 1
407.0 1280.0 1
73.0 220.0 1
346.0 -252.0 1
432.0 578.0 1
215.0 1430.0 1
-56.0 -119.0 1
98.0 -172.0 1
-29.0 86.0 1
-19.0 823.0 1
361.0 1361.0 1
349.0 1248.0 1
