138.0 463.0 0
268.0 858.0 0
58.0 566.0 0
189.0 224.0 0
84.0 -1.0 0
284.0 1117.0 0
358.0 1233.0 0
59.0 -67.0 0
114.0 805.0 0
69.0 879.0 0
456.0 408.0 1
401.0 1156.0 1
-47.0 -73.0 1
50.0 27.0 1
-18.0 1387.0 1
-13.0 624.0 1
378.0 317.0 1
419.0 1281.0 1
343.0 1104.0 1
382.0 195.0 1
-28.0 -45.0 1
87.0 -125.0 1
245.0 -233.0 1
445.0 1422.0 1
126.0 126.0 1
124.0 773.0 1
151.0 113.0 1
200.0 1071.0 1
267.0 -141.0 1
292.0 760.0 1
374.0 -212.0 1
353.0 634.0 1
328.0 905.0 1
387.0 173.0 1
56.0 436.0 1
-4.0 176.0 1
66.0 672.0 1
-77.0 782.0 1
331.0 1257.0 1
152.0 -178.0 1
294.0 788.0 1
143.0 1026.0 1
-32.0 596.0 1
-20.0 -270.0 1
48.0 1128.0 1
0.0 1255.0 1
-54.0 365.0 1
391.0 508.0 1
321.0 431.0 1
339.0 960.0 1
245.0 1372.0 1
-8.0 36.0 1
68.0 1313.0 1
466.0 80.0 1
374.0 -19.0 1
98.0 791.0 1
361.0 1361.0 1
333.0 -66.0 1
29.0 962.0 1
171.0 1424.0 1
459.0 -42.0 1
-73.0 322.0 1
94.0 1439.0 1
446.0 353.0 1
464.0 812.0 1
-47.0 549.0 1
479.0 771.0 1
-23.0 271.0 1
369.0 15.0 1
477.0 1388.0 1
386.0 1085.0 1
-66.0 1405.0 1
-9.0 922.0 1
472.0 517.0 1
306.0 1002.0 1
215.0 -195.0 1
260.0 499.0 1
375.0 269.0 1
145.0 490.0 1
-81.0 419.0 1
