116.0 421.0 0
288.0 868.0 0
133.0 471.0 0
119.0 211.0 0
204.0 89.0 0
288.0 1016.0 0
309.0 1207.0 0
235.0 147.0 0
213.0 1298.0 0
76.0 361.0 0
166.0 756.0 0
353.0 -14.0 0
268.0 858.0 0
69.0 1074.0 0
345.0 663.0 0
96.0 -108.0 0
83.0 564.0 0
255.0 738.0 0
53.0 1176.0 0
333.0 1300.0 0
476.0 405.0 1
438.0 1187.0 1
-1.0 -106.0 1
85.0 -3.0 1
11.0 1345.0 1
19.0 663.0 1
399.0 338.0 1
446.0 1300.0 1
305.0 1111.0 1
388.0 205.0 1
-18.0 -65.0 1
90.0 -107.0 1
143.0 -240.0 1
420.0 1447.0 1
19.0 147.0 1
388.0 1156.0 1
118.0 759.0 1
382.0 109.0 1
-6.0 -168.0 1
267.0 1095.0 1
261.0 -176.0 1
261.0 747.0 1
248.0 708.0 1
405.0 -257.0 1
447.0 654.0 1
202.0 -172.0 1
467.0 910.0 1
258.0 181.0 1
6.0 416.0 1
11.0 207.0 1
-42.0 675.0 1
422.0 253.0 1
-26.0 770.0 1
337.0 1217.0 1
98.0 -172.0 1
304.0 812.0 1
204.0 1062.0 1
27.0 629.0 1
-7.0 -212.0 1
52.0 1122.0 1
22.0 1194.0 1
89.0 373.0 1
410.0 1276.0 1
429.0 1209.0 1
415.0 547.0 1
230.0 434.0 1
471.0 960.0 1
143.0 1379.0 1
44.0 172.0 1
-42.0 8.0 1
-1.0 1299.0 1
438.0 163.0 1
452.0 -11.0 1
413.0 1313.0 1
79.0 822.0 1
301.0 1353.0 1
-25.0 -39.0 1
-81.0 419.0 1
302.0 -112.0 1
79.0 962.0 1
201.0 1418.0 1
-13.0 624.0 1
460.0 -87.0 1
65.0 325.0 1
392.0 989.0 1
115.0 1392.0 1
427.0 362.0 1
40.0 1415.0 1
151.0 113.0 1
342.0 602.0 1
63.0 1468.0 1
379.0 829.0 1
31.0 556.0 1
388.0 770.0 1
282.0 766.0 1
88.0 250.0 1
-66.0 859.0 1
-45.0 328.0 1
306.0 1466.0 1
463.0 70.0 1
433.0 1380.0 1
-59.0 -273.0 1
467.0 1128.0 1
39.0 959.0 1
6.0 0.0 1
-67.0 1433.0 1
-30.0 1060.0 1
477.0 1388.0 1
-82.0 538.0 1
238.0 1398.0 1
428.0 1030.0 1
56.0 436.0 1
315.0 567.0 1
445.0 -143.0 1
336.0 366.0 1
411.0 405.0 1
269.0 -227.0 1
319.0 695.0 1
432.0 813.0 1
391.0 508.0 1
36.0 -144.0 1
93.0 772.0 1
388.0 -64.0 1
327.0 1068.0 1
455.0 269.0 1
196.0 1340.0 1
-35.0 1156.0 1
346.0 -252.0 1
29.0 928.0 1
239.0 1472.0 1
369.0 15.0 1
49.0 769.0 1
34.0 1263.0 1
-20.0 266.0 1
-8.0 36.0 1
404.0 -179.0 1
215.0 -195.0 1
40.0 1062.0 1
402.0 948.0 1
382.0 195.0 1
165.0 159.0 1
266.0 486.0 1
319.0 408.0 1
405.0 1478.0 1
421.0 666.0 1
454.0 -49.0 1
457.0 348.0 1
360.0 1077.0 1
332.0 485.0 1
459.0 847.0 1
-49.0 69.0 1
41.0 472.0 1
77.0 863.0 1
343.0 467.0 1
-81.0 1281.0 1
136.0 744.0 1
323.0 300.0 1
361.0 481.0 1
278.0 -122.0 1
439.0 231.0 1
