277.0 78.0 0
358.0 91.0 0
222.0 598.0 0
107.0 671.0 0
309.0 1207.0 0
295.0 714.0 0
266.0 1177.0 0
242.0 1245.0 0
150.0 603.0 0
276.0 741.0 0
437.0 800.0 1
445.0 1422.0 1
479.0 771.0 1
361.0 699.0 1
94.0 1439.0 1
460.0 -81.0 1
348.0 242.0 1
103.0 -113.0 1
162.0 1471.0 1
-79.0 797.0 1
413.0 1313.0 1
479.0 1310.0 1
8.0 753.0 1
239.0 1472.0 1
266.0 486.0 1
214.0 1468.0 1
49.0 769.0 1
63.0 1468.0 1
361.0 481.0 1
345.0 1458.0 1
417.0 9.0 1
1.0 444.0 1
248.0 -217.0 1
-45.0 328.0 1
408.0 -90.0 1
448.0 -10.0 1
454.0 220.0 1
6.0 0.0 1
53.0 -14.0 1
476.0 1330.0 1
475.0 135.0 1
-67.0 1226.0 1
476.0 155.0 1
115.0 1392.0 1
343.0 1104.0 1
342.0 602.0 1
477.0 1388.0 1
24.0 1136.0 1
389.0 -165.0 1
65.0 325.0 1
459.0 847.0 1
87.0 -125.0 1
-28.0 129.0 1
59.0 400.0 1
52.0 1122.0 1
304.0 812.0 1
82.0 430.0 1
263.0 1011.0 1
475.0 -97.0 1
460.0 1382.0 1
-8.0 36.0 1
32.0 631.0 1
440.0 1204.0 1
348.0 307.0 1
-17.0 1218.0 1
-77.0 782.0 1
403.0 1404.0 1
152.0 116.0 1
-35.0 1397.0 1
70.0 616.0 1
379.0 829.0 1
432.0 -183.0 1
245.0 1411.0 1
121.0 721.0 1
282.0 766.0 1
73.0 248.0 1
4.0 1068.0 1
79.0 822.0 1
145.0 -253.0 1
446.0 290.0 1
