223.0 763.0 0
204.0 89.0 0
277.0 78.0 0
152.0 -97.0 0
258.0 1.0 0
290.0 1011.0 0
237.0 287.0 0
308.0 773.0 0
227.0 342.0 0
199.0 1033.0 0
321.0 472.0 0
335.0 695.0 0
344.0 1222.0 0
277.0 816.0 0
211.0 881.0 0
274.0 931.0 0
290.0 1202.0 0
295.0 714.0 0
213.0 1253.0 0
257.0 1215.0 0
388.0 1156.0 1
35.0 935.0 1
434.0 419.0 1
248.0 708.0 1
437.0 800.0 1
367.0 288.0 1
305.0 -167.0 1
445.0 1422.0 1
-8.0 -3.0 1
-47.0 -73.0 1
403.0 1433.0 1
249.0 1452.0 1
334.0 993.0 1
438.0 163.0 1
453.0 -191.0 1
-75.0 773.0 1
451.0 948.0 1
122.0 763.0 1
371.0 -94.0 1
56.0 436.0 1
79.0 -9.0 1
369.0 -246.0 1
151.0 113.0 1
-54.0 751.0 1
483.0 1297.0 1
22.0 576.0 1
1.0 648.0 1
-39.0 -22.0 1
235.0 767.0 1
162.0 1471.0 1
476.0 0.0 1
401.0 406.0 1
420.0 907.0 1
-28.0 51.0 1
319.0 695.0 1
441.0 242.0 1
431.0 500.0 1
440.0 1040.0 1
-46.0 160.0 1
364.0 -15.0 1
356.0 1280.0 1
322.0 603.0 1
424.0 1151.0 1
330.0 171.0 1
-32.0 596.0 1
333.0 1433.0 1
-13.0 624.0 1
294.0 788.0 1
29.0 928.0 1
391.0 508.0 1
317.0 1358.0 1
93.0 1420.0 1
414.0 1157.0 1
387.0 360.0 1
248.0 -217.0 1
375.0 788.0 1
-40.0 552.0 1
22.0 157.0 1
19.0 663.0 1
-4.0 176.0 1
439.0 231.0 1
-47.0 770.0 1
-3.0 1256.0 1
433.0 1380.0 1
-2.0 30.0 1
329.0 516.0 1
303.0 1231.0 1
94.0 -180.0 1
305.0 798.0 1
433.0 -184.0 1
190.0 708.0 1
59.0 18.0 1
301.0 1353.0 1
360.0 1077.0 1
-73.0 133.0 1
126.0 771.0 1
236.0 741.0 1
476.0 1330.0 1
125.0 102.0 1
140.0 -166.0 1
114.0 -202.0 1
-23.0 353.0 1
439.0 1351.0 1
43.0 0.0 1
4.0 -241.0 1
336.0 366.0 1
-47.0 549.0 1
328.0 1232.0 1
145.0 490.0 1
357.0 40.0 1
9.0 580.0 1
402.0 1154.0 1
-6.0 722.0 1
479.0 1158.0 1
295.0 110.0 1
238.0 1398.0 1
327.0 1068.0 1
292.0 1366.0 1
-35.0 1467.0 1
305.0 1111.0 1
374.0 -19.0 1
346.0 1153.0 1
438.0 1454.0 1
44.0 172.0 1
311.0 1133.0 1
-69.0 883.0 1
222.0 470.0 1
74.0 1395.0 1
-58.0 369.0 1
52.0 367.0 1
40.0 1062.0 1
230.0 434.0 1
351.0 968.0 1
-42.0 8.0 1
318.0 969.0 1
382.0 109.0 1
343.0 1450.0 1
268.0 473.0 1
72.0 214.0 1
291.0 793.0 1
-35.0 -76.0 1
306.0 1466.0 1
447.0 380.0 1
73.0 -233.0 1
374.0 -212.0 1
144.0 -121.0 1
304.0 812.0 1
420.0 1447.0 1
375.0 269.0 1
418.0 835.0 1
413.0 703.0 1
356.0 1057.0 1
337.0 1217.0 1
324.0 -99.0 1
245.0 -233.0 1
329.0 342.0 1
348.0 307.0 1
266.0 1475.0 1
416.0 347.0 1
422.0 253.0 1
