135.0 398.0 0
211.0 881.0 0
321.0 472.0 0
59.0 249.0 0
277.0 78.0 0
290.0 1011.0 0
344.0 1222.0 0
331.0 221.0 0
76.0 1221.0 0
55.0 402.0 0
223.0 763.0 0
84.0 -1.0 0
277.0 816.0 0
238.0 1169.0 0
295.0 714.0 0
121.0 -38.0 0
58.0 566.0 0
168.0 789.0 0
222.0 598.0 0
270.0 588.0 0
455.0 398.0 1
414.0 1157.0 1
-78.0 -156.0 1
79.0 -9.0 1
-27.0 1383.0 1
72.0 647.0 1
387.0 335.0 1
468.0 1329.0 1
306.0 1169.0 1
454.0 220.0 1
-16.0 -59.0 1
103.0 -113.0 1
73.0 -233.0 1
333.0 1433.0 1
88.0 112.0 1
471.0 1157.0 1
146.0 745.0 1
325.0 142.0 1
-2.0 -151.0 1
231.0 1065.0 1
338.0 -170.0 1
235.0 767.0 1
121.0 721.0 1
458.0 -216.0 1
439.0 661.0 1
140.0 -166.0 1
352.0 914.0 1
330.0 171.0 1
59.0 400.0 1
11.0 183.0 1
13.0 729.0 1
441.0 242.0 1
-63.0 786.0 1
349.0 1248.0 1
60.0 -185.0 1
291.0 793.0 1
200.0 1071.0 1
5.0 602.0 1
-80.0 -225.0 1
24.0 1136.0 1
-67.0 1226.0 1
-58.0 369.0 1
360.0 1274.0 1
343.0 1104.0 1
452.0 529.0 1
304.0 418.0 1
451.0 948.0 1
161.0 1391.0 1
72.0 214.0 1
4.0 0.0 1
60.0 1295.0 1
427.0 148.0 1
364.0 -15.0 1
325.0 1332.0 1
70.0 804.0 1
292.0 1366.0 1
38.0 -59.0 1
-23.0 353.0 1
402.0 -102.0 1
119.0 1036.0 1
215.0 1430.0 1
133.0 734.0 1
475.0 -97.0 1
-79.0 361.0 1
351.0 968.0 1
171.0 1424.0 1
355.0 350.0 1
-18.0 1387.0 1
152.0 116.0 1
342.0 595.0 1
189.0 1456.0 1
401.0 835.0 1
38.0 543.0 1
402.0 740.0 1
292.0 760.0 1
73.0 248.0 1
15.0 901.0 1
-66.0 284.0 1
293.0 1433.0 1
414.0 18.0 1
403.0 1394.0 1
-59.0 -280.0 1
439.0 1351.0 1
6.0 950.0 1
1.0 23.0 1
-18.0 1422.0 1
-51.0 1014.0 1
403.0 1404.0 1
22.0 576.0 1
270.0 1404.0 1
417.0 999.0 1
82.0 430.0 1
436.0 516.0 1
311.0 -135.0 1
447.0 380.0 1
442.0 350.0 1
302.0 -225.0 1
413.0 703.0 1
455.0 793.0 1
437.0 464.0 1
144.0 -121.0 1
30.0 780.0 1
333.0 -66.0 1
312.0 1085.0 1
460.0 262.0 1
68.0 1313.0 1
-60.0 1156.0 1
203.0 -208.0 1
40.0 936.0 1
266.0 1475.0 1
468.0 34.0 1
-54.0 751.0 1
-44.0 1244.0 1
3.0 284.0 1
8.0 52.0 1
388.0 -182.0 1
53.0 -156.0 1
2.0 1057.0 1
306.0 1002.0 1
439.0 191.0 1
64.0 88.0 1
222.0 470.0 1
321.0 431.0 1
227.0 1446.0 1
445.0 712.0 1
476.0 0.0 1
378.0 317.0 1
282.0 1020.0 1
145.0 490.0 1
204.0 776.0 1
-28.0 51.0 1
-72.0 600.0 1
220.0 1009.0 1
397.0 462.0 1
270.0 1338.0 1
-77.0 782.0 1
348.0 307.0 1
329.0 342.0 1
466.0 80.0 1
387.0 1352.0 1
