321.0 472.0 0
185.0 849.0 0
76.0 361.0 0
331.0 221.0 0
358.0 91.0 0
266.0 1177.0 0
76.0 1221.0 0
96.0 -108.0 0
276.0 741.0 0
223.0 1331.0 0
447.0 380.0 1
429.0 1209.0 1
-64.0 -168.0 1
4.0 0.0 1
32.0 1318.0 1
73.0 662.0 1
463.0 339.0 1
407.0 1280.0 1
388.0 1156.0 1
352.0 246.0 1
38.0 -59.0 1
163.0 -128.0 1
269.0 -227.0 1
293.0 1433.0 1
140.0 119.0 1
218.0 760.0 1
360.0 156.0 1
171.0 1068.0 1
213.0 -151.0 1
193.0 713.0 1
302.0 -225.0 1
421.0 666.0 1
323.0 928.0 1
436.0 166.0 1
-18.0 399.0 1
72.0 214.0 1
-26.0 770.0 1
49.0 769.0 1
360.0 1274.0 1
-6.0 -168.0 1
375.0 788.0 1
2.0 1057.0 1
-72.0 600.0 1
-59.0 -280.0 1
-30.0 1060.0 1
-40.0 1248.0 1
-63.0 356.0 1
447.0 515.0 1
257.0 465.0 1
368.0 985.0 1
157.0 1329.0 1
-49.0 69.0 1
-81.0 1281.0 1
460.0 262.0 1
434.0 -39.0 1
-69.0 883.0 1
378.0 1369.0 1
311.0 -135.0 1
1.0 1033.0 1
216.0 1389.0 1
475.0 -131.0 1
336.0 366.0 1
-18.0 1422.0 1
338.0 391.0 1
359.0 771.0 1
-5.0 498.0 1
413.0 703.0 1
-66.0 284.0 1
52.0 67.0 1
266.0 1333.0 1
480.0 1019.0 1
214.0 1468.0 1
40.0 936.0 1
437.0 464.0 1
15.0 901.0 1
344.0 -282.0 1
262.0 491.0 1
323.0 300.0 1
-28.0 445.0 1
51.0 81.0 1
