315.0 451.0 0
121.0 948.0 0
138.0 463.0 0
55.0 228.0 0
258.0 1.0 0
114.0 1011.0 0
242.0 1245.0 0
215.0 149.0 0
358.0 1233.0 0
87.0 310.0 0
201.0 733.0 0
290.0 -57.0 0
113.0 870.0 0
266.0 1177.0 0
335.0 695.0 0
59.0 -67.0 0
79.0 566.0 0
308.0 773.0 0
202.0 1159.0 0
323.0 1296.0 0
464.0 396.0 1
443.0 1197.0 1
55.0 -113.0 1
43.0 0.0 1
-51.0 1371.0 1
73.0 652.0 1
441.0 326.0 1
476.0 1330.0 1
346.0 1153.0 1
355.0 209.0 1
-73.0 -73.0 1
94.0 -57.0 1
145.0 -253.0 1
365.0 1443.0 1
22.0 157.0 1
424.0 1151.0 1
126.0 771.0 1
380.0 100.0 1
-67.0 -187.0 1
184.0 1099.0 1
355.0 -164.0 1
218.0 760.0 1
251.0 702.0 1
369.0 -246.0 1
402.0 648.0 1
267.0 -141.0 1
387.0 892.0 1
311.0 175.0 1
22.0 428.0 1
-35.0 224.0 1
-6.0 722.0 1
375.0 269.0 1
-75.0 773.0 1
326.0 1213.0 1
71.0 -178.0 1
305.0 798.0 1
116.0 1055.0 1
32.0 631.0 1
57.0 -219.0 1
-49.0 1127.0 1
86.0 1204.0 1
39.0 352.0 1
356.0 1280.0 1
479.0 1158.0 1
454.0 537.0 1
275.0 415.0 1
460.0 955.0 1
194.0 1350.0 1
-46.0 160.0 1
-8.0 -3.0 1
24.0 1289.0 1
429.0 150.0 1
417.0 9.0 1
331.0 1257.0 1
-79.0 797.0 1
320.0 1370.0 1
-35.0 -76.0 1
-54.0 365.0 1
371.0 -94.0 1
143.0 1026.0 1
245.0 1411.0 1
-36.0 622.0 1
408.0 -90.0 1
-63.0 356.0 1
334.0 993.0 1
93.0 1420.0 1
374.0 373.0 1
-35.0 1397.0 1
140.0 119.0 1
322.0 603.0 1
144.0 1466.0 1
425.0 848.0 1
28.0 558.0 1
359.0 771.0 1
375.0 788.0 1
99.0 252.0 1
-22.0 893.0 1
-65.0 336.0 1
249.0 1452.0 1
357.0 40.0 1
361.0 1361.0 1
-20.0 -270.0 1
420.0 1116.0 1
-24.0 963.0 1
21.0 -65.0 1
-39.0 1420.0 1
1.0 1033.0 1
467.0 1400.0 1
9.0 580.0 1
245.0 1372.0 1
440.0 1040.0 1
76.0 450.0 1
332.0 557.0 1
431.0 -141.0 1
338.0 391.0 1
446.0 353.0 1
248.0 -217.0 1
361.0 699.0 1
437.0 800.0 1
472.0 517.0 1
65.0 -137.0 1
124.0 773.0 1
307.0 -49.0 1
332.0 1078.0 1
367.0 288.0 1
155.0 1322.0 1
74.0 1177.0 1
307.0 -264.0 1
35.0 935.0 1
162.0 1471.0 1
313.0 -8.0 1
8.0 753.0 1
-40.0 1248.0 1
-54.0 279.0 1
4.0 46.0 1
453.0 -191.0 1
163.0 -128.0 1
4.0 1068.0 1
323.0 928.0 1
360.0 156.0 1
74.0 91.0 1
303.0 479.0 1
366.0 445.0 1
445.0 1422.0 1
439.0 704.0 1
374.0 -19.0 1
416.0 347.0 1
386.0 1085.0 1
329.0 516.0 1
418.0 835.0 1
51.0 81.0 1
87.0 529.0 1
263.0 1011.0 1
331.0 472.0 1
90.0 1305.0 1
266.0 1333.0 1
327.0 277.0 1
451.0 451.0 1
464.0 10.0 1
342.0 314.0 1
