297.0 426.0 0
178.0 934.0 0
141.0 473.0 0
87.0 182.0 0
187.0 34.0 0
265.0 1057.0 0
290.0 1202.0 0
358.0 91.0 0
172.0 1245.0 0
237.0 287.0 0
55.0 768.0 0
189.0 224.0 0
177.0 825.0 0
284.0 1117.0 0
150.0 603.0 0
152.0 -97.0 0
304.0 -153.0 0
276.0 741.0 0
114.0 805.0 0
223.0 1331.0 0
472.0 403.0 1
408.0 1188.0 1
5.0 -117.0 1
59.0 18.0 1
-32.0 1358.0 1
1.0 648.0 1
435.0 325.0 1
479.0 1310.0 1
310.0 1135.0 1
424.0 225.0 1
-47.0 -73.0 1
99.0 -93.0 1
159.0 -234.0 1
363.0 1433.0 1
-28.0 129.0 1
402.0 1154.0 1
122.0 763.0 1
283.0 122.0 1
-24.0 -165.0 1
237.0 1084.0 1
305.0 -167.0 1
254.0 749.0 1
190.0 708.0 1
440.0 -221.0 1
389.0 632.0 1
227.0 -151.0 1
438.0 918.0 1
243.0 166.0 1
15.0 414.0 1
-37.0 218.0 1
27.0 699.0 1
348.0 242.0 1
-47.0 770.0 1
328.0 1232.0 1
93.0 -180.0 1
316.0 804.0 1
171.0 1068.0 1
13.0 609.0 1
4.0 -241.0 1
-23.0 1112.0 1
-17.0 1218.0 1
52.0 367.0 1
407.0 1280.0 1
440.0 1204.0 1
409.0 524.0 1
178.0 412.0 1
470.0 966.0 1
193.0 1371.0 1
-10.0 162.0 1
-39.0 -22.0 1
32.0 1318.0 1
475.0 135.0 1
448.0 -10.0 1
328.0 1279.0 1
-30.0 793.0 1
309.0 1352.0 1
-28.0 -45.0 1
-20.0 412.0 1
343.0 -102.0 1
36.0 978.0 1
201.0 1413.0 1
73.0 662.0 1
460.0 -81.0 1
42.0 341.0 1
376.0 988.0 1
168.0 1405.0 1
378.0 372.0 1
61.0 1385.0 1
79.0 100.0 1
369.0 605.0 1
151.0 1434.0 1
341.0 839.0 1
13.0 552.0 1
374.0 739.0 1
310.0 780.0 1
73.0 220.0 1
-69.0 883.0 1
-71.0 333.0 1
345.0 1458.0 1
436.0 77.0 1
378.0 1369.0 1
-82.0 -254.0 1
443.0 1228.0 1
31.0 961.0 1
53.0 -14.0 1
-35.0 1467.0 1
-62.0 1022.0 1
460.0 1382.0 1
-47.0 549.0 1
221.0 1387.0 1
430.0 1025.0 1
-28.0 445.0 1
460.0 569.0 1
440.0 -132.0 1
329.0 375.0 1
456.0 408.0 1
239.0 -236.0 1
320.0 715.0 1
464.0 812.0 1
447.0 515.0 1
87.0 -125.0 1
122.0 782.0 1
335.0 -48.0 1
260.0 1049.0 1
455.0 272.0 1
157.0 1329.0 1
69.0 1093.0 1
374.0 -212.0 1
-9.0 922.0 1
214.0 1468.0 1
359.0 29.0 1
4.0 769.0 1
0.0 1255.0 1
-29.0 271.0 1
-2.0 30.0 1
433.0 -184.0 1
114.0 -202.0 1
59.0 1065.0 1
318.0 969.0 1
436.0 166.0 1
151.0 141.0 1
257.0 465.0 1
434.0 419.0 1
438.0 1454.0 1
338.0 649.0 1
459.0 -42.0 1
463.0 339.0 1
350.0 1050.0 1
262.0 491.0 1
477.0 763.0 1
-29.0 86.0 1
-5.0 498.0 1
282.0 1010.0 1
338.0 443.0 1
-84.0 1369.0 1
190.0 752.0 1
337.0 291.0 1
-32.0 596.0 1
389.0 -165.0 1
-66.0 246.0 1
