168.0 789.0 0
354.0 136.0 0
55.0 228.0 0
150.0 1342.0 0
121.0 948.0 0
211.0 881.0 0
255.0 738.0 0
213.0 1298.0 0
55.0 768.0 0
257.0 1215.0 0
-5.0 -137.0 1
103.0 1431.0 1
146.0 1462.0 1
95.0 17.0 1
-76.0 1370.0 1
18.0 571.0 1
81.0 1345.0 1
429.0 742.0 1
-6.0 522.0 1
111.0 1448.0 1
81.0 195.0 1
-52.0 -108.0 1
-74.0 511.0 1
69.0 714.0 1
313.0 947.0 1
17.0 1196.0 1
56.0 812.0 1
-39.0 225.0 1
80.0 417.0 1
326.0 274.0 1
263.0 466.0 1
-52.0 507.0 1
401.0 166.0 1
-4.0 835.0 1
-70.0 1324.0 1
184.0 495.0 1
238.0 147.0 1
12.0 182.0 1
205.0 1315.0 1
-66.0 1344.0 1
19.0 140.0 1
378.0 -39.0 1
426.0 486.0 1
2.0 -219.0 1
363.0 862.0 1
315.0 897.0 1
447.0 890.0 1
441.0 1444.0 1
378.0 284.0 1
334.0 820.0 1
-9.0 77.0 1
38.0 1343.0 1
-14.0 945.0 1
86.0 -230.0 1
9.0 1229.0 1
-46.0 415.0 1
423.0 1374.0 1
-53.0 1405.0 1
58.0 865.0 1
391.0 1433.0 1
