59.0 -67.0 0
204.0 89.0 0
141.0 473.0 0
199.0 38.0 0
58.0 566.0 0
332.0 485.0 0
152.0 -97.0 0
133.0 471.0 0
258.0 1.0 0
69.0 879.0 0
354.0 136.0 0
323.0 1296.0 0
114.0 1011.0 0
339.0 246.0 0
189.0 224.0 0
55.0 228.0 0
84.0 -1.0 0
59.0 249.0 0
201.0 510.0 0
79.0 566.0 0
270.0 588.0 0
107.0 671.0 0
121.0 948.0 0
345.0 663.0 0
179.0 1308.0 0
53.0 1176.0 0
335.0 695.0 0
315.0 451.0 0
113.0 870.0 0
82.0 749.0 0
211.0 881.0 0
255.0 738.0 0
213.0 1298.0 0
238.0 1169.0 0
290.0 1202.0 0
144.0 1349.0 0
223.0 1331.0 0
266.0 1177.0 0
121.0 -38.0 0
316.0 727.0 0
116.0 421.0 0
215.0 149.0 0
96.0 -108.0 0
304.0 -153.0 0
360.0 156.0 0
341.0 1039.0 0
327.0 1102.0 1
326.0 512.0 1
254.0 1341.0 1
321.0 381.0 1
103.0 1431.0 1
-60.0 199.0 1
-55.0 1308.0 1
54.0 927.0 1
141.0 1363.0 1
461.0 990.0 1
255.0 1383.0 1
311.0 -20.0 1
410.0 359.0 1
335.0 529.0 1
264.0 156.0 1
146.0 1462.0 1
396.0 226.0 1
95.0 17.0 1
-72.0 450.0 1
42.0 1245.0 1
-76.0 1370.0 1
5.0 792.0 1
18.0 571.0 1
-3.0 1049.0 1
467.0 1064.0 1
84.0 1483.0 1
423.0 51.0 1
-7.0 1311.0 1
337.0 23.0 1
458.0 -242.0 1
113.0 -143.0 1
0.0 256.0 1
-64.0 -230.0 1
2.0 -37.0 1
77.0 -128.0 1
456.0 713.0 1
-30.0 561.0 1
126.0 1339.0 1
345.0 -83.0 1
9.0 486.0 1
479.0 1383.0 1
-27.0 367.0 1
-47.0 1126.0 1
262.0 788.0 1
344.0 1461.0 1
169.0 -144.0 1
463.0 1265.0 1
448.0 1331.0 1
-6.0 522.0 1
375.0 -243.0 1
480.0 1442.0 1
329.0 1228.0 1
21.0 757.0 1
381.0 1185.0 1
111.0 1448.0 1
440.0 315.0 1
28.0 508.0 1
-13.0 -100.0 1
-6.0 807.0 1
298.0 130.0 1
369.0 819.0 1
156.0 1011.0 1
201.0 1057.0 1
309.0 1142.0 1
244.0 1342.0 1
305.0 450.0 1
296.0 791.0 1
418.0 207.0 1
364.0 207.0 1
459.0 -281.0 1
482.0 717.0 1
376.0 1007.0 1
61.0 790.0 1
313.0 947.0 1
-37.0 -121.0 1
198.0 1017.0 1
464.0 1083.0 1
73.0 895.0 1
115.0 426.0 1
391.0 1411.0 1
443.0 656.0 1
412.0 634.0 1
7.0 269.0 1
-83.0 687.0 1
155.0 487.0 1
475.0 1278.0 1
424.0 590.0 1
424.0 1319.0 1
-39.0 660.0 1
-7.0 1231.0 1
100.0 1337.0 1
122.0 752.0 1
-63.0 391.0 1
461.0 1401.0 1
56.0 812.0 1
-22.0 452.0 1
467.0 41.0 1
453.0 1365.0 1
-39.0 225.0 1
38.0 991.0 1
52.0 843.0 1
5.0 169.0 1
2.0 1345.0 1
80.0 417.0 1
45.0 167.0 1
-81.0 142.0 1
120.0 -166.0 1
140.0 1327.0 1
102.0 464.0 1
355.0 1457.0 1
-51.0 929.0 1
200.0 1391.0 1
77.0 1327.0 1
-52.0 507.0 1
401.0 166.0 1
12.0 -146.0 1
408.0 523.0 1
21.0 1151.0 1
-4.0 835.0 1
6.0 425.0 1
-52.0 743.0 1
460.0 -273.0 1
331.0 888.0 1
351.0 1017.0 1
-51.0 1099.0 1
184.0 495.0 1
57.0 1394.0 1
1.0 677.0 1
215.0 736.0 1
60.0 20.0 1
49.0 844.0 1
-37.0 1396.0 1
349.0 -3.0 1
205.0 1315.0 1
13.0 757.0 1
69.0 258.0 1
-10.0 422.0 1
46.0 1461.0 1
391.0 370.0 1
39.0 318.0 1
376.0 716.0 1
149.0 1394.0 1
388.0 220.0 1
284.0 -227.0 1
443.0 622.0 1
-13.0 637.0 1
-4.0 1319.0 1
336.0 398.0 1
90.0 891.0 1
17.0 336.0 1
390.0 203.0 1
-51.0 -93.0 1
178.0 -102.0 1
246.0 116.0 1
283.0 179.0 1
34.0 -5.0 1
124.0 -166.0 1
373.0 -230.0 1
401.0 171.0 1
403.0 -12.0 1
-8.0 433.0 1
361.0 -130.0 1
350.0 1006.0 1
150.0 -111.0 1
303.0 816.0 1
420.0 1249.0 1
20.0 9.0 1
378.0 -39.0 1
238.0 137.0 1
258.0 1448.0 1
209.0 -174.0 1
269.0 1463.0 1
32.0 1031.0 1
346.0 1256.0 1
461.0 549.0 1
2.0 -219.0 1
-47.0 338.0 1
-80.0 -194.0 1
-32.0 147.0 1
-43.0 -157.0 1
406.0 1420.0 1
361.0 -29.0 1
455.0 801.0 1
315.0 897.0 1
41.0 719.0 1
447.0 890.0 1
419.0 -183.0 1
342.0 1045.0 1
378.0 284.0 1
25.0 499.0 1
2.0 754.0 1
25.0 87.0 1
412.0 -91.0 1
93.0 722.0 1
181.0 -110.0 1
34.0 1033.0 1
388.0 1357.0 1
323.0 112.0 1
364.0 1143.0 1
0.0 545.0 1
377.0 615.0 1
-9.0 77.0 1
38.0 1343.0 1
444.0 47.0 1
7.0 -8.0 1
97.0 1152.0 1
442.0 670.0 1
3.0 574.0 1
339.0 1253.0 1
358.0 -188.0 1
96.0 94.0 1
-40.0 212.0 1
467.0 -202.0 1
210.0 1423.0 1
9.0 1229.0 1
78.0 1430.0 1
233.0 -253.0 1
-24.0 -213.0 1
65.0 -226.0 1
6.0 836.0 1
58.0 328.0 1
302.0 1046.0 1
156.0 702.0 1
246.0 1395.0 1
77.0 210.0 1
236.0 402.0 1
370.0 1411.0 1
93.0 29.0 1
378.0 178.0 1
415.0 1216.0 1
221.0 1052.0 1
452.0 -160.0 1
-64.0 614.0 1
432.0 103.0 1
119.0 1031.0 1
58.0 865.0 1
425.0 1346.0 1
401.0 165.0 1
434.0 829.0 1
-47.0 -107.0 1
279.0 1457.0 1
441.0 1183.0 1
183.0 1470.0 1
144.0 102.0 1
-36.0 261.0 1
311.0 -76.0 1
197.0 440.0 1
123.0 -150.0 1
-7.0 487.0 1
-35.0 -267.0 1
19.0 1392.0 1
447.0 118.0 1
455.0 947.0 1
62.0 253.0 1
