224.0 427.0 0
274.0 931.0 0
201.0 510.0 0
65.0 196.0 0
199.0 38.0 0
257.0 1215.0 0
354.0 136.0 0
82.0 749.0 0
179.0 1308.0 0
341.0 1039.0 0
454.0 1351.0 1
378.0 -39.0 1
434.0 829.0 1
463.0 1265.0 1
56.0 575.0 1
450.0 403.0 1
456.0 713.0 1
137.0 791.0 1
73.0 1301.0 1
376.0 1007.0 1
315.0 897.0 1
-64.0 614.0 1
60.0 1162.0 1
7.0 -8.0 1
284.0 -227.0 1
46.0 1461.0 1
183.0 1322.0 1
257.0 479.0 1
-51.0 929.0 1
25.0 87.0 1
461.0 1401.0 1
311.0 1085.0 1
-19.0 349.0 1
200.0 1391.0 1
52.0 843.0 1
460.0 -273.0 1
9.0 486.0 1
269.0 1463.0 1
378.0 178.0 1
-42.0 -60.0 1
-7.0 1231.0 1
-66.0 1344.0 1
-4.0 1056.0 1
-53.0 1405.0 1
-24.0 -213.0 1
316.0 645.0 1
428.0 6.0 1
317.0 366.0 1
-39.0 225.0 1
430.0 949.0 1
241.0 -109.0 1
410.0 -134.0 1
-84.0 720.0 1
424.0 590.0 1
-46.0 415.0 1
417.0 105.0 1
91.0 -163.0 1
201.0 1057.0 1
253.0 726.0 1
92.0 194.0 1
