223.0 763.0 0
290.0 -57.0 0
69.0 1074.0 0
333.0 1300.0 0
168.0 789.0 0
76.0 1221.0 0
55.0 402.0 0
358.0 91.0 0
290.0 1011.0 0
224.0 427.0 0
86.0 1171.0 0
297.0 426.0 0
308.0 773.0 0
288.0 1016.0 0
227.0 342.0 0
358.0 1233.0 0
265.0 1057.0 0
191.0 423.0 0
150.0 1342.0 0
65.0 196.0 0
76.0 361.0 0
199.0 1033.0 0
235.0 147.0 0
166.0 756.0 0
321.0 472.0 0
344.0 1222.0 0
177.0 825.0 0
309.0 1207.0 0
344.0 140.0 0
274.0 931.0 0
328.0 960.0 0
55.0 768.0 0
295.0 714.0 0
87.0 310.0 0
83.0 564.0 0
87.0 182.0 0
95.0 -46.0 0
353.0 -14.0 0
213.0 1253.0 0
179.0 494.0 0
257.0 1215.0 0
138.0 463.0 0
187.0 34.0 0
201.0 733.0 0
116.0 -95.0 0
119.0 211.0 0
135.0 398.0 0
88.0 -36.0 0
150.0 603.0 0
331.0 221.0 0
114.0 805.0 0
178.0 934.0 0
202.0 1159.0 0
276.0 741.0 0
231.0 1323.0 1
268.0 446.0 1
412.0 1018.0 1
326.0 307.0 1
32.0 1005.0 1
-5.0 -137.0 1
-69.0 1043.0 1
362.0 611.0 1
-19.0 1388.0 1
3.0 285.0 1
458.0 536.0 1
418.0 605.0 1
336.0 1116.0 1
471.0 822.0 1
185.0 -166.0 1
365.0 -188.0 1
35.0 -114.0 1
-66.0 712.0 1
76.0 905.0 1
-84.0 720.0 1
19.0 1187.0 1
72.0 1421.0 1
312.0 1012.0 1
185.0 1085.0 1
81.0 1345.0 1
475.0 1234.0 1
418.0 454.0 1
43.0 207.0 1
291.0 -189.0 1
11.0 -265.0 1
429.0 742.0 1
387.0 901.0 1
-17.0 710.0 1
199.0 1468.0 1
428.0 6.0 1
62.0 1333.0 1
81.0 195.0 1
358.0 583.0 1
-9.0 639.0 1
435.0 227.0 1
316.0 56.0 1
395.0 1287.0 1
-52.0 -108.0 1
23.0 972.0 1
-68.0 1352.0 1
-74.0 511.0 1
350.0 1320.0 1
188.0 1348.0 1
341.0 852.0 1
231.0 -163.0 1
-19.0 349.0 1
69.0 714.0 1
10.0 974.0 1
447.0 506.0 1
162.0 1385.0 1
316.0 1410.0 1
-12.0 370.0 1
316.0 645.0 1
478.0 1087.0 1
393.0 743.0 1
385.0 -93.0 1
462.0 1335.0 1
31.0 974.0 1
167.0 133.0 1
467.0 -226.0 1
-42.0 -60.0 1
315.0 866.0 1
30.0 1421.0 1
17.0 1196.0 1
-13.0 511.0 1
296.0 411.0 1
463.0 -206.0 1
479.0 -206.0 1
378.0 6.0 1
23.0 541.0 1
9.0 -23.0 1
437.0 1366.0 1
311.0 -13.0 1
149.0 426.0 1
-76.0 1185.0 1
392.0 1436.0 1
260.0 -144.0 1
400.0 48.0 1
-39.0 639.0 1
92.0 1248.0 1
-13.0 778.0 1
63.0 652.0 1
396.0 784.0 1
-63.0 774.0 1
54.0 1159.0 1
254.0 -247.0 1
-17.0 -205.0 1
28.0 1366.0 1
-42.0 -29.0 1
450.0 -27.0 1
16.0 1002.0 1
279.0 1347.0 1
-48.0 923.0 1
402.0 614.0 1
430.0 949.0 1
-36.0 -53.0 1
326.0 274.0 1
263.0 466.0 1
-68.0 1298.0 1
78.0 -2.0 1
410.0 -216.0 1
121.0 1030.0 1
441.0 896.0 1
-70.0 1324.0 1
394.0 616.0 1
348.0 604.0 1
-14.0 1237.0 1
353.0 30.0 1
238.0 147.0 1
-5.0 1231.0 1
184.0 -249.0 1
317.0 366.0 1
438.0 1266.0 1
12.0 182.0 1
-31.0 352.0 1
54.0 797.0 1
-4.0 1168.0 1
426.0 596.0 1
439.0 713.0 1
91.0 -163.0 1
254.0 418.0 1
94.0 572.0 1
85.0 549.0 1
49.0 253.0 1
457.0 -275.0 1
19.0 -122.0 1
467.0 1434.0 1
-66.0 1344.0 1
-4.0 1345.0 1
334.0 837.0 1
6.0 356.0 1
128.0 1400.0 1
137.0 791.0 1
441.0 1001.0 1
56.0 575.0 1
241.0 -109.0 1
164.0 712.0 1
61.0 750.0 1
454.0 1351.0 1
119.0 1046.0 1
78.0 308.0 1
93.0 -49.0 1
-66.0 1090.0 1
19.0 140.0 1
353.0 1422.0 1
-9.0 1271.0 1
379.0 1259.0 1
426.0 486.0 1
417.0 105.0 1
29.0 -223.0 1
363.0 862.0 1
45.0 615.0 1
73.0 1301.0 1
384.0 998.0 1
350.0 697.0 1
441.0 1444.0 1
-49.0 553.0 1
20.0 736.0 1
452.0 216.0 1
420.0 888.0 1
446.0 668.0 1
452.0 691.0 1
315.0 999.0 1
418.0 1342.0 1
130.0 742.0 1
271.0 -129.0 1
334.0 820.0 1
458.0 1074.0 1
-4.0 1056.0 1
-66.0 851.0 1
185.0 1336.0 1
60.0 1162.0 1
474.0 -282.0 1
423.0 948.0 1
371.0 1103.0 1
-14.0 945.0 1
257.0 479.0 1
450.0 403.0 1
245.0 -236.0 1
420.0 700.0 1
349.0 351.0 1
86.0 -230.0 1
469.0 956.0 1
58.0 1270.0 1
265.0 1410.0 1
-46.0 415.0 1
266.0 1044.0 1
67.0 1408.0 1
42.0 159.0 1
92.0 194.0 1
248.0 725.0 1
24.0 849.0 1
421.0 343.0 1
84.0 779.0 1
1.0 -219.0 1
93.0 807.0 1
-21.0 1222.0 1
317.0 1300.0 1
207.0 1355.0 1
260.0 187.0 1
305.0 77.0 1
169.0 -199.0 1
472.0 1103.0 1
311.0 1085.0 1
336.0 930.0 1
434.0 198.0 1
423.0 1374.0 1
-53.0 1405.0 1
410.0 -134.0 1
-10.0 120.0 1
-32.0 719.0 1
355.0 765.0 1
482.0 849.0 1
234.0 1356.0 1
324.0 916.0 1
384.0 375.0 1
176.0 1359.0 1
391.0 1433.0 1
-75.0 623.0 1
-58.0 48.0 1
120.0 -268.0 1
331.0 10.0 1
327.0 434.0 1
-71.0 1024.0 1
183.0 1322.0 1
452.0 1182.0 1
253.0 1460.0 1
32.0 591.0 1
389.0 1013.0 1
15.0 1023.0 1
28.0 523.0 1
466.0 621.0 1
350.0 51.0 1
456.0 1349.0 1
-28.0 580.0 1
102.0 782.0 1
-8.0 -80.0 1
478.0 1472.0 1
61.0 1115.0 1
253.0 726.0 1
125.0 1479.0 1
