191.0 423.0 0
178.0 934.0 0
179.0 494.0 0
87.0 182.0 0
187.0 34.0 0
265.0 1057.0 0
290.0 1202.0 0
344.0 140.0 0
213.0 1298.0 0
76.0 361.0 0
55.0 768.0 0
331.0 221.0 0
69.0 1074.0 0
150.0 603.0 0
152.0 -97.0 0
121.0 -38.0 0
276.0 741.0 0
79.0 566.0 0
113.0 870.0 0
144.0 1349.0 0
456.0 1349.0 1
361.0 -29.0 1
471.0 822.0 1
438.0 1266.0 1
94.0 572.0 1
336.0 398.0 1
439.0 713.0 1
102.0 782.0 1
77.0 1327.0 1
350.0 1006.0 1
331.0 888.0 1
-75.0 623.0 1
54.0 1159.0 1
34.0 -5.0 1
245.0 -236.0 1
146.0 1462.0 1
341.0 852.0 1
205.0 1315.0 1
263.0 466.0 1
-48.0 923.0 1
-9.0 77.0 1
-6.0 807.0 1
479.0 1383.0 1
233.0 -253.0 1
327.0 1102.0 1
-31.0 352.0 1
-47.0 1126.0 1
162.0 1385.0 1
-9.0 639.0 1
49.0 844.0 1
457.0 -275.0 1
-7.0 487.0 1
253.0 1460.0 1
401.0 171.0 1
-52.0 507.0 1
-36.0 -53.0 1
-5.0 1231.0 1
-63.0 391.0 1
410.0 -216.0 1
-68.0 1352.0 1
-37.0 1396.0 1
95.0 17.0 1
-17.0 -205.0 1
412.0 634.0 1
35.0 -114.0 1
19.0 1187.0 1
296.0 791.0 1
378.0 6.0 1
442.0 670.0 1
321.0 381.0 1
392.0 1436.0 1
-40.0 212.0 1
423.0 948.0 1
181.0 -110.0 1
361.0 -130.0 1
185.0 -166.0 1
-66.0 712.0 1
426.0 596.0 1
207.0 1355.0 1
-32.0 147.0 1
434.0 198.0 1
149.0 426.0 1
480.0 1442.0 1
100.0 1337.0 1
479.0 -206.0 1
11.0 -265.0 1
32.0 1031.0 1
326.0 274.0 1
418.0 454.0 1
-68.0 1298.0 1
-47.0 -107.0 1
260.0 187.0 1
21.0 757.0 1
432.0 103.0 1
6.0 425.0 1
302.0 1046.0 1
119.0 1031.0 1
408.0 523.0 1
429.0 742.0 1
246.0 116.0 1
0.0 545.0 1
123.0 -150.0 1
265.0 1410.0 1
-52.0 743.0 1
57.0 1394.0 1
448.0 1331.0 1
364.0 1143.0 1
464.0 1083.0 1
77.0 210.0 1
337.0 23.0 1
62.0 253.0 1
90.0 891.0 1
435.0 227.0 1
311.0 -76.0 1
41.0 719.0 1
339.0 1253.0 1
437.0 1366.0 1
461.0 990.0 1
447.0 890.0 1
-69.0 1043.0 1
