141.0 473.0 0
133.0 471.0 0
333.0 1300.0 0
69.0 879.0 0
76.0 1221.0 0
354.0 136.0 0
114.0 1011.0 0
55.0 228.0 0
288.0 1016.0 0
358.0 1233.0 0
265.0 1057.0 0
191.0 423.0 0
76.0 361.0 0
166.0 756.0 0
345.0 663.0 0
179.0 1308.0 0
53.0 1176.0 0
82.0 749.0 0
255.0 738.0 0
87.0 182.0 0
326.0 307.0 1
-5.0 -137.0 1
461.0 990.0 1
311.0 -20.0 1
95.0 17.0 1
458.0 536.0 1
336.0 1116.0 1
18.0 571.0 1
-3.0 1049.0 1
-7.0 1311.0 1
43.0 207.0 1
-30.0 561.0 1
126.0 1339.0 1
169.0 -144.0 1
463.0 1265.0 1
429.0 742.0 1
387.0 901.0 1
21.0 757.0 1
358.0 583.0 1
-9.0 639.0 1
316.0 56.0 1
369.0 819.0 1
23.0 972.0 1
-68.0 1352.0 1
201.0 1057.0 1
-74.0 511.0 1
231.0 -163.0 1
-19.0 349.0 1
447.0 506.0 1
316.0 1410.0 1
385.0 -93.0 1
-42.0 -60.0 1
73.0 895.0 1
315.0 866.0 1
391.0 1411.0 1
479.0 -206.0 1
378.0 6.0 1
437.0 1366.0 1
-76.0 1185.0 1
-63.0 391.0 1
260.0 -144.0 1
-39.0 639.0 1
-22.0 452.0 1
63.0 652.0 1
-39.0 225.0 1
52.0 843.0 1
45.0 167.0 1
-63.0 774.0 1
254.0 -247.0 1
-42.0 -29.0 1
450.0 -27.0 1
279.0 1347.0 1
102.0 464.0 1
12.0 -146.0 1
-70.0 1324.0 1
-51.0 1099.0 1
238.0 147.0 1
215.0 736.0 1
60.0 20.0 1
12.0 182.0 1
-37.0 1396.0 1
13.0 757.0 1
426.0 596.0 1
376.0 716.0 1
149.0 1394.0 1
94.0 572.0 1
388.0 220.0 1
457.0 -275.0 1
-13.0 637.0 1
336.0 398.0 1
390.0 203.0 1
-51.0 -93.0 1
401.0 171.0 1
441.0 1001.0 1
403.0 -12.0 1
164.0 712.0 1
119.0 1046.0 1
93.0 -49.0 1
303.0 816.0 1
19.0 140.0 1
420.0 1249.0 1
-9.0 1271.0 1
209.0 -174.0 1
379.0 1259.0 1
2.0 -219.0 1
-43.0 -157.0 1
29.0 -223.0 1
441.0 1444.0 1
2.0 754.0 1
446.0 668.0 1
452.0 691.0 1
181.0 -110.0 1
34.0 1033.0 1
323.0 112.0 1
-4.0 1056.0 1
60.0 1162.0 1
423.0 948.0 1
371.0 1103.0 1
257.0 479.0 1
97.0 1152.0 1
