138.0 463.0 0
288.0 1016.0 0
58.0 566.0 0
215.0 149.0 0
353.0 -14.0 0
238.0 1169.0 0
59.0 -67.0 0
255.0 738.0 0
323.0 1296.0 0
295.0 714.0 0
418.0 1342.0 1
349.0 -3.0 1
334.0 820.0 1
395.0 1287.0 1
85.0 549.0 1
418.0 454.0 1
429.0 742.0 1
122.0 752.0 1
100.0 1337.0 1
312.0 1012.0 1
441.0 896.0 1
-49.0 553.0 1
61.0 1115.0 1
-42.0 -29.0 1
375.0 -243.0 1
30.0 1421.0 1
176.0 1359.0 1
326.0 512.0 1
23.0 972.0 1
-58.0 48.0 1
480.0 1442.0 1
342.0 1045.0 1
17.0 336.0 1
210.0 1423.0 1
-6.0 807.0 1
479.0 -206.0 1
-52.0 507.0 1
355.0 1457.0 1
364.0 207.0 1
93.0 -49.0 1
-9.0 1271.0 1
38.0 1343.0 1
119.0 1046.0 1
317.0 1300.0 1
-80.0 -194.0 1
394.0 616.0 1
353.0 30.0 1
378.0 284.0 1
77.0 210.0 1
198.0 1017.0 1
311.0 -76.0 1
113.0 -143.0 1
20.0 736.0 1
458.0 536.0 1
0.0 545.0 1
246.0 116.0 1
120.0 -268.0 1
364.0 1143.0 1
355.0 765.0 1
396.0 226.0 1
