290.0 -57.0 0
199.0 38.0 0
55.0 402.0 0
86.0 1171.0 0
227.0 342.0 0
84.0 -1.0 0
76.0 361.0 0
235.0 147.0 0
166.0 756.0 0
88.0 -36.0 0
327.0 1102.0 1
254.0 1341.0 1
-60.0 199.0 1
255.0 1383.0 1
396.0 226.0 1
5.0 792.0 1
0.0 256.0 1
-64.0 -230.0 1
-27.0 367.0 1
62.0 1333.0 1
395.0 1287.0 1
188.0 1348.0 1
305.0 450.0 1
316.0 645.0 1
61.0 790.0 1
167.0 133.0 1
-37.0 -121.0 1
315.0 866.0 1
-13.0 511.0 1
463.0 -206.0 1
155.0 487.0 1
-7.0 1231.0 1
260.0 -144.0 1
400.0 48.0 1
63.0 652.0 1
2.0 1345.0 1
28.0 1366.0 1
355.0 1457.0 1
77.0 1327.0 1
317.0 366.0 1
-10.0 422.0 1
467.0 1434.0 1
403.0 -12.0 1
258.0 1448.0 1
-43.0 -157.0 1
-49.0 553.0 1
2.0 754.0 1
458.0 1074.0 1
450.0 403.0 1
358.0 -188.0 1
467.0 -202.0 1
156.0 702.0 1
77.0 210.0 1
355.0 765.0 1
482.0 849.0 1
432.0 103.0 1
-47.0 -107.0 1
327.0 434.0 1
15.0 1023.0 1
61.0 1115.0 1
