204.0 89.0 0
133.0 471.0 0
297.0 426.0 0
358.0 1233.0 0
335.0 695.0 0
113.0 870.0 0
82.0 749.0 0
274.0 931.0 0
290.0 1202.0 0
96.0 -108.0 0
268.0 446.0 1
326.0 512.0 1
412.0 1018.0 1
32.0 1005.0 1
42.0 1245.0 1
185.0 -166.0 1
35.0 -114.0 1
185.0 1085.0 1
291.0 -189.0 1
11.0 -265.0 1
440.0 315.0 1
350.0 1320.0 1
10.0 974.0 1
391.0 1411.0 1
23.0 541.0 1
475.0 1278.0 1
-13.0 778.0 1
52.0 843.0 1
254.0 -247.0 1
-48.0 923.0 1
430.0 949.0 1
441.0 896.0 1
39.0 318.0 1
254.0 418.0 1
284.0 -227.0 1
49.0 253.0 1
457.0 -275.0 1
90.0 891.0 1
137.0 791.0 1
373.0 -230.0 1
441.0 1001.0 1
164.0 712.0 1
353.0 1422.0 1
73.0 1301.0 1
419.0 -183.0 1
181.0 -110.0 1
377.0 615.0 1
60.0 1162.0 1
-40.0 212.0 1
265.0 1410.0 1
421.0 343.0 1
246.0 1395.0 1
93.0 807.0 1
260.0 187.0 1
378.0 178.0 1
-32.0 719.0 1
384.0 375.0 1
176.0 1359.0 1
466.0 621.0 1
62.0 253.0 1
