332.0 485.0 0
358.0 91.0 0
191.0 423.0 0
107.0 671.0 0
309.0 1207.0 0
295.0 714.0 0
266.0 1177.0 0
179.0 494.0 0
150.0 603.0 0
276.0 741.0 0
231.0 1323.0 1
321.0 381.0 1
-72.0 450.0 1
456.0 713.0 1
-17.0 710.0 1
459.0 -281.0 1
30.0 1421.0 1
424.0 590.0 1
-63.0 391.0 1
467.0 41.0 1
-63.0 774.0 1
-17.0 -205.0 1
102.0 464.0 1
78.0 -2.0 1
348.0 604.0 1
353.0 30.0 1
49.0 844.0 1
349.0 -3.0 1
-31.0 352.0 1
54.0 797.0 1
13.0 757.0 1
69.0 258.0 1
376.0 716.0 1
443.0 622.0 1
350.0 1006.0 1
269.0 1463.0 1
417.0 105.0 1
29.0 -223.0 1
361.0 -29.0 1
45.0 615.0 1
342.0 1045.0 1
20.0 736.0 1
452.0 691.0 1
34.0 1033.0 1
418.0 1342.0 1
0.0 545.0 1
442.0 670.0 1
210.0 1423.0 1
58.0 1270.0 1
1.0 -219.0 1
-21.0 1222.0 1
236.0 402.0 1
221.0 1052.0 1
434.0 198.0 1
-64.0 614.0 1
434.0 829.0 1
389.0 1013.0 1
-8.0 -80.0 1
253.0 726.0 1
125.0 1479.0 1
