321.0 472.0 0
199.0 1033.0 0
227.0 342.0 0
87.0 310.0 0
95.0 -46.0 0
202.0 1159.0 0
76.0 361.0 0
107.0 671.0 0
69.0 1074.0 0
96.0 -108.0 0
423.0 1374.0 1
385.0 -93.0 1
363.0 862.0 1
415.0 1216.0 1
23.0 541.0 1
236.0 402.0 1
393.0 743.0 1
56.0 812.0 1
-55.0 1308.0 1
461.0 990.0 1
313.0 947.0 1
1.0 677.0 1
-47.0 1126.0 1
-36.0 -53.0 1
467.0 -226.0 1
183.0 1470.0 1
254.0 1341.0 1
426.0 486.0 1
-66.0 851.0 1
93.0 29.0 1
353.0 1422.0 1
478.0 1087.0 1
-63.0 391.0 1
141.0 1363.0 1
61.0 750.0 1
452.0 -160.0 1
-74.0 511.0 1
478.0 1472.0 1
388.0 220.0 1
19.0 -122.0 1
329.0 1228.0 1
-37.0 1396.0 1
-51.0 1099.0 1
309.0 1142.0 1
-35.0 -267.0 1
443.0 622.0 1
316.0 56.0 1
80.0 417.0 1
12.0 182.0 1
38.0 991.0 1
361.0 -130.0 1
124.0 -166.0 1
-63.0 774.0 1
447.0 506.0 1
69.0 258.0 1
264.0 156.0 1
45.0 167.0 1
296.0 791.0 1
13.0 757.0 1
2.0 754.0 1
