191.0 423.0 0
178.0 934.0 0
179.0 494.0 0
87.0 182.0 0
187.0 34.0 0
290.0 1202.0 0
344.0 140.0 0
55.0 768.0 0
213.0 1298.0 0
265.0 1057.0 0
456.0 1349.0 1
361.0 -29.0 1
471.0 822.0 1
438.0 1266.0 1
94.0 572.0 1
336.0 398.0 1
439.0 713.0 1
102.0 782.0 1
77.0 1327.0 1
350.0 1006.0 1
331.0 888.0 1
-75.0 623.0 1
54.0 1159.0 1
34.0 -5.0 1
245.0 -236.0 1
146.0 1462.0 1
205.0 1315.0 1
263.0 466.0 1
-48.0 923.0 1
-9.0 77.0 1
479.0 1383.0 1
327.0 1102.0 1
-31.0 352.0 1
162.0 1385.0 1
49.0 844.0 1
457.0 -275.0 1
-7.0 487.0 1
253.0 1460.0 1
401.0 171.0 1
-8.0 -80.0 1
-5.0 1231.0 1
-68.0 1352.0 1
-3.0 1049.0 1
19.0 1392.0 1
-17.0 -205.0 1
412.0 634.0 1
331.0 10.0 1
349.0 351.0 1
-40.0 212.0 1
423.0 948.0 1
181.0 -110.0 1
412.0 -91.0 1
-66.0 712.0 1
426.0 596.0 1
-10.0 422.0 1
432.0 103.0 1
120.0 -166.0 1
221.0 1052.0 1
248.0 725.0 1
81.0 195.0 1
