315.0 451.0 0
211.0 881.0 0
79.0 566.0 0
59.0 249.0 0
84.0 -1.0 0
266.0 1177.0 0
290.0 -57.0 0
223.0 763.0 0
144.0 1349.0 0
308.0 773.0 0
462.0 1335.0 1
311.0 -20.0 1
482.0 849.0 1
379.0 1259.0 1
32.0 591.0 1
410.0 359.0 1
420.0 700.0 1
93.0 807.0 1
-7.0 1311.0 1
351.0 1017.0 1
315.0 866.0 1
-9.0 639.0 1
-4.0 1168.0 1
78.0 -2.0 1
291.0 -189.0 1
78.0 1430.0 1
188.0 1348.0 1
155.0 487.0 1
10.0 974.0 1
144.0 102.0 1
406.0 1420.0 1
185.0 1085.0 1
-27.0 367.0 1
255.0 1383.0 1
58.0 865.0 1
458.0 -242.0 1
-13.0 511.0 1
344.0 1461.0 1
390.0 203.0 1
-13.0 -100.0 1
-21.0 1222.0 1
2.0 1345.0 1
32.0 1031.0 1
279.0 1347.0 1
29.0 -223.0 1
348.0 604.0 1
337.0 23.0 1
440.0 315.0 1
0.0 256.0 1
467.0 1064.0 1
150.0 -111.0 1
185.0 -166.0 1
-52.0 743.0 1
466.0 621.0 1
-72.0 450.0 1
298.0 130.0 1
-5.0 -137.0 1
32.0 1005.0 1
156.0 702.0 1
62.0 253.0 1
