116.0 421.0 0
121.0 948.0 0
83.0 564.0 0
55.0 228.0 0
258.0 1.0 0
344.0 1222.0 0
339.0 246.0 0
201.0 733.0 0
150.0 1342.0 0
177.0 825.0 0
425.0 1346.0 1
450.0 -27.0 1
455.0 801.0 1
420.0 1249.0 1
3.0 574.0 1
391.0 370.0 1
452.0 691.0 1
84.0 779.0 1
58.0 1270.0 1
384.0 998.0 1
387.0 901.0 1
-13.0 637.0 1
21.0 1151.0 1
20.0 9.0 1
373.0 -230.0 1
84.0 1483.0 1
231.0 1323.0 1
184.0 495.0 1
54.0 927.0 1
-10.0 120.0 1
467.0 1434.0 1
336.0 1116.0 1
-47.0 338.0 1
149.0 1394.0 1
6.0 836.0 1
474.0 -282.0 1
28.0 508.0 1
258.0 1448.0 1
401.0 165.0 1
-47.0 -107.0 1
-14.0 1237.0 1
-4.0 1345.0 1
34.0 1033.0 1
57.0 1394.0 1
2.0 -219.0 1
377.0 615.0 1
423.0 51.0 1
327.0 434.0 1
-36.0 261.0 1
469.0 956.0 1
271.0 -129.0 1
358.0 -188.0 1
-17.0 710.0 1
358.0 583.0 1
-8.0 433.0 1
323.0 112.0 1
-43.0 -157.0 1
121.0 1030.0 1
164.0 712.0 1
260.0 187.0 1
