116.0 421.0 0
121.0 948.0 0
133.0 471.0 0
55.0 228.0 0
258.0 1.0 0
114.0 1011.0 0
344.0 1222.0 0
358.0 91.0 0
358.0 1233.0 0
135.0 398.0 0
201.0 733.0 0
215.0 149.0 0
202.0 1159.0 0
335.0 695.0 0
59.0 -67.0 0
353.0 -14.0 0
308.0 773.0 0
270.0 588.0 0
177.0 825.0 0
333.0 1300.0 0
425.0 1346.0 1
450.0 -27.0 1
455.0 801.0 1
420.0 1249.0 1
3.0 574.0 1
391.0 370.0 1
452.0 691.0 1
84.0 779.0 1
58.0 1270.0 1
384.0 998.0 1
387.0 901.0 1
45.0 615.0 1
21.0 1151.0 1
20.0 9.0 1
373.0 -230.0 1
84.0 1483.0 1
420.0 888.0 1
231.0 1323.0 1
184.0 495.0 1
54.0 927.0 1
-10.0 120.0 1
54.0 797.0 1
467.0 1434.0 1
86.0 -230.0 1
336.0 1116.0 1
-47.0 338.0 1
-66.0 1090.0 1
149.0 1394.0 1
1.0 677.0 1
6.0 836.0 1
474.0 -282.0 1
28.0 508.0 1
258.0 1448.0 1
401.0 165.0 1
28.0 523.0 1
-8.0 -80.0 1
-14.0 1237.0 1
-10.0 422.0 1
365.0 -188.0 1
-4.0 1345.0 1
19.0 1392.0 1
-58.0 48.0 1
2.0 -219.0 1
377.0 615.0 1
-5.0 -137.0 1
42.0 1245.0 1
396.0 784.0 1
331.0 10.0 1
443.0 622.0 1
296.0 411.0 1
441.0 1444.0 1
-36.0 261.0 1
469.0 956.0 1
271.0 -129.0 1
412.0 -91.0 1
124.0 -166.0 1
-17.0 710.0 1
358.0 583.0 1
254.0 1341.0 1
5.0 169.0 1
452.0 216.0 1
115.0 426.0 1
199.0 1468.0 1
126.0 1339.0 1
419.0 -183.0 1
65.0 -226.0 1
16.0 1002.0 1
440.0 315.0 1
326.0 512.0 1
-76.0 1370.0 1
-43.0 -157.0 1
238.0 147.0 1
13.0 757.0 1
323.0 112.0 1
102.0 464.0 1
312.0 1012.0 1
201.0 1057.0 1
447.0 506.0 1
350.0 697.0 1
305.0 77.0 1
-30.0 561.0 1
169.0 -144.0 1
72.0 1421.0 1
-66.0 851.0 1
188.0 1348.0 1
350.0 1320.0 1
441.0 1183.0 1
458.0 1074.0 1
92.0 194.0 1
400.0 48.0 1
7.0 269.0 1
31.0 974.0 1
39.0 318.0 1
85.0 549.0 1
164.0 712.0 1
317.0 1300.0 1
279.0 1347.0 1
315.0 999.0 1
156.0 1011.0 1
215.0 736.0 1
