223.0 763.0 0
59.0 -67.0 0
199.0 38.0 0
332.0 485.0 0
152.0 -97.0 0
258.0 1.0 0
69.0 879.0 0
168.0 789.0 0
354.0 136.0 0
323.0 1296.0 0
358.0 91.0 0
114.0 1011.0 0
290.0 1011.0 0
189.0 224.0 0
224.0 427.0 0
86.0 1171.0 0
55.0 228.0 0
297.0 426.0 0
265.0 1057.0 0
84.0 -1.0 0
150.0 1342.0 0
79.0 566.0 0
76.0 361.0 0
270.0 588.0 0
107.0 671.0 0
166.0 756.0 0
315.0 451.0 0
177.0 825.0 0
309.0 1207.0 0
113.0 870.0 0
82.0 749.0 0
238.0 1169.0 0
83.0 564.0 0
95.0 -46.0 0
223.0 1331.0 0
353.0 -14.0 0
213.0 1253.0 0
257.0 1215.0 0
138.0 463.0 0
201.0 733.0 0
116.0 -95.0 0
121.0 -38.0 0
116.0 421.0 0
119.0 211.0 0
331.0 221.0 0
114.0 805.0 0
202.0 1159.0 0
276.0 741.0 0
231.0 1323.0 1
326.0 512.0 1
412.0 1018.0 1
-5.0 -137.0 1
-69.0 1043.0 1
321.0 381.0 1
103.0 1431.0 1
362.0 611.0 1
-60.0 199.0 1
54.0 927.0 1
141.0 1363.0 1
461.0 990.0 1
311.0 -20.0 1
410.0 359.0 1
335.0 529.0 1
146.0 1462.0 1
396.0 226.0 1
3.0 285.0 1
95.0 17.0 1
-72.0 450.0 1
42.0 1245.0 1
336.0 1116.0 1
471.0 822.0 1
5.0 792.0 1
35.0 -114.0 1
76.0 905.0 1
-3.0 1049.0 1
19.0 1187.0 1
185.0 1085.0 1
84.0 1483.0 1
81.0 1345.0 1
337.0 23.0 1
475.0 1234.0 1
458.0 -242.0 1
0.0 256.0 1
2.0 -37.0 1
43.0 207.0 1
77.0 -128.0 1
456.0 713.0 1
-30.0 561.0 1
345.0 -83.0 1
479.0 1383.0 1
-27.0 367.0 1
-47.0 1126.0 1
262.0 788.0 1
169.0 -144.0 1
448.0 1331.0 1
375.0 -243.0 1
199.0 1468.0 1
329.0 1228.0 1
381.0 1185.0 1
62.0 1333.0 1
28.0 508.0 1
-13.0 -100.0 1
435.0 227.0 1
395.0 1287.0 1
298.0 130.0 1
369.0 819.0 1
-68.0 1352.0 1
156.0 1011.0 1
201.0 1057.0 1
-74.0 511.0 1
341.0 852.0 1
305.0 450.0 1
10.0 974.0 1
296.0 791.0 1
316.0 1410.0 1
-12.0 370.0 1
316.0 645.0 1
478.0 1087.0 1
418.0 207.0 1
393.0 743.0 1
462.0 1335.0 1
31.0 974.0 1
459.0 -281.0 1
482.0 717.0 1
376.0 1007.0 1
313.0 947.0 1
-37.0 -121.0 1
198.0 1017.0 1
467.0 -226.0 1
-42.0 -60.0 1
464.0 1083.0 1
115.0 426.0 1
17.0 1196.0 1
296.0 411.0 1
391.0 1411.0 1
443.0 656.0 1
412.0 634.0 1
463.0 -206.0 1
479.0 -206.0 1
23.0 541.0 1
475.0 1278.0 1
437.0 1366.0 1
424.0 1319.0 1
100.0 1337.0 1
122.0 752.0 1
392.0 1436.0 1
461.0 1401.0 1
260.0 -144.0 1
-39.0 639.0 1
467.0 41.0 1
63.0 652.0 1
453.0 1365.0 1
-39.0 225.0 1
38.0 991.0 1
5.0 169.0 1
45.0 167.0 1
-81.0 142.0 1
28.0 1366.0 1
120.0 -166.0 1
140.0 1327.0 1
16.0 1002.0 1
-48.0 923.0 1
410.0 -216.0 1
121.0 1030.0 1
401.0 166.0 1
12.0 -146.0 1
408.0 523.0 1
21.0 1151.0 1
441.0 896.0 1
-52.0 743.0 1
331.0 888.0 1
348.0 604.0 1
351.0 1017.0 1
-51.0 1099.0 1
184.0 495.0 1
57.0 1394.0 1
238.0 147.0 1
60.0 20.0 1
184.0 -249.0 1
317.0 366.0 1
-4.0 1168.0 1
439.0 713.0 1
46.0 1461.0 1
376.0 716.0 1
91.0 -163.0 1
254.0 418.0 1
149.0 1394.0 1
284.0 -227.0 1
49.0 253.0 1
443.0 622.0 1
467.0 1434.0 1
390.0 203.0 1
-51.0 -93.0 1
-4.0 1345.0 1
334.0 837.0 1
124.0 -166.0 1
373.0 -230.0 1
441.0 1001.0 1
403.0 -12.0 1
61.0 750.0 1
454.0 1351.0 1
119.0 1046.0 1
150.0 -111.0 1
93.0 -49.0 1
-66.0 1090.0 1
353.0 1422.0 1
20.0 9.0 1
-9.0 1271.0 1
379.0 1259.0 1
269.0 1463.0 1
426.0 486.0 1
32.0 1031.0 1
417.0 105.0 1
461.0 549.0 1
2.0 -219.0 1
-47.0 338.0 1
-32.0 147.0 1
-43.0 -157.0 1
406.0 1420.0 1
29.0 -223.0 1
361.0 -29.0 1
45.0 615.0 1
455.0 801.0 1
315.0 897.0 1
384.0 998.0 1
350.0 697.0 1
419.0 -183.0 1
342.0 1045.0 1
25.0 499.0 1
20.0 736.0 1
452.0 216.0 1
2.0 754.0 1
181.0 -110.0 1
34.0 1033.0 1
418.0 1342.0 1
388.0 1357.0 1
271.0 -129.0 1
334.0 820.0 1
458.0 1074.0 1
323.0 112.0 1
0.0 545.0 1
-9.0 77.0 1
185.0 1336.0 1
371.0 1103.0 1
-14.0 945.0 1
97.0 1152.0 1
3.0 574.0 1
339.0 1253.0 1
358.0 -188.0 1
96.0 94.0 1
210.0 1423.0 1
9.0 1229.0 1
58.0 1270.0 1
-24.0 -213.0 1
65.0 -226.0 1
266.0 1044.0 1
6.0 836.0 1
248.0 725.0 1
24.0 849.0 1
421.0 343.0 1
246.0 1395.0 1
93.0 807.0 1
-21.0 1222.0 1
77.0 210.0 1
236.0 402.0 1
207.0 1355.0 1
472.0 1103.0 1
415.0 1216.0 1
221.0 1052.0 1
434.0 198.0 1
-53.0 1405.0 1
-32.0 719.0 1
432.0 103.0 1
119.0 1031.0 1
58.0 865.0 1
234.0 1356.0 1
324.0 916.0 1
434.0 829.0 1
279.0 1457.0 1
176.0 1359.0 1
-75.0 623.0 1
-58.0 48.0 1
120.0 -268.0 1
331.0 10.0 1
441.0 1183.0 1
-71.0 1024.0 1
253.0 1460.0 1
32.0 591.0 1
15.0 1023.0 1
28.0 523.0 1
466.0 621.0 1
350.0 51.0 1
144.0 102.0 1
-36.0 261.0 1
-28.0 580.0 1
-35.0 -267.0 1
-8.0 -80.0 1
19.0 1392.0 1
447.0 118.0 1
253.0 726.0 1
