315.0 451.0 0
211.0 881.0 0
138.0 463.0 0
59.0 249.0 0
84.0 -1.0 0
290.0 1011.0 0
266.0 1177.0 0
235.0 147.0 0
76.0 1221.0 0
55.0 402.0 0
223.0 763.0 0
321.0 472.0 0
86.0 1171.0 0
295.0 714.0 0
95.0 -46.0 0
304.0 -153.0 0
168.0 789.0 0
332.0 485.0 0
53.0 1176.0 0
323.0 1296.0 0
462.0 1335.0 1
311.0 -20.0 1
482.0 849.0 1
379.0 1259.0 1
32.0 591.0 1
410.0 359.0 1
420.0 700.0 1
93.0 807.0 1
-7.0 1311.0 1
351.0 1017.0 1
315.0 866.0 1
-13.0 637.0 1
-4.0 1168.0 1
78.0 -2.0 1
291.0 -189.0 1
78.0 1430.0 1
334.0 820.0 1
140.0 1327.0 1
155.0 487.0 1
10.0 974.0 1
144.0 102.0 1
56.0 812.0 1
406.0 1420.0 1
169.0 -199.0 1
185.0 1085.0 1
-27.0 367.0 1
-4.0 1056.0 1
255.0 1383.0 1
69.0 714.0 1
58.0 865.0 1
458.0 -242.0 1
-13.0 511.0 1
344.0 1461.0 1
390.0 203.0 1
-49.0 553.0 1
-51.0 -93.0 1
-21.0 1222.0 1
-46.0 415.0 1
358.0 -188.0 1
2.0 1345.0 1
67.0 1408.0 1
2.0 -37.0 1
29.0 -223.0 1
348.0 604.0 1
77.0 -128.0 1
-9.0 1271.0 1
355.0 765.0 1
444.0 47.0 1
466.0 621.0 1
421.0 343.0 1
370.0 1411.0 1
0.0 256.0 1
313.0 947.0 1
150.0 -111.0 1
385.0 -93.0 1
120.0 -166.0 1
-83.0 687.0 1
402.0 614.0 1
176.0 1359.0 1
-81.0 142.0 1
388.0 220.0 1
305.0 450.0 1
183.0 1470.0 1
141.0 1363.0 1
260.0 -144.0 1
-80.0 -194.0 1
32.0 1005.0 1
78.0 308.0 1
426.0 486.0 1
28.0 1366.0 1
12.0 -146.0 1
298.0 130.0 1
2.0 754.0 1
423.0 51.0 1
-22.0 452.0 1
221.0 1052.0 1
-3.0 1049.0 1
461.0 549.0 1
253.0 726.0 1
45.0 167.0 1
-28.0 580.0 1
93.0 -49.0 1
316.0 1410.0 1
-4.0 835.0 1
125.0 1479.0 1
395.0 1287.0 1
452.0 1182.0 1
467.0 1064.0 1
12.0 182.0 1
316.0 56.0 1
3.0 285.0 1
23.0 972.0 1
58.0 328.0 1
394.0 616.0 1
156.0 702.0 1
415.0 1216.0 1
475.0 1234.0 1
198.0 1017.0 1
38.0 991.0 1
248.0 725.0 1
