152.0 -97.0 0
323.0 1296.0 0
59.0 249.0 0
87.0 182.0 0
144.0 1349.0 0
138.0 463.0 0
116.0 421.0 0
119.0 211.0 0
304.0 -153.0 0
178.0 934.0 0
-69.0 1043.0 1
141.0 1363.0 1
335.0 529.0 1
365.0 -188.0 1
423.0 51.0 1
458.0 -242.0 1
2.0 -37.0 1
387.0 901.0 1
199.0 1468.0 1
21.0 757.0 1
381.0 1185.0 1
435.0 227.0 1
23.0 972.0 1
201.0 1057.0 1
443.0 656.0 1
9.0 -23.0 1
149.0 426.0 1
453.0 1365.0 1
140.0 1327.0 1
16.0 1002.0 1
-51.0 929.0 1
215.0 736.0 1
426.0 596.0 1
391.0 370.0 1
94.0 572.0 1
390.0 203.0 1
283.0 179.0 1
34.0 -5.0 1
56.0 575.0 1
303.0 816.0 1
-66.0 1090.0 1
-9.0 1271.0 1
379.0 1259.0 1
384.0 998.0 1
452.0 216.0 1
446.0 668.0 1
271.0 -129.0 1
371.0 1103.0 1
3.0 574.0 1
78.0 1430.0 1
67.0 1408.0 1
58.0 328.0 1
302.0 1046.0 1
370.0 1411.0 1
311.0 1085.0 1
401.0 165.0 1
-58.0 48.0 1
311.0 -76.0 1
123.0 -150.0 1
447.0 118.0 1
