141.0 473.0 0
113.0 870.0 0
150.0 603.0 0
235.0 147.0 0
358.0 91.0 0
213.0 1253.0 0
304.0 -153.0 0
168.0 789.0 0
86.0 1171.0 0
335.0 695.0 0
448.0 1331.0 1
311.0 -13.0 1
341.0 852.0 1
346.0 1256.0 1
-30.0 561.0 1
321.0 381.0 1
442.0 670.0 1
262.0 788.0 1
81.0 1345.0 1
441.0 1001.0 1
420.0 888.0 1
-83.0 687.0 1
17.0 1196.0 1
60.0 20.0 1
410.0 -216.0 1
72.0 1421.0 1
244.0 1342.0 1
197.0 440.0 1
31.0 974.0 1
42.0 159.0 1
441.0 1444.0 1
464.0 1083.0 1
58.0 328.0 1
265.0 1410.0 1
90.0 891.0 1
467.0 -202.0 1
28.0 523.0 1
392.0 1436.0 1
434.0 198.0 1
-37.0 -121.0 1
92.0 1248.0 1
28.0 1366.0 1
-71.0 1024.0 1
424.0 1319.0 1
65.0 -226.0 1
402.0 614.0 1
400.0 48.0 1
149.0 426.0 1
49.0 253.0 1
156.0 1011.0 1
231.0 -163.0 1
123.0 -150.0 1
69.0 714.0 1
408.0 523.0 1
3.0 285.0 1
238.0 137.0 1
11.0 -265.0 1
441.0 1183.0 1
396.0 784.0 1
452.0 216.0 1
