290.0 -57.0 0
141.0 473.0 0
332.0 485.0 0
152.0 -97.0 0
333.0 1300.0 0
258.0 1.0 0
168.0 789.0 0
76.0 1221.0 0
354.0 136.0 0
55.0 402.0 0
86.0 1171.0 0
55.0 228.0 0
308.0 773.0 0
227.0 342.0 0
358.0 1233.0 0
150.0 1342.0 0
59.0 249.0 0
79.0 566.0 0
65.0 196.0 0
270.0 588.0 0
235.0 147.0 0
166.0 756.0 0
121.0 948.0 0
315.0 451.0 0
344.0 1222.0 0
309.0 1207.0 0
344.0 140.0 0
274.0 931.0 0
255.0 738.0 0
213.0 1298.0 0
238.0 1169.0 0
95.0 -46.0 0
144.0 1349.0 0
223.0 1331.0 0
213.0 1253.0 0
179.0 494.0 0
257.0 1215.0 0
138.0 463.0 0
121.0 -38.0 0
116.0 421.0 0
215.0 149.0 0
88.0 -36.0 0
304.0 -153.0 0
150.0 603.0 0
114.0 805.0 0
202.0 1159.0 0
276.0 741.0 0
327.0 1102.0 1
268.0 446.0 1
326.0 512.0 1
32.0 1005.0 1
321.0 381.0 1
362.0 611.0 1
-19.0 1388.0 1
-55.0 1308.0 1
54.0 927.0 1
461.0 990.0 1
255.0 1383.0 1
311.0 -20.0 1
410.0 359.0 1
335.0 529.0 1
146.0 1462.0 1
458.0 536.0 1
-72.0 450.0 1
336.0 1116.0 1
471.0 822.0 1
-76.0 1370.0 1
365.0 -188.0 1
35.0 -114.0 1
-66.0 712.0 1
76.0 905.0 1
-3.0 1049.0 1
19.0 1187.0 1
72.0 1421.0 1
185.0 1085.0 1
84.0 1483.0 1
423.0 51.0 1
337.0 23.0 1
-64.0 -230.0 1
418.0 454.0 1
-30.0 561.0 1
345.0 -83.0 1
9.0 486.0 1
262.0 788.0 1
344.0 1461.0 1
463.0 1265.0 1
-6.0 522.0 1
375.0 -243.0 1
329.0 1228.0 1
358.0 583.0 1
435.0 227.0 1
316.0 56.0 1
395.0 1287.0 1
298.0 130.0 1
156.0 1011.0 1
350.0 1320.0 1
188.0 1348.0 1
341.0 852.0 1
231.0 -163.0 1
244.0 1342.0 1
-19.0 349.0 1
69.0 714.0 1
305.0 450.0 1
447.0 506.0 1
162.0 1385.0 1
-12.0 370.0 1
316.0 645.0 1
478.0 1087.0 1
393.0 743.0 1
385.0 -93.0 1
364.0 207.0 1
462.0 1335.0 1
31.0 974.0 1
61.0 790.0 1
167.0 133.0 1
-37.0 -121.0 1
198.0 1017.0 1
-42.0 -60.0 1
464.0 1083.0 1
315.0 866.0 1
17.0 1196.0 1
391.0 1411.0 1
412.0 634.0 1
-83.0 687.0 1
475.0 1278.0 1
9.0 -23.0 1
424.0 1319.0 1
-39.0 660.0 1
-76.0 1185.0 1
-63.0 391.0 1
461.0 1401.0 1
260.0 -144.0 1
400.0 48.0 1
-39.0 639.0 1
-22.0 452.0 1
-39.0 225.0 1
52.0 843.0 1
5.0 169.0 1
45.0 167.0 1
-63.0 774.0 1
254.0 -247.0 1
-17.0 -205.0 1
450.0 -27.0 1
16.0 1002.0 1
102.0 464.0 1
-48.0 923.0 1
430.0 949.0 1
-36.0 -53.0 1
326.0 274.0 1
-51.0 929.0 1
263.0 466.0 1
-68.0 1298.0 1
78.0 -2.0 1
200.0 1391.0 1
441.0 896.0 1
-4.0 835.0 1
6.0 425.0 1
-70.0 1324.0 1
-52.0 743.0 1
348.0 604.0 1
-51.0 1099.0 1
57.0 1394.0 1
238.0 147.0 1
60.0 20.0 1
438.0 1266.0 1
12.0 182.0 1
-31.0 352.0 1
54.0 797.0 1
13.0 757.0 1
-4.0 1168.0 1
426.0 596.0 1
391.0 370.0 1
39.0 318.0 1
376.0 716.0 1
91.0 -163.0 1
254.0 418.0 1
149.0 1394.0 1
94.0 572.0 1
388.0 220.0 1
284.0 -227.0 1
19.0 -122.0 1
-4.0 1319.0 1
90.0 891.0 1
17.0 336.0 1
390.0 203.0 1
-4.0 1345.0 1
178.0 -102.0 1
334.0 837.0 1
246.0 116.0 1
6.0 356.0 1
283.0 179.0 1
124.0 -166.0 1
137.0 791.0 1
441.0 1001.0 1
403.0 -12.0 1
56.0 575.0 1
164.0 712.0 1
119.0 1046.0 1
361.0 -130.0 1
78.0 308.0 1
350.0 1006.0 1
150.0 -111.0 1
93.0 -49.0 1
-66.0 1090.0 1
20.0 9.0 1
378.0 -39.0 1
238.0 137.0 1
-9.0 1271.0 1
209.0 -174.0 1
269.0 1463.0 1
426.0 486.0 1
417.0 105.0 1
-47.0 338.0 1
-80.0 -194.0 1
29.0 -223.0 1
455.0 801.0 1
41.0 719.0 1
342.0 1045.0 1
378.0 284.0 1
25.0 499.0 1
452.0 216.0 1
25.0 87.0 1
181.0 -110.0 1
315.0 999.0 1
130.0 742.0 1
271.0 -129.0 1
458.0 1074.0 1
323.0 112.0 1
0.0 545.0 1
-4.0 1056.0 1
377.0 615.0 1
185.0 1336.0 1
60.0 1162.0 1
38.0 1343.0 1
474.0 -282.0 1
423.0 948.0 1
257.0 479.0 1
7.0 -8.0 1
97.0 1152.0 1
450.0 403.0 1
245.0 -236.0 1
442.0 670.0 1
3.0 574.0 1
420.0 700.0 1
339.0 1253.0 1
358.0 -188.0 1
-40.0 212.0 1
86.0 -230.0 1
9.0 1229.0 1
469.0 956.0 1
58.0 1270.0 1
233.0 -253.0 1
65.0 -226.0 1
-46.0 415.0 1
266.0 1044.0 1
67.0 1408.0 1
6.0 836.0 1
248.0 725.0 1
24.0 849.0 1
421.0 343.0 1
84.0 779.0 1
58.0 328.0 1
156.0 702.0 1
1.0 -219.0 1
246.0 1395.0 1
93.0 807.0 1
77.0 210.0 1
236.0 402.0 1
207.0 1355.0 1
472.0 1103.0 1
415.0 1216.0 1
221.0 1052.0 1
311.0 1085.0 1
336.0 930.0 1
434.0 198.0 1
452.0 -160.0 1
423.0 1374.0 1
-10.0 120.0 1
-32.0 719.0 1
432.0 103.0 1
425.0 1346.0 1
384.0 375.0 1
279.0 1457.0 1
176.0 1359.0 1
391.0 1433.0 1
-75.0 623.0 1
-58.0 48.0 1
-71.0 1024.0 1
253.0 1460.0 1
32.0 591.0 1
389.0 1013.0 1
15.0 1023.0 1
183.0 1470.0 1
456.0 1349.0 1
-36.0 261.0 1
102.0 782.0 1
-35.0 -267.0 1
478.0 1472.0 1
19.0 1392.0 1
447.0 118.0 1
