502.0 350.0 0
299.0 549.0 0
517.0 678.0 0
501.0 497.0 0
435.0 629.0 0
366.0 493.0 0
224.0 622.0 0
229.0 437.0 0
509.0 848.0 0
159.0 507.0 0
398.0 81.0 1
26.0 452.0 1
143.0 946.0 1
-9.0 392.0 1
79.0 612.0 1
670.0 869.0 1
735.0 783.0 1
586.0 535.0 1
687.0 269.0 1
718.0 930.0 1
656.0 144.0 1
38.0 734.0 1
569.0 742.0 1
106.0 524.0 1
636.0 626.0 1
24.0 271.0 1
67.0 174.0 1
739.0 96.0 1
381.0 766.0 1
509.0 814.0 1
51.0 860.0 1
165.0 960.0 1
396.0 212.0 1
737.0 540.0 1
174.0 213.0 1
123.0 323.0 1
378.0 554.0 1
5.0 151.0 1
221.0 688.0 1
318.0 627.0 1
277.0 945.0 1
-9.0 931.0 1
224.0 139.0 1
182.0 623.0 1
-41.0 761.0 1
449.0 215.0 1
700.0 380.0 1
529.0 229.0 1
717.0 835.0 1
302.0 888.0 1
286.0 745.0 1
143.0 386.0 1
486.0 513.0 1
598.0 954.0 1
444.0 170.0 1
286.0 393.0 1
643.0 302.0 1
395.0 908.0 1
-32.0 620.0 1
434.0 974.0 1
