406.0 302.0 0
283.0 541.0 0
515.0 751.0 0
358.0 400.0 0
390.0 626.0 0
342.0 463.0 0
315.0 732.0 0
287.0 383.0 0
538.0 808.0 0
125.0 408.0 0
306.0 139.0 1
30.0 398.0 1
52.0 906.0 1
-34.0 537.0 1
67.0 630.0 1
568.0 907.0 1
755.0 784.0 1
676.0 524.0 1
748.0 215.0 1
720.0 923.0 1
591.0 115.0 1
106.0 742.0 1
548.0 702.0 1
141.0 516.0 1
565.0 531.0 1
44.0 278.0 1
73.0 202.0 1
739.0 120.0 1
329.0 783.0 1
415.0 884.0 1
73.0 859.0 1
193.0 869.0 1
389.0 164.0 1
710.0 516.0 1
171.0 147.0 1
132.0 347.0 1
372.0 601.0 1
-57.0 113.0 1
225.0 703.0 1
255.0 657.0 1
296.0 941.0 1
-17.0 951.0 1
259.0 211.0 1
131.0 657.0 1
95.0 803.0 1
445.0 201.0 1
656.0 403.0 1
512.0 203.0 1
677.0 906.0 1
362.0 890.0 1
239.0 821.0 1
165.0 403.0 1
526.0 414.0 1
629.0 968.0 1
154.0 96.0 1
237.0 609.0 1
643.0 301.0 1
445.0 954.0 1
106.0 755.0 1
365.0 961.0 1
