349.0 339.0 0
322.0 567.0 0
518.0 638.0 0
268.0 325.0 0
430.0 575.0 0
343.0 662.0 0
140.0 617.0 0
268.0 309.0 0
590.0 722.0 0
613.0 734.0 0
234.0 73.0 1
68.0 401.0 1
127.0 981.0 1
50.0 488.0 1
40.0 623.0 1
609.0 950.0 1
659.0 749.0 1
652.0 489.0 1
739.0 236.0 1
674.0 935.0 1
605.0 87.0 1
115.0 734.0 1
596.0 644.0 1
116.0 381.0 1
519.0 553.0 1
-2.0 199.0 1
63.0 99.0 1
656.0 101.0 1
424.0 797.0 1
414.0 919.0 1
48.0 902.0 1
234.0 945.0 1
383.0 251.0 1
730.0 503.0 1
142.0 212.0 1
203.0 377.0 1
475.0 526.0 1
-14.0 165.0 1
138.0 700.0 1
335.0 721.0 1
349.0 984.0 1
4.0 947.0 1
396.0 129.0 1
135.0 710.0 1
-11.0 698.0 1
518.0 244.0 1
628.0 409.0 1
589.0 323.0 1
627.0 954.0 1
350.0 944.0 1
347.0 748.0 1
110.0 212.0 1
490.0 430.0 1
465.0 979.0 1
216.0 263.0 1
442.0 459.0 1
618.0 412.0 1
451.0 982.0 1
-62.0 575.0 1
121.0 867.0 1
