406.0 302.0 0
286.0 645.0 0
594.0 387.0 0
418.0 591.0 0
360.0 523.0 0
393.0 798.0 0
241.0 673.0 0
159.0 507.0 0
590.0 722.0 0
338.0 524.0 0
265.0 164.0 1
692.0 916.0 1
197.0 190.0 1
24.0 271.0 1
748.0 215.0 1
365.0 961.0 1
145.0 880.0 1
121.0 867.0 1
549.0 800.0 1
-63.0 592.0 1
255.0 657.0 1
158.0 953.0 1
725.0 87.0 1
483.0 115.0 1
259.0 211.0 1
50.0 638.0 1
389.0 164.0 1
589.0 323.0 1
521.0 896.0 1
-62.0 575.0 1
293.0 879.0 1
751.0 885.0 1
677.0 906.0 1
205.0 916.0 1
-51.0 836.0 1
641.0 240.0 1
2.0 550.0 1
115.0 734.0 1
63.0 920.0 1
656.0 101.0 1
358.0 904.0 1
44.0 436.0 1
618.0 412.0 1
624.0 330.0 1
88.0 150.0 1
739.0 967.0 1
234.0 73.0 1
53.0 920.0 1
701.0 835.0 1
221.0 688.0 1
106.0 524.0 1
573.0 960.0 1
310.0 677.0 1
444.0 170.0 1
234.0 945.0 1
742.0 716.0 1
727.0 67.0 1
149.0 629.0 1
755.0 106.0 1
233.0 755.0 1
