399.0 335.0 0
298.0 485.0 0
434.0 680.0 0
514.0 233.0 0
541.0 646.0 0
430.0 575.0 0
358.0 400.0 0
343.0 662.0 0
192.0 576.0 0
360.0 523.0 0
386.0 409.0 0
229.0 437.0 0
590.0 722.0 0
492.0 846.0 0
156.0 540.0 0
222.0 545.0 0
291.0 260.0 0
418.0 591.0 0
322.0 567.0 0
606.0 633.0 0
329.0 127.0 1
40.0 409.0 1
53.0 920.0 1
-8.0 432.0 1
33.0 587.0 1
51.0 860.0 1
563.0 873.0 1
739.0 773.0 1
667.0 532.0 1
714.0 200.0 1
757.0 940.0 1
632.0 127.0 1
81.0 751.0 1
15.0 509.0 1
639.0 780.0 1
106.0 524.0 1
607.0 590.0 1
-25.0 240.0 1
51.0 142.0 1
725.0 87.0 1
389.0 164.0 1
750.0 862.0 1
352.0 769.0 1
430.0 838.0 1
73.0 859.0 1
150.0 914.0 1
396.0 212.0 1
68.0 401.0 1
704.0 558.0 1
195.0 230.0 1
677.0 906.0 1
160.0 350.0 1
378.0 514.0 1
63.0 99.0 1
171.0 689.0 1
132.0 347.0 1
340.0 664.0 1
245.0 948.0 1
573.0 960.0 1
449.0 215.0 1
-43.0 909.0 1
591.0 115.0 1
318.0 160.0 1
748.0 215.0 1
148.0 608.0 1
53.0 652.0 1
691.0 649.0 1
-51.0 836.0 1
444.0 223.0 1
679.0 469.0 1
550.0 227.0 1
710.0 912.0 1
358.0 904.0 1
231.0 746.0 1
627.0 954.0 1
624.0 330.0 1
222.0 816.0 1
77.0 310.0 1
512.0 207.0 1
54.0 765.0 1
641.0 240.0 1
503.0 450.0 1
277.0 945.0 1
598.0 954.0 1
106.0 742.0 1
652.0 489.0 1
-17.0 951.0 1
135.0 657.0 1
84.0 842.0 1
2.0 550.0 1
-2.0 199.0 1
182.0 992.0 1
410.0 157.0 1
110.0 212.0 1
94.0 263.0 1
414.0 919.0 1
5.0 151.0 1
135.0 710.0 1
685.0 712.0 1
434.0 974.0 1
373.0 249.0 1
234.0 127.0 1
671.0 395.0 1
549.0 800.0 1
430.0 940.0 1
286.0 393.0 1
234.0 73.0 1
430.0 85.0 1
490.0 430.0 1
362.0 890.0 1
667.0 323.0 1
302.0 719.0 1
692.0 334.0 1
475.0 555.0 1
365.0 961.0 1
326.0 986.0 1
258.0 677.0 1
402.0 546.0 1
2.0 561.0 1
-63.0 592.0 1
