419.0 390.0 0
338.0 524.0 0
433.0 684.0 0
514.0 233.0 0
541.0 646.0 0
422.0 495.0 0
259.0 656.0 0
274.0 410.0 0
438.0 844.0 0
175.0 563.0 0
306.0 110.0 1
68.0 438.0 1
63.0 920.0 1
-32.0 420.0 1
39.0 549.0 1
614.0 836.0 1
701.0 739.0 1
659.0 547.0 1
645.0 208.0 1
730.0 949.0 1
585.0 146.0 1
82.0 740.0 1
639.0 780.0 1
93.0 498.0 1
607.0 590.0 1
13.0 292.0 1
111.0 155.0 1
723.0 70.0 1
329.0 806.0 1
430.0 838.0 1
37.0 863.0 1
205.0 916.0 1
338.0 206.0 1
760.0 590.0 1
198.0 223.0 1
193.0 317.0 1
372.0 543.0 1
61.0 100.0 1
166.0 684.0 1
296.0 640.0 1
272.0 981.0 1
-36.0 919.0 1
264.0 173.0 1
142.0 640.0 1
-37.0 786.0 1
417.0 275.0 1
679.0 469.0 1
550.0 227.0 1
750.0 862.0 1
316.0 927.0 1
233.0 763.0 1
58.0 349.0 1
534.0 442.0 1
573.0 960.0 1
483.0 115.0 1
-2.0 183.0 1
627.0 321.0 1
537.0 858.0 1
50.0 638.0 1
464.0 562.0 1
