415.0 294.0 0
509.0 848.0 0
542.0 331.0 0
438.0 844.0 0
287.0 383.0 0
263.0 553.0 0
501.0 497.0 0
307.0 515.0 0
291.0 260.0 0
349.0 757.0 0
609.0 950.0 1
231.0 746.0 1
296.0 640.0 1
94.0 263.0 1
739.0 120.0 1
429.0 891.0 1
415.0 884.0 1
244.0 359.0 1
430.0 940.0 1
64.0 364.0 1
165.0 960.0 1
224.0 139.0 1
243.0 917.0 1
493.0 283.0 1
352.0 769.0 1
334.0 922.0 1
632.0 604.0 1
351.0 532.0 1
5.0 151.0 1
704.0 558.0 1
70.0 356.0 1
548.0 702.0 1
429.0 552.0 1
263.0 910.0 1
576.0 616.0 1
760.0 660.0 1
-11.0 698.0 1
-15.0 702.0 1
633.0 538.0 1
565.0 531.0 1
-15.0 791.0 1
372.0 601.0 1
160.0 350.0 1
39.0 549.0 1
340.0 664.0 1
645.0 208.0 1
196.0 189.0 1
624.0 746.0 1
730.0 503.0 1
635.0 250.0 1
675.0 241.0 1
193.0 317.0 1
73.0 469.0 1
700.0 380.0 1
394.0 202.0 1
475.0 526.0 1
-2.0 199.0 1
687.0 269.0 1
607.0 590.0 1
-9.0 392.0 1
