613.0 734.0 0
415.0 294.0 0
224.0 622.0 0
419.0 390.0 0
298.0 485.0 0
366.0 493.0 0
509.0 848.0 0
347.0 386.0 0
286.0 645.0 0
403.0 352.0 0
315.0 732.0 0
301.0 479.0 0
399.0 335.0 0
301.0 632.0 0
438.0 844.0 0
515.0 751.0 0
390.0 626.0 0
418.0 591.0 0
411.0 757.0 0
476.0 702.0 0
538.0 648.0 0
517.0 678.0 0
459.0 489.0 0
421.0 666.0 0
517.0 630.0 0
461.0 661.0 0
443.0 807.0 0
360.0 523.0 0
342.0 463.0 0
488.0 649.0 0
234.0 433.0 0
263.0 553.0 0
393.0 798.0 0
159.0 507.0 0
590.0 722.0 0
111.0 601.0 0
140.0 617.0 0
299.0 549.0 0
200.0 526.0 0
343.0 662.0 0
220.0 479.0 0
430.0 575.0 0
268.0 325.0 0
349.0 339.0 0
386.0 409.0 0
359.0 484.0 0
455.0 526.0 0
456.0 825.0 0
180.0 407.0 0
301.0 267.0 0
538.0 808.0 0
229.0 437.0 0
492.0 846.0 0
282.0 501.0 0
647.0 837.0 1
609.0 950.0 1
94.0 263.0 1
38.0 734.0 1
443.0 488.0 1
543.0 880.0 1
68.0 736.0 1
67.0 174.0 1
632.0 127.0 1
34.0 862.0 1
135.0 710.0 1
600.0 985.0 1
429.0 891.0 1
365.0 961.0 1
73.0 859.0 1
395.0 908.0 1
449.0 448.0 1
174.0 965.0 1
106.0 742.0 1
244.0 359.0 1
51.0 142.0 1
586.0 535.0 1
30.0 943.0 1
138.0 700.0 1
264.0 930.0 1
402.0 546.0 1
398.0 81.0 1
430.0 940.0 1
656.0 403.0 1
547.0 492.0 1
272.0 981.0 1
64.0 364.0 1
198.0 223.0 1
329.0 806.0 1
667.0 532.0 1
549.0 800.0 1
744.0 645.0 1
86.0 514.0 1
111.0 155.0 1
-37.0 588.0 1
54.0 765.0 1
-63.0 592.0 1
255.0 657.0 1
329.0 783.0 1
739.0 773.0 1
338.0 206.0 1
48.0 902.0 1
750.0 862.0 1
725.0 87.0 1
224.0 139.0 1
239.0 821.0 1
243.0 917.0 1
286.0 393.0 1
562.0 171.0 1
-9.0 805.0 1
68.0 653.0 1
710.0 912.0 1
50.0 488.0 1
33.0 587.0 1
681.0 218.0 1
757.0 971.0 1
225.0 703.0 1
259.0 211.0 1
150.0 914.0 1
177.0 317.0 1
580.0 520.0 1
45.0 549.0 1
40.0 162.0 1
50.0 638.0 1
596.0 644.0 1
-16.0 158.0 1
93.0 725.0 1
-40.0 924.0 1
182.0 623.0 1
352.0 769.0 1
568.0 907.0 1
334.0 922.0 1
396.0 129.0 1
509.0 814.0 1
160.0 589.0 1
75.0 726.0 1
418.0 946.0 1
296.0 941.0 1
27.0 855.0 1
242.0 266.0 1
389.0 164.0 1
755.0 784.0 1
378.0 514.0 1
589.0 323.0 1
373.0 249.0 1
351.0 532.0 1
732.0 915.0 1
760.0 590.0 1
521.0 896.0 1
302.0 284.0 1
598.0 954.0 1
347.0 748.0 1
103.0 960.0 1
306.0 110.0 1
733.0 106.0 1
609.0 308.0 1
610.0 218.0 1
381.0 766.0 1
751.0 885.0 1
73.0 202.0 1
676.0 524.0 1
677.0 906.0 1
2.0 561.0 1
511.0 784.0 1
48.0 860.0 1
310.0 864.0 1
237.0 609.0 1
-32.0 420.0 1
690.0 319.0 1
437.0 138.0 1
142.0 640.0 1
2.0 550.0 1
739.0 236.0 1
379.0 838.0 1
40.0 623.0 1
135.0 657.0 1
67.0 303.0 1
-17.0 951.0 1
-32.0 620.0 1
430.0 85.0 1
429.0 552.0 1
656.0 144.0 1
44.0 278.0 1
82.0 740.0 1
310.0 657.0 1
760.0 660.0 1
576.0 979.0 1
144.0 668.0 1
-15.0 702.0 1
-39.0 895.0 1
350.0 944.0 1
652.0 489.0 1
701.0 685.0 1
68.0 438.0 1
-15.0 791.0 1
677.0 921.0 1
372.0 601.0 1
146.0 225.0 1
131.0 657.0 1
521.0 407.0 1
696.0 879.0 1
77.0 310.0 1
643.0 301.0 1
567.0 212.0 1
14.0 399.0 1
358.0 904.0 1
318.0 258.0 1
444.0 223.0 1
698.0 589.0 1
415.0 246.0 1
116.0 381.0 1
618.0 412.0 1
192.0 129.0 1
430.0 838.0 1
-9.0 158.0 1
472.0 95.0 1
465.0 979.0 1
132.0 347.0 1
-50.0 541.0 1
88.0 150.0 1
39.0 549.0 1
52.0 906.0 1
739.0 967.0 1
85.0 391.0 1
378.0 554.0 1
53.0 920.0 1
318.0 160.0 1
110.0 212.0 1
260.0 629.0 1
345.0 227.0 1
47.0 442.0 1
585.0 146.0 1
278.0 156.0 1
196.0 189.0 1
-37.0 786.0 1
106.0 524.0 1
573.0 960.0 1
364.0 123.0 1
326.0 986.0 1
258.0 677.0 1
451.0 982.0 1
679.0 469.0 1
475.0 555.0 1
737.0 540.0 1
665.0 270.0 1
730.0 503.0 1
165.0 403.0 1
506.0 911.0 1
41.0 703.0 1
635.0 250.0 1
-41.0 761.0 1
445.0 954.0 1
426.0 809.0 1
362.0 890.0 1
353.0 168.0 1
63.0 195.0 1
123.0 323.0 1
171.0 147.0 1
193.0 317.0 1
18.0 407.0 1
306.0 139.0 1
537.0 858.0 1
692.0 334.0 1
671.0 395.0 1
286.0 745.0 1
30.0 398.0 1
503.0 450.0 1
227.0 232.0 1
727.0 67.0 1
735.0 783.0 1
166.0 684.0 1
84.0 842.0 1
195.0 230.0 1
627.0 954.0 1
335.0 721.0 1
695.0 931.0 1
26.0 452.0 1
636.0 626.0 1
714.0 200.0 1
174.0 213.0 1
-17.0 480.0 1
235.0 755.0 1
91.0 818.0 1
-43.0 909.0 1
729.0 71.0 1
37.0 863.0 1
143.0 946.0 1
679.0 527.0 1
127.0 981.0 1
691.0 649.0 1
548.0 423.0 1
191.0 682.0 1
627.0 321.0 1
417.0 275.0 1
-44.0 751.0 1
642.0 304.0 1
701.0 739.0 1
87.0 288.0 1
340.0 860.0 1
609.0 194.0 1
63.0 99.0 1
