502.0 350.0 0
299.0 549.0 0
517.0 678.0 0
406.0 302.0 0
541.0 647.0 0
422.0 495.0 0
268.0 325.0 0
241.0 673.0 0
140.0 617.0 0
488.0 649.0 0
274.0 410.0 0
287.0 383.0 0
411.0 757.0 0
509.0 848.0 0
159.0 507.0 0
200.0 526.0 0
268.0 309.0 0
373.0 563.0 0
613.0 734.0 0
623.0 660.0 0
398.0 81.0 1
26.0 452.0 1
143.0 946.0 1
-17.0 480.0 1
79.0 612.0 1
48.0 860.0 1
670.0 869.0 1
735.0 783.0 1
586.0 535.0 1
687.0 269.0 1
718.0 930.0 1
656.0 144.0 1
38.0 734.0 1
101.0 481.0 1
570.0 748.0 1
141.0 516.0 1
632.0 604.0 1
24.0 271.0 1
67.0 174.0 1
739.0 96.0 1
436.0 120.0 1
701.0 835.0 1
381.0 766.0 1
389.0 836.0 1
52.0 827.0 1
174.0 965.0 1
345.0 227.0 1
-9.0 392.0 1
683.0 604.0 1
174.0 213.0 1
677.0 921.0 1
123.0 323.0 1
378.0 554.0 1
-33.0 94.0 1
221.0 688.0 1
173.0 376.0 1
318.0 627.0 1
272.0 981.0 1
506.0 911.0 1
470.0 200.0 1
-9.0 931.0 1
733.0 106.0 1
306.0 139.0 1
739.0 236.0 1
182.0 623.0 1
68.0 653.0 1
701.0 685.0 1
-41.0 761.0 1
383.0 251.0 1
730.0 503.0 1
541.0 220.0 1
720.0 923.0 1
302.0 888.0 1
286.0 745.0 1
636.0 970.0 1
635.0 333.0 1
239.0 821.0 1
67.0 303.0 1
512.0 203.0 1
41.0 703.0 1
643.0 302.0 1
486.0 513.0 1
296.0 941.0 1
519.0 954.0 1
106.0 755.0 1
737.0 540.0 1
-20.0 901.0 1
144.0 668.0 1
138.0 822.0 1
-37.0 588.0 1
124.0 302.0 1
350.0 944.0 1
483.0 115.0 1
40.0 162.0 1
121.0 298.0 1
395.0 908.0 1
-2.0 183.0 1
194.0 638.0 1
548.0 702.0 1
445.0 954.0 1
242.0 266.0 1
240.0 127.0 1
548.0 423.0 1
537.0 858.0 1
466.0 921.0 1
203.0 377.0 1
154.0 96.0 1
472.0 95.0 1
475.0 526.0 1
310.0 864.0 1
690.0 319.0 1
329.0 783.0 1
668.0 453.0 1
494.0 576.0 1
569.0 742.0 1
349.0 984.0 1
298.0 588.0 1
429.0 552.0 1
165.0 403.0 1
11.0 592.0 1
