441.0 358.0 0
307.0 515.0 0
476.0 702.0 0
542.0 331.0 0
517.0 630.0 0
458.0 540.0 0
286.0 645.0 0
255.0 412.0 0
456.0 825.0 0
111.0 601.0 0
327.0 84.0 1
44.0 436.0 1
100.0 931.0 1
-46.0 450.0 1
62.0 570.0 1
610.0 875.0 1
730.0 734.0 1
633.0 538.0 1
681.0 218.0 1
739.0 967.0 1
619.0 166.0 1
68.0 736.0 1
624.0 746.0 1
101.0 489.0 1
576.0 616.0 1
-59.0 289.0 1
88.0 150.0 1
729.0 71.0 1
368.0 800.0 1
429.0 810.0 1
27.0 855.0 1
177.0 920.0 1
367.0 196.0 1
722.0 588.0 1
197.0 190.0 1
172.0 325.0 1
351.0 532.0 1
24.0 102.0 1
191.0 682.0 1
310.0 657.0 1
221.0 974.0 1
-51.0 933.0 1
278.0 156.0 1
149.0 629.0 1
-9.0 805.0 1
431.0 257.0 1
709.0 480.0 1
567.0 212.0 1
751.0 885.0 1
325.0 908.0 1
233.0 755.0 1
70.0 356.0 1
534.0 483.0 1
559.0 981.0 1
436.0 120.0 1
146.0 225.0 1
635.0 333.0 1
521.0 896.0 1
68.0 653.0 1
760.0 660.0 1
