403.0 352.0 0
282.0 501.0 0
461.0 661.0 0
527.0 363.0 0
518.0 638.0 0
455.0 526.0 0
347.0 386.0 0
301.0 632.0 0
179.0 607.0 0
366.0 493.0 0
301.0 479.0 0
249.0 410.0 0
463.0 778.0 0
443.0 807.0 0
121.0 552.0 0
263.0 553.0 0
415.0 294.0 0
390.0 626.0 0
315.0 732.0 0
125.0 408.0 0
330.0 101.0 1
47.0 442.0 1
103.0 960.0 1
-49.0 483.0 1
45.0 549.0 1
48.0 902.0 1
634.0 889.0 1
742.0 716.0 1
645.0 537.0 1
675.0 241.0 1
757.0 971.0 1
609.0 194.0 1
75.0 726.0 1
50.0 488.0 1
607.0 743.0 1
93.0 498.0 1
615.0 609.0 1
-28.0 319.0 1
77.0 138.0 1
727.0 67.0 1
396.0 129.0 1
755.0 784.0 1
347.0 796.0 1
426.0 809.0 1
34.0 862.0 1
171.0 910.0 1
394.0 202.0 1
14.0 399.0 1
698.0 589.0 1
196.0 189.0 1
647.0 837.0 1
177.0 317.0 1
357.0 532.0 1
34.0 107.0 1
185.0 677.0 1
143.0 386.0 1
310.0 677.0 1
210.0 965.0 1
543.0 880.0 1
445.0 201.0 1
-40.0 924.0 1
602.0 94.0 1
265.0 164.0 1
739.0 120.0 1
139.0 632.0 1
50.0 638.0 1
744.0 645.0 1
-15.0 791.0 1
415.0 246.0 1
726.0 496.0 1
581.0 222.0 1
733.0 878.0 1
334.0 922.0 1
235.0 755.0 1
695.0 931.0 1
609.0 308.0 1
145.0 880.0 1
64.0 364.0 1
503.0 255.0 1
-15.0 702.0 1
635.0 250.0 1
547.0 492.0 1
263.0 910.0 1
576.0 979.0 1
105.0 726.0 1
676.0 524.0 1
4.0 947.0 1
160.0 589.0 1
95.0 803.0 1
-34.0 537.0 1
44.0 278.0 1
165.0 960.0 1
493.0 283.0 1
63.0 195.0 1
142.0 212.0 1
415.0 884.0 1
-16.0 158.0 1
94.0 660.0 1
623.0 687.0 1
465.0 979.0 1
325.0 236.0 1
171.0 147.0 1
628.0 409.0 1
511.0 784.0 1
418.0 946.0 1
244.0 359.0 1
259.0 211.0 1
-57.0 113.0 1
442.0 459.0 1
379.0 838.0 1
610.0 218.0 1
335.0 721.0 1
734.0 366.0 1
565.0 531.0 1
629.0 966.0 1
289.0 806.0 1
255.0 657.0 1
372.0 601.0 1
526.0 414.0 1
-32.0 620.0 1
