224.0 622.0 0
509.0 848.0 0
606.0 633.0 0
399.0 280.0 0
121.0 552.0 0
286.0 645.0 0
301.0 479.0 0
594.0 387.0 0
434.0 680.0 0
438.0 844.0 0
515.0 751.0 0
390.0 626.0 0
459.0 489.0 0
268.0 309.0 0
518.0 638.0 0
342.0 463.0 0
488.0 649.0 0
501.0 497.0 0
241.0 673.0 0
458.0 540.0 0
581.0 222.0 1
265.0 164.0 1
203.0 377.0 1
68.0 736.0 1
24.0 271.0 1
632.0 127.0 1
135.0 710.0 1
365.0 961.0 1
449.0 448.0 1
216.0 263.0 1
264.0 930.0 1
398.0 81.0 1
512.0 203.0 1
329.0 806.0 1
-46.0 450.0 1
121.0 867.0 1
744.0 645.0 1
-37.0 588.0 1
87.0 837.0 1
329.0 783.0 1
182.0 992.0 1
177.0 920.0 1
48.0 902.0 1
550.0 227.0 1
750.0 862.0 1
725.0 87.0 1
-33.0 94.0 1
722.0 588.0 1
286.0 393.0 1
445.0 201.0 1
733.0 878.0 1
221.0 974.0 1
580.0 520.0 1
45.0 549.0 1
493.0 283.0 1
-40.0 924.0 1
289.0 806.0 1
143.0 386.0 1
709.0 480.0 1
194.0 638.0 1
242.0 266.0 1
519.0 553.0 1
667.0 323.0 1
172.0 325.0 1
589.0 323.0 1
351.0 532.0 1
607.0 743.0 1
302.0 284.0 1
5.0 151.0 1
360.0 925.0 1
503.0 255.0 1
306.0 110.0 1
490.0 430.0 1
2.0 561.0 1
-51.0 836.0 1
222.0 816.0 1
2.0 550.0 1
379.0 838.0 1
40.0 623.0 1
115.0 734.0 1
135.0 657.0 1
-17.0 951.0 1
430.0 85.0 1
656.0 144.0 1
82.0 740.0 1
310.0 657.0 1
11.0 592.0 1
-11.0 698.0 1
576.0 979.0 1
144.0 668.0 1
350.0 944.0 1
171.0 910.0 1
570.0 748.0 1
-15.0 791.0 1
572.0 231.0 1
372.0 601.0 1
131.0 657.0 1
643.0 301.0 1
567.0 212.0 1
358.0 904.0 1
79.0 612.0 1
444.0 223.0 1
415.0 246.0 1
628.0 409.0 1
624.0 330.0 1
316.0 927.0 1
723.0 70.0 1
53.0 920.0 1
110.0 212.0 1
325.0 908.0 1
339.0 671.0 1
645.0 208.0 1
428.0 980.0 1
585.0 146.0 1
278.0 156.0 1
624.0 746.0 1
81.0 751.0 1
45.0 881.0 1
364.0 123.0 1
326.0 986.0 1
