366.0 493.0 0
399.0 335.0 0
463.0 778.0 0
342.0 463.0 0
252.0 459.0 0
299.0 549.0 0
194.0 614.0 0
268.0 325.0 0
455.0 526.0 0
229.0 437.0 0
734.0 373.0 1
710.0 516.0 1
534.0 483.0 1
51.0 142.0 1
402.0 546.0 1
656.0 403.0 1
24.0 102.0 1
198.0 223.0 1
-51.0 933.0 1
591.0 115.0 1
111.0 155.0 1
329.0 783.0 1
372.0 543.0 1
177.0 920.0 1
550.0 227.0 1
486.0 513.0 1
-33.0 94.0 1
757.0 940.0 1
76.0 75.0 1
710.0 912.0 1
182.0 623.0 1
143.0 386.0 1
509.0 814.0 1
75.0 726.0 1
610.0 218.0 1
135.0 657.0 1
34.0 107.0 1
11.0 592.0 1
431.0 257.0 1
576.0 979.0 1
-39.0 895.0 1
318.0 258.0 1
378.0 554.0 1
141.0 516.0 1
47.0 442.0 1
-37.0 786.0 1
89.0 220.0 1
434.0 974.0 1
475.0 555.0 1
754.0 644.0 1
464.0 562.0 1
726.0 496.0 1
94.0 660.0 1
512.0 207.0 1
-34.0 537.0 1
645.0 537.0 1
643.0 302.0 1
-25.0 240.0 1
-14.0 165.0 1
717.0 835.0 1
