358.0 400.0 0
613.0 734.0 0
298.0 485.0 0
422.0 495.0 0
373.0 563.0 0
347.0 386.0 0
399.0 280.0 0
406.0 302.0 0
286.0 645.0 0
403.0 352.0 0
315.0 732.0 0
301.0 479.0 0
399.0 335.0 0
125.0 408.0 0
441.0 358.0 0
179.0 607.0 0
594.0 387.0 0
542.0 331.0 0
515.0 751.0 0
435.0 629.0 0
418.0 591.0 0
538.0 648.0 0
459.0 489.0 0
421.0 666.0 0
461.0 661.0 0
268.0 309.0 0
541.0 646.0 0
252.0 459.0 0
175.0 563.0 0
263.0 553.0 0
501.0 497.0 0
156.0 540.0 0
299.0 549.0 0
322.0 567.0 0
343.0 662.0 0
283.0 541.0 0
192.0 576.0 0
338.0 524.0 0
430.0 575.0 0
527.0 363.0 0
268.0 325.0 0
316.0 366.0 0
349.0 339.0 0
386.0 409.0 0
301.0 267.0 0
229.0 437.0 0
249.0 410.0 0
282.0 501.0 0
647.0 837.0 1
231.0 746.0 1
296.0 640.0 1
265.0 164.0 1
615.0 609.0 1
38.0 734.0 1
692.0 916.0 1
443.0 488.0 1
529.0 229.0 1
543.0 880.0 1
95.0 803.0 1
203.0 377.0 1
68.0 736.0 1
636.0 970.0 1
-9.0 931.0 1
197.0 190.0 1
67.0 174.0 1
734.0 366.0 1
24.0 271.0 1
34.0 862.0 1
739.0 120.0 1
135.0 710.0 1
600.0 985.0 1
639.0 780.0 1
415.0 884.0 1
395.0 908.0 1
449.0 448.0 1
659.0 749.0 1
244.0 359.0 1
396.0 212.0 1
145.0 880.0 1
526.0 414.0 1
210.0 965.0 1
494.0 576.0 1
-28.0 319.0 1
-20.0 901.0 1
264.0 930.0 1
402.0 546.0 1
730.0 734.0 1
398.0 81.0 1
656.0 403.0 1
547.0 492.0 1
272.0 981.0 1
635.0 333.0 1
198.0 223.0 1
329.0 806.0 1
667.0 532.0 1
-51.0 933.0 1
67.0 630.0 1
111.0 155.0 1
171.0 689.0 1
54.0 765.0 1
-8.0 432.0 1
335.0 739.0 1
739.0 773.0 1
338.0 206.0 1
372.0 543.0 1
177.0 920.0 1
550.0 227.0 1
486.0 513.0 1
750.0 862.0 1
725.0 87.0 1
121.0 298.0 1
239.0 821.0 1
243.0 917.0 1
562.0 171.0 1
445.0 201.0 1
430.0 194.0 1
-9.0 805.0 1
76.0 75.0 1
559.0 981.0 1
68.0 653.0 1
710.0 912.0 1
50.0 488.0 1
33.0 587.0 1
605.0 87.0 1
681.0 218.0 1
259.0 211.0 1
90.0 612.0 1
614.0 836.0 1
150.0 914.0 1
221.0 974.0 1
177.0 317.0 1
40.0 162.0 1
50.0 638.0 1
634.0 889.0 1
493.0 283.0 1
596.0 644.0 1
389.0 836.0 1
93.0 725.0 1
-40.0 924.0 1
352.0 769.0 1
334.0 922.0 1
143.0 386.0 1
509.0 814.0 1
75.0 726.0 1
418.0 946.0 1
296.0 941.0 1
27.0 855.0 1
242.0 266.0 1
519.0 553.0 1
378.0 514.0 1
172.0 325.0 1
619.0 166.0 1
589.0 323.0 1
373.0 249.0 1
105.0 726.0 1
607.0 743.0 1
739.0 96.0 1
470.0 200.0 1
-2.0 183.0 1
383.0 251.0 1
103.0 960.0 1
704.0 558.0 1
73.0 202.0 1
676.0 524.0 1
677.0 906.0 1
2.0 561.0 1
511.0 784.0 1
48.0 860.0 1
548.0 702.0 1
237.0 609.0 1
629.0 968.0 1
357.0 532.0 1
730.0 949.0 1
222.0 816.0 1
641.0 240.0 1
142.0 640.0 1
2.0 550.0 1
40.0 623.0 1
367.0 196.0 1
718.0 930.0 1
-32.0 620.0 1
34.0 107.0 1
-59.0 289.0 1
656.0 144.0 1
44.0 278.0 1
263.0 910.0 1
82.0 740.0 1
576.0 616.0 1
760.0 660.0 1
685.0 712.0 1
442.0 459.0 1
350.0 944.0 1
171.0 910.0 1
400.0 926.0 1
652.0 489.0 1
-17.0 604.0 1
565.0 531.0 1
-15.0 791.0 1
572.0 231.0 1
146.0 225.0 1
327.0 84.0 1
131.0 657.0 1
4.0 947.0 1
643.0 301.0 1
14.0 399.0 1
160.0 350.0 1
429.0 810.0 1
444.0 223.0 1
628.0 409.0 1
116.0 381.0 1
618.0 412.0 1
192.0 129.0 1
-9.0 158.0 1
277.0 945.0 1
624.0 330.0 1
472.0 95.0 1
132.0 347.0 1
316.0 927.0 1
629.0 966.0 1
723.0 70.0 1
-50.0 541.0 1
704.0 541.0 1
52.0 906.0 1
739.0 967.0 1
-36.0 919.0 1
378.0 554.0 1
340.0 664.0 1
541.0 220.0 1
263.0 395.0 1
534.0 442.0 1
68.0 401.0 1
110.0 212.0 1
645.0 208.0 1
428.0 980.0 1
345.0 227.0 1
410.0 157.0 1
148.0 608.0 1
221.0 688.0 1
233.0 763.0 1
585.0 146.0 1
569.0 742.0 1
106.0 524.0 1
670.0 869.0 1
45.0 881.0 1
310.0 677.0 1
326.0 986.0 1
679.0 469.0 1
106.0 755.0 1
563.0 873.0 1
665.0 270.0 1
185.0 677.0 1
234.0 945.0 1
41.0 703.0 1
754.0 644.0 1
318.0 627.0 1
464.0 562.0 1
726.0 496.0 1
362.0 890.0 1
449.0 215.0 1
675.0 241.0 1
193.0 317.0 1
73.0 469.0 1
18.0 407.0 1
306.0 139.0 1
623.0 687.0 1
257.0 359.0 1
286.0 745.0 1
-49.0 483.0 1
302.0 719.0 1
519.0 954.0 1
149.0 629.0 1
475.0 526.0 1
627.0 954.0 1
335.0 721.0 1
755.0 106.0 1
695.0 931.0 1
512.0 207.0 1
100.0 931.0 1
-34.0 537.0 1
687.0 269.0 1
645.0 537.0 1
174.0 213.0 1
-17.0 480.0 1
235.0 755.0 1
643.0 302.0 1
-43.0 909.0 1
143.0 946.0 1
139.0 632.0 1
679.0 527.0 1
127.0 981.0 1
607.0 590.0 1
548.0 423.0 1
191.0 682.0 1
627.0 321.0 1
-14.0 165.0 1
701.0 739.0 1
298.0 588.0 1
87.0 288.0 1
340.0 860.0 1
251.0 209.0 1
