441.0 358.0 0
307.0 515.0 0
476.0 702.0 0
542.0 331.0 0
517.0 630.0 0
458.0 540.0 0
349.0 339.0 0
286.0 645.0 0
194.0 614.0 0
501.0 497.0 0
342.0 463.0 0
255.0 412.0 0
515.0 751.0 0
456.0 825.0 0
111.0 601.0 0
253.0 516.0 0
399.0 280.0 0
435.0 629.0 0
349.0 757.0 0
180.0 407.0 0
327.0 84.0 1
44.0 436.0 1
100.0 931.0 1
-46.0 450.0 1
62.0 570.0 1
52.0 906.0 1
610.0 875.0 1
730.0 734.0 1
633.0 538.0 1
681.0 218.0 1
739.0 967.0 1
619.0 166.0 1
68.0 736.0 1
39.0 483.0 1
624.0 746.0 1
101.0 489.0 1
576.0 616.0 1
-59.0 289.0 1
88.0 150.0 1
729.0 71.0 1
364.0 123.0 1
745.0 793.0 1
368.0 800.0 1
429.0 810.0 1
27.0 855.0 1
177.0 920.0 1
367.0 196.0 1
30.0 398.0 1
722.0 588.0 1
197.0 190.0 1
664.0 852.0 1
172.0 325.0 1
351.0 532.0 1
24.0 102.0 1
191.0 682.0 1
116.0 381.0 1
310.0 657.0 1
221.0 974.0 1
568.0 907.0 1
430.0 194.0 1
-51.0 933.0 1
656.0 101.0 1
278.0 156.0 1
717.0 130.0 1
149.0 629.0 1
40.0 623.0 1
754.0 644.0 1
-9.0 805.0 1
431.0 257.0 1
709.0 480.0 1
567.0 212.0 1
751.0 885.0 1
325.0 908.0 1
233.0 755.0 1
674.0 935.0 1
589.0 323.0 1
193.0 869.0 1
70.0 356.0 1
518.0 244.0 1
-44.0 751.0 1
665.0 270.0 1
534.0 483.0 1
243.0 917.0 1
559.0 981.0 1
93.0 725.0 1
679.0 527.0 1
30.0 943.0 1
151.0 557.0 1
91.0 818.0 1
-50.0 541.0 1
1.0 333.0 1
158.0 953.0 1
470.0 215.0 1
73.0 202.0 1
146.0 225.0 1
429.0 891.0 1
-9.0 158.0 1
131.0 657.0 1
636.0 626.0 1
451.0 982.0 1
318.0 258.0 1
192.0 129.0 1
618.0 412.0 1
509.0 814.0 1
400.0 926.0 1
257.0 359.0 1
251.0 209.0 1
76.0 75.0 1
449.0 448.0 1
386.0 836.0 1
562.0 171.0 1
335.0 739.0 1
734.0 373.0 1
580.0 520.0 1
609.0 950.0 1
293.0 879.0 1
260.0 629.0 1
339.0 671.0 1
464.0 562.0 1
-39.0 895.0 1
