527.0 363.0 0
301.0 479.0 0
488.0 649.0 0
347.0 386.0 0
606.0 633.0 0
359.0 484.0 0
194.0 614.0 0
252.0 459.0 0
393.0 798.0 0
200.0 526.0 0
364.0 123.0 1
-8.0 432.0 1
150.0 914.0 1
-50.0 541.0 1
2.0 561.0 1
543.0 880.0 1
685.0 712.0 1
679.0 527.0 1
641.0 240.0 1
732.0 915.0 1
562.0 171.0 1
93.0 725.0 1
623.0 687.0 1
73.0 469.0 1
555.0 662.0 1
1.0 333.0 1
40.0 162.0 1
733.0 106.0 1
379.0 838.0 1
429.0 891.0 1
45.0 881.0 1
243.0 917.0 1
345.0 227.0 1
744.0 645.0 1
192.0 129.0 1
173.0 376.0 1
402.0 546.0 1
76.0 75.0 1
194.0 638.0 1
339.0 671.0 1
264.0 930.0 1
-8.0 942.0 1
234.0 127.0 1
135.0 657.0 1
-44.0 751.0 1
503.0 255.0 1
671.0 395.0 1
512.0 207.0 1
692.0 916.0 1
360.0 925.0 1
222.0 816.0 1
94.0 263.0 1
548.0 423.0 1
519.0 954.0 1
318.0 258.0 1
2.0 550.0 1
667.0 323.0 1
430.0 940.0 1
-17.0 604.0 1
428.0 980.0 1
