623.0 660.0 0
613.0 734.0 0
366.0 493.0 0
403.0 352.0 0
315.0 732.0 0
514.0 233.0 0
125.0 408.0 0
441.0 358.0 0
435.0 629.0 0
476.0 702.0 0
538.0 648.0 0
517.0 678.0 0
461.0 661.0 0
443.0 807.0 0
360.0 523.0 0
541.0 646.0 0
590.0 722.0 0
200.0 526.0 0
283.0 541.0 0
430.0 575.0 0
386.0 836.0 1
647.0 837.0 1
609.0 950.0 1
231.0 746.0 1
296.0 640.0 1
-8.0 942.0 1
615.0 609.0 1
38.0 734.0 1
436.0 120.0 1
142.0 212.0 1
636.0 970.0 1
-9.0 931.0 1
734.0 366.0 1
739.0 120.0 1
639.0 780.0 1
73.0 859.0 1
536.0 793.0 1
396.0 212.0 1
526.0 414.0 1
210.0 965.0 1
-20.0 901.0 1
402.0 546.0 1
430.0 940.0 1
272.0 981.0 1
667.0 532.0 1
-51.0 933.0 1
165.0 960.0 1
347.0 796.0 1
739.0 773.0 1
338.0 206.0 1
302.0 888.0 1
668.0 453.0 1
483.0 115.0 1
430.0 194.0 1
-9.0 805.0 1
50.0 488.0 1
33.0 587.0 1
259.0 211.0 1
518.0 244.0 1
389.0 836.0 1
352.0 769.0 1
568.0 907.0 1
555.0 662.0 1
424.0 797.0 1
160.0 589.0 1
40.0 409.0 1
389.0 164.0 1
755.0 784.0 1
632.0 604.0 1
521.0 896.0 1
383.0 251.0 1
609.0 308.0 1
745.0 793.0 1
293.0 879.0 1
664.0 852.0 1
751.0 885.0 1
73.0 202.0 1
48.0 860.0 1
690.0 319.0 1
641.0 240.0 1
142.0 640.0 1
193.0 869.0 1
367.0 196.0 1
151.0 557.0 1
1.0 333.0 1
325.0 236.0 1
138.0 822.0 1
234.0 127.0 1
44.0 278.0 1
431.0 257.0 1
685.0 712.0 1
-39.0 895.0 1
68.0 438.0 1
264.0 173.0 1
677.0 921.0 1
327.0 84.0 1
14.0 399.0 1
44.0 436.0 1
698.0 589.0 1
618.0 412.0 1
192.0 129.0 1
132.0 347.0 1
88.0 150.0 1
739.0 967.0 1
85.0 391.0 1
340.0 664.0 1
701.0 835.0 1
318.0 160.0 1
368.0 800.0 1
260.0 629.0 1
141.0 516.0 1
410.0 157.0 1
148.0 608.0 1
233.0 763.0 1
196.0 189.0 1
106.0 524.0 1
434.0 974.0 1
106.0 755.0 1
444.0 170.0 1
-57.0 113.0 1
