415.0 294.0 0
253.0 516.0 0
421.0 666.0 0
459.0 489.0 0
623.0 660.0 0
263.0 553.0 0
179.0 607.0 0
180.0 407.0 0
411.0 757.0 0
291.0 260.0 0
318.0 160.0 1
39.0 483.0 1
158.0 953.0 1
14.0 399.0 1
90.0 612.0 1
664.0 852.0 1
745.0 793.0 1
580.0 520.0 1
610.0 218.0 1
695.0 931.0 1
602.0 94.0 1
54.0 765.0 1
549.0 800.0 1
151.0 557.0 1
683.0 604.0 1
67.0 303.0 1
63.0 195.0 1
755.0 106.0 1
386.0 836.0 1
511.0 784.0 1
52.0 827.0 1
145.0 880.0 1
430.0 194.0 1
754.0 644.0 1
251.0 209.0 1
124.0 302.0 1
429.0 552.0 1
-9.0 158.0 1
144.0 668.0 1
302.0 719.0 1
263.0 910.0 1
-39.0 895.0 1
410.0 157.0 1
160.0 589.0 1
91.0 818.0 1
470.0 215.0 1
734.0 373.0 1
470.0 200.0 1
701.0 835.0 1
293.0 879.0 1
289.0 806.0 1
244.0 359.0 1
443.0 488.0 1
629.0 966.0 1
302.0 284.0 1
449.0 448.0 1
692.0 334.0 1
400.0 926.0 1
-37.0 588.0 1
138.0 822.0 1
