-50.0 166.0 0
-112.0 -360.0 0
-199.0 -62.0 0
105.0 24.0 0
250.0 -157.0 0
-60.0 19.0 0
172.0 85.0 0
5.0 -63.0 0
234.0 249.0 0
-140.0 35.0 0
348.0 141.0 1
165.0 -14.0 1
222.0 -267.0 1
-265.0 -112.0 1
44.0 -283.0 1
-534.0 6.0 1
-294.0 -127.0 1
137.0 350.0 1
-275.0 378.0 1
481.0 52.0 1
69.0 316.0 1
-427.0 18.0 1
-302.0 153.0 1
366.0 394.0 1
47.0 -399.0 1
-384.0 -195.0 1
-222.0 -302.0 1
330.0 -278.0 1
410.0 -174.0 1
-18.0 406.0 1
-396.0 110.0 1
60.0 -207.0 1
-140.0 -284.0 1
247.0 -94.0 1
-469.0 -116.0 1
369.0 224.0 1
446.0 312.0 1
392.0 -343.0 1
-79.0 41.0 1
-164.0 270.0 1
-442.0 -377.0 1
420.0 -4.0 1
495.0 -263.0 1
486.0 288.0 1
-571.0 40.0 1
103.0 202.0 1
-501.0 246.0 1
1.0 138.0 1
504.0 -387.0 1
-542.0 401.0 1
-272.0 53.0 1
-324.0 302.0 1
91.0 -243.0 1
-338.0 -334.0 1
-191.0 397.0 1
-422.0 333.0 1
-272.0 222.0 1
257.0 118.0 1
137.0 401.0 1
-500.0 -331.0 1
