-186.0 82.0 0
-139.0 113.0 0
-72.0 223.0 0
27.0 76.0 0
-118.0 -308.0 0
-147.0 264.0 0
-128.0 -350.0 0
-87.0 -39.0 0
-35.0 11.0 0
-22.0 265.0 0
-320.0 -241.0 1
178.0 -40.0 1
218.0 -18.0 1
410.0 -174.0 1
122.0 -2.0 1
-570.0 38.0 1
-267.0 106.0 1
532.0 294.0 1
-179.0 -75.0 1
-265.0 -112.0 1
-432.0 155.0 1
-359.0 245.0 1
-395.0 184.0 1
-397.0 -317.0 1
369.0 224.0 1
-205.0 389.0 1
-526.0 -187.0 1
407.0 2.0 1
510.0 103.0 1
76.0 -181.0 1
-22.0 238.0 1
-466.0 -17.0 1
-249.0 -189.0 1
-361.0 116.0 1
-102.0 48.0 1
-446.0 -117.0 1
-272.0 53.0 1
526.0 228.0 1
211.0 328.0 1
354.0 379.0 1
438.0 -187.0 1
-306.0 113.0 1
-397.0 -201.0 1
-173.0 -359.0 1
471.0 -293.0 1
-208.0 -63.0 1
-511.0 -43.0 1
374.0 -203.0 1
146.0 -387.0 1
-369.0 -338.0 1
-398.0 245.0 1
-176.0 193.0 1
112.0 208.0 1
-427.0 18.0 1
81.0 239.0 1
13.0 -249.0 1
-116.0 -81.0 1
-189.0 256.0 1
-48.0 -397.0 1
504.0 391.0 1
