133.0 114.0 0
-87.0 -39.0 0
115.0 100.0 0
-99.0 -384.0 0
270.0 190.0 0
-17.0 87.0 0
-150.0 144.0 0
-30.0 111.0 0
-199.0 -62.0 0
-96.0 -18.0 0
-60.0 19.0 0
-51.0 -19.0 0
-373.0 13.0 0
-35.0 11.0 0
218.0 -59.0 0
-73.0 -144.0 0
-128.0 -330.0 0
-230.0 67.0 0
-22.0 265.0 0
212.0 -154.0 0
494.0 362.0 1
-226.0 75.0 1
-164.0 270.0 1
-398.0 245.0 1
447.0 -71.0 1
-234.0 -363.0 1
-288.0 153.0 1
206.0 320.0 1
-159.0 324.0 1
89.0 323.0 1
-379.0 -73.0 1
-5.0 282.0 1
-176.0 193.0 1
49.0 -94.0 1
241.0 313.0 1
497.0 -145.0 1
22.0 96.0 1
69.0 316.0 1
-159.0 -152.0 1
-198.0 -237.0 1
175.0 41.0 1
299.0 5.0 1
109.0 379.0 1
47.0 -399.0 1
90.0 367.0 1
83.0 249.0 1
-401.0 -147.0 1
-550.0 -70.0 1
248.0 242.0 1
-398.0 90.0 1
-538.0 52.0 1
-573.0 56.0 1
-145.0 114.0 1
200.0 193.0 1
112.0 208.0 1
-275.0 378.0 1
-13.0 -322.0 1
486.0 -394.0 1
-409.0 -161.0 1
481.0 52.0 1
-166.0 260.0 1
528.0 367.0 1
-462.0 -108.0 1
528.0 394.0 1
-366.0 73.0 1
-427.0 18.0 1
-351.0 -42.0 1
441.0 -174.0 1
208.0 -254.0 1
362.0 321.0 1
174.0 -220.0 1
34.0 274.0 1
-510.0 -331.0 1
-554.0 -41.0 1
81.0 239.0 1
464.0 -43.0 1
13.0 -249.0 1
315.0 380.0 1
187.0 -244.0 1
150.0 -2.0 1
-226.0 -267.0 1
330.0 -197.0 1
-571.0 40.0 1
512.0 235.0 1
-362.0 -27.0 1
-484.0 28.0 1
-422.0 295.0 1
-116.0 -81.0 1
-557.0 273.0 1
357.0 391.0 1
-189.0 256.0 1
372.0 -258.0 1
504.0 -261.0 1
-434.0 83.0 1
89.0 -396.0 1
-567.0 -214.0 1
392.0 -343.0 1
-376.0 188.0 1
-472.0 55.0 1
532.0 116.0 1
393.0 -382.0 1
-171.0 201.0 1
-384.0 -349.0 1
388.0 -36.0 1
-365.0 258.0 1
271.0 1.0 1
280.0 -266.0 1
-418.0 295.0 1
11.0 63.0 1
-291.0 -271.0 1
-48.0 -397.0 1
-469.0 -116.0 1
-301.0 92.0 1
449.0 53.0 1
341.0 -104.0 1
327.0 54.0 1
-434.0 17.0 1
504.0 391.0 1
-373.0 -123.0 1
-507.0 -324.0 1
