334.0 152.0 0
-79.0 259.0 0
-86.0 21.0 0
-222.0 7.0 0
5.0 -63.0 0
-299.0 79.0 0
112.0 -92.0 0
171.0 -116.0 0
-373.0 13.0 0
212.0 -154.0 0
159.0 -309.0 1
495.0 -263.0 1
335.0 170.0 1
191.0 341.0 1
-501.0 358.0 1
-324.0 302.0 1
-370.0 274.0 1
-403.0 -298.0 1
-228.0 -189.0 1
496.0 311.0 1
336.0 274.0 1
-142.0 -151.0 1
312.0 102.0 1
-294.0 -127.0 1
35.0 -326.0 1
76.0 -164.0 1
488.0 -412.0 1
-480.0 -337.0 1
-21.0 195.0 1
143.0 -294.0 1
-490.0 -309.0 1
-175.0 -40.0 1
-374.0 279.0 1
-105.0 -52.0 1
-250.0 -85.0 1
137.0 350.0 1
-174.0 202.0 1
-509.0 154.0 1
-541.0 327.0 1
-17.0 370.0 1
-395.0 -81.0 1
361.0 7.0 1
57.0 -212.0 1
446.0 312.0 1
-481.0 373.0 1
88.0 251.0 1
356.0 390.0 1
494.0 362.0 1
447.0 -71.0 1
109.0 379.0 1
83.0 249.0 1
-550.0 -70.0 1
-409.0 -161.0 1
528.0 367.0 1
362.0 321.0 1
187.0 -244.0 1
-567.0 -214.0 1
-469.0 -116.0 1
-434.0 17.0 1
-507.0 -324.0 1
