172.0 85.0 0
-186.0 82.0 0
251.0 183.0 0
-50.0 166.0 0
-79.0 259.0 0
-37.0 105.0 0
-139.0 113.0 0
-72.0 223.0 0
223.0 96.0 0
-305.0 -74.0 0
-367.0 12.0 0
-327.0 0.0 0
-222.0 7.0 0
-342.0 -12.0 0
334.0 258.0 0
-128.0 -350.0 0
239.0 -209.0 0
92.0 -54.0 0
222.0 -141.0 0
57.0 -51.0 0
164.0 390.0 1
159.0 -309.0 1
-356.0 393.0 1
89.0 -228.0 1
-542.0 401.0 1
477.0 -71.0 1
-430.0 111.0 1
495.0 -263.0 1
410.0 -174.0 1
-492.0 -87.0 1
122.0 -2.0 1
-138.0 -63.0 1
-570.0 38.0 1
60.0 -207.0 1
5.0 -169.0 1
-122.0 410.0 1
356.0 62.0 1
-179.0 -75.0 1
-239.0 132.0 1
-173.0 371.0 1
292.0 -273.0 1
-361.0 -238.0 1
-499.0 368.0 1
440.0 345.0 1
-395.0 184.0 1
497.0 -139.0 1
88.0 323.0 1
369.0 224.0 1
2.0 385.0 1
231.0 235.0 1
218.0 -102.0 1
-205.0 389.0 1
-446.0 369.0 1
-455.0 -381.0 1
246.0 -32.0 1
486.0 -29.0 1
-324.0 302.0 1
-2.0 322.0 1
-498.0 -86.0 1
418.0 -257.0 1
518.0 297.0 1
-186.0 -348.0 1
-533.0 -388.0 1
86.0 -139.0 1
160.0 -369.0 1
-501.0 246.0 1
-385.0 -405.0 1
-396.0 110.0 1
428.0 66.0 1
233.0 294.0 1
28.0 -139.0 1
-14.0 214.0 1
-39.0 350.0 1
257.0 118.0 1
196.0 254.0 1
180.0 208.0 1
-102.0 48.0 1
-386.0 175.0 1
-433.0 -107.0 1
360.0 67.0 1
-256.0 -182.0 1
302.0 -183.0 1
53.0 -92.0 1
488.0 -412.0 1
211.0 328.0 1
-175.0 -40.0 1
498.0 226.0 1
-348.0 384.0 1
-76.0 -374.0 1
403.0 288.0 1
-105.0 -52.0 1
420.0 337.0 1
474.0 -356.0 1
-297.0 99.0 1
476.0 358.0 1
365.0 86.0 1
-302.0 261.0 1
88.0 20.0 1
-134.0 340.0 1
-534.0 6.0 1
-208.0 -63.0 1
285.0 401.0 1
-254.0 -282.0 1
49.0 354.0 1
375.0 -203.0 1
143.0 -280.0 1
-510.0 67.0 1
490.0 -408.0 1
-404.0 36.0 1
46.0 -128.0 1
-384.0 -195.0 1
374.0 -203.0 1
-6.0 334.0 1
-417.0 266.0 1
423.0 -1.0 1
70.0 -252.0 1
-500.0 -331.0 1
457.0 10.0 1
-522.0 -258.0 1
353.0 -185.0 1
