152.0 130.0 0
52.0 55.0 0
161.0 81.0 0
-27.0 180.0 0
-95.0 170.0 0
-140.0 35.0 0
-127.0 -31.0 0
-145.0 5.0 0
-78.0 -189.0 0
5.0 -63.0 0
-164.0 -253.0 0
8.0 -250.0 0
154.0 195.0 0
61.0 -63.0 0
32.0 -29.0 0
250.0 -157.0 0
275.0 -214.0 0
98.0 -53.0 0
112.0 -92.0 0
171.0 -116.0 0
-207.0 -241.0 1
178.0 -40.0 1
-510.0 236.0 1
103.0 202.0 1
422.0 283.0 1
335.0 170.0 1
-382.0 -31.0 1
-517.0 83.0 1
25.0 -408.0 1
-504.0 44.0 1
-408.0 -151.0 1
109.0 -193.0 1
30.0 274.0 1
381.0 275.0 1
-265.0 -112.0 1
338.0 71.0 1
-58.0 -49.0 1
-436.0 182.0 1
222.0 -267.0 1
365.0 -248.0 1
-45.0 -382.0 1
98.0 -364.0 1
366.0 394.0 1
-222.0 -302.0 1
-454.0 -230.0 1
361.0 -358.0 1
504.0 -365.0 1
465.0 -11.0 1
-130.0 -69.0 1
-306.0 161.0 1
516.0 -280.0 1
396.0 196.0 1
508.0 166.0 1
-293.0 313.0 1
107.0 -207.0 1
-221.0 -273.0 1
407.0 2.0 1
510.0 103.0 1
-46.0 -358.0 1
305.0 -369.0 1
76.0 -181.0 1
-22.0 238.0 1
-403.0 -298.0 1
-322.0 -183.0 1
266.0 -320.0 1
-389.0 -53.0 1
291.0 -7.0 1
-420.0 97.0 1
-363.0 174.0 1
40.0 -292.0 1
-243.0 84.0 1
43.0 -357.0 1
-294.0 -127.0 1
-446.0 -117.0 1
-405.0 -383.0 1
73.0 372.0 1
-226.0 97.0 1
208.0 21.0 1
526.0 228.0 1
0.0 178.0 1
504.0 -387.0 1
143.0 -294.0 1
99.0 -193.0 1
26.0 -247.0 1
-182.0 -81.0 1
420.0 -4.0 1
445.0 358.0 1
-212.0 345.0 1
-532.0 -97.0 1
99.0 -348.0 1
-484.0 18.0 1
-227.0 303.0 1
-485.0 -175.0 1
417.0 362.0 1
-250.0 -85.0 1
-320.0 -202.0 1
-353.0 358.0 1
-173.0 -359.0 1
137.0 350.0 1
-174.0 202.0 1
91.0 -243.0 1
431.0 163.0 1
-293.0 124.0 1
-257.0 340.0 1
-511.0 -43.0 1
-79.0 41.0 1
-395.0 -81.0 1
-437.0 298.0 1
-481.0 373.0 1
273.0 -282.0 1
-381.0 73.0 1
-161.0 -105.0 1
88.0 251.0 1
108.0 -272.0 1
146.0 -387.0 1
-310.0 -162.0 1
-63.0 355.0 1
-555.0 11.0 1
-369.0 -338.0 1
-230.0 136.0 1
