-79.0 259.0 0
-109.0 -306.0 0
-325.0 -28.0 0
60.0 60.0 0
275.0 -214.0 0
-30.0 111.0 0
117.0 116.0 0
8.0 -250.0 0
270.0 190.0 0
158.0 192.0 0
-27.0 180.0 0
-230.0 67.0 0
61.0 -63.0 0
-87.0 -39.0 0
-367.0 12.0 0
148.0 -127.0 0
250.0 -157.0 0
-112.0 -360.0 0
-147.0 264.0 0
105.0 24.0 0
360.0 67.0 1
122.0 -2.0 1
208.0 -254.0 1
-188.0 -169.0 1
-13.0 -322.0 1
-554.0 -41.0 1
-322.0 -183.0 1
211.0 328.0 1
-484.0 28.0 1
-249.0 349.0 1
524.0 102.0 1
43.0 338.0 1
-435.0 -41.0 1
-346.0 175.0 1
354.0 379.0 1
453.0 138.0 1
160.0 -369.0 1
-401.0 -147.0 1
44.0 -283.0 1
-226.0 -267.0 1
365.0 -248.0 1
353.0 -185.0 1
-63.0 355.0 1
-427.0 18.0 1
28.0 -139.0 1
-186.0 -348.0 1
114.0 -280.0 1
246.0 -32.0 1
49.0 -94.0 1
457.0 26.0 1
-485.0 -175.0 1
396.0 196.0 1
312.0 102.0 1
198.0 227.0 1
476.0 358.0 1
305.0 -369.0 1
-198.0 -237.0 1
-48.0 -48.0 1
-174.0 202.0 1
137.0 401.0 1
-295.0 372.0 1
-433.0 -328.0 1
101.0 186.0 1
-442.0 -377.0 1
497.0 -145.0 1
512.0 235.0 1
-381.0 73.0 1
420.0 337.0 1
-134.0 -96.0 1
-517.0 83.0 1
175.0 41.0 1
43.0 -357.0 1
-502.0 151.0 1
-14.0 214.0 1
335.0 170.0 1
488.0 -412.0 1
-546.0 339.0 1
-226.0 97.0 1
292.0 -273.0 1
-348.0 384.0 1
495.0 -263.0 1
341.0 -104.0 1
315.0 380.0 1
-389.0 -291.0 1
83.0 249.0 1
-45.0 -382.0 1
-306.0 161.0 1
-122.0 410.0 1
-422.0 295.0 1
-297.0 99.0 1
107.0 -207.0 1
-161.0 346.0 1
397.0 -310.0 1
-325.0 -206.0 1
88.0 323.0 1
-82.0 73.0 1
408.0 -183.0 1
494.0 362.0 1
241.0 313.0 1
-379.0 -73.0 1
496.0 311.0 1
377.0 6.0 1
-422.0 333.0 1
-490.0 -309.0 1
-205.0 389.0 1
-182.0 -81.0 1
423.0 -1.0 1
-376.0 188.0 1
-570.0 38.0 1
-430.0 111.0 1
-370.0 274.0 1
504.0 -387.0 1
-256.0 -182.0 1
2.0 385.0 1
-557.0 273.0 1
-145.0 114.0 1
-264.0 138.0 1
-351.0 -42.0 1
-385.0 -405.0 1
1.0 138.0 1
