-72.0 223.0 0
-89.0 -295.0 0
-305.0 -74.0 0
52.0 55.0 0
258.0 -213.0 0
-17.0 87.0 0
133.0 114.0 0
19.0 -203.0 0
314.0 193.0 0
234.0 249.0 0
-22.0 265.0 0
-222.0 7.0 0
57.0 -51.0 0
-96.0 -18.0 0
-299.0 79.0 0
171.0 -116.0 0
218.0 -59.0 0
-128.0 -350.0 0
-150.0 144.0 0
5.0 -63.0 0
365.0 86.0 1
88.0 20.0 1
187.0 -244.0 1
-214.0 -135.0 1
4.0 -297.0 1
-511.0 -43.0 1
-310.0 -162.0 1
191.0 341.0 1
-484.0 18.0 1
-257.0 340.0 1
510.0 103.0 1
49.0 354.0 1
-420.0 -36.0 1
-340.0 143.0 1
362.0 321.0 1
439.0 107.0 1
146.0 -387.0 1
-393.0 -154.0 1
26.0 -247.0 1
-254.0 -282.0 1
372.0 -258.0 1
349.0 -177.0 1
-39.0 350.0 1
-404.0 36.0 1
5.0 -169.0 1
-173.0 -359.0 1
109.0 -292.0 1
229.0 -40.0 1
53.0 -92.0 1
481.0 52.0 1
-526.0 -187.0 1
432.0 177.0 1
327.0 54.0 1
196.0 254.0 1
465.0 342.0 1
324.0 -395.0 1
-183.0 -264.0 1
-58.0 -49.0 1
-171.0 201.0 1
137.0 350.0 1
-275.0 378.0 1
-419.0 -345.0 1
102.0 160.0 1
-455.0 -381.0 1
497.0 -139.0 1
526.0 228.0 1
-366.0 73.0 1
403.0 288.0 1
-104.0 -121.0 1
-531.0 81.0 1
208.0 21.0 1
35.0 -326.0 1
-509.0 154.0 1
-21.0 195.0 1
348.0 141.0 1
490.0 -408.0 1
-542.0 352.0 1
-226.0 75.0 1
280.0 -266.0 1
-353.0 358.0 1
471.0 -293.0 1
247.0 -94.0 1
330.0 376.0 1
-403.0 -298.0 1
81.0 239.0 1
-46.0 -358.0 1
-302.0 153.0 1
-121.0 404.0 1
-418.0 295.0 1
-301.0 92.0 1
109.0 -193.0 1
-134.0 340.0 1
392.0 -343.0 1
-320.0 -241.0 1
89.0 323.0 1
-90.0 99.0 1
410.0 -174.0 1
491.0 375.0 1
233.0 294.0 1
-395.0 -81.0 1
486.0 288.0 1
388.0 -36.0 1
-417.0 336.0 1
-491.0 -294.0 1
-212.0 345.0 1
-165.0 -98.0 1
447.0 -71.0 1
-363.0 174.0 1
-571.0 40.0 1
-416.0 110.0 1
-374.0 279.0 1
526.0 -377.0 1
-249.0 -189.0 1
-18.0 406.0 1
-501.0 246.0 1
-148.0 120.0 1
-272.0 222.0 1
-362.0 -27.0 1
-280.0 -387.0 1
22.0 96.0 1
