152.0 130.0 0
158.0 192.0 0
-68.0 157.0 0
-37.0 105.0 0
-367.0 12.0 0
-145.0 5.0 0
-327.0 19.0 0
-28.0 -146.0 0
98.0 -53.0 0
-30.0 111.0 0
25.0 -408.0 1
-504.0 44.0 1
-132.0 -325.0 1
98.0 -364.0 1
317.0 407.0 1
516.0 -280.0 1
-293.0 313.0 1
492.0 183.0 1
392.0 -112.0 1
-455.0 -381.0 1
-121.0 404.0 1
364.0 -175.0 1
486.0 -29.0 1
-258.0 143.0 1
-422.0 333.0 1
266.0 -320.0 1
109.0 -292.0 1
-286.0 343.0 1
-433.0 -328.0 1
187.0 -70.0 1
-183.0 -264.0 1
408.0 -183.0 1
53.0 -92.0 1
-3.0 353.0 1
520.0 317.0 1
99.0 -348.0 1
-452.0 -69.0 1
476.0 358.0 1
-485.0 -175.0 1
417.0 362.0 1
-402.0 349.0 1
-502.0 151.0 1
91.0 -243.0 1
-272.0 -159.0 1
-161.0 -105.0 1
349.0 -177.0 1
137.0 401.0 1
-63.0 355.0 1
247.0 -94.0 1
49.0 -94.0 1
497.0 -145.0 1
200.0 193.0 1
-166.0 260.0 1
-510.0 -331.0 1
-422.0 295.0 1
504.0 -261.0 1
-376.0 188.0 1
-472.0 55.0 1
-171.0 201.0 1
388.0 -36.0 1
