161.0 81.0 0
-18.0 135.0 0
234.0 -237.0 0
-140.0 35.0 0
334.0 258.0 0
-70.0 -273.0 0
-112.0 -360.0 0
154.0 195.0 0
239.0 -209.0 0
303.0 -208.0 0
-188.0 -169.0 1
-563.0 275.0 1
432.0 177.0 1
-148.0 120.0 1
-533.0 330.0 1
74.0 233.0 1
109.0 -193.0 1
-297.0 -283.0 1
366.0 394.0 1
-130.0 -69.0 1
-306.0 161.0 1
396.0 196.0 1
-419.0 -345.0 1
-446.0 369.0 1
-2.0 322.0 1
114.0 -280.0 1
-385.0 -405.0 1
348.0 141.0 1
233.0 294.0 1
275.0 337.0 1
257.0 118.0 1
180.0 208.0 1
-405.0 -383.0 1
-226.0 97.0 1
209.0 379.0 1
360.0 67.0 1
343.0 -324.0 1
327.0 190.0 1
504.0 -387.0 1
199.0 -287.0 1
125.0 -154.0 1
88.0 20.0 1
-534.0 6.0 1
377.0 6.0 1
-254.0 -282.0 1
49.0 354.0 1
453.0 138.0 1
-546.0 339.0 1
-510.0 67.0 1
-381.0 73.0 1
70.0 -252.0 1
355.0 -107.0 1
-115.0 371.0 1
-522.0 -258.0 1
-226.0 75.0 1
89.0 323.0 1
528.0 394.0 1
-366.0 73.0 1
-554.0 -41.0 1
512.0 235.0 1
