-54.0 159.0 0
-99.0 -384.0 0
-299.0 79.0 0
32.0 -29.0 0
222.0 -141.0 0
116.0 136.0 0
175.0 87.0 0
-73.0 -144.0 0
223.0 96.0 0
-186.0 82.0 0
327.0 54.0 1
175.0 41.0 1
143.0 -280.0 1
-182.0 -81.0 1
35.0 -326.0 1
-532.0 -97.0 1
-331.0 -131.0 1
164.0 390.0 1
-212.0 345.0 1
439.0 107.0 1
90.0 367.0 1
-434.0 17.0 1
-363.0 174.0 1
336.0 274.0 1
109.0 -292.0 1
-373.0 -123.0 1
-257.0 -341.0 1
397.0 -310.0 1
408.0 -183.0 1
-90.0 367.0 1
-434.0 83.0 1
57.0 -212.0 1
-77.0 -348.0 1
187.0 -70.0 1
-491.0 -294.0 1
335.0 170.0 1
494.0 362.0 1
266.0 -320.0 1
-138.0 -63.0 1
-189.0 256.0 1
-403.0 -298.0 1
407.0 2.0 1
413.0 -120.0 1
528.0 367.0 1
-570.0 38.0 1
248.0 242.0 1
-510.0 236.0 1
40.0 152.0 1
504.0 -365.0 1
-516.0 331.0 1
-267.0 106.0 1
-370.0 274.0 1
70.0 -252.0 1
-165.0 -98.0 1
-173.0 371.0 1
-450.0 291.0 1
-302.0 261.0 1
-359.0 245.0 1
388.0 -36.0 1
-385.0 -405.0 1
