-40.0 162.0 0
-164.0 -253.0 0
-222.0 7.0 0
115.0 100.0 0
171.0 -116.0 0
-51.0 -19.0 0
158.0 192.0 0
112.0 -92.0 0
148.0 -127.0 0
-147.0 264.0 0
377.0 6.0 1
102.0 160.0 1
251.0 -270.0 1
-161.0 -105.0 1
89.0 -299.0 1
-484.0 18.0 1
-320.0 -241.0 1
233.0 294.0 1
-295.0 372.0 1
504.0 217.0 1
89.0 323.0 1
-362.0 -27.0 1
-306.0 113.0 1
330.0 376.0 1
25.0 -408.0 1
-446.0 -117.0 1
-229.0 -357.0 1
353.0 -185.0 1
438.0 -187.0 1
-115.0 371.0 1
-430.0 111.0 1
53.0 -92.0 1
-198.0 -237.0 1
291.0 -7.0 1
-510.0 -331.0 1
327.0 190.0 1
496.0 311.0 1
280.0 -266.0 1
-82.0 73.0 1
-169.0 71.0 1
-480.0 -337.0 1
447.0 -71.0 1
434.0 -232.0 1
417.0 362.0 1
-472.0 55.0 1
88.0 251.0 1
-395.0 184.0 1
34.0 274.0 1
471.0 -293.0 1
-499.0 368.0 1
-258.0 143.0 1
-389.0 294.0 1
299.0 5.0 1
-175.0 -40.0 1
-159.0 324.0 1
-365.0 258.0 1
-386.0 175.0 1
109.0 379.0 1
-481.0 373.0 1
-563.0 275.0 1
