251.0 183.0 0
-40.0 162.0 0
-32.0 -226.0 0
234.0 249.0 0
-78.0 -189.0 0
250.0 -157.0 0
133.0 114.0 0
115.0 100.0 0
-199.0 -62.0 0
-73.0 -144.0 0
422.0 283.0 1
486.0 288.0 1
373.0 107.0 1
-408.0 -151.0 1
-361.0 -238.0 1
338.0 71.0 1
-58.0 -49.0 1
-45.0 -382.0 1
497.0 -139.0 1
-454.0 -230.0 1
361.0 -358.0 1
38.0 72.0 1
43.0 338.0 1
229.0 -40.0 1
-345.0 189.0 1
508.0 166.0 1
-543.0 207.0 1
199.0 -290.0 1
107.0 -207.0 1
-280.0 -387.0 1
251.0 -270.0 1
408.0 -67.0 1
-322.0 -183.0 1
-161.0 346.0 1
43.0 -357.0 1
-287.0 89.0 1
99.0 -193.0 1
396.0 16.0 1
403.0 288.0 1
23.0 212.0 1
420.0 337.0 1
-491.0 -294.0 1
-416.0 110.0 1
-384.0 -195.0 1
273.0 -282.0 1
108.0 -272.0 1
-331.0 -131.0 1
-500.0 -331.0 1
-555.0 11.0 1
206.0 320.0 1
-379.0 -73.0 1
241.0 313.0 1
-145.0 114.0 1
464.0 -43.0 1
330.0 -197.0 1
-362.0 -27.0 1
-557.0 273.0 1
-384.0 -349.0 1
-365.0 258.0 1
-291.0 -271.0 1
