71.0 76.0 0
-186.0 82.0 0
52.0 55.0 0
334.0 152.0 0
50.0 17.0 0
60.0 60.0 0
158.0 192.0 0
161.0 81.0 0
-18.0 135.0 0
-50.0 166.0 0
-79.0 259.0 0
-68.0 157.0 0
-40.0 162.0 0
-139.0 113.0 0
-72.0 223.0 0
-109.0 267.0 0
234.0 -237.0 0
-95.0 170.0 0
-325.0 -28.0 0
223.0 96.0 0
-140.0 35.0 0
-367.0 12.0 0
105.0 24.0 0
-145.0 5.0 0
-222.0 7.0 0
-127.0 -196.0 0
-128.0 -350.0 0
-78.0 -189.0 0
5.0 -63.0 0
-164.0 -253.0 0
-109.0 -306.0 0
61.0 -63.0 0
250.0 -157.0 0
275.0 -214.0 0
98.0 -53.0 0
222.0 -141.0 0
19.0 -203.0 0
303.0 -208.0 0
57.0 -51.0 0
-87.0 -39.0 0
115.0 100.0 0
-99.0 -384.0 0
-17.0 87.0 0
-150.0 144.0 0
-35.0 11.0 0
-73.0 -144.0 0
-230.0 67.0 0
212.0 -154.0 0
159.0 -309.0 1
89.0 -228.0 1
-542.0 401.0 1
-188.0 -169.0 1
-430.0 111.0 1
495.0 -263.0 1
-563.0 275.0 1
178.0 -40.0 1
-82.0 73.0 1
-510.0 236.0 1
103.0 202.0 1
-123.0 391.0 1
-340.0 143.0 1
122.0 -2.0 1
-138.0 -63.0 1
432.0 177.0 1
520.0 -142.0 1
-570.0 38.0 1
-148.0 120.0 1
335.0 170.0 1
60.0 -207.0 1
-272.0 222.0 1
397.0 -310.0 1
5.0 -169.0 1
-517.0 83.0 1
25.0 -408.0 1
-188.0 -206.0 1
-332.0 -61.0 1
-319.0 -122.0 1
-179.0 -75.0 1
109.0 -193.0 1
-239.0 132.0 1
-173.0 371.0 1
30.0 274.0 1
330.0 376.0 1
292.0 -273.0 1
-165.0 -98.0 1
-361.0 -238.0 1
191.0 341.0 1
-132.0 -325.0 1
338.0 71.0 1
-436.0 182.0 1
440.0 345.0 1
222.0 -267.0 1
-45.0 -382.0 1
-359.0 245.0 1
-395.0 184.0 1
497.0 -139.0 1
-222.0 -302.0 1
361.0 -358.0 1
504.0 -365.0 1
465.0 -11.0 1
516.0 -280.0 1
-134.0 -96.0 1
2.0 385.0 1
231.0 235.0 1
43.0 338.0 1
229.0 -40.0 1
-345.0 189.0 1
508.0 166.0 1
135.0 29.0 1
-419.0 -345.0 1
-293.0 313.0 1
-516.0 331.0 1
-302.0 153.0 1
492.0 183.0 1
392.0 -112.0 1
-455.0 -381.0 1
246.0 -32.0 1
107.0 -207.0 1
-121.0 404.0 1
364.0 -175.0 1
-280.0 -387.0 1
486.0 -29.0 1
-324.0 302.0 1
407.0 2.0 1
510.0 103.0 1
-2.0 322.0 1
305.0 -369.0 1
76.0 -181.0 1
-338.0 -334.0 1
102.0 160.0 1
-258.0 143.0 1
-266.0 384.0 1
114.0 -280.0 1
-22.0 238.0 1
504.0 217.0 1
-243.0 413.0 1
418.0 -257.0 1
-249.0 349.0 1
-422.0 333.0 1
518.0 297.0 1
-325.0 -206.0 1
408.0 -67.0 1
-322.0 -183.0 1
-161.0 346.0 1
266.0 -320.0 1
-389.0 -53.0 1
109.0 -292.0 1
89.0 -299.0 1
263.0 403.0 1
496.0 311.0 1
465.0 342.0 1
-420.0 -36.0 1
348.0 141.0 1
-442.0 51.0 1
427.0 -277.0 1
-140.0 -284.0 1
-249.0 -189.0 1
291.0 -7.0 1
452.0 -133.0 1
28.0 -139.0 1
-420.0 97.0 1
-363.0 174.0 1
-102.0 48.0 1
-446.0 -117.0 1
-405.0 -383.0 1
-272.0 53.0 1
187.0 -70.0 1
-386.0 175.0 1
73.0 372.0 1
-450.0 291.0 1
-162.0 -234.0 1
35.0 -326.0 1
208.0 21.0 1
408.0 -183.0 1
360.0 67.0 1
-256.0 -182.0 1
343.0 -324.0 1
-346.0 175.0 1
53.0 -92.0 1
533.0 54.0 1
-3.0 353.0 1
99.0 -193.0 1
26.0 -247.0 1
-374.0 279.0 1
-76.0 -374.0 1
-435.0 -41.0 1
354.0 379.0 1
-393.0 -154.0 1
526.0 -377.0 1
-105.0 -52.0 1
445.0 358.0 1
198.0 227.0 1
-175.0 41.0 1
-212.0 345.0 1
-532.0 -97.0 1
99.0 -348.0 1
-227.0 303.0 1
20.0 276.0 1
1.0 138.0 1
-306.0 113.0 1
365.0 86.0 1
-397.0 -201.0 1
-320.0 -202.0 1
-512.0 377.0 1
-302.0 261.0 1
-353.0 358.0 1
-173.0 -359.0 1
-428.0 -224.0 1
285.0 77.0 1
137.0 350.0 1
-534.0 6.0 1
-208.0 -63.0 1
-174.0 202.0 1
-502.0 151.0 1
377.0 6.0 1
91.0 -243.0 1
285.0 401.0 1
-478.0 -306.0 1
-293.0 124.0 1
-509.0 154.0 1
-541.0 327.0 1
-17.0 370.0 1
-511.0 -43.0 1
49.0 354.0 1
-79.0 41.0 1
-416.0 110.0 1
143.0 -280.0 1
-395.0 -81.0 1
-132.0 -317.0 1
361.0 7.0 1
-437.0 298.0 1
-508.0 233.0 1
-311.0 114.0 1
446.0 312.0 1
-481.0 373.0 1
374.0 -203.0 1
-6.0 334.0 1
-381.0 73.0 1
-417.0 266.0 1
-272.0 -159.0 1
88.0 251.0 1
70.0 -252.0 1
-317.0 403.0 1
89.0 275.0 1
-115.0 371.0 1
137.0 401.0 1
483.0 -410.0 1
457.0 10.0 1
-417.0 336.0 1
247.0 -94.0 1
494.0 362.0 1
-226.0 75.0 1
447.0 -71.0 1
206.0 320.0 1
-159.0 324.0 1
-379.0 -73.0 1
241.0 313.0 1
497.0 -145.0 1
22.0 96.0 1
69.0 316.0 1
47.0 -399.0 1
90.0 367.0 1
83.0 249.0 1
-401.0 -147.0 1
-550.0 -70.0 1
-538.0 52.0 1
-13.0 -322.0 1
486.0 -394.0 1
-409.0 -161.0 1
528.0 367.0 1
-366.0 73.0 1
441.0 -174.0 1
34.0 274.0 1
-510.0 -331.0 1
-554.0 -41.0 1
81.0 239.0 1
464.0 -43.0 1
187.0 -244.0 1
330.0 -197.0 1
-571.0 40.0 1
-362.0 -27.0 1
-484.0 28.0 1
-422.0 295.0 1
-116.0 -81.0 1
-557.0 273.0 1
-189.0 256.0 1
-434.0 83.0 1
89.0 -396.0 1
392.0 -343.0 1
-376.0 188.0 1
532.0 116.0 1
393.0 -382.0 1
-171.0 201.0 1
388.0 -36.0 1
-365.0 258.0 1
-48.0 -397.0 1
-469.0 -116.0 1
449.0 53.0 1
341.0 -104.0 1
-434.0 17.0 1
