-45.0 202.0 0
-70.0 -273.0 0
-327.0 0.0 0
50.0 17.0 0
239.0 -209.0 0
-37.0 105.0 0
152.0 130.0 0
8.0 -255.0 0
334.0 152.0 0
-86.0 21.0 0
373.0 107.0 1
135.0 29.0 1
174.0 -220.0 1
-228.0 -189.0 1
40.0 -292.0 1
-498.0 -86.0 1
-319.0 -122.0 1
203.0 366.0 1
-286.0 343.0 1
532.0 116.0 1
68.0 347.0 1
-382.0 -31.0 1
-332.0 183.0 1
381.0 275.0 1
89.0 -396.0 1
-408.0 -151.0 1
-221.0 -273.0 1
374.0 -203.0 1
302.0 -183.0 1
-17.0 370.0 1
-442.0 51.0 1
46.0 -128.0 1
-132.0 -325.0 1
218.0 -18.0 1
-522.0 -258.0 1
396.0 196.0 1
440.0 345.0 1
361.0 -358.0 1
-105.0 -52.0 1
-176.0 193.0 1
-384.0 -349.0 1
465.0 -11.0 1
520.0 -142.0 1
532.0 294.0 1
-538.0 52.0 1
198.0 227.0 1
-432.0 155.0 1
-22.0 238.0 1
483.0 -410.0 1
-541.0 327.0 1
-243.0 84.0 1
-356.0 393.0 1
99.0 -193.0 1
-48.0 -397.0 1
-123.0 391.0 1
-437.0 298.0 1
-293.0 124.0 1
74.0 233.0 1
285.0 401.0 1
-389.0 -291.0 1
