172.0 85.0 0
52.0 55.0 0
-27.0 180.0 0
-109.0 267.0 0
314.0 193.0 0
223.0 96.0 0
105.0 24.0 0
-342.0 -12.0 0
-127.0 -196.0 0
-96.0 -18.0 0
164.0 390.0 1
477.0 -71.0 1
-82.0 73.0 1
-492.0 -87.0 1
520.0 -142.0 1
5.0 -169.0 1
330.0 376.0 1
-90.0 99.0 1
440.0 345.0 1
465.0 -11.0 1
231.0 235.0 1
87.0 347.0 1
-516.0 331.0 1
246.0 -32.0 1
-46.0 -358.0 1
-557.0 360.0 1
305.0 -369.0 1
40.0 152.0 1
-498.0 -86.0 1
-249.0 349.0 1
-186.0 -348.0 1
86.0 -139.0 1
89.0 -299.0 1
-501.0 246.0 1
465.0 342.0 1
-185.0 155.0 1
291.0 -7.0 1
-243.0 84.0 1
68.0 347.0 1
533.0 54.0 1
498.0 226.0 1
445.0 358.0 1
1.0 138.0 1
-134.0 340.0 1
-478.0 -306.0 1
490.0 -408.0 1
-508.0 233.0 1
-417.0 266.0 1
-310.0 -162.0 1
-417.0 336.0 1
353.0 -185.0 1
299.0 5.0 1
-401.0 -147.0 1
208.0 -254.0 1
174.0 -220.0 1
34.0 274.0 1
-226.0 -267.0 1
357.0 391.0 1
392.0 -343.0 1
327.0 54.0 1
