-109.0 267.0 0
-128.0 -350.0 0
-367.0 12.0 0
57.0 -51.0 0
212.0 -154.0 0
-139.0 113.0 0
153.0 195.0 0
61.0 -63.0 0
117.0 -7.0 0
-230.0 67.0 0
361.0 7.0 1
-8.0 3.0 1
159.0 -309.0 1
-250.0 -85.0 1
26.0 -247.0 1
-466.0 -17.0 1
-325.0 -206.0 1
196.0 254.0 1
-293.0 313.0 1
492.0 183.0 1
-3.0 353.0 1
-452.0 -69.0 1
-306.0 161.0 1
403.0 288.0 1
114.0 -280.0 1
-379.0 -73.0 1
-207.0 -241.0 1
427.0 -277.0 1
392.0 -112.0 1
2.0 385.0 1
-366.0 73.0 1
49.0 -94.0 1
-162.0 -234.0 1
208.0 21.0 1
-507.0 -324.0 1
498.0 226.0 1
420.0 349.0 1
292.0 -273.0 1
-104.0 -121.0 1
-148.0 120.0 1
-369.0 -338.0 1
396.0 16.0 1
504.0 -261.0 1
528.0 394.0 1
-555.0 11.0 1
101.0 186.0 1
-351.0 -42.0 1
20.0 276.0 1
474.0 -356.0 1
-501.0 358.0 1
-287.0 89.0 1
-374.0 279.0 1
-142.0 -151.0 1
-179.0 -75.0 1
-161.0 346.0 1
-398.0 245.0 1
-332.0 -61.0 1
-243.0 413.0 1
408.0 -67.0 1
-533.0 -388.0 1
