-68.0 157.0 0
-118.0 -308.0 0
-342.0 -12.0 0
71.0 76.0 0
234.0 -237.0 0
-22.0 265.0 0
168.0 114.0 0
-32.0 -226.0 0
334.0 258.0 0
-127.0 -31.0 0
356.0 62.0 1
150.0 -2.0 1
199.0 -287.0 1
-208.0 -63.0 1
-33.0 -288.0 1
-492.0 -87.0 1
-320.0 -202.0 1
206.0 320.0 1
-254.0 389.0 1
508.0 166.0 1
73.0 372.0 1
-428.0 -82.0 1
-345.0 189.0 1
357.0 391.0 1
98.0 -364.0 1
-409.0 -161.0 1
-297.0 -283.0 1
375.0 -203.0 1
355.0 -107.0 1
-6.0 334.0 1
-381.0 73.0 1
76.0 -164.0 1
-132.0 -317.0 1
178.0 -40.0 1
-567.0 -214.0 1
428.0 66.0 1
494.0 344.0 1
343.0 -324.0 1
-116.0 -81.0 1
-185.0 155.0 1
-405.0 -383.0 1
423.0 -1.0 1
452.0 -133.0 1
518.0 297.0 1
-510.0 67.0 1
112.0 208.0 1
-436.0 182.0 1
0.0 178.0 1
486.0 -394.0 1
-557.0 360.0 1
-230.0 136.0 1
-402.0 349.0 1
107.0 -207.0 1
-280.0 -387.0 1
-132.0 357.0 1
-417.0 266.0 1
-288.0 153.0 1
83.0 249.0 1
263.0 403.0 1
-478.0 -306.0 1
