172.0 85.0 0
175.0 87.0 0
168.0 114.0 0
152.0 130.0 0
251.0 183.0 0
117.0 116.0 0
116.0 136.0 0
-45.0 202.0 0
-27.0 180.0 0
-37.0 105.0 0
-54.0 159.0 0
27.0 76.0 0
314.0 193.0 0
117.0 -7.0 0
-86.0 21.0 0
-127.0 -31.0 0
-305.0 -74.0 0
-327.0 0.0 0
-327.0 19.0 0
-342.0 -12.0 0
334.0 258.0 0
-118.0 -308.0 0
-32.0 -226.0 0
234.0 249.0 0
-147.0 264.0 0
153.0 195.0 0
-28.0 -146.0 0
8.0 -255.0 0
-70.0 -273.0 0
-89.0 -295.0 0
-112.0 -360.0 0
8.0 -250.0 0
154.0 195.0 0
239.0 -209.0 0
148.0 -127.0 0
-299.0 79.0 0
32.0 -29.0 0
258.0 -213.0 0
92.0 -54.0 0
112.0 -92.0 0
171.0 -116.0 0
133.0 114.0 0
270.0 190.0 0
-30.0 111.0 0
-199.0 -62.0 0
-96.0 -18.0 0
-60.0 19.0 0
-51.0 -19.0 0
-373.0 13.0 0
218.0 -59.0 0
-128.0 -330.0 0
-22.0 265.0 0
164.0 390.0 1
-356.0 393.0 1
-320.0 -241.0 1
-207.0 -241.0 1
477.0 -71.0 1
218.0 -18.0 1
410.0 -174.0 1
-492.0 -87.0 1
422.0 283.0 1
-267.0 106.0 1
486.0 288.0 1
-382.0 -31.0 1
-533.0 330.0 1
74.0 233.0 1
-122.0 410.0 1
356.0 62.0 1
373.0 107.0 1
532.0 294.0 1
-504.0 44.0 1
-408.0 -151.0 1
-115.0 71.0 1
203.0 366.0 1
381.0 275.0 1
-90.0 99.0 1
-265.0 -112.0 1
-499.0 368.0 1
-432.0 155.0 1
-58.0 -49.0 1
365.0 -248.0 1
98.0 -364.0 1
-214.0 -135.0 1
-297.0 -283.0 1
366.0 394.0 1
524.0 102.0 1
-501.0 358.0 1
-397.0 -317.0 1
-454.0 -230.0 1
-441.0 297.0 1
-130.0 -69.0 1
-306.0 161.0 1
317.0 407.0 1
88.0 323.0 1
38.0 72.0 1
369.0 224.0 1
-389.0 294.0 1
396.0 196.0 1
-254.0 389.0 1
44.0 -283.0 1
87.0 347.0 1
-543.0 207.0 1
218.0 -102.0 1
-205.0 389.0 1
-526.0 -187.0 1
-446.0 369.0 1
-132.0 357.0 1
199.0 -290.0 1
101.0 186.0 1
-221.0 -273.0 1
-46.0 -358.0 1
-557.0 360.0 1
-414.0 210.0 1
40.0 152.0 1
-370.0 274.0 1
-498.0 -86.0 1
-33.0 -288.0 1
251.0 -270.0 1
165.0 -14.0 1
-186.0 -348.0 1
-533.0 -388.0 1
-403.0 -298.0 1
-257.0 -341.0 1
86.0 -139.0 1
-466.0 -17.0 1
160.0 -369.0 1
-104.0 -121.0 1
-228.0 -189.0 1
-501.0 246.0 1
-385.0 -405.0 1
-396.0 110.0 1
-77.0 -348.0 1
428.0 66.0 1
324.0 -395.0 1
-18.0 406.0 1
-185.0 155.0 1
233.0 294.0 1
336.0 274.0 1
-286.0 343.0 1
-191.0 397.0 1
-142.0 -151.0 1
-361.0 116.0 1
-433.0 -328.0 1
413.0 -120.0 1
312.0 102.0 1
40.0 -292.0 1
-542.0 352.0 1
-243.0 84.0 1
-14.0 214.0 1
275.0 337.0 1
-39.0 350.0 1
257.0 118.0 1
43.0 -357.0 1
-294.0 -127.0 1
196.0 254.0 1
68.0 347.0 1
180.0 208.0 1
-226.0 97.0 1
-90.0 367.0 1
209.0 379.0 1
-183.0 -264.0 1
-433.0 -107.0 1
526.0 228.0 1
76.0 -164.0 1
302.0 -183.0 1
0.0 178.0 1
494.0 344.0 1
488.0 -412.0 1
211.0 328.0 1
327.0 190.0 1
-287.0 89.0 1
-480.0 -337.0 1
-21.0 195.0 1
504.0 -387.0 1
143.0 -294.0 1
-490.0 -309.0 1
-175.0 -40.0 1
498.0 226.0 1
-264.0 138.0 1
-348.0 384.0 1
-182.0 -81.0 1
457.0 26.0 1
396.0 16.0 1
496.0 -377.0 1
330.0 -278.0 1
403.0 288.0 1
23.0 212.0 1
520.0 317.0 1
-389.0 -291.0 1
420.0 -4.0 1
420.0 337.0 1
199.0 -287.0 1
-169.0 71.0 1
438.0 -187.0 1
-8.0 3.0 1
491.0 375.0 1
474.0 -356.0 1
-297.0 99.0 1
-484.0 18.0 1
-452.0 -69.0 1
4.0 -297.0 1
476.0 358.0 1
-485.0 -175.0 1
-332.0 183.0 1
417.0 362.0 1
-402.0 349.0 1
-250.0 -85.0 1
-531.0 81.0 1
125.0 -154.0 1
-442.0 -377.0 1
88.0 20.0 1
-491.0 -294.0 1
-134.0 340.0 1
471.0 -293.0 1
434.0 -232.0 1
431.0 163.0 1
-254.0 -282.0 1
-257.0 340.0 1
375.0 -203.0 1
453.0 138.0 1
-546.0 339.0 1
-510.0 67.0 1
490.0 -408.0 1
-48.0 -48.0 1
-295.0 372.0 1
57.0 -212.0 1
-404.0 36.0 1
420.0 349.0 1
46.0 -128.0 1
-384.0 -195.0 1
273.0 -282.0 1
-161.0 -105.0 1
-428.0 -82.0 1
423.0 -1.0 1
108.0 -272.0 1
439.0 107.0 1
355.0 -107.0 1
-331.0 -131.0 1
-229.0 -357.0 1
-500.0 -331.0 1
349.0 -177.0 1
146.0 -387.0 1
-310.0 -162.0 1
-63.0 355.0 1
356.0 390.0 1
-555.0 11.0 1
-369.0 -338.0 1
-230.0 136.0 1
-522.0 -258.0 1
353.0 -185.0 1
-164.0 270.0 1
-398.0 245.0 1
-234.0 -363.0 1
-288.0 153.0 1
89.0 323.0 1
-5.0 282.0 1
-176.0 193.0 1
49.0 -94.0 1
-159.0 -152.0 1
-198.0 -237.0 1
175.0 41.0 1
299.0 5.0 1
109.0 379.0 1
248.0 242.0 1
-398.0 90.0 1
-573.0 56.0 1
-145.0 114.0 1
200.0 193.0 1
112.0 208.0 1
-275.0 378.0 1
481.0 52.0 1
-166.0 260.0 1
-462.0 -108.0 1
528.0 394.0 1
-427.0 18.0 1
-351.0 -42.0 1
208.0 -254.0 1
362.0 321.0 1
174.0 -220.0 1
13.0 -249.0 1
315.0 380.0 1
150.0 -2.0 1
-226.0 -267.0 1
512.0 235.0 1
357.0 391.0 1
372.0 -258.0 1
504.0 -261.0 1
-567.0 -214.0 1
-472.0 55.0 1
-384.0 -349.0 1
271.0 1.0 1
280.0 -266.0 1
-418.0 295.0 1
11.0 63.0 1
-291.0 -271.0 1
-301.0 92.0 1
327.0 54.0 1
504.0 391.0 1
-373.0 -123.0 1
-507.0 -324.0 1
