71.0 76.0 0
172.0 85.0 0
334.0 152.0 0
50.0 17.0 0
116.0 136.0 0
158.0 192.0 0
161.0 81.0 0
-45.0 202.0 0
-27.0 180.0 0
-37.0 105.0 0
-139.0 113.0 0
-72.0 223.0 0
-109.0 267.0 0
234.0 -237.0 0
-95.0 170.0 0
-54.0 159.0 0
27.0 76.0 0
223.0 96.0 0
-127.0 -196.0 0
-118.0 -308.0 0
-32.0 -226.0 0
153.0 195.0 0
-128.0 -350.0 0
-28.0 -146.0 0
-78.0 -189.0 0
5.0 -63.0 0
-109.0 -306.0 0
-89.0 -295.0 0
-112.0 -360.0 0
8.0 -250.0 0
61.0 -63.0 0
148.0 -127.0 0
258.0 -213.0 0
275.0 -214.0 0
222.0 -141.0 0
19.0 -203.0 0
171.0 -116.0 0
303.0 -208.0 0
133.0 114.0 0
-87.0 -39.0 0
-99.0 -384.0 0
270.0 190.0 0
-60.0 19.0 0
-373.0 13.0 0
-230.0 67.0 0
-22.0 265.0 0
164.0 390.0 1
89.0 -228.0 1
-542.0 401.0 1
-320.0 -241.0 1
-188.0 -169.0 1
477.0 -71.0 1
-430.0 111.0 1
-563.0 275.0 1
-82.0 73.0 1
218.0 -18.0 1
410.0 -174.0 1
103.0 202.0 1
-123.0 391.0 1
-492.0 -87.0 1
122.0 -2.0 1
-138.0 -63.0 1
422.0 283.0 1
432.0 177.0 1
-570.0 38.0 1
-148.0 120.0 1
60.0 -207.0 1
486.0 288.0 1
-533.0 330.0 1
5.0 -169.0 1
-517.0 83.0 1
356.0 62.0 1
373.0 107.0 1
-332.0 -61.0 1
-179.0 -75.0 1
-115.0 71.0 1
109.0 -193.0 1
203.0 366.0 1
-239.0 132.0 1
-173.0 371.0 1
30.0 274.0 1
330.0 376.0 1
292.0 -273.0 1
191.0 341.0 1
-432.0 155.0 1
-58.0 -49.0 1
222.0 -267.0 1
98.0 -364.0 1
-214.0 -135.0 1
-297.0 -283.0 1
-501.0 358.0 1
497.0 -139.0 1
-222.0 -302.0 1
-454.0 -230.0 1
504.0 -365.0 1
317.0 407.0 1
88.0 323.0 1
516.0 -280.0 1
-134.0 -96.0 1
369.0 224.0 1
-389.0 294.0 1
43.0 338.0 1
229.0 -40.0 1
396.0 196.0 1
-345.0 189.0 1
508.0 166.0 1
87.0 347.0 1
-293.0 313.0 1
-543.0 207.0 1
218.0 -102.0 1
-205.0 389.0 1
-526.0 -187.0 1
-446.0 369.0 1
199.0 -290.0 1
392.0 -112.0 1
-455.0 -381.0 1
107.0 -207.0 1
-121.0 404.0 1
101.0 186.0 1
-221.0 -273.0 1
407.0 2.0 1
305.0 -369.0 1
76.0 -181.0 1
102.0 160.0 1
-370.0 274.0 1
-498.0 -86.0 1
-22.0 238.0 1
504.0 217.0 1
418.0 -257.0 1
165.0 -14.0 1
-533.0 -388.0 1
408.0 -67.0 1
-257.0 -341.0 1
86.0 -139.0 1
-466.0 -17.0 1
-104.0 -121.0 1
-228.0 -189.0 1
-501.0 246.0 1
263.0 403.0 1
-77.0 -348.0 1
428.0 66.0 1
465.0 342.0 1
-420.0 -36.0 1
427.0 -277.0 1
-140.0 -284.0 1
-191.0 397.0 1
-249.0 -189.0 1
291.0 -7.0 1
452.0 -133.0 1
-361.0 116.0 1
28.0 -139.0 1
-433.0 -328.0 1
312.0 102.0 1
-363.0 174.0 1
40.0 -292.0 1
-542.0 352.0 1
275.0 337.0 1
-39.0 350.0 1
257.0 118.0 1
-294.0 -127.0 1
196.0 254.0 1
73.0 372.0 1
-226.0 97.0 1
209.0 379.0 1
-162.0 -234.0 1
35.0 -326.0 1
208.0 21.0 1
526.0 228.0 1
408.0 -183.0 1
360.0 67.0 1
302.0 -183.0 1
53.0 -92.0 1
488.0 -412.0 1
533.0 54.0 1
211.0 328.0 1
327.0 190.0 1
-21.0 195.0 1
504.0 -387.0 1
143.0 -294.0 1
-175.0 -40.0 1
498.0 226.0 1
99.0 -193.0 1
26.0 -247.0 1
-348.0 384.0 1
-435.0 -41.0 1
396.0 16.0 1
-393.0 -154.0 1
496.0 -377.0 1
330.0 -278.0 1
403.0 288.0 1
-105.0 -52.0 1
520.0 317.0 1
445.0 358.0 1
-175.0 41.0 1
199.0 -287.0 1
-212.0 345.0 1
-169.0 71.0 1
-8.0 3.0 1
491.0 375.0 1
99.0 -348.0 1
-297.0 99.0 1
-484.0 18.0 1
-227.0 303.0 1
-452.0 -69.0 1
1.0 138.0 1
4.0 -297.0 1
-485.0 -175.0 1
365.0 86.0 1
-320.0 -202.0 1
-442.0 -377.0 1
-353.0 358.0 1
-173.0 -359.0 1
88.0 20.0 1
285.0 77.0 1
-502.0 151.0 1
377.0 6.0 1
-478.0 -306.0 1
-293.0 124.0 1
-509.0 154.0 1
-17.0 370.0 1
453.0 138.0 1
-79.0 41.0 1
143.0 -280.0 1
-395.0 -81.0 1
-510.0 67.0 1
-132.0 -317.0 1
361.0 7.0 1
-437.0 298.0 1
-48.0 -48.0 1
-295.0 372.0 1
57.0 -212.0 1
-404.0 36.0 1
420.0 349.0 1
-311.0 114.0 1
446.0 312.0 1
-384.0 -195.0 1
374.0 -203.0 1
-6.0 334.0 1
-381.0 73.0 1
-417.0 266.0 1
-161.0 -105.0 1
88.0 251.0 1
-317.0 403.0 1
439.0 107.0 1
-331.0 -131.0 1
-229.0 -357.0 1
89.0 275.0 1
-500.0 -331.0 1
-115.0 371.0 1
146.0 -387.0 1
-310.0 -162.0 1
457.0 10.0 1
-417.0 336.0 1
-522.0 -258.0 1
353.0 -185.0 1
494.0 362.0 1
-226.0 75.0 1
-288.0 153.0 1
206.0 320.0 1
-159.0 324.0 1
89.0 323.0 1
-379.0 -73.0 1
241.0 313.0 1
22.0 96.0 1
69.0 316.0 1
109.0 379.0 1
90.0 367.0 1
-550.0 -70.0 1
248.0 242.0 1
-538.0 52.0 1
-573.0 56.0 1
-145.0 114.0 1
-275.0 378.0 1
486.0 -394.0 1
-409.0 -161.0 1
528.0 367.0 1
-366.0 73.0 1
441.0 -174.0 1
362.0 321.0 1
-554.0 -41.0 1
464.0 -43.0 1
187.0 -244.0 1
150.0 -2.0 1
330.0 -197.0 1
-571.0 40.0 1
512.0 235.0 1
-362.0 -27.0 1
-557.0 273.0 1
89.0 -396.0 1
-567.0 -214.0 1
532.0 116.0 1
-384.0 -349.0 1
-365.0 258.0 1
-418.0 295.0 1
-291.0 -271.0 1
-469.0 -116.0 1
-301.0 92.0 1
-434.0 17.0 1
-373.0 -123.0 1
-507.0 -324.0 1
