358.0 400.0 0
224.0 622.0 0
347.0 386.0 0
121.0 552.0 0
433.0 684.0 0
156.0 540.0 0
140.0 617.0 0
316.0 366.0 0
502.0 350.0 0
249.0 410.0 0
210.0 965.0 1
-20.0 901.0 1
138.0 700.0 1
726.0 496.0 1
744.0 645.0 1
171.0 689.0 1
54.0 765.0 1
739.0 773.0 1
353.0 168.0 1
239.0 821.0 1
76.0 75.0 1
559.0 981.0 1
306.0 139.0 1
289.0 806.0 1
30.0 398.0 1
296.0 941.0 1
383.0 251.0 1
-62.0 575.0 1
93.0 498.0 1
73.0 202.0 1
548.0 702.0 1
310.0 864.0 1
325.0 236.0 1
234.0 127.0 1
429.0 552.0 1
11.0 592.0 1
687.0 269.0 1
431.0 257.0 1
7.0 186.0 1
442.0 459.0 1
521.0 407.0 1
139.0 632.0 1
472.0 95.0 1
-25.0 240.0 1
110.0 212.0 1
602.0 94.0 1
428.0 980.0 1
720.0 923.0 1
173.0 376.0 1
81.0 751.0 1
475.0 555.0 1
-57.0 113.0 1
569.0 241.0 1
269.0 268.0 1
618.0 738.0 1
323.0 156.0 1
529.0 274.0 1
228.0 702.0 1
674.0 712.0 1
639.0 96.0 1
714.0 397.0 1
129.0 428.0 1
38.0 704.0 1
186.0 890.0 1
568.0 865.0 1
190.0 190.0 1
-22.0 885.0 1
-41.0 604.0 1
182.0 623.0 1
475.0 526.0 1
381.0 766.0 1
512.0 207.0 1
690.0 319.0 1
350.0 944.0 1
326.0 986.0 1
149.0 799.0 1
127.0 322.0 1
172.0 199.0 1
246.0 324.0 1
576.0 687.0 1
