358.0 400.0 0
415.0 294.0 0
422.0 495.0 0
373.0 563.0 0
347.0 386.0 0
399.0 335.0 0
179.0 607.0 0
433.0 684.0 0
301.0 632.0 0
244.0 359.0 0
463.0 778.0 0
287.0 383.0 0
313.0 731.0 0
234.0 433.0 0
393.0 798.0 0
263.0 421.0 0
291.0 260.0 0
111.0 601.0 0
286.0 267.0 0
338.0 524.0 0
210.0 965.0 1
30.0 943.0 1
-20.0 901.0 1
730.0 734.0 1
430.0 940.0 1
272.0 981.0 1
726.0 496.0 1
329.0 806.0 1
-46.0 450.0 1
744.0 645.0 1
329.0 127.0 1
-37.0 588.0 1
329.0 783.0 1
338.0 206.0 1
750.0 862.0 1
63.0 195.0 1
302.0 888.0 1
123.0 323.0 1
171.0 147.0 1
15.0 509.0 1
239.0 821.0 1
73.0 469.0 1
757.0 940.0 1
306.0 139.0 1
614.0 836.0 1
150.0 914.0 1
221.0 974.0 1
50.0 638.0 1
93.0 725.0 1
568.0 907.0 1
30.0 398.0 1
27.0 855.0 1
589.0 323.0 1
732.0 915.0 1
105.0 726.0 1
760.0 590.0 1
5.0 151.0 1
739.0 96.0 1
470.0 200.0 1
383.0 251.0 1
70.0 356.0 1
93.0 498.0 1
695.0 931.0 1
677.0 906.0 1
548.0 702.0 1
205.0 916.0 1
237.0 609.0 1
357.0 532.0 1
717.0 130.0 1
641.0 240.0 1
26.0 452.0 1
739.0 236.0 1
1.0 333.0 1
429.0 552.0 1
-2.0 199.0 1
310.0 657.0 1
11.0 592.0 1
576.0 616.0 1
687.0 269.0 1
-11.0 698.0 1
-15.0 702.0 1
77.0 138.0 1
91.0 818.0 1
470.0 215.0 1
68.0 438.0 1
-43.0 909.0 1
-15.0 791.0 1
372.0 601.0 1
146.0 225.0 1
77.0 310.0 1
567.0 212.0 1
358.0 904.0 1
52.0 827.0 1
116.0 381.0 1
132.0 347.0 1
191.0 682.0 1
627.0 321.0 1
234.0 73.0 1
-36.0 919.0 1
541.0 220.0 1
245.0 948.0 1
642.0 304.0 1
141.0 516.0 1
720.0 923.0 1
233.0 763.0 1
585.0 146.0 1
173.0 376.0 1
670.0 869.0 1
609.0 194.0 1
679.0 469.0 1
563.0 873.0 1
665.0 270.0 1
730.0 503.0 1
650.0 959.0 1
96.0 476.0 1
89.0 601.0 1
63.0 610.0 1
239.0 135.0 1
496.0 561.0 1
52.0 769.0 1
608.0 537.0 1
340.0 697.0 1
115.0 919.0 1
709.0 277.0 1
674.0 712.0 1
714.0 426.0 1
225.0 173.0 1
199.0 264.0 1
185.0 93.0 1
255.0 354.0 1
240.0 382.0 1
565.0 694.0 1
707.0 244.0 1
-8.0 472.0 1
465.0 554.0 1
75.0 134.0 1
714.0 397.0 1
522.0 827.0 1
15.0 630.0 1
129.0 428.0 1
439.0 489.0 1
28.0 731.0 1
209.0 821.0 1
217.0 146.0 1
412.0 790.0 1
82.0 638.0 1
-30.0 680.0 1
690.0 445.0 1
352.0 520.0 1
461.0 229.0 1
668.0 505.0 1
194.0 145.0 1
21.0 834.0 1
318.0 257.0 1
459.0 821.0 1
632.0 784.0 1
694.0 334.0 1
395.0 595.0 1
22.0 537.0 1
-41.0 604.0 1
