527.0 363.0 0
234.0 433.0 0
463.0 778.0 0
556.0 379.0 0
342.0 463.0 0
604.0 679.0 0
318.0 627.0 0
175.0 563.0 0
268.0 309.0 0
509.0 848.0 0
755.0 106.0 1
201.0 818.0 1
732.0 915.0 1
-46.0 450.0 1
522.0 827.0 1
27.0 855.0 1
258.0 677.0 1
610.0 875.0 1
721.0 711.0 1
-32.0 420.0 1
135.0 657.0 1
-11.0 698.0 1
306.0 110.0 1
-2.0 183.0 1
495.0 439.0 1
360.0 925.0 1
93.0 498.0 1
302.0 284.0 1
171.0 157.0 1
568.0 907.0 1
635.0 333.0 1
286.0 745.0 1
371.0 519.0 1
397.0 838.0 1
679.0 469.0 1
81.0 722.0 1
57.0 630.0 1
493.0 283.0 1
210.0 965.0 1
-11.0 813.0 1
8.0 74.0 1
13.0 292.0 1
607.0 590.0 1
609.0 954.0 1
373.0 249.0 1
422.0 271.0 1
59.0 500.0 1
567.0 399.0 1
733.0 878.0 1
64.0 364.0 1
620.0 76.0 1
262.0 393.0 1
445.0 954.0 1
121.0 867.0 1
2.0 561.0 1
123.0 323.0 1
89.0 220.0 1
239.0 135.0 1
-39.0 895.0 1
325.0 908.0 1
352.0 769.0 1
719.0 662.0 1
548.0 702.0 1
690.0 445.0 1
531.0 504.0 1
567.0 212.0 1
472.0 71.0 1
707.0 244.0 1
698.0 589.0 1
90.0 612.0 1
-59.0 289.0 1
205.0 916.0 1
755.0 986.0 1
632.0 604.0 1
627.0 257.0 1
138.0 700.0 1
470.0 200.0 1
87.0 945.0 1
111.0 155.0 1
691.0 649.0 1
