527.0 363.0 0
234.0 433.0 0
463.0 778.0 0
556.0 379.0 0
359.0 484.0 0
487.0 276.0 0
268.0 309.0 0
422.0 495.0 0
386.0 409.0 0
322.0 567.0 0
604.0 679.0 0
318.0 627.0 0
140.0 617.0 0
252.0 459.0 0
492.0 846.0 0
145.0 499.0 0
125.0 408.0 0
393.0 798.0 0
348.0 667.0 0
386.0 836.0 0
755.0 106.0 1
201.0 818.0 1
732.0 915.0 1
-46.0 450.0 1
522.0 827.0 1
27.0 855.0 1
258.0 677.0 1
610.0 875.0 1
721.0 711.0 1
26.0 452.0 1
135.0 657.0 1
-11.0 698.0 1
306.0 110.0 1
-2.0 183.0 1
495.0 439.0 1
360.0 925.0 1
93.0 498.0 1
302.0 284.0 1
171.0 157.0 1
537.0 858.0 1
56.0 498.0 1
635.0 333.0 1
286.0 745.0 1
371.0 519.0 1
397.0 838.0 1
679.0 469.0 1
643.0 302.0 1
81.0 722.0 1
57.0 630.0 1
493.0 283.0 1
210.0 965.0 1
-11.0 813.0 1
298.0 588.0 1
725.0 778.0 1
191.0 682.0 1
54.0 765.0 1
8.0 74.0 1
13.0 292.0 1
749.0 66.0 1
607.0 590.0 1
531.0 212.0 1
224.0 139.0 1
609.0 954.0 1
353.0 168.0 1
373.0 249.0 1
417.0 275.0 1
696.0 879.0 1
101.0 97.0 1
733.0 878.0 1
700.0 380.0 1
64.0 364.0 1
93.0 725.0 1
620.0 76.0 1
596.0 972.0 1
378.0 514.0 1
445.0 954.0 1
264.0 173.0 1
182.0 623.0 1
429.0 552.0 1
445.0 201.0 1
209.0 821.0 1
293.0 302.0 1
2.0 561.0 1
123.0 323.0 1
739.0 967.0 1
129.0 428.0 1
245.0 948.0 1
89.0 220.0 1
193.0 317.0 1
374.0 170.0 1
-39.0 895.0 1
310.0 864.0 1
243.0 917.0 1
329.0 783.0 1
760.0 705.0 1
548.0 702.0 1
589.0 438.0 1
552.0 731.0 1
195.0 593.0 1
475.0 555.0 1
531.0 504.0 1
572.0 231.0 1
521.0 407.0 1
472.0 71.0 1
437.0 138.0 1
667.0 532.0 1
430.0 838.0 1
707.0 244.0 1
698.0 589.0 1
-59.0 289.0 1
608.0 537.0 1
-62.0 575.0 1
674.0 935.0 1
622.0 614.0 1
86.0 514.0 1
51.0 860.0 1
-20.0 901.0 1
-40.0 174.0 1
144.0 668.0 1
22.0 537.0 1
754.0 933.0 1
-41.0 604.0 1
347.0 748.0 1
296.0 941.0 1
75.0 134.0 1
694.0 334.0 1
634.0 680.0 1
138.0 700.0 1
191.0 903.0 1
40.0 162.0 1
229.0 357.0 1
585.0 146.0 1
40.0 409.0 1
45.0 881.0 1
737.0 540.0 1
430.0 194.0 1
103.0 960.0 1
466.0 921.0 1
240.0 382.0 1
111.0 155.0 1
665.0 270.0 1
222.0 816.0 1
77.0 310.0 1
690.0 445.0 1
358.0 904.0 1
719.0 662.0 1
100.0 931.0 1
73.0 469.0 1
302.0 719.0 1
645.0 208.0 1
360.0 954.0 1
263.0 395.0 1
310.0 657.0 1
600.0 146.0 1
632.0 604.0 1
760.0 590.0 1
115.0 734.0 1
-63.0 592.0 1
675.0 241.0 1
704.0 541.0 1
