224.0 622.0 0
509.0 848.0 0
606.0 633.0 0
399.0 280.0 0
121.0 552.0 0
286.0 645.0 0
301.0 479.0 0
594.0 387.0 0
588.0 652.0 0
438.0 844.0 0
487.0 276.0 0
390.0 626.0 0
459.0 489.0 0
268.0 309.0 0
510.0 810.0 0
342.0 463.0 0
284.0 707.0 0
501.0 497.0 0
241.0 673.0 0
458.0 540.0 0
264.0 930.0 1
426.0 809.0 1
154.0 96.0 1
121.0 867.0 1
591.0 115.0 1
171.0 689.0 1
54.0 765.0 1
335.0 739.0 1
372.0 543.0 1
158.0 953.0 1
550.0 227.0 1
-33.0 94.0 1
243.0 917.0 1
683.0 604.0 1
90.0 612.0 1
177.0 317.0 1
580.0 520.0 1
700.0 380.0 1
45.0 549.0 1
692.0 334.0 1
671.0 395.0 1
493.0 283.0 1
-40.0 924.0 1
352.0 769.0 1
302.0 719.0 1
334.0 922.0 1
396.0 129.0 1
509.0 814.0 1
424.0 797.0 1
61.0 100.0 1
503.0 450.0 1
75.0 726.0 1
296.0 941.0 1
755.0 784.0 1
378.0 514.0 1
351.0 532.0 1
521.0 896.0 1
598.0 954.0 1
360.0 925.0 1
503.0 255.0 1
306.0 110.0 1
335.0 721.0 1
745.0 793.0 1
73.0 202.0 1
310.0 864.0 1
40.0 623.0 1
151.0 557.0 1
718.0 930.0 1
115.0 734.0 1
67.0 303.0 1
63.0 920.0 1
138.0 822.0 1
430.0 85.0 1
100.0 931.0 1
-34.0 537.0 1
442.0 459.0 1
643.0 302.0 1
652.0 489.0 1
143.0 946.0 1
131.0 657.0 1
521.0 407.0 1
643.0 301.0 1
79.0 612.0 1
-9.0 158.0 1
-50.0 541.0 1
88.0 150.0 1
39.0 549.0 1
548.0 423.0 1
85.0 391.0 1
-25.0 240.0 1
339.0 671.0 1
602.0 94.0 1
345.0 227.0 1
410.0 157.0 1
278.0 156.0 1
196.0 189.0 1
-37.0 786.0 1
106.0 524.0 1
624.0 746.0 1
101.0 489.0 1
258.0 677.0 1
475.0 555.0 1
106.0 755.0 1
13.0 292.0 1
585.0 199.0 1
569.0 241.0 1
269.0 268.0 1
568.0 580.0 1
556.0 762.0 1
610.0 364.0 1
717.0 328.0 1
208.0 625.0 1
8.0 74.0 1
323.0 156.0 1
109.0 756.0 1
667.0 918.0 1
624.0 926.0 1
454.0 147.0 1
529.0 274.0 1
45.0 255.0 1
146.0 824.0 1
749.0 66.0 1
670.0 581.0 1
1.0 326.0 1
739.0 108.0 1
57.0 630.0 1
639.0 96.0 1
596.0 519.0 1
20.0 804.0 1
503.0 961.0 1
600.0 146.0 1
715.0 580.0 1
35.0 84.0 1
219.0 879.0 1
564.0 496.0 1
72.0 269.0 1
506.0 775.0 1
81.0 722.0 1
-13.0 465.0 1
596.0 972.0 1
363.0 289.0 1
371.0 519.0 1
237.0 601.0 1
-40.0 534.0 1
-11.0 813.0 1
11.0 69.0 1
34.0 837.0 1
532.0 494.0 1
255.0 744.0 1
324.0 101.0 1
583.0 816.0 1
669.0 252.0 1
519.0 513.0 1
190.0 190.0 1
-22.0 885.0 1
63.0 483.0 1
447.0 878.0 1
397.0 921.0 1
197.0 585.0 1
649.0 857.0 1
