358.0 400.0 0
301.0 479.0 0
443.0 807.0 0
458.0 540.0 0
263.0 553.0 0
510.0 810.0 0
313.0 731.0 0
322.0 567.0 0
125.0 408.0 0
373.0 563.0 0
723.0 70.0 1
222.0 816.0 1
677.0 921.0 1
-34.0 537.0 1
447.0 878.0 1
48.0 860.0 1
320.0 641.0 1
632.0 784.0 1
730.0 734.0 1
68.0 438.0 1
94.0 660.0 1
-32.0 620.0 1
417.0 90.0 1
-2.0 199.0 1
534.0 442.0 1
362.0 890.0 1
48.0 470.0 1
199.0 264.0 1
217.0 146.0 1
556.0 762.0 1
667.0 323.0 1
221.0 688.0 1
429.0 552.0 1
381.0 766.0 1
676.0 524.0 1
52.0 769.0 1
79.0 612.0 1
431.0 257.0 1
143.0 946.0 1
-22.0 885.0 1
101.0 97.0 1
58.0 349.0 1
608.0 537.0 1
576.0 979.0 1
363.0 289.0 1
410.0 157.0 1
45.0 549.0 1
564.0 416.0 1
751.0 885.0 1
153.0 398.0 1
669.0 118.0 1
229.0 357.0 1
519.0 954.0 1
150.0 914.0 1
-63.0 592.0 1
193.0 317.0 1
40.0 162.0 1
234.0 73.0 1
30.0 943.0 1
277.0 945.0 1
340.0 697.0 1
607.0 743.0 1
545.0 644.0 1
690.0 319.0 1
521.0 407.0 1
512.0 174.0 1
444.0 170.0 1
669.0 252.0 1
683.0 604.0 1
106.0 524.0 1
129.0 428.0 1
270.0 980.0 1
559.0 981.0 1
737.0 540.0 1
656.0 144.0 1
339.0 671.0 1
619.0 166.0 1
115.0 919.0 1
475.0 555.0 1
51.0 860.0 1
