399.0 335.0 0
274.0 410.0 0
461.0 661.0 0
501.0 497.0 0
282.0 501.0 0
606.0 633.0 0
301.0 632.0 0
179.0 607.0 0
291.0 260.0 0
438.0 844.0 0
733.0 106.0 1
149.0 799.0 1
720.0 923.0 1
-40.0 490.0 1
459.0 821.0 1
34.0 837.0 1
255.0 657.0 1
593.0 826.0 1
685.0 712.0 1
-8.0 432.0 1
139.0 632.0 1
-18.0 700.0 1
324.0 101.0 1
-16.0 158.0 1
442.0 459.0 1
400.0 926.0 1
101.0 481.0 1
242.0 266.0 1
171.0 147.0 1
563.0 873.0 1
624.0 330.0 1
261.0 763.0 1
378.0 554.0 1
379.0 838.0 1
656.0 494.0 1
82.0 740.0 1
68.0 653.0 1
518.0 244.0 1
201.0 965.0 1
-9.0 805.0 1
34.0 107.0 1
45.0 255.0 1
560.0 606.0 1
629.0 966.0 1
325.0 236.0 1
424.0 249.0 1
50.0 488.0 1
618.0 412.0 1
701.0 835.0 1
68.0 401.0 1
605.0 87.0 1
286.0 393.0 1
428.0 980.0 1
138.0 822.0 1
11.0 592.0 1
119.0 294.0 1
70.0 210.0 1
278.0 156.0 1
-40.0 924.0 1
293.0 879.0 1
329.0 806.0 1
755.0 784.0 1
565.0 694.0 1
714.0 426.0 1
532.0 494.0 1
550.0 227.0 1
485.0 93.0 1
705.0 239.0 1
715.0 580.0 1
89.0 601.0 1
1.0 326.0 1
245.0 938.0 1
757.0 971.0 1
659.0 547.0 1
687.0 269.0 1
166.0 684.0 1
389.0 164.0 1
54.0 933.0 1
146.0 225.0 1
506.0 775.0 1
