415.0 294.0 0
229.0 437.0 0
545.0 736.0 0
483.0 540.0 0
342.0 463.0 0
514.0 233.0 0
316.0 366.0 0
373.0 563.0 0
399.0 280.0 0
299.0 549.0 0
541.0 646.0 0
284.0 707.0 0
175.0 563.0 0
180.0 407.0 0
510.0 810.0 0
200.0 526.0 0
343.0 662.0 0
613.0 734.0 0
373.0 751.0 0
615.0 609.0 0
725.0 87.0 1
233.0 763.0 1
710.0 912.0 1
-8.0 472.0 1
509.0 814.0 1
23.0 815.0 1
248.0 604.0 1
588.0 814.0 1
701.0 685.0 1
-32.0 420.0 1
131.0 657.0 1
-30.0 680.0 1
398.0 81.0 1
5.0 151.0 1
490.0 430.0 1
418.0 946.0 1
105.0 459.0 1
233.0 289.0 1
154.0 96.0 1
541.0 843.0 1
39.0 483.0 1
609.0 308.0 1
235.0 755.0 1
351.0 532.0 1
340.0 860.0 1
668.0 453.0 1
667.0 323.0 1
109.0 756.0 1
67.0 630.0 1
529.0 274.0 1
221.0 974.0 1
20.0 804.0 1
402.0 546.0 1
710.0 682.0 1
233.0 755.0 1
52.0 769.0 1
11.0 69.0 1
67.0 303.0 1
717.0 130.0 1
565.0 531.0 1
512.0 174.0 1
217.0 146.0 1
650.0 959.0 1
278.0 156.0 1
367.0 196.0 1
422.0 271.0 1
660.0 900.0 1
190.0 190.0 1
745.0 793.0 1
628.0 409.0 1
70.0 356.0 1
38.0 626.0 1
639.0 96.0 1
559.0 981.0 1
433.0 466.0 1
465.0 979.0 1
227.0 232.0 1
151.0 557.0 1
465.0 554.0 1
470.0 215.0 1
121.0 867.0 1
363.0 289.0 1
33.0 587.0 1
127.0 322.0 1
757.0 940.0 1
151.0 347.0 1
245.0 938.0 1
110.0 212.0 1
177.0 317.0 1
172.0 199.0 1
-51.0 933.0 1
325.0 908.0 1
277.0 953.0 1
352.0 769.0 1
632.0 784.0 1
623.0 687.0 1
564.0 416.0 1
607.0 743.0 1
197.0 585.0 1
494.0 576.0 1
535.0 464.0 1
569.0 241.0 1
534.0 442.0 1
454.0 147.0 1
410.0 157.0 1
659.0 547.0 1
412.0 790.0 1
739.0 236.0 1
708.0 565.0 1
6.0 352.0 1
586.0 535.0 1
2.0 550.0 1
695.0 931.0 1
636.0 626.0 1
85.0 509.0 1
48.0 860.0 1
-22.0 885.0 1
10.0 143.0 1
79.0 612.0 1
62.0 570.0 1
624.0 926.0 1
40.0 623.0 1
335.0 739.0 1
350.0 944.0 1
77.0 138.0 1
692.0 334.0 1
583.0 816.0 1
320.0 641.0 1
150.0 914.0 1
-25.0 240.0 1
79.0 338.0 1
444.0 170.0 1
48.0 470.0 1
30.0 806.0 1
718.0 468.0 1
470.0 200.0 1
87.0 945.0 1
568.0 907.0 1
262.0 393.0 1
87.0 288.0 1
610.0 218.0 1
239.0 821.0 1
14.0 399.0 1
714.0 426.0 1
511.0 784.0 1
721.0 635.0 1
115.0 919.0 1
-11.0 505.0 1
381.0 766.0 1
619.0 166.0 1
158.0 953.0 1
63.0 610.0 1
310.0 677.0 1
580.0 116.0 1
691.0 649.0 1
506.0 775.0 1
109.0 733.0 1
702.0 566.0 1
659.0 166.0 1
704.0 558.0 1
