145.0 499.0 0
298.0 485.0 0
615.0 609.0 0
259.0 656.0 0
542.0 331.0 0
318.0 627.0 0
604.0 679.0 0
551.0 295.0 0
252.0 459.0 0
175.0 563.0 0
263.0 553.0 0
274.0 410.0 0
483.0 540.0 0
156.0 540.0 0
140.0 617.0 0
299.0 549.0 0
322.0 567.0 0
343.0 662.0 0
348.0 667.0 0
253.0 516.0 0
494.0 576.0 1
586.0 535.0 1
512.0 203.0 1
64.0 364.0 1
198.0 223.0 1
549.0 800.0 1
-51.0 933.0 1
86.0 514.0 1
165.0 960.0 1
347.0 796.0 1
182.0 992.0 1
48.0 902.0 1
486.0 513.0 1
58.0 349.0 1
121.0 298.0 1
562.0 171.0 1
18.0 407.0 1
430.0 194.0 1
76.0 75.0 1
733.0 878.0 1
50.0 488.0 1
623.0 687.0 1
349.0 984.0 1
681.0 218.0 1
40.0 162.0 1
394.0 202.0 1
289.0 806.0 1
555.0 662.0 1
414.0 919.0 1
160.0 589.0 1
709.0 480.0 1
418.0 946.0 1
519.0 954.0 1
242.0 266.0 1
40.0 409.0 1
727.0 67.0 1
149.0 629.0 1
-2.0 183.0 1
-62.0 575.0 1
293.0 879.0 1
664.0 852.0 1
751.0 885.0 1
629.0 968.0 1
379.0 838.0 1
135.0 657.0 1
674.0 935.0 1
234.0 127.0 1
645.0 537.0 1
685.0 712.0 1
144.0 668.0 1
-39.0 895.0 1
174.0 213.0 1
-17.0 480.0 1
656.0 101.0 1
235.0 755.0 1
701.0 685.0 1
633.0 538.0 1
37.0 863.0 1
572.0 231.0 1
14.0 399.0 1
139.0 632.0 1
160.0 350.0 1
429.0 810.0 1
679.0 527.0 1
127.0 981.0 1
607.0 590.0 1
277.0 945.0 1
316.0 927.0 1
704.0 541.0 1
52.0 906.0 1
378.0 554.0 1
340.0 664.0 1
53.0 920.0 1
318.0 160.0 1
68.0 401.0 1
110.0 212.0 1
-44.0 751.0 1
240.0 127.0 1
325.0 908.0 1
368.0 800.0 1
717.0 835.0 1
701.0 739.0 1
428.0 980.0 1
340.0 860.0 1
45.0 881.0 1
310.0 677.0 1
364.0 123.0 1
610.0 875.0 1
737.0 540.0 1
63.0 99.0 1
-57.0 113.0 1
6.0 352.0 1
618.0 738.0 1
350.0 708.0 1
701.0 972.0 1
-11.0 505.0 1
671.0 680.0 1
195.0 593.0 1
47.0 172.0 1
588.0 814.0 1
59.0 500.0 1
328.0 915.0 1
38.0 710.0 1
433.0 466.0 1
201.0 818.0 1
702.0 566.0 1
580.0 116.0 1
151.0 347.0 1
636.0 818.0 1
201.0 965.0 1
384.0 859.0 1
184.0 776.0 1
521.0 159.0 1
397.0 838.0 1
119.0 294.0 1
54.0 933.0 1
374.0 170.0 1
261.0 763.0 1
747.0 944.0 1
10.0 143.0 1
-4.0 438.0 1
27.0 836.0 1
293.0 302.0 1
256.0 719.0 1
535.0 464.0 1
30.0 806.0 1
746.0 634.0 1
568.0 865.0 1
760.0 705.0 1
23.0 815.0 1
243.0 774.0 1
262.0 393.0 1
472.0 71.0 1
360.0 954.0 1
41.0 556.0 1
754.0 315.0 1
191.0 903.0 1
634.0 680.0 1
-1.0 594.0 1
-40.0 490.0 1
