623.0 660.0 0
298.0 485.0 0
259.0 656.0 0
179.0 607.0 0
301.0 632.0 0
435.0 629.0 0
459.0 489.0 0
443.0 807.0 0
268.0 309.0 0
456.0 825.0 0
445.0 954.0 1
656.0 403.0 1
154.0 96.0 1
329.0 783.0 1
338.0 206.0 1
372.0 543.0 1
302.0 888.0 1
68.0 653.0 1
757.0 971.0 1
50.0 638.0 1
227.0 232.0 1
39.0 483.0 1
745.0 793.0 1
695.0 931.0 1
717.0 130.0 1
2.0 550.0 1
-32.0 620.0 1
233.0 755.0 1
645.0 537.0 1
-15.0 791.0 1
77.0 310.0 1
79.0 612.0 1
-50.0 541.0 1
88.0 150.0 1
53.0 920.0 1
417.0 275.0 1
87.0 288.0 1
624.0 746.0 1
340.0 860.0 1
609.0 194.0 1
364.0 123.0 1
679.0 469.0 1
106.0 755.0 1
588.0 667.0 1
350.0 708.0 1
624.0 926.0 1
47.0 172.0 1
545.0 644.0 1
588.0 814.0 1
482.0 835.0 1
57.0 630.0 1
361.0 982.0 1
707.0 244.0 1
439.0 489.0 1
28.0 731.0 1
652.0 596.0 1
324.0 101.0 1
461.0 229.0 1
563.0 404.0 1
612.0 448.0 1
547.0 492.0 1
33.0 587.0 1
518.0 244.0 1
609.0 308.0 1
-51.0 836.0 1
-17.0 951.0 1
466.0 921.0 1
53.0 652.0 1
192.0 129.0 1
629.0 966.0 1
260.0 629.0 1
47.0 442.0 1
166.0 897.0 1
417.0 90.0 1
64.0 516.0 1
622.0 614.0 1
56.0 498.0 1
105.0 459.0 1
495.0 439.0 1
609.0 954.0 1
