613.0 734.0 0
415.0 294.0 0
298.0 485.0 0
422.0 495.0 0
509.0 848.0 0
606.0 633.0 0
615.0 609.0 0
286.0 645.0 0
556.0 379.0 0
301.0 479.0 0
514.0 233.0 0
399.0 335.0 0
179.0 607.0 0
594.0 387.0 0
433.0 684.0 0
588.0 652.0 0
487.0 276.0 0
390.0 626.0 0
435.0 629.0 0
318.0 627.0 0
604.0 679.0 0
476.0 702.0 0
459.0 489.0 0
551.0 295.0 0
463.0 778.0 0
342.0 463.0 0
313.0 731.0 0
252.0 459.0 0
175.0 563.0 0
234.0 433.0 0
263.0 553.0 0
393.0 798.0 0
263.0 421.0 0
156.0 540.0 0
291.0 260.0 0
140.0 617.0 0
322.0 567.0 0
200.0 526.0 0
286.0 267.0 0
253.0 516.0 0
338.0 524.0 0
430.0 575.0 0
502.0 350.0 0
349.0 339.0 0
359.0 484.0 0
455.0 526.0 0
456.0 825.0 0
180.0 407.0 0
386.0 836.0 0
301.0 267.0 0
538.0 808.0 0
492.0 846.0 0
282.0 501.0 0
210.0 965.0 1
494.0 576.0 1
586.0 535.0 1
30.0 943.0 1
730.0 734.0 1
430.0 940.0 1
426.0 809.0 1
24.0 102.0 1
272.0 981.0 1
64.0 364.0 1
549.0 800.0 1
329.0 127.0 1
591.0 115.0 1
-37.0 588.0 1
171.0 689.0 1
54.0 765.0 1
165.0 960.0 1
329.0 783.0 1
739.0 773.0 1
675.0 241.0 1
372.0 543.0 1
158.0 953.0 1
550.0 227.0 1
353.0 168.0 1
486.0 513.0 1
750.0 862.0 1
121.0 298.0 1
-33.0 94.0 1
302.0 888.0 1
668.0 453.0 1
123.0 323.0 1
15.0 509.0 1
483.0 115.0 1
562.0 171.0 1
193.0 317.0 1
757.0 940.0 1
430.0 194.0 1
559.0 981.0 1
306.0 139.0 1
710.0 912.0 1
50.0 488.0 1
623.0 687.0 1
349.0 984.0 1
225.0 703.0 1
259.0 211.0 1
614.0 836.0 1
221.0 974.0 1
40.0 162.0 1
50.0 638.0 1
692.0 334.0 1
634.0 889.0 1
493.0 283.0 1
93.0 725.0 1
394.0 202.0 1
286.0 745.0 1
-49.0 483.0 1
568.0 907.0 1
334.0 922.0 1
555.0 662.0 1
143.0 386.0 1
30.0 398.0 1
160.0 589.0 1
503.0 450.0 1
709.0 480.0 1
418.0 946.0 1
194.0 638.0 1
519.0 954.0 1
27.0 855.0 1
227.0 232.0 1
40.0 409.0 1
172.0 325.0 1
351.0 532.0 1
732.0 915.0 1
760.0 590.0 1
521.0 896.0 1
149.0 629.0 1
598.0 954.0 1
5.0 151.0 1
739.0 96.0 1
-2.0 183.0 1
735.0 783.0 1
383.0 251.0 1
503.0 255.0 1
103.0 960.0 1
39.0 483.0 1
195.0 230.0 1
627.0 954.0 1
335.0 721.0 1
70.0 356.0 1
-62.0 575.0 1
293.0 879.0 1
93.0 498.0 1
676.0 524.0 1
511.0 784.0 1
548.0 702.0 1
310.0 864.0 1
237.0 609.0 1
629.0 968.0 1
142.0 640.0 1
193.0 869.0 1
26.0 452.0 1
379.0 838.0 1
151.0 557.0 1
636.0 626.0 1
67.0 303.0 1
674.0 935.0 1
-32.0 620.0 1
325.0 236.0 1
138.0 822.0 1
100.0 931.0 1
234.0 127.0 1
429.0 552.0 1
-2.0 199.0 1
714.0 200.0 1
310.0 657.0 1
11.0 592.0 1
576.0 616.0 1
-34.0 537.0 1
687.0 269.0 1
685.0 712.0 1
7.0 186.0 1
144.0 668.0 1
442.0 459.0 1
-17.0 480.0 1
656.0 101.0 1
400.0 926.0 1
643.0 302.0 1
652.0 489.0 1
91.0 818.0 1
68.0 438.0 1
633.0 538.0 1
37.0 863.0 1
-15.0 791.0 1
143.0 946.0 1
677.0 921.0 1
51.0 860.0 1
372.0 601.0 1
146.0 225.0 1
696.0 879.0 1
77.0 310.0 1
4.0 947.0 1
567.0 212.0 1
14.0 399.0 1
358.0 904.0 1
79.0 612.0 1
444.0 223.0 1
116.0 381.0 1
277.0 945.0 1
472.0 95.0 1
-50.0 541.0 1
88.0 150.0 1
704.0 541.0 1
191.0 682.0 1
739.0 967.0 1
85.0 391.0 1
-25.0 240.0 1
234.0 73.0 1
378.0 554.0 1
701.0 835.0 1
534.0 442.0 1
110.0 212.0 1
-44.0 751.0 1
325.0 908.0 1
368.0 800.0 1
245.0 948.0 1
717.0 835.0 1
701.0 739.0 1
428.0 980.0 1
410.0 157.0 1
720.0 923.0 1
585.0 146.0 1
278.0 156.0 1
196.0 189.0 1
-37.0 786.0 1
87.0 288.0 1
106.0 524.0 1
670.0 869.0 1
609.0 194.0 1
310.0 677.0 1
258.0 677.0 1
737.0 540.0 1
563.0 873.0 1
730.0 503.0 1
63.0 99.0 1
13.0 292.0 1
650.0 959.0 1
101.0 97.0 1
588.0 667.0 1
96.0 476.0 1
717.0 328.0 1
279.0 893.0 1
63.0 610.0 1
208.0 625.0 1
109.0 756.0 1
47.0 172.0 1
755.0 986.0 1
496.0 561.0 1
529.0 274.0 1
59.0 500.0 1
52.0 769.0 1
340.0 697.0 1
45.0 255.0 1
328.0 915.0 1
70.0 210.0 1
714.0 426.0 1
1.0 326.0 1
185.0 93.0 1
255.0 354.0 1
636.0 818.0 1
422.0 271.0 1
639.0 96.0 1
384.0 859.0 1
361.0 982.0 1
707.0 244.0 1
600.0 146.0 1
715.0 580.0 1
35.0 84.0 1
219.0 879.0 1
564.0 496.0 1
465.0 554.0 1
506.0 775.0 1
714.0 397.0 1
81.0 722.0 1
522.0 827.0 1
54.0 933.0 1
374.0 170.0 1
261.0 763.0 1
320.0 641.0 1
169.0 123.0 1
-4.0 438.0 1
486.0 192.0 1
-30.0 699.0 1
256.0 719.0 1
439.0 489.0 1
363.0 289.0 1
593.0 826.0 1
371.0 519.0 1
237.0 601.0 1
28.0 731.0 1
217.0 146.0 1
412.0 790.0 1
82.0 638.0 1
38.0 704.0 1
-40.0 534.0 1
-11.0 813.0 1
631.0 439.0 1
11.0 69.0 1
34.0 837.0 1
255.0 744.0 1
656.0 494.0 1
690.0 445.0 1
485.0 93.0 1
359.0 632.0 1
79.0 338.0 1
30.0 806.0 1
352.0 520.0 1
531.0 212.0 1
760.0 705.0 1
45.0 978.0 1
23.0 815.0 1
243.0 774.0 1
652.0 596.0 1
324.0 101.0 1
461.0 229.0 1
262.0 393.0 1
472.0 71.0 1
668.0 505.0 1
583.0 816.0 1
669.0 252.0 1
190.0 190.0 1
-22.0 885.0 1
459.0 821.0 1
709.0 942.0 1
63.0 483.0 1
197.0 585.0 1
253.0 644.0 1
694.0 334.0 1
683.0 516.0 1
191.0 903.0 1
424.0 249.0 1
-41.0 604.0 1
-40.0 490.0 1
612.0 448.0 1
229.0 357.0 1
-28.0 319.0 1
398.0 81.0 1
635.0 333.0 1
667.0 532.0 1
67.0 630.0 1
362.0 890.0 1
111.0 155.0 1
-63.0 592.0 1
255.0 657.0 1
445.0 201.0 1
-9.0 805.0 1
537.0 858.0 1
101.0 481.0 1
596.0 644.0 1
389.0 836.0 1
-16.0 158.0 1
389.0 164.0 1
373.0 249.0 1
607.0 743.0 1
302.0 284.0 1
610.0 218.0 1
2.0 561.0 1
-32.0 420.0 1
222.0 816.0 1
-17.0 951.0 1
44.0 278.0 1
171.0 910.0 1
729.0 71.0 1
565.0 531.0 1
570.0 748.0 1
44.0 436.0 1
318.0 258.0 1
698.0 589.0 1
691.0 649.0 1
430.0 838.0 1
465.0 979.0 1
263.0 395.0 1
47.0 442.0 1
569.0 742.0 1
-4.0 132.0 1
126.0 537.0 1
722.0 922.0 1
96.0 260.0 1
659.0 166.0 1
48.0 470.0 1
248.0 604.0 1
725.0 778.0 1
-36.0 661.0 1
599.0 793.0 1
288.0 715.0 1
567.0 399.0 1
718.0 468.0 1
171.0 157.0 1
32.0 754.0 1
754.0 933.0 1
-18.0 700.0 1
449.0 467.0 1
541.0 843.0 1
715.0 764.0 1
619.0 177.0 1
109.0 733.0 1
531.0 504.0 1
-15.0 626.0 1
