399.0 280.0 0
180.0 407.0 0
590.0 722.0 0
542.0 331.0 0
360.0 523.0 0
430.0 575.0 0
224.0 622.0 0
145.0 499.0 0
551.0 295.0 0
315.0 732.0 0
727.0 67.0 1
209.0 821.0 1
754.0 933.0 1
-40.0 534.0 1
429.0 810.0 1
20.0 804.0 1
208.0 625.0 1
664.0 852.0 1
623.0 687.0 1
14.0 399.0 1
82.0 638.0 1
38.0 710.0 1
318.0 160.0 1
10.0 143.0 1
419.0 471.0 1
466.0 921.0 1
86.0 514.0 1
259.0 211.0 1
224.0 139.0 1
670.0 869.0 1
589.0 323.0 1
335.0 739.0 1
372.0 601.0 1
412.0 790.0 1
667.0 532.0 1
109.0 733.0 1
15.0 630.0 1
461.0 229.0 1
177.0 920.0 1
28.0 731.0 1
-33.0 94.0 1
41.0 346.0 1
519.0 553.0 1
674.0 935.0 1
394.0 202.0 1
470.0 215.0 1
22.0 537.0 1
589.0 438.0 1
715.0 764.0 1
40.0 409.0 1
585.0 146.0 1
535.0 464.0 1
360.0 954.0 1
166.0 897.0 1
2.0 550.0 1
151.0 347.0 1
75.0 134.0 1
190.0 190.0 1
53.0 920.0 1
264.0 930.0 1
350.0 708.0 1
746.0 634.0 1
570.0 748.0 1
709.0 480.0 1
475.0 526.0 1
562.0 171.0 1
486.0 192.0 1
659.0 166.0 1
721.0 635.0 1
197.0 585.0 1
173.0 376.0 1
186.0 890.0 1
660.0 900.0 1
636.0 626.0 1
609.0 194.0 1
310.0 657.0 1
174.0 213.0 1
45.0 881.0 1
465.0 554.0 1
272.0 981.0 1
