441.0 358.0 0
263.0 421.0 0
476.0 702.0 0
543.0 469.0 0
298.0 485.0 0
588.0 652.0 0
286.0 645.0 0
194.0 614.0 0
286.0 267.0 0
456.0 825.0 0
739.0 108.0 1
184.0 776.0 1
722.0 922.0 1
-49.0 483.0 1
482.0 835.0 1
27.0 836.0 1
253.0 644.0 1
614.0 836.0 1
674.0 712.0 1
-4.0 438.0 1
142.0 640.0 1
-30.0 699.0 1
327.0 84.0 1
-14.0 165.0 1
462.0 444.0 1
397.0 921.0 1
96.0 476.0 1
269.0 268.0 1
169.0 123.0 1
553.0 871.0 1
627.0 321.0 1
255.0 744.0 1
372.0 543.0 1
384.0 859.0 1
652.0 489.0 1
81.0 751.0 1
53.0 652.0 1
503.0 255.0 1
182.0 992.0 1
-15.0 791.0 1
35.0 84.0 1
44.0 278.0 1
568.0 580.0 1
627.0 954.0 1
345.0 227.0 1
415.0 246.0 1
39.0 483.0 1
610.0 364.0 1
717.0 835.0 1
85.0 391.0 1
602.0 94.0 1
346.0 445.0 1
434.0 974.0 1
146.0 824.0 1
-1.0 594.0 1
121.0 298.0 1
73.0 202.0 1
258.0 154.0 1
-36.0 919.0 1
302.0 888.0 1
347.0 796.0 1
739.0 773.0 1
576.0 687.0 1
714.0 397.0 1
547.0 492.0 1
541.0 220.0 1
483.0 115.0 1
714.0 200.0 1
722.0 588.0 1
120.0 592.0 1
-28.0 319.0 1
243.0 917.0 1
739.0 967.0 1
633.0 538.0 1
754.0 315.0 1
191.0 682.0 1
374.0 170.0 1
45.0 978.0 1
246.0 324.0 1
496.0 561.0 1
