615.0 609.0 0
286.0 645.0 0
594.0 387.0 0
318.0 627.0 0
360.0 523.0 0
393.0 798.0 0
241.0 673.0 0
483.0 540.0 0
590.0 722.0 0
338.0 524.0 0
730.0 734.0 1
549.0 800.0 1
86.0 514.0 1
335.0 739.0 1
182.0 992.0 1
675.0 241.0 1
668.0 453.0 1
171.0 147.0 1
73.0 469.0 1
710.0 912.0 1
286.0 745.0 1
334.0 922.0 1
424.0 797.0 1
75.0 726.0 1
27.0 855.0 1
755.0 784.0 1
172.0 325.0 1
351.0 532.0 1
105.0 726.0 1
521.0 896.0 1
347.0 748.0 1
335.0 721.0 1
293.0 879.0 1
676.0 524.0 1
357.0 532.0 1
641.0 240.0 1
26.0 452.0 1
576.0 616.0 1
91.0 818.0 1
470.0 215.0 1
677.0 921.0 1
132.0 347.0 1
85.0 391.0 1
240.0 127.0 1
585.0 146.0 1
101.0 489.0 1
650.0 959.0 1
101.0 97.0 1
199.0 264.0 1
565.0 694.0 1
184.0 776.0 1
564.0 496.0 1
506.0 775.0 1
119.0 294.0 1
54.0 933.0 1
-4.0 438.0 1
486.0 192.0 1
-30.0 699.0 1
256.0 719.0 1
593.0 826.0 1
217.0 146.0 1
11.0 69.0 1
532.0 494.0 1
656.0 494.0 1
243.0 774.0 1
668.0 505.0 1
459.0 821.0 1
709.0 942.0 1
395.0 595.0 1
22.0 537.0 1
-40.0 490.0 1
398.0 81.0 1
67.0 630.0 1
255.0 657.0 1
610.0 218.0 1
565.0 531.0 1
570.0 748.0 1
698.0 589.0 1
171.0 157.0 1
-18.0 700.0 1
