399.0 335.0 0
274.0 410.0 0
461.0 661.0 0
501.0 497.0 0
301.0 479.0 0
551.0 295.0 0
268.0 325.0 0
455.0 526.0 0
347.0 386.0 0
360.0 523.0 0
606.0 633.0 0
301.0 632.0 0
179.0 607.0 0
291.0 260.0 0
443.0 807.0 0
121.0 552.0 0
263.0 553.0 0
509.0 848.0 0
390.0 626.0 0
315.0 732.0 0
733.0 106.0 1
149.0 799.0 1
720.0 923.0 1
-40.0 490.0 1
459.0 821.0 1
34.0 837.0 1
255.0 657.0 1
593.0 826.0 1
685.0 712.0 1
-8.0 432.0 1
139.0 632.0 1
-18.0 700.0 1
324.0 101.0 1
-16.0 158.0 1
442.0 459.0 1
400.0 926.0 1
101.0 481.0 1
242.0 266.0 1
171.0 147.0 1
563.0 873.0 1
50.0 488.0 1
624.0 330.0 1
261.0 763.0 1
378.0 554.0 1
379.0 838.0 1
656.0 494.0 1
610.0 364.0 1
82.0 740.0 1
68.0 653.0 1
518.0 244.0 1
201.0 965.0 1
-9.0 805.0 1
395.0 595.0 1
730.0 734.0 1
228.0 702.0 1
27.0 741.0 1
34.0 107.0 1
45.0 255.0 1
729.0 71.0 1
560.0 606.0 1
512.0 207.0 1
240.0 127.0 1
629.0 966.0 1
318.0 160.0 1
325.0 236.0 1
424.0 249.0 1
664.0 852.0 1
194.0 145.0 1
701.0 835.0 1
656.0 403.0 1
68.0 401.0 1
38.0 710.0 1
605.0 87.0 1
576.0 979.0 1
352.0 520.0 1
428.0 980.0 1
251.0 209.0 1
160.0 589.0 1
486.0 513.0 1
449.0 215.0 1
138.0 822.0 1
318.0 258.0 1
11.0 592.0 1
119.0 294.0 1
747.0 944.0 1
143.0 386.0 1
270.0 980.0 1
70.0 210.0 1
195.0 230.0 1
225.0 173.0 1
-40.0 924.0 1
293.0 879.0 1
263.0 910.0 1
368.0 800.0 1
735.0 783.0 1
565.0 694.0 1
631.0 439.0 1
569.0 742.0 1
237.0 601.0 1
496.0 561.0 1
532.0 494.0 1
550.0 227.0 1
563.0 404.0 1
485.0 93.0 1
430.0 85.0 1
679.0 527.0 1
426.0 809.0 1
705.0 239.0 1
715.0 580.0 1
1.0 326.0 1
633.0 538.0 1
-40.0 534.0 1
667.0 918.0 1
555.0 662.0 1
106.0 524.0 1
84.0 842.0 1
4.0 947.0 1
-57.0 113.0 1
82.0 638.0 1
39.0 549.0 1
757.0 971.0 1
-32.0 620.0 1
340.0 697.0 1
334.0 922.0 1
63.0 99.0 1
717.0 328.0 1
618.0 738.0 1
166.0 684.0 1
171.0 910.0 1
-2.0 199.0 1
132.0 347.0 1
562.0 171.0 1
47.0 442.0 1
37.0 863.0 1
726.0 496.0 1
394.0 202.0 1
54.0 933.0 1
503.0 961.0 1
255.0 354.0 1
174.0 213.0 1
641.0 240.0 1
193.0 869.0 1
58.0 349.0 1
580.0 520.0 1
430.0 940.0 1
744.0 645.0 1
52.0 906.0 1
18.0 519.0 1
221.0 801.0 1
609.0 194.0 1
349.0 984.0 1
-9.0 392.0 1
339.0 671.0 1
286.0 393.0 1
670.0 581.0 1
634.0 889.0 1
127.0 981.0 1
-44.0 751.0 1
687.0 269.0 1
669.0 118.0 1
