145.0 499.0 0
399.0 280.0 0
301.0 479.0 0
514.0 233.0 0
538.0 648.0 0
551.0 295.0 0
244.0 359.0 0
313.0 731.0 0
343.0 662.0 0
359.0 484.0 0
64.0 364.0 1
750.0 862.0 1
63.0 195.0 1
700.0 380.0 1
302.0 719.0 1
555.0 662.0 1
143.0 386.0 1
160.0 589.0 1
619.0 166.0 1
149.0 629.0 1
5.0 151.0 1
360.0 925.0 1
195.0 230.0 1
48.0 860.0 1
151.0 557.0 1
63.0 920.0 1
-59.0 289.0 1
643.0 302.0 1
652.0 489.0 1
-17.0 604.0 1
633.0 538.0 1
62.0 570.0 1
146.0 225.0 1
52.0 827.0 1
191.0 682.0 1
717.0 835.0 1
701.0 739.0 1
345.0 227.0 1
563.0 873.0 1
665.0 270.0 1
63.0 99.0 1
444.0 170.0 1
279.0 893.0 1
708.0 565.0 1
109.0 756.0 1
667.0 918.0 1
59.0 500.0 1
52.0 769.0 1
608.0 537.0 1
45.0 255.0 1
146.0 824.0 1
714.0 426.0 1
702.0 566.0 1
151.0 347.0 1
596.0 519.0 1
600.0 146.0 1
465.0 554.0 1
293.0 302.0 1
21.0 834.0 1
447.0 878.0 1
632.0 784.0 1
197.0 585.0 1
683.0 516.0 1
424.0 249.0 1
402.0 546.0 1
257.0 359.0 1
490.0 430.0 1
755.0 106.0 1
760.0 660.0 1
576.0 979.0 1
415.0 246.0 1
346.0 445.0 1
87.0 945.0 1
313.0 664.0 1
721.0 711.0 1
530.0 253.0 1
560.0 606.0 1
552.0 731.0 1
41.0 346.0 1
-40.0 174.0 1
