373.0 563.0 0
556.0 379.0 0
604.0 679.0 0
458.0 540.0 0
200.0 526.0 0
430.0 575.0 0
349.0 339.0 0
386.0 409.0 0
180.0 407.0 0
492.0 846.0 0
494.0 576.0 1
24.0 102.0 1
-46.0 450.0 1
-37.0 588.0 1
193.0 317.0 1
259.0 211.0 1
45.0 549.0 1
40.0 162.0 1
671.0 395.0 1
414.0 919.0 1
519.0 954.0 1
40.0 409.0 1
727.0 67.0 1
470.0 200.0 1
735.0 783.0 1
84.0 842.0 1
677.0 906.0 1
124.0 302.0 1
68.0 438.0 1
327.0 84.0 1
127.0 981.0 1
607.0 590.0 1
624.0 330.0 1
316.0 927.0 1
52.0 906.0 1
627.0 321.0 1
318.0 160.0 1
148.0 608.0 1
278.0 156.0 1
196.0 189.0 1
106.0 524.0 1
610.0 875.0 1
737.0 540.0 1
730.0 503.0 1
120.0 592.0 1
6.0 352.0 1
568.0 580.0 1
-11.0 505.0 1
89.0 601.0 1
512.0 174.0 1
717.0 328.0 1
63.0 610.0 1
237.0 266.0 1
709.0 277.0 1
70.0 210.0 1
233.0 289.0 1
422.0 271.0 1
35.0 84.0 1
-8.0 472.0 1
72.0 269.0 1
596.0 972.0 1
535.0 464.0 1
34.0 837.0 1
627.0 257.0 1
245.0 938.0 1
352.0 520.0 1
262.0 393.0 1
194.0 145.0 1
318.0 257.0 1
519.0 553.0 1
632.0 604.0 1
166.0 684.0 1
222.0 816.0 1
721.0 635.0 1
710.0 682.0 1
221.0 801.0 1
38.0 626.0 1
298.0 207.0 1
85.0 509.0 1
638.0 528.0 1
