358.0 400.0 0
623.0 660.0 0
613.0 734.0 0
415.0 294.0 0
224.0 622.0 0
145.0 499.0 0
298.0 485.0 0
366.0 493.0 0
422.0 495.0 0
373.0 563.0 0
509.0 848.0 0
347.0 386.0 0
399.0 280.0 0
615.0 609.0 0
121.0 552.0 0
286.0 645.0 0
259.0 656.0 0
556.0 379.0 0
315.0 732.0 0
301.0 479.0 0
514.0 233.0 0
399.0 335.0 0
125.0 408.0 0
441.0 358.0 0
179.0 607.0 0
594.0 387.0 0
542.0 331.0 0
433.0 684.0 0
588.0 652.0 0
301.0 632.0 0
438.0 844.0 0
390.0 626.0 0
435.0 629.0 0
318.0 627.0 0
604.0 679.0 0
538.0 648.0 0
459.0 489.0 0
551.0 295.0 0
244.0 359.0 0
461.0 661.0 0
443.0 807.0 0
268.0 309.0 0
360.0 523.0 0
510.0 810.0 0
463.0 778.0 0
342.0 463.0 0
284.0 707.0 0
287.0 383.0 0
541.0 646.0 0
313.0 731.0 0
252.0 459.0 0
175.0 563.0 0
263.0 553.0 0
501.0 497.0 0
393.0 798.0 0
263.0 421.0 0
241.0 673.0 0
483.0 540.0 0
590.0 722.0 0
156.0 540.0 0
291.0 260.0 0
111.0 601.0 0
140.0 617.0 0
299.0 549.0 0
458.0 540.0 0
200.0 526.0 0
343.0 662.0 0
348.0 667.0 0
253.0 516.0 0
338.0 524.0 0
430.0 575.0 0
194.0 614.0 0
527.0 363.0 0
268.0 325.0 0
316.0 366.0 0
502.0 350.0 0
349.0 339.0 0
386.0 409.0 0
359.0 484.0 0
455.0 526.0 0
456.0 825.0 0
349.0 757.0 0
180.0 407.0 0
386.0 836.0 0
301.0 267.0 0
229.0 437.0 0
492.0 846.0 0
249.0 410.0 0
545.0 736.0 0
282.0 501.0 0
210.0 965.0 1
494.0 576.0 1
586.0 535.0 1
445.0 954.0 1
30.0 943.0 1
-20.0 901.0 1
138.0 700.0 1
264.0 930.0 1
730.0 734.0 1
430.0 940.0 1
656.0 403.0 1
24.0 102.0 1
272.0 981.0 1
64.0 364.0 1
198.0 223.0 1
154.0 96.0 1
726.0 496.0 1
329.0 806.0 1
-46.0 450.0 1
121.0 867.0 1
549.0 800.0 1
744.0 645.0 1
86.0 514.0 1
591.0 115.0 1
-37.0 588.0 1
171.0 689.0 1
54.0 765.0 1
87.0 837.0 1
165.0 960.0 1
449.0 215.0 1
329.0 783.0 1
335.0 739.0 1
347.0 796.0 1
739.0 773.0 1
182.0 992.0 1
675.0 241.0 1
338.0 206.0 1
372.0 543.0 1
158.0 953.0 1
48.0 902.0 1
550.0 227.0 1
353.0 168.0 1
486.0 513.0 1
750.0 862.0 1
725.0 87.0 1
224.0 139.0 1
58.0 349.0 1
121.0 298.0 1
63.0 195.0 1
302.0 888.0 1
668.0 453.0 1
123.0 323.0 1
171.0 147.0 1
15.0 509.0 1
483.0 115.0 1
239.0 821.0 1
243.0 917.0 1
286.0 393.0 1
562.0 171.0 1
193.0 317.0 1
73.0 469.0 1
430.0 194.0 1
76.0 75.0 1
559.0 981.0 1
68.0 653.0 1
306.0 139.0 1
733.0 878.0 1
710.0 912.0 1
50.0 488.0 1
623.0 687.0 1
605.0 87.0 1
757.0 971.0 1
225.0 703.0 1
259.0 211.0 1
90.0 612.0 1
614.0 836.0 1
150.0 914.0 1
221.0 974.0 1
580.0 520.0 1
700.0 380.0 1
94.0 660.0 1
45.0 549.0 1
40.0 162.0 1
50.0 638.0 1
692.0 334.0 1
671.0 395.0 1
634.0 889.0 1
493.0 283.0 1
93.0 725.0 1
394.0 202.0 1
-40.0 924.0 1
286.0 745.0 1
289.0 806.0 1
568.0 907.0 1
302.0 719.0 1
334.0 922.0 1
555.0 662.0 1
396.0 129.0 1
143.0 386.0 1
509.0 814.0 1
414.0 919.0 1
30.0 398.0 1
424.0 797.0 1
61.0 100.0 1
160.0 589.0 1
503.0 450.0 1
75.0 726.0 1
709.0 480.0 1
418.0 946.0 1
194.0 638.0 1
296.0 941.0 1
519.0 954.0 1
27.0 855.0 1
227.0 232.0 1
242.0 266.0 1
40.0 409.0 1
755.0 784.0 1
667.0 323.0 1
172.0 325.0 1
619.0 166.0 1
589.0 323.0 1
351.0 532.0 1
732.0 915.0 1
105.0 726.0 1
727.0 67.0 1
521.0 896.0 1
149.0 629.0 1
598.0 954.0 1
5.0 151.0 1
347.0 748.0 1
739.0 96.0 1
470.0 200.0 1
-2.0 183.0 1
360.0 925.0 1
735.0 783.0 1
383.0 251.0 1
503.0 255.0 1
103.0 960.0 1
84.0 842.0 1
306.0 110.0 1
39.0 483.0 1
195.0 230.0 1
627.0 954.0 1
335.0 721.0 1
659.0 547.0 1
70.0 356.0 1
733.0 106.0 1
-62.0 575.0 1
745.0 793.0 1
293.0 879.0 1
93.0 498.0 1
751.0 885.0 1
73.0 202.0 1
676.0 524.0 1
695.0 931.0 1
677.0 906.0 1
511.0 784.0 1
48.0 860.0 1
548.0 702.0 1
205.0 916.0 1
310.0 864.0 1
629.0 968.0 1
357.0 532.0 1
730.0 949.0 1
717.0 130.0 1
641.0 240.0 1
142.0 640.0 1
2.0 550.0 1
193.0 869.0 1
26.0 452.0 1
739.0 236.0 1
379.0 838.0 1
40.0 623.0 1
367.0 196.0 1
151.0 557.0 1
718.0 930.0 1
1.0 333.0 1
135.0 657.0 1
636.0 626.0 1
67.0 303.0 1
674.0 935.0 1
63.0 920.0 1
124.0 302.0 1
-32.0 620.0 1
325.0 236.0 1
138.0 822.0 1
430.0 85.0 1
34.0 107.0 1
-59.0 289.0 1
100.0 931.0 1
234.0 127.0 1
429.0 552.0 1
-2.0 199.0 1
263.0 910.0 1
714.0 200.0 1
82.0 740.0 1
11.0 592.0 1
576.0 616.0 1
-34.0 537.0 1
687.0 269.0 1
233.0 755.0 1
-11.0 698.0 1
645.0 537.0 1
431.0 257.0 1
685.0 712.0 1
7.0 186.0 1
144.0 668.0 1
-15.0 702.0 1
442.0 459.0 1
-39.0 895.0 1
174.0 213.0 1
-17.0 480.0 1
400.0 926.0 1
643.0 302.0 1
77.0 138.0 1
652.0 489.0 1
91.0 818.0 1
470.0 215.0 1
68.0 438.0 1
-43.0 909.0 1
-17.0 604.0 1
264.0 173.0 1
633.0 538.0 1
37.0 863.0 1
-15.0 791.0 1
572.0 231.0 1
143.0 946.0 1
62.0 570.0 1
677.0 921.0 1
51.0 860.0 1
372.0 601.0 1
146.0 225.0 1
327.0 84.0 1
521.0 407.0 1
696.0 879.0 1
77.0 310.0 1
4.0 947.0 1
643.0 301.0 1
567.0 212.0 1
139.0 632.0 1
79.0 612.0 1
52.0 827.0 1
160.0 350.0 1
679.0 527.0 1
127.0 981.0 1
116.0 381.0 1
607.0 590.0 1
-9.0 158.0 1
277.0 945.0 1
624.0 330.0 1
472.0 95.0 1
132.0 347.0 1
316.0 927.0 1
723.0 70.0 1
-50.0 541.0 1
88.0 150.0 1
704.0 541.0 1
39.0 549.0 1
52.0 906.0 1
548.0 423.0 1
191.0 682.0 1
85.0 391.0 1
-25.0 240.0 1
627.0 321.0 1
234.0 73.0 1
541.0 220.0 1
53.0 920.0 1
701.0 835.0 1
318.0 160.0 1
534.0 442.0 1
417.0 275.0 1
68.0 401.0 1
110.0 212.0 1
-44.0 751.0 1
240.0 127.0 1
325.0 908.0 1
339.0 671.0 1
368.0 800.0 1
602.0 94.0 1
642.0 304.0 1
717.0 835.0 1
701.0 739.0 1
645.0 208.0 1
428.0 980.0 1
141.0 516.0 1
345.0 227.0 1
148.0 608.0 1
720.0 923.0 1
233.0 763.0 1
585.0 146.0 1
173.0 376.0 1
278.0 156.0 1
196.0 189.0 1
-37.0 786.0 1
87.0 288.0 1
106.0 524.0 1
670.0 869.0 1
624.0 746.0 1
573.0 960.0 1
89.0 220.0 1
340.0 860.0 1
609.0 194.0 1
81.0 751.0 1
45.0 881.0 1
434.0 974.0 1
310.0 677.0 1
364.0 123.0 1
101.0 489.0 1
610.0 875.0 1
258.0 677.0 1
451.0 982.0 1
679.0 469.0 1
475.0 555.0 1
737.0 540.0 1
106.0 755.0 1
251.0 209.0 1
563.0 873.0 1
665.0 270.0 1
730.0 503.0 1
63.0 99.0 1
-9.0 392.0 1
444.0 170.0 1
-57.0 113.0 1
13.0 292.0 1
650.0 959.0 1
101.0 97.0 1
588.0 667.0 1
569.0 241.0 1
269.0 268.0 1
120.0 592.0 1
6.0 352.0 1
618.0 738.0 1
568.0 580.0 1
669.0 118.0 1
556.0 762.0 1
350.0 708.0 1
701.0 972.0 1
610.0 364.0 1
-11.0 505.0 1
96.0 476.0 1
89.0 601.0 1
512.0 174.0 1
717.0 328.0 1
279.0 893.0 1
63.0 610.0 1
671.0 680.0 1
708.0 565.0 1
195.0 593.0 1
239.0 135.0 1
8.0 74.0 1
237.0 266.0 1
323.0 156.0 1
109.0 756.0 1
667.0 918.0 1
624.0 926.0 1
47.0 172.0 1
454.0 147.0 1
545.0 644.0 1
529.0 274.0 1
228.0 702.0 1
588.0 814.0 1
59.0 500.0 1
52.0 769.0 1
608.0 537.0 1
340.0 697.0 1
45.0 255.0 1
146.0 824.0 1
115.0 919.0 1
749.0 66.0 1
709.0 277.0 1
674.0 712.0 1
705.0 239.0 1
38.0 710.0 1
433.0 466.0 1
70.0 210.0 1
201.0 818.0 1
714.0 426.0 1
482.0 835.0 1
225.0 173.0 1
702.0 566.0 1
670.0 581.0 1
199.0 264.0 1
1.0 326.0 1
151.0 347.0 1
185.0 93.0 1
233.0 289.0 1
240.0 382.0 1
636.0 818.0 1
422.0 271.0 1
565.0 694.0 1
57.0 630.0 1
639.0 96.0 1
201.0 965.0 1
596.0 519.0 1
384.0 859.0 1
20.0 804.0 1
503.0 961.0 1
361.0 982.0 1
707.0 244.0 1
600.0 146.0 1
184.0 776.0 1
521.0 159.0 1
715.0 580.0 1
35.0 84.0 1
219.0 879.0 1
397.0 838.0 1
-8.0 472.0 1
564.0 496.0 1
277.0 953.0 1
465.0 554.0 1
75.0 134.0 1
72.0 269.0 1
506.0 775.0 1
589.0 438.0 1
714.0 397.0 1
522.0 827.0 1
119.0 294.0 1
15.0 630.0 1
54.0 933.0 1
374.0 170.0 1
261.0 763.0 1
747.0 944.0 1
320.0 641.0 1
169.0 123.0 1
596.0 972.0 1
10.0 143.0 1
129.0 428.0 1
620.0 76.0 1
-4.0 438.0 1
27.0 836.0 1
486.0 192.0 1
-30.0 699.0 1
293.0 302.0 1
256.0 719.0 1
439.0 489.0 1
363.0 289.0 1
593.0 826.0 1
371.0 519.0 1
237.0 601.0 1
28.0 731.0 1
217.0 146.0 1
412.0 790.0 1
82.0 638.0 1
535.0 464.0 1
38.0 704.0 1
-30.0 680.0 1
631.0 439.0 1
11.0 69.0 1
34.0 837.0 1
532.0 494.0 1
656.0 494.0 1
485.0 93.0 1
79.0 338.0 1
270.0 980.0 1
627.0 257.0 1
245.0 938.0 1
30.0 806.0 1
352.0 520.0 1
186.0 890.0 1
746.0 634.0 1
531.0 212.0 1
568.0 865.0 1
760.0 705.0 1
45.0 978.0 1
23.0 815.0 1
243.0 774.0 1
652.0 596.0 1
324.0 101.0 1
461.0 229.0 1
262.0 393.0 1
668.0 505.0 1
583.0 816.0 1
194.0 145.0 1
21.0 834.0 1
462.0 444.0 1
519.0 513.0 1
190.0 190.0 1
318.0 257.0 1
41.0 556.0 1
-22.0 885.0 1
459.0 821.0 1
709.0 942.0 1
63.0 483.0 1
447.0 878.0 1
397.0 921.0 1
632.0 784.0 1
563.0 404.0 1
197.0 585.0 1
253.0 644.0 1
694.0 334.0 1
683.0 516.0 1
649.0 857.0 1
191.0 903.0 1
634.0 680.0 1
424.0 249.0 1
395.0 595.0 1
22.0 537.0 1
660.0 900.0 1
-1.0 594.0 1
-41.0 604.0 1
-40.0 490.0 1
612.0 448.0 1
27.0 741.0 1
402.0 546.0 1
398.0 81.0 1
547.0 492.0 1
635.0 333.0 1
67.0 630.0 1
111.0 155.0 1
255.0 657.0 1
-8.0 432.0 1
177.0 920.0 1
722.0 588.0 1
445.0 201.0 1
-9.0 805.0 1
33.0 587.0 1
537.0 858.0 1
257.0 359.0 1
101.0 481.0 1
518.0 244.0 1
596.0 644.0 1
389.0 836.0 1
-16.0 158.0 1
182.0 623.0 1
389.0 164.0 1
519.0 553.0 1
632.0 604.0 1
373.0 249.0 1
607.0 743.0 1
302.0 284.0 1
166.0 684.0 1
475.0 526.0 1
490.0 430.0 1
704.0 558.0 1
609.0 308.0 1
755.0 106.0 1
610.0 218.0 1
381.0 766.0 1
512.0 207.0 1
-51.0 836.0 1
690.0 319.0 1
222.0 816.0 1
-17.0 951.0 1
656.0 144.0 1
44.0 278.0 1
466.0 921.0 1
760.0 660.0 1
576.0 979.0 1
350.0 944.0 1
171.0 910.0 1
53.0 652.0 1
729.0 71.0 1
565.0 531.0 1
570.0 748.0 1
44.0 436.0 1
318.0 258.0 1
698.0 589.0 1
415.0 246.0 1
691.0 649.0 1
618.0 412.0 1
192.0 129.0 1
430.0 838.0 1
465.0 979.0 1
629.0 966.0 1
-14.0 165.0 1
263.0 395.0 1
260.0 629.0 1
47.0 442.0 1
298.0 588.0 1
221.0 688.0 1
569.0 742.0 1
326.0 986.0 1
-4.0 132.0 1
126.0 537.0 1
166.0 897.0 1
465.0 862.0 1
721.0 635.0 1
722.0 922.0 1
18.0 519.0 1
710.0 682.0 1
96.0 260.0 1
659.0 166.0 1
346.0 445.0 1
248.0 604.0 1
725.0 778.0 1
87.0 945.0 1
149.0 799.0 1
599.0 793.0 1
417.0 90.0 1
64.0 516.0 1
567.0 399.0 1
553.0 871.0 1
313.0 664.0 1
721.0 711.0 1
530.0 253.0 1
718.0 468.0 1
622.0 614.0 1
221.0 801.0 1
560.0 606.0 1
127.0 322.0 1
518.0 207.0 1
552.0 731.0 1
41.0 346.0 1
171.0 157.0 1
172.0 199.0 1
32.0 754.0 1
-40.0 174.0 1
754.0 933.0 1
246.0 324.0 1
56.0 498.0 1
105.0 459.0 1
38.0 626.0 1
153.0 398.0 1
-18.0 700.0 1
449.0 467.0 1
298.0 207.0 1
258.0 154.0 1
564.0 416.0 1
715.0 764.0 1
576.0 687.0 1
419.0 471.0 1
85.0 509.0 1
638.0 528.0 1
495.0 439.0 1
609.0 954.0 1
109.0 733.0 1
719.0 662.0 1
-8.0 858.0 1
531.0 504.0 1
-15.0 626.0 1
