415.0 294.0 0
229.0 437.0 0
545.0 736.0 0
483.0 540.0 0
299.0 549.0 0
615.0 609.0 0
284.0 707.0 0
111.0 601.0 0
268.0 325.0 0
386.0 836.0 0
725.0 87.0 1
233.0 763.0 1
710.0 912.0 1
-8.0 472.0 1
509.0 814.0 1
23.0 815.0 1
248.0 604.0 1
588.0 814.0 1
701.0 685.0 1
44.0 436.0 1
131.0 657.0 1
-30.0 680.0 1
398.0 81.0 1
5.0 151.0 1
490.0 430.0 1
418.0 946.0 1
105.0 459.0 1
233.0 289.0 1
154.0 96.0 1
521.0 896.0 1
609.0 308.0 1
288.0 715.0 1
351.0 532.0 1
340.0 860.0 1
668.0 453.0 1
109.0 756.0 1
67.0 630.0 1
529.0 274.0 1
221.0 974.0 1
-8.0 858.0 1
11.0 69.0 1
67.0 303.0 1
565.0 531.0 1
650.0 959.0 1
367.0 196.0 1
444.0 223.0 1
15.0 509.0 1
656.0 403.0 1
696.0 879.0 1
70.0 356.0 1
639.0 96.0 1
240.0 382.0 1
465.0 979.0 1
87.0 837.0 1
33.0 587.0 1
127.0 322.0 1
110.0 212.0 1
240.0 127.0 1
-51.0 933.0 1
328.0 915.0 1
347.0 748.0 1
624.0 746.0 1
555.0 662.0 1
717.0 328.0 1
519.0 513.0 1
572.0 231.0 1
454.0 147.0 1
739.0 236.0 1
708.0 565.0 1
126.0 537.0 1
6.0 352.0 1
219.0 879.0 1
701.0 972.0 1
704.0 541.0 1
641.0 240.0 1
310.0 677.0 1
227.0 232.0 1
63.0 920.0 1
395.0 595.0 1
619.0 177.0 1
