502.0 350.0 0
249.0 410.0 0
433.0 684.0 0
459.0 489.0 0
282.0 501.0 0
594.0 387.0 0
287.0 383.0 0
430.0 575.0 0
358.0 400.0 0
366.0 493.0 0
623.0 660.0 0
259.0 656.0 0
224.0 622.0 0
301.0 267.0 0
438.0 844.0 0
156.0 540.0 0
241.0 673.0 0
590.0 722.0 0
538.0 648.0 0
349.0 757.0 0
739.0 96.0 1
243.0 774.0 1
718.0 930.0 1
-17.0 480.0 1
465.0 862.0 1
21.0 834.0 1
260.0 629.0 1
636.0 818.0 1
671.0 680.0 1
-13.0 465.0 1
149.0 629.0 1
-15.0 702.0 1
329.0 127.0 1
-9.0 158.0 1
449.0 467.0 1
414.0 919.0 1
101.0 489.0 1
237.0 266.0 1
192.0 129.0 1
568.0 865.0 1
59.0 500.0 1
610.0 324.0 1
256.0 719.0 1
357.0 532.0 1
389.0 836.0 1
668.0 505.0 1
642.0 304.0 1
106.0 755.0 1
50.0 638.0 1
530.0 253.0 1
165.0 960.0 1
-37.0 786.0 1
359.0 632.0 1
715.0 764.0 1
221.0 688.0 1
28.0 731.0 1
24.0 102.0 1
72.0 269.0 1
723.0 70.0 1
576.0 616.0 1
518.0 207.0 1
239.0 135.0 1
629.0 968.0 1
306.0 139.0 1
338.0 206.0 1
431.0 257.0 1
649.0 857.0 1
234.0 73.0 1
750.0 862.0 1
714.0 397.0 1
116.0 381.0 1
75.0 726.0 1
591.0 115.0 1
598.0 954.0 1
419.0 471.0 1
451.0 982.0 1
298.0 207.0 1
120.0 592.0 1
475.0 526.0 1
461.0 229.0 1
91.0 818.0 1
383.0 251.0 1
-17.0 604.0 1
124.0 302.0 1
709.0 942.0 1
173.0 376.0 1
272.0 981.0 1
63.0 195.0 1
198.0 223.0 1
196.0 189.0 1
-43.0 909.0 1
279.0 893.0 1
277.0 945.0 1
329.0 806.0 1
755.0 784.0 1
588.0 667.0 1
612.0 448.0 1
556.0 762.0 1
208.0 625.0 1
519.0 513.0 1
564.0 496.0 1
567.0 212.0 1
548.0 423.0 1
472.0 95.0 1
396.0 129.0 1
683.0 516.0 1
424.0 797.0 1
681.0 218.0 1
717.0 577.0 1
1.0 333.0 1
638.0 528.0 1
-34.0 537.0 1
677.0 906.0 1
596.0 644.0 1
141.0 516.0 1
52.0 827.0 1
30.0 943.0 1
-4.0 132.0 1
90.0 612.0 1
41.0 556.0 1
755.0 986.0 1
15.0 630.0 1
335.0 721.0 1
328.0 915.0 1
61.0 100.0 1
690.0 319.0 1
599.0 793.0 1
171.0 689.0 1
186.0 890.0 1
47.0 172.0 1
172.0 325.0 1
486.0 192.0 1
68.0 438.0 1
-51.0 836.0 1
709.0 480.0 1
364.0 123.0 1
53.0 920.0 1
521.0 896.0 1
257.0 359.0 1
96.0 260.0 1
669.0 252.0 1
205.0 916.0 1
30.0 398.0 1
596.0 519.0 1
362.0 890.0 1
746.0 634.0 1
63.0 920.0 1
15.0 509.0 1
288.0 715.0 1
619.0 177.0 1
361.0 982.0 1
-37.0 588.0 1
313.0 664.0 1
89.0 601.0 1
652.0 596.0 1
549.0 800.0 1
177.0 920.0 1
-36.0 661.0 1
709.0 277.0 1
656.0 144.0 1
