@relation  winequality-white-3-9_vs_5
@attribute FixedAcidity real[3.8,14.2]
@attribute VolatileAcidity real[0.08,1.1]
@attribute CitricAcid real[0.0,1.66]
@attribute ResidualSugar real[0.6,65.8]
@attribute Chlorides real[0.009,0.346]
@attribute FreeSulfurDioxide real[2.0,289.0]
@attribute TotalSulfurDioxide real[9.0,440.0]
@attribute Density real[0.98711,1.03898]
@attribute PH real[2.72,3.82]
@attribute Sulphates real[0.22,1.08]
@attribute Alcohol real[8.0,14.2]
@attribute Class{positive,negative}
@inputs FixedAcidity,VolatileAcidity,CitricAcid,ResidualSugar,Chlorides,FreeSulfurDioxide,TotalSulfurDioxide,Density,PH,Sulphates,Alcohol
@outputs Class
@data
6.6, 0.36, 0.29, 1.6, 0.021, 24.0, 85.0, 0.98965, 3.41, 0.61, 12.4, positive
6.7, 0.25, 0.26, 1.55, 0.041, 118.5, 216.0, 0.9949, 3.55, 0.63, 9.4, positive
6.9, 0.39, 0.4, 4.6, 0.022, 5.0, 19.0, 0.9915, 3.31, 0.37, 12.6, positive
6.9, 0.36, 0.34, 4.2, 0.018, 57.0, 119.0, 0.9898, 3.28, 0.36, 12.7, positive
7.1, 0.49, 0.22, 2.0, 0.047, 146.5, 307.5, 0.9924, 3.24, 0.37, 11.0, positive
6.4, 0.3, 0.16, 7.5, 0.05, 55.0, 191.0, 0.9959, 3.17, 0.49, 9.0, negative
7.0, 0.23, 0.42, 1.1, 0.062, 35.0, 100.0, 0.99318, 3.04, 0.4, 9.2, negative
6.7, 0.29, 0.45, 14.3, 0.054, 30.0, 181.0, 0.99869, 3.14, 0.57, 9.1, negative
7.4, 0.29, 0.48, 12.8, 0.037, 61.5, 182.0, 0.99808, 3.02, 0.34, 8.8, negative
6.7, 0.24, 0.41, 2.9, 0.039, 48.0, 122.0, 0.99052, 3.25, 0.43, 12.0, negative
7.4, 0.27, 0.26, 11.8, 0.053, 55.0, 173.0, 0.99699, 3.11, 0.6, 9.8, negative
7.0, 0.31, 0.52, 1.7, 0.029, 5.0, 61.0, 0.9918, 3.07, 0.43, 10.4, negative
6.2, 0.33, 0.14, 4.8, 0.052, 27.0, 128.0, 0.99475, 3.21, 0.48, 9.4, negative
6.6, 0.25, 0.51, 8.0, 0.047, 61.0, 189.0, 0.99604, 3.22, 0.49, 9.2, negative
6.0, 0.21, 0.24, 12.1, 0.05, 55.0, 164.0, 0.997, 3.34, 0.39, 9.4, negative
8.0, 0.28, 0.42, 7.1, 0.045, 41.0, 169.0, 0.9959, 3.17, 0.43, 10.6, negative
6.7, 0.3, 0.44, 18.5, 0.057, 65.0, 224.0, 0.99956, 3.11, 0.53, 9.1, negative
8.1, 0.2, 0.3, 1.3, 0.036, 7.0, 49.0, 0.99242, 2.99, 0.73, 10.3, negative
6.9, 0.27, 0.49, 23.5, 0.057, 59.0, 235.0, 1.0024, 2.98, 0.47, 8.6, negative
6.4, 0.475, 0.06, 1.0, 0.03, 9.0, 131.0, 0.9904, 2.97, 0.29, 10.8, negative
7.5, 0.26, 0.26, 18.35, 0.084, 33.0, 139.0, 1.0011, 3.17, 0.39, 8.8, negative
6.8, 0.45, 0.3, 11.8, 0.094, 23.0, 97.0, 0.997, 3.09, 0.44, 9.6, negative
9.2, 0.28, 0.46, 3.2, 0.058, 39.0, 133.0, 0.996, 3.14, 0.58, 9.5, negative
7.2, 0.27, 0.46, 18.75, 0.052, 45.0, 255.0, 1.0, 3.04, 0.52, 8.9, negative
6.7, 0.27, 0.31, 15.7, 0.036, 44.0, 179.0, 0.9979, 3.26, 0.56, 9.6, negative
7.2, 0.2, 0.22, 1.6, 0.044, 17.0, 101.0, 0.99471, 3.37, 0.53, 10.0, negative
6.6, 0.35, 0.34, 4.9, 0.032, 9.0, 125.0, 0.99253, 3.32, 0.81, 12.0, negative
7.2, 0.13, 0.46, 1.3, 0.044, 48.0, 111.0, 0.99127, 2.97, 0.45, 11.1, negative
7.1, 0.43, 0.61, 11.8, 0.045, 54.0, 155.0, 0.9974, 3.11, 0.45, 8.7, negative
6.6, 0.45, 0.43, 7.2, 0.064, 31.0, 186.0, 0.9954, 3.12, 0.44, 9.4, negative
7.2, 0.23, 0.25, 18.8, 0.085, 19.0, 111.0, 1.00044, 3.1, 0.51, 8.7, negative
6.8, 0.34, 0.1, 1.4, 0.049, 29.0, 118.0, 0.9936, 3.21, 0.41, 9.5, negative
7.8, 0.29, 0.29, 3.15, 0.044, 41.0, 117.0, 0.99153, 3.24, 0.35, 11.5, negative
6.8, 0.29, 0.34, 3.5, 0.054, 26.0, 189.0, 0.99489, 3.42, 0.58, 10.4, negative
6.4, 0.24, 0.29, 1.0, 0.038, 18.0, 122.0, 0.9906, 3.3, 0.42, 11.5, negative
7.5, 0.18, 0.72, 9.6, 0.039, 53.0, 151.0, 0.99802, 3.03, 0.46, 8.9, negative
6.0, 0.21, 0.29, 13.1, 0.042, 28.0, 125.0, 0.99936, 3.39, 0.45, 8.6, negative
5.7, 0.16, 0.32, 1.2, 0.036, 7.0, 89.0, 0.99111, 3.26, 0.48, 11.0, negative
6.5, 0.43, 0.28, 12.0, 0.056, 23.0, 174.0, 0.9986, 3.31, 0.55, 9.3, negative
6.6, 0.28, 0.42, 8.2, 0.044, 60.0, 196.0, 0.99562, 3.14, 0.48, 9.4, negative
7.4, 0.25, 0.49, 1.1, 0.042, 35.0, 156.0, 0.9917, 3.13, 0.55, 11.3, negative
7.0, 0.44, 0.24, 12.1, 0.056, 68.0, 210.0, 0.99718, 3.05, 0.5, 9.5, negative
7.0, 0.27, 0.29, 3.9, 0.059, 28.0, 199.0, 0.9961, 3.54, 0.59, 10.3, negative
7.7, 0.3, 0.23, 2.0, 0.068, 28.0, 138.0, 0.99382, 3.11, 0.62, 9.8, negative
6.3, 0.27, 0.18, 7.7, 0.048, 45.0, 186.0, 0.9962, 3.23, 0.47, 9.0, negative
6.4, 0.18, 0.48, 4.0, 0.186, 64.0, 150.0, 0.9945, 3.06, 0.4, 9.3, negative
6.8, 0.28, 0.4, 22.0, 0.048, 48.0, 167.0, 1.001, 2.93, 0.5, 8.7, negative
7.2, 0.16, 0.35, 1.2, 0.031, 27.0, 84.0, 0.9928, 3.33, 0.34, 9.9, negative
6.3, 0.33, 0.2, 17.9, 0.066, 36.0, 161.0, 0.9991, 3.14, 0.51, 8.8, negative
5.8, 0.34, 0.21, 7.2, 0.041, 48.0, 146.0, 0.99441, 3.16, 0.49, 9.8, negative
6.7, 0.25, 0.23, 7.2, 0.038, 61.0, 220.0, 0.9952, 3.14, 0.35, 9.5, negative
6.1, 0.22, 0.49, 1.5, 0.051, 18.0, 87.0, 0.9928, 3.3, 0.46, 9.6, negative
7.9, 0.19, 0.26, 2.1, 0.039, 8.0, 143.0, 0.9942, 3.05, 0.74, 9.8, negative
6.4, 0.42, 0.19, 9.3, 0.043, 28.0, 145.0, 0.99433, 3.23, 0.53, 10.98, negative
6.9, 0.28, 0.37, 9.1, 0.037, 16.0, 76.0, 0.9948, 3.05, 0.54, 11.1, negative
7.1, 0.25, 0.28, 1.6, 0.052, 46.0, 169.0, 0.9926, 3.05, 0.41, 10.5, negative
7.2, 0.25, 0.32, 1.5, 0.047, 27.0, 132.0, 0.9933, 3.26, 0.44, 10.5, negative
6.3, 0.33, 0.2, 5.8, 0.04, 24.0, 144.0, 0.99425, 3.15, 0.63, 9.9, negative
8.1, 0.45, 0.34, 8.3, 0.037, 33.0, 216.0, 0.9976, 3.31, 0.64, 9.7, negative
7.6, 0.36, 0.49, 11.3, 0.046, 87.0, 221.0, 0.9984, 3.01, 0.43, 9.2, negative
6.5, 0.425, 0.4, 13.1, 0.038, 59.0, 241.0, 0.9979, 3.23, 0.57, 9.0, negative
7.3, 0.32, 0.35, 1.4, 0.05, 8.0, 163.0, 0.99244, 3.24, 0.42, 10.7, negative
7.0, 0.2, 0.74, 0.8, 0.044, 19.0, 163.0, 0.9931, 3.46, 0.53, 10.2, negative
6.4, 0.26, 0.22, 5.1, 0.037, 23.0, 131.0, 0.9944, 3.29, 0.32, 10.1, negative
7.4, 0.25, 0.49, 1.1, 0.042, 35.0, 156.0, 0.9917, 3.13, 0.55, 11.3, negative
6.6, 0.38, 0.36, 9.2, 0.061, 42.0, 214.0, 0.9976, 3.31, 0.56, 9.4, negative
6.6, 0.28, 0.41, 7.0, 0.046, 59.0, 194.0, 0.99558, 3.14, 0.48, 9.4, negative
6.0, 0.24, 0.32, 6.3, 0.03, 34.0, 129.0, 0.9946, 3.52, 0.41, 10.4, negative
5.8, 0.33, 0.2, 16.05, 0.047, 26.0, 166.0, 0.9976, 3.09, 0.46, 8.9, negative
6.6, 0.33, 0.32, 15.6, 0.054, 62.0, 227.0, 0.99734, 3.25, 0.56, 10.4, negative
6.8, 0.21, 0.36, 18.1, 0.046, 32.0, 133.0, 1.0, 3.27, 0.48, 8.8, negative
6.9, 0.4, 0.43, 6.2, 0.065, 42.0, 178.0, 0.99552, 3.11, 0.53, 9.4, negative
8.6, 0.18, 0.28, 0.8, 0.032, 25.0, 78.0, 0.99104, 2.99, 0.38, 11.1, negative
5.7, 0.24, 0.47, 6.3, 0.069, 35.0, 182.0, 0.99391, 3.11, 0.46, 9.73333333333333, negative
7.7, 0.15, 0.29, 1.3, 0.029, 10.0, 64.0, 0.9932, 3.35, 0.39, 10.1, negative
8.2, 0.37, 0.64, 13.9, 0.043, 22.0, 171.0, 0.99873, 2.99, 0.8, 9.3, negative
6.3, 0.35, 0.26, 17.6, 0.061, 59.0, 198.0, 0.99918, 3.11, 0.49, 8.8, negative
6.4, 0.34, 0.44, 8.2, 0.043, 54.0, 201.0, 0.99551, 3.18, 0.48, 9.5, negative
7.0, 0.27, 0.41, 18.75, 0.042, 34.0, 157.0, 1.0002, 2.96, 0.5, 9.1, negative
6.8, 0.19, 0.23, 5.1, 0.034, 71.0, 204.0, 0.9942, 3.23, 0.69, 10.1, negative
7.6, 0.23, 0.34, 1.6, 0.043, 24.0, 129.0, 0.99305, 3.12, 0.7, 10.4, negative
6.3, 0.31, 0.34, 2.2, 0.045, 20.0, 77.0, 0.9927, 3.3, 0.43, 10.2, negative
5.6, 0.19, 0.27, 0.9, 0.04, 52.0, 103.0, 0.99026, 3.5, 0.39, 11.2, negative
6.8, 0.35, 0.44, 6.5, 0.056, 31.0, 161.0, 0.9952, 3.14, 0.44, 9.5, negative
6.6, 0.24, 0.35, 7.7, 0.031, 36.0, 135.0, 0.9938, 3.19, 0.37, 10.5, negative
6.3, 0.2, 0.18, 10.6, 0.045, 57.0, 159.0, 0.99666, 3.09, 0.54, 9.2, negative
6.9, 0.4, 0.17, 12.9, 0.033, 59.0, 186.0, 0.99754, 3.08, 0.49, 9.4, negative
8.2, 0.26, 0.33, 2.6, 0.053, 11.0, 71.0, 0.99402, 2.89, 0.49, 9.5, negative
6.4, 0.28, 0.23, 6.0, 0.051, 50.0, 162.0, 0.994, 3.15, 0.52, 10.2, negative
5.5, 0.17, 0.23, 2.9, 0.039, 10.0, 108.0, 0.99243, 3.28, 0.5, 10.0, negative
6.8, 0.28, 0.44, 11.5, 0.04, 58.0, 223.0, 0.9969, 3.22, 0.56, 9.5, negative
6.5, 0.25, 0.45, 7.8, 0.048, 52.0, 188.0, 0.99576, 3.2, 0.53, 9.1, negative
8.2, 0.28, 0.42, 1.8, 0.031, 30.0, 93.0, 0.9917, 3.09, 0.39, 11.4, negative
6.6, 0.32, 0.26, 7.7, 0.054, 56.0, 209.0, 0.9961, 3.17, 0.45, 8.8, negative
7.6, 0.39, 0.22, 2.8, 0.036, 19.0, 113.0, 0.9926, 3.03, 0.29, 10.2, negative
7.0, 0.36, 0.14, 11.6, 0.043, 35.0, 228.0, 0.9977, 3.13, 0.51, 8.9, negative
6.4, 0.29, 0.18, 15.0, 0.04, 21.0, 116.0, 0.99736, 3.14, 0.5, 9.2, negative
6.8, 0.29, 0.56, 11.9, 0.043, 66.0, 230.0, 0.9972, 3.02, 0.63, 9.3, negative
7.1, 0.39, 0.35, 12.5, 0.044, 26.0, 72.0, 0.9941, 3.17, 0.29, 11.6, negative
5.6, 0.34, 0.25, 2.5, 0.046, 47.0, 182.0, 0.99093, 3.21, 0.4, 11.3, negative
7.6, 0.38, 0.2, 3.4, 0.046, 9.0, 116.0, 0.9944, 3.15, 0.41, 9.4, negative
8.3, 0.27, 0.39, 2.4, 0.058, 16.0, 107.0, 0.9955, 3.28, 0.59, 10.3, negative
6.8, 0.25, 0.27, 10.7, 0.076, 47.0, 154.0, 0.9967, 3.05, 0.38, 9.0, negative
7.0, 0.23, 0.42, 18.05, 0.05, 35.0, 144.0, 0.9999, 3.22, 0.42, 8.8, negative
6.5, 0.51, 0.25, 1.7, 0.048, 39.0, 177.0, 0.99212, 3.28, 0.57, 10.5666666666667, negative
6.5, 0.15, 0.55, 5.9, 0.045, 75.0, 162.0, 0.99482, 2.97, 0.4, 9.3, negative
8.4, 0.3, 0.25, 17.75, 0.047, 25.0, 218.0, 1.00016, 2.98, 0.66, 9.1, negative
7.8, 0.23, 0.28, 4.75, 0.042, 45.0, 166.0, 0.9928, 2.96, 0.4, 11.5, negative
6.0, 0.36, 0.16, 6.3, 0.036, 36.0, 191.0, 0.9942, 3.17, 0.62, 9.8, negative
8.6, 0.23, 0.25, 11.3, 0.031, 13.0, 96.0, 0.99645, 3.11, 0.4, 10.8, negative
6.0, 0.23, 0.15, 9.7, 0.048, 101.0, 207.0, 0.99571, 3.05, 0.3, 9.1, negative
7.7, 0.26, 0.32, 1.2, 0.04, 26.0, 117.0, 0.993, 3.21, 0.56, 10.8, negative
5.7, 0.26, 0.24, 17.8, 0.059, 23.0, 124.0, 0.99773, 3.3, 0.5, 10.1, negative
7.1, 0.28, 0.31, 1.5, 0.053, 20.0, 98.0, 0.99069, 3.15, 0.5, 11.4, negative
8.3, 0.22, 0.38, 14.8, 0.054, 32.0, 126.0, 1.0002, 3.22, 0.5, 9.7, negative
5.8, 0.31, 0.31, 7.5, 0.052, 55.0, 230.0, 0.9949, 3.19, 0.46, 9.8, negative
6.6, 0.3, 0.74, 4.6, 0.041, 36.0, 159.0, 0.9946, 3.21, 0.45, 9.9, negative
6.5, 0.23, 0.36, 16.3, 0.038, 43.0, 133.0, 0.99924, 3.26, 0.41, 8.8, negative
8.4, 0.28, 0.4, 8.9, 0.048, 33.0, 146.0, 0.9988, 3.4, 0.46, 9.3, negative
5.8, 0.335, 0.14, 5.8, 0.046, 49.0, 197.0, 0.9937, 3.3, 0.71, 10.3, negative
6.8, 0.31, 0.09, 1.4, 0.04, 56.0, 145.0, 0.9922, 3.19, 0.46, 10.0, negative
5.8, 0.33, 0.23, 5.0, 0.053, 29.0, 106.0, 0.99458, 3.13, 0.52, 9.0, negative
8.4, 0.22, 0.28, 18.8, 0.028, 55.0, 130.0, 0.998, 2.96, 0.35, 11.6, negative
8.1, 0.36, 0.59, 13.6, 0.051, 60.0, 134.0, 0.99886, 2.96, 0.39, 8.7, negative
5.9, 0.22, 0.18, 6.4, 0.041, 28.0, 120.0, 0.99403, 3.27, 0.5, 9.9, negative
7.2, 0.47, 0.16, 5.9, 0.048, 14.0, 125.0, 0.99428, 3.09, 0.49, 9.8, negative
6.6, 0.26, 0.46, 6.9, 0.047, 59.0, 183.0, 0.99594, 3.2, 0.45, 9.3, negative
6.8, 0.25, 0.18, 1.4, 0.056, 13.0, 137.0, 0.9935, 3.11, 0.42, 9.5, negative
7.8, 0.445, 0.56, 1.0, 0.04, 8.0, 84.0, 0.9938, 3.25, 0.43, 10.8, negative
6.2, 0.34, 0.3, 11.1, 0.047, 28.0, 237.0, 0.9981, 3.18, 0.49, 8.7, negative
6.9, 0.28, 0.22, 10.0, 0.052, 36.0, 131.0, 0.99696, 3.08, 0.46, 9.6, negative
6.3, 0.27, 0.23, 2.9, 0.047, 13.0, 100.0, 0.9936, 3.28, 0.43, 9.8, negative
7.0, 0.39, 0.21, 10.7, 0.098, 13.0, 91.0, 0.99657, 3.03, 0.47, 9.3, negative
7.1, 0.46, 0.23, 13.7, 0.045, 44.0, 192.0, 0.9981, 3.11, 0.53, 9.4, negative
9.8, 0.42, 0.48, 9.85, 0.034, 5.0, 110.0, 0.9958, 2.87, 0.29, 10.0, negative
7.2, 0.26, 0.32, 10.4, 0.062, 23.0, 114.0, 0.9966, 3.23, 0.49, 10.5, negative
5.7, 0.28, 0.24, 17.5, 0.044, 60.0, 167.0, 0.9989, 3.31, 0.44, 9.4, negative
6.9, 0.23, 0.32, 16.4, 0.045, 62.0, 153.0, 0.9972, 3.22, 0.42, 10.5, negative
7.4, 0.2, 0.35, 6.1, 0.025, 10.0, 40.0, 0.99244, 2.79, 0.52, 10.9, negative
8.6, 0.26, 0.41, 2.2, 0.049, 29.0, 111.0, 0.9941, 2.96, 0.44, 10.0, negative
8.4, 0.57, 0.44, 10.7, 0.051, 46.0, 195.0, 0.9981, 3.15, 0.51, 10.4, negative
7.7, 0.31, 0.26, 7.8, 0.031, 23.0, 90.0, 0.9944, 3.13, 0.5, 10.4, negative
8.0, 0.25, 0.13, 17.2, 0.036, 49.0, 219.0, 0.9996, 2.96, 0.46, 9.7, negative
6.2, 0.34, 0.28, 7.5, 0.034, 40.0, 197.0, 0.99485, 3.14, 0.6, 9.7, negative
6.8, 0.18, 0.21, 5.4, 0.053, 34.0, 104.0, 0.99445, 3.3, 0.43, 9.4, negative
6.4, 0.31, 0.31, 12.9, 0.045, 55.0, 161.0, 0.99546, 3.02, 0.59, 10.2, negative
6.2, 0.345, 0.27, 10.1, 0.056, 38.0, 187.0, 0.99486, 3.31, 0.56, 10.6, negative
8.0, 0.37, 0.31, 4.7, 0.038, 3.0, 127.0, 0.99186, 2.9, 0.72, 12.1, negative
7.0, 0.23, 0.36, 13.0, 0.051, 72.0, 177.0, 0.9972, 3.16, 0.49, 9.8, negative
6.0, 0.14, 0.37, 1.2, 0.032, 63.0, 148.0, 0.99185, 3.32, 0.44, 11.2, negative
6.7, 0.33, 0.42, 6.4, 0.058, 27.0, 151.0, 0.9954, 3.16, 0.44, 9.6, negative
6.3, 0.36, 0.2, 2.0, 0.048, 48.0, 191.0, 0.9929, 3.17, 0.51, 9.6, negative
7.7, 0.43, 0.37, 10.0, 0.169, 22.0, 210.0, 0.99776, 3.02, 0.64, 9.5, negative
7.4, 0.34, 0.28, 12.1, 0.049, 31.0, 149.0, 0.99677, 3.22, 0.49, 10.3, negative
6.6, 0.24, 0.27, 15.8, 0.035, 46.0, 188.0, 0.9982, 3.24, 0.51, 9.2, negative
7.1, 0.36, 0.2, 1.6, 0.271, 24.0, 140.0, 0.99356, 3.11, 0.63, 9.8, negative
6.0, 0.21, 0.3, 8.7, 0.036, 47.0, 127.0, 0.99368, 3.18, 0.39, 10.6, negative
6.0, 0.28, 0.29, 19.3, 0.051, 36.0, 174.0, 0.99911, 3.14, 0.5, 9.0, negative
7.6, 0.36, 0.49, 11.3, 0.046, 87.0, 221.0, 0.9984, 3.01, 0.43, 9.2, negative
8.5, 0.16, 0.35, 1.6, 0.039, 24.0, 147.0, 0.9935, 2.96, 0.36, 10.0, negative
7.5, 0.23, 0.35, 17.8, 0.058, 128.0, 212.0, 1.00241, 3.44, 0.43, 8.9, negative
7.5, 0.22, 0.29, 4.8, 0.05, 33.0, 87.0, 0.994, 3.14, 0.42, 9.9, negative
6.6, 0.34, 0.34, 2.6, 0.051, 40.5, 210.0, 0.99314, 3.15, 0.61, 10.0, negative
10.3, 0.25, 0.48, 2.2, 0.042, 28.0, 164.0, 0.998, 3.19, 0.59, 9.7, negative
5.7, 0.245, 0.33, 1.1, 0.049, 28.0, 150.0, 0.9927, 3.13, 0.42, 9.3, negative
6.5, 0.3, 0.29, 2.25, 0.037, 8.0, 210.0, 0.9937, 3.19, 0.62, 9.9, negative
8.1, 0.5, 0.47, 1.1, 0.037, 23.0, 126.0, 0.9938, 3.21, 0.42, 10.9, negative
6.8, 0.46, 0.26, 6.3, 0.147, 49.0, 159.0, 0.99434, 3.14, 0.47, 10.0, negative
9.4, 0.16, 0.3, 1.4, 0.042, 26.0, 176.0, 0.9954, 3.15, 0.46, 9.1, negative
6.5, 0.41, 0.22, 4.8, 0.052, 49.0, 142.0, 0.9946, 3.14, 0.62, 9.2, negative
6.0, 0.39, 0.13, 1.2, 0.042, 60.0, 172.0, 0.99114, 3.06, 0.52, 10.6, negative
7.4, 0.18, 0.3, 8.8, 0.064, 26.0, 103.0, 0.9961, 2.94, 0.56, 9.3, negative
6.0, 0.2, 0.24, 5.3, 0.075, 49.0, 201.0, 0.99466, 3.21, 0.43, 9.5, negative
7.0, 0.25, 0.29, 15.2, 0.047, 40.0, 171.0, 0.9982, 3.22, 0.45, 9.3, negative
6.0, 0.28, 0.35, 1.9, 0.037, 16.0, 120.0, 0.9933, 3.16, 0.69, 10.6, negative
6.9, 0.37, 0.23, 9.5, 0.057, 54.0, 166.0, 0.99568, 3.23, 0.42, 10.0, negative
9.4, 0.23, 0.56, 16.45, 0.063, 52.5, 282.0, 1.00098, 3.1, 0.51, 9.3, negative
6.6, 0.25, 0.35, 14.0, 0.069, 42.0, 163.0, 0.999, 3.56, 0.47, 9.8, negative
6.9, 0.29, 0.23, 8.6, 0.056, 56.0, 215.0, 0.9967, 3.17, 0.44, 8.8, negative
9.4, 0.42, 0.32, 6.5, 0.027, 20.0, 167.0, 0.99479, 3.08, 0.43, 10.6, negative
6.5, 0.22, 0.25, 17.1, 0.05, 44.0, 138.0, 1.0001, 3.3, 0.37, 8.8, negative
6.9, 0.4, 0.37, 8.9, 0.053, 36.0, 148.0, 0.996, 3.16, 0.5, 9.3, negative
5.6, 0.245, 0.25, 9.7, 0.032, 12.0, 68.0, 0.994, 3.31, 0.34, 10.5, negative
6.6, 0.27, 0.33, 1.4, 0.042, 24.0, 183.0, 0.99215, 3.29, 0.46, 10.7, negative
6.7, 0.29, 0.45, 14.3, 0.054, 30.0, 181.0, 0.99869, 3.14, 0.57, 9.1, negative
7.4, 0.28, 0.42, 19.8, 0.066, 53.0, 195.0, 1.0, 2.96, 0.44, 9.1, negative
7.1, 0.85, 0.49, 8.7, 0.028, 40.0, 184.0, 0.9962, 3.22, 0.36, 10.7, negative
7.1, 0.35, 0.24, 15.4, 0.055, 46.0, 198.0, 0.9988, 3.12, 0.49, 8.8, negative
6.3, 0.24, 0.29, 1.6, 0.052, 48.0, 185.0, 0.9934, 3.21, 0.5, 9.4, negative
5.6, 0.29, 0.05, 0.8, 0.038, 11.0, 30.0, 0.9924, 3.36, 0.35, 9.2, negative
7.6, 0.38, 0.2, 3.4, 0.046, 9.0, 116.0, 0.9944, 3.15, 0.41, 9.4, negative
6.9, 0.17, 0.25, 1.6, 0.047, 34.0, 132.0, 0.9914, 3.16, 0.48, 11.4, negative
6.4, 0.22, 0.32, 7.9, 0.029, 34.0, 124.0, 0.9948, 3.4, 0.39, 10.2, negative
7.0, 0.31, 0.35, 1.6, 0.063, 13.0, 119.0, 0.99184, 3.22, 0.5, 10.7, negative
5.9, 0.54, 0.0, 0.8, 0.032, 12.0, 82.0, 0.99286, 3.25, 0.36, 8.8, negative
8.1, 0.22, 0.28, 7.7, 0.043, 57.0, 176.0, 0.9954, 3.12, 0.55, 10.0, negative
6.9, 0.42, 0.2, 15.4, 0.043, 57.0, 201.0, 0.99848, 3.08, 0.54, 9.4, negative
7.1, 0.31, 0.17, 1.0, 0.042, 21.0, 144.0, 0.99304, 3.13, 0.4, 9.6, negative
7.9, 0.21, 0.39, 2.0, 0.057, 21.0, 138.0, 0.99176, 3.05, 0.52, 10.9, negative
5.8, 0.6, 0.0, 1.3, 0.044, 72.0, 197.0, 0.99202, 3.56, 0.43, 10.9, negative
6.9, 0.28, 0.37, 9.1, 0.037, 16.0, 76.0, 0.9948, 3.05, 0.54, 11.1, negative
7.6, 0.21, 0.49, 2.5, 0.047, 20.0, 130.0, 0.99178, 3.15, 0.48, 11.1, negative
7.4, 0.31, 0.74, 10.7, 0.039, 51.0, 147.0, 0.9977, 3.02, 0.43, 8.7, negative
6.4, 0.32, 0.5, 10.7, 0.047, 57.0, 206.0, 0.9968, 3.08, 0.6, 9.4, negative
7.6, 0.27, 0.33, 2.0, 0.059, 19.0, 175.0, 0.9944, 3.22, 0.56, 9.9, negative
6.0, 0.16, 0.27, 12.0, 0.03, 39.0, 98.0, 0.99402, 3.15, 0.34, 10.8, negative
6.4, 0.23, 0.35, 10.3, 0.042, 54.0, 140.0, 0.9967, 3.23, 0.47, 9.2, negative
6.2, 0.24, 0.22, 7.9, 0.053, 45.0, 149.0, 0.99545, 3.23, 0.52, 9.3, negative
6.7, 0.31, 0.44, 6.7, 0.054, 29.0, 160.0, 0.9952, 3.04, 0.44, 9.6, negative
6.3, 0.33, 0.2, 17.9, 0.066, 36.0, 161.0, 0.9991, 3.14, 0.51, 8.8, negative
7.0, 0.31, 0.52, 1.7, 0.029, 5.0, 61.0, 0.9918, 3.07, 0.43, 10.4, negative
6.8, 0.2, 0.25, 6.2, 0.052, 22.0, 106.0, 0.9935, 3.09, 0.54, 10.8, negative
6.9, 0.28, 0.37, 9.1, 0.037, 16.0, 76.0, 0.9948, 3.05, 0.54, 11.1, negative
7.1, 0.32, 0.24, 13.1, 0.05, 52.0, 204.0, 0.998, 3.1, 0.49, 8.8, negative
6.0, 0.33, 0.27, 0.8, 0.185, 12.0, 188.0, 0.9924, 3.12, 0.62, 9.4, negative
5.8, 0.25, 0.28, 11.1, 0.056, 45.0, 175.0, 0.99755, 3.42, 0.43, 9.5, negative
6.9, 0.25, 0.24, 1.8, 0.053, 6.0, 121.0, 0.993, 3.23, 0.7, 11.4, negative
6.7, 0.47, 0.34, 8.9, 0.043, 31.0, 172.0, 0.9964, 3.22, 0.6, 9.2, negative
5.7, 0.33, 0.15, 1.9, 0.05, 20.0, 93.0, 0.9934, 3.38, 0.62, 9.9, negative
6.6, 0.22, 0.53, 15.1, 0.052, 22.0, 136.0, 0.9986, 2.94, 0.35, 9.4, negative
6.6, 0.34, 0.18, 6.4, 0.082, 47.0, 240.0, 0.9971, 3.42, 0.48, 9.2, negative
7.6, 0.36, 0.48, 13.5, 0.038, 44.0, 116.0, 0.9982, 3.04, 0.48, 9.2, negative
7.2, 0.46, 0.65, 10.4, 0.05, 76.0, 192.0, 0.9976, 3.16, 0.42, 8.7, negative
7.6, 0.345, 0.26, 1.9, 0.043, 15.0, 134.0, 0.9936, 3.08, 0.38, 9.5, negative
6.7, 0.23, 0.42, 11.2, 0.047, 52.0, 171.0, 0.99758, 3.54, 0.74, 10.4, negative
7.5, 0.2, 0.49, 1.3, 0.031, 8.0, 97.0, 0.9918, 3.06, 0.62, 11.1, negative
7.2, 0.4, 0.49, 1.1, 0.048, 11.0, 138.0, 0.9929, 3.01, 0.42, 9.3, negative
5.6, 0.3, 0.1, 6.4, 0.043, 34.0, 142.0, 0.99382, 3.14, 0.48, 9.8, negative
8.2, 0.2, 0.38, 3.5, 0.053, 41.0, 174.0, 0.99306, 3.22, 0.41, 11.6, negative
6.6, 0.25, 0.33, 8.5, 0.042, 29.0, 141.0, 0.99546, 3.28, 0.6, 10.4, negative
6.6, 0.32, 0.41, 7.2, 0.048, 55.0, 178.0, 0.99537, 3.2, 0.46, 9.4, negative
7.8, 0.25, 0.34, 13.7, 0.044, 66.0, 184.0, 0.99976, 3.22, 0.75, 8.9, negative
6.7, 0.5, 0.63, 13.4, 0.078, 81.0, 238.0, 0.9988, 3.08, 0.44, 9.2, negative
6.3, 0.32, 0.32, 1.5, 0.03, 24.0, 101.0, 0.98923, 3.21, 0.42, 13.0, negative
5.6, 0.35, 0.37, 1.0, 0.038, 6.0, 72.0, 0.9902, 3.37, 0.34, 11.4, negative
9.1, 0.33, 0.38, 1.7, 0.062, 50.5, 344.0, 0.9958, 3.1, 0.7, 9.5, negative
7.8, 0.25, 0.37, 1.0, 0.043, 10.0, 80.0, 0.99128, 3.08, 0.38, 11.4, negative
7.0, 0.16, 0.32, 8.3, 0.045, 38.0, 126.0, 0.9958, 3.21, 0.34, 9.2, negative
6.5, 0.23, 0.36, 16.3, 0.038, 43.0, 133.0, 0.99924, 3.26, 0.41, 8.8, negative
7.3, 0.32, 0.35, 1.4, 0.05, 8.0, 163.0, 0.99244, 3.24, 0.42, 10.7, negative
7.1, 0.24, 0.41, 17.8, 0.046, 39.0, 145.0, 0.9998, 3.32, 0.39, 8.7, negative
6.3, 0.29, 0.14, 7.05, 0.045, 50.0, 177.0, 0.99564, 3.23, 0.42, 9.0, negative
5.5, 0.32, 0.13, 1.3, 0.037, 45.0, 156.0, 0.99184, 3.26, 0.38, 10.7, negative
7.6, 0.39, 0.46, 11.7, 0.084, 55.0, 170.0, 0.99773, 2.91, 0.51, 9.0, negative
6.4, 0.46, 0.22, 14.7, 0.047, 51.0, 183.0, 0.998275, 3.39, 0.6, 10.5, negative
6.5, 0.32, 0.12, 11.5, 0.033, 35.0, 165.0, 0.9974, 3.22, 0.32, 9.0, negative
7.2, 0.25, 0.19, 8.0, 0.044, 51.0, 172.0, 0.9964, 3.16, 0.44, 9.2, negative
6.6, 0.33, 0.24, 16.05, 0.045, 31.0, 147.0, 0.99822, 3.08, 0.52, 9.2, negative
8.6, 0.23, 0.4, 4.2, 0.035, 17.0, 109.0, 0.9947, 3.14, 0.53, 9.7, negative
7.5, 0.17, 0.34, 1.4, 0.035, 13.0, 102.0, 0.9918, 3.05, 0.74, 11.0, negative
4.9, 0.335, 0.14, 1.3, 0.036, 69.0, 168.0, 0.99212, 3.47, 0.46, 10.4666666666667, negative
6.4, 0.29, 0.44, 3.6, 0.2, 75.0, 181.0, 0.9942, 3.02, 0.41, 9.1, negative
7.9, 0.46, 0.4, 10.1, 0.168, 19.0, 184.0, 0.99782, 3.06, 0.62, 9.5, negative
7.0, 0.14, 0.28, 1.3, 0.026, 10.0, 56.0, 0.99352, 3.46, 0.45, 9.9, negative
6.9, 0.34, 0.74, 11.2, 0.069, 44.0, 150.0, 0.9968, 3.0, 0.81, 9.2, negative
7.7, 0.28, 0.35, 15.3, 0.056, 31.0, 117.0, 0.9998, 3.27, 0.5, 9.6, negative
6.8, 0.22, 0.3, 13.6, 0.055, 50.0, 180.0, 0.9984, 3.44, 0.39, 9.8, negative
6.7, 0.41, 0.01, 2.8, 0.048, 39.0, 137.0, 0.9942, 3.24, 0.35, 9.5, negative
6.6, 0.25, 0.51, 8.0, 0.047, 61.0, 189.0, 0.99604, 3.22, 0.49, 9.2, negative
6.7, 0.24, 0.32, 10.3, 0.079, 37.0, 122.0, 0.99662, 3.02, 0.45, 8.8, negative
6.2, 0.31, 0.23, 3.3, 0.052, 34.0, 113.0, 0.99429, 3.16, 0.48, 8.4, negative
8.1, 0.5, 0.47, 1.1, 0.037, 23.0, 126.0, 0.9938, 3.21, 0.42, 10.9, negative
7.3, 0.32, 0.29, 1.5, 0.038, 32.0, 144.0, 0.99296, 3.2, 0.55, 10.8, negative
9.1, 0.28, 0.49, 2.0, 0.059, 10.0, 112.0, 0.9958, 3.15, 0.46, 10.1, negative
6.6, 0.22, 0.58, 1.1, 0.133, 52.0, 136.0, 0.9932, 3.1, 0.3, 9.1, negative
6.4, 0.15, 0.29, 1.8, 0.044, 21.0, 115.0, 0.99166, 3.1, 0.38, 10.2, negative
5.3, 0.165, 0.24, 1.1, 0.051, 25.0, 105.0, 0.9925, 3.32, 0.47, 9.1, negative
7.7, 0.28, 0.35, 15.3, 0.056, 31.0, 117.0, 0.9998, 3.27, 0.5, 9.6, negative
6.2, 0.28, 0.51, 7.9, 0.056, 49.0, 206.0, 0.9956, 3.18, 0.52, 9.4, negative
7.7, 0.27, 0.61, 12.0, 0.046, 64.0, 179.0, 0.9982, 3.07, 0.46, 8.9, negative
7.0, 0.16, 0.32, 8.3, 0.045, 38.0, 126.0, 0.9958, 3.21, 0.34, 9.2, negative
6.8, 0.34, 0.44, 6.6, 0.052, 28.0, 156.0, 0.9955, 3.14, 0.41, 9.6, negative
8.0, 0.23, 0.41, 1.1, 0.048, 35.0, 150.0, 0.99168, 3.09, 0.47, 11.2, negative
6.7, 0.25, 0.36, 8.6, 0.037, 63.0, 206.0, 0.99553, 3.18, 0.5, 9.6, negative
7.9, 0.29, 0.31, 7.35, 0.034, 37.0, 154.0, 0.9938, 3.06, 0.31, 10.8, negative
6.6, 0.19, 0.33, 1.8, 0.035, 42.0, 148.0, 0.99196, 3.15, 0.36, 10.2, negative
7.2, 0.4, 0.49, 1.1, 0.048, 11.0, 138.0, 0.9929, 3.01, 0.42, 9.3, negative
6.7, 0.25, 0.13, 1.2, 0.041, 81.0, 174.0, 0.992, 3.14, 0.42, 9.8, negative
7.1, 0.31, 0.5, 14.5, 0.059, 6.0, 148.0, 0.9983, 2.94, 0.44, 9.1, negative
7.2, 0.34, 0.3, 8.4, 0.051, 40.0, 167.0, 0.99756, 3.48, 0.62, 9.7, negative
7.0, 0.34, 0.1, 3.5, 0.044, 17.0, 63.0, 0.9937, 3.01, 0.39, 9.2, negative
7.3, 0.23, 0.34, 9.3, 0.052, 19.0, 86.0, 0.99574, 3.04, 0.56, 10.0, negative
6.9, 0.24, 0.4, 15.4, 0.052, 81.0, 198.0, 0.9986, 3.2, 0.69, 9.4, negative
7.7, 0.28, 0.35, 15.3, 0.056, 31.0, 117.0, 0.9998, 3.27, 0.5, 9.6, negative
6.8, 0.26, 0.24, 1.9, 0.043, 70.0, 154.0, 0.99273, 3.18, 0.52, 10.5, negative
8.7, 0.31, 0.73, 14.35, 0.044, 27.0, 191.0, 1.00013, 2.96, 0.88, 8.7, negative
7.3, 0.32, 0.25, 7.2, 0.056, 47.0, 180.0, 0.9961, 3.08, 0.47, 8.8, negative
6.6, 0.32, 0.24, 1.3, 0.06, 42.5, 204.0, 0.99512, 3.59, 0.51, 9.2, negative
6.1, 0.46, 0.32, 6.2, 0.053, 10.0, 94.0, 0.99537, 3.35, 0.47, 10.1, negative
7.5, 0.26, 0.26, 18.35, 0.084, 33.0, 139.0, 1.0011, 3.17, 0.39, 8.8, negative
8.0, 0.27, 0.57, 10.4, 0.053, 18.0, 134.0, 0.99732, 3.12, 0.68, 9.0, negative
6.8, 0.34, 0.69, 1.3, 0.058, 12.0, 171.0, 0.9931, 3.06, 0.47, 9.7, negative
5.9, 0.19, 0.37, 0.8, 0.027, 3.0, 21.0, 0.9897, 3.09, 0.31, 10.8, negative
7.7, 0.34, 0.58, 11.1, 0.039, 41.0, 151.0, 0.9978, 3.06, 0.49, 8.6, negative
7.2, 0.34, 0.23, 8.9, 0.105, 22.0, 155.0, 0.99692, 3.01, 0.58, 9.5, negative
4.5, 0.19, 0.21, 0.95, 0.033, 89.0, 159.0, 0.99332, 3.34, 0.42, 8.0, negative
7.2, 0.47, 0.16, 5.9, 0.048, 14.0, 125.0, 0.99428, 3.09, 0.49, 9.8, negative
