8.5 0.26 0.21 16.2 0.074 41.0 197.0 0.998 3.02 0.5 9.8 0
7.9 0.64 0.46 10.6 0.244 33.0 227.0 0.9983 2.87 0.74 9.1 0
6.2 0.23 0.35 0.7 0.051 24.0 111.0 0.9916 3.37 0.43 11.0 0
8.6 0.23 0.4 4.2 0.035 17.0 109.0 0.9947 3.14 0.53 9.7 1
7.3 0.28 0.43 1.7 0.08 21.0 123.0 0.9905 3.19 0.42 12.8 1
6.1 0.27 0.43 7.5 0.049 65.0 243.0 0.9957 3.12 0.47 9.0 1
7.1 0.12 0.32 9.6 0.054 64.0 162.0 0.9962 3.4 0.41 9.4 1
6.9 0.33 0.28 1.3 0.051 37.0 187.0 0.9927 3.27 0.6 10.3 1
7.4 0.16 0.31 6.85 0.059 31.0 131.0 0.9952 3.29 0.34 9.7 1
6.6 0.24 0.27 15.8 0.035 46.0 188.0 0.9982 3.24 0.51 9.2 1
6.3 0.31 0.34 2.2 0.045 20.0 77.0 0.9927 3.3 0.43 10.2 1
6.3 0.36 0.3 4.8 0.049 14.0 85.0 0.9932 3.28 0.39 10.6 1
6.6 0.15 0.34 5.1 0.055 34.0 125.0 0.9942 3.36 0.42 9.6 1
5.7 0.28 0.24 17.5 0.044 60.0 167.0 0.9989 3.31 0.44 9.4 1
7.1 0.24 0.41 17.8 0.046 39.0 145.0 0.9998 3.32 0.39 8.7 1
7.1 0.24 0.41 17.8 0.046 39.0 145.0 0.9998 3.32 0.39 8.7 1
6.6 0.24 0.35 7.7 0.031 36.0 135.0 0.9938 3.19 0.37 10.5 1
7.5 0.27 0.31 5.8 0.057 131.0 313.0 0.9946 3.18 0.59 10.5 1
6.8 0.37 0.51 11.8 0.044 62.0 163.0 0.9976 3.19 0.44 8.8 1
6.9 0.49 0.24 1.2 0.049 13.0 125.0 0.9932 3.17 0.51 9.4 1
7.0 0.24 0.51 11.0 0.029 55.0 227.0 0.9965 3.03 0.61 9.5 1
5.7 0.335 0.34 1.0 0.04 13.0 174.0 0.992 3.27 0.66 10.0 1
7.4 0.41 0.66 10.8 0.051 77.0 194.0 0.9976 3.05 0.46 8.7 1
7.5 0.21 0.68 10.9 0.045 38.0 133.0 0.9978 3.0 0.36 8.7 1
7.0 0.23 0.42 18.05 0.05 35.0 144.0 0.9999 3.22 0.42 8.8 1
6.0 0.29 0.2 12.6 0.045 45.0 187.0 0.9972 3.33 0.42 9.5 1
7.1 0.28 0.26 1.9 0.049 12.0 86.0 0.9934 3.15 0.38 9.4 1
8.1 0.46 0.31 1.7 0.052 50.0 183.0 0.9923 3.03 0.42 11.2 1
6.4 0.16 0.31 5.3 0.043 42.0 157.0 0.99455 3.35 0.47 10.5 1
8.2 0.38 0.49 13.6 0.042 58.0 166.0 0.99855 3.1 0.54 9.4 1
7.7 0.34 0.58 11.1 0.039 41.0 151.0 0.9978 3.06 0.49 8.6 1
7.7 0.15 0.29 1.3 0.029 10.0 64.0 0.9932 3.35 0.39 10.1 1
6.1 0.28 0.35 12.8 0.048 63.0 229.0 0.9975 3.08 0.4 8.9 1
6.4 0.26 0.43 12.6 0.033 64.0 230.0 0.9974 3.08 0.38 8.9 1
9.6 0.23 0.4 1.5 0.044 19.0 135.0 0.9937 2.96 0.49 10.9 1
5.7 0.1 0.27 1.3 0.047 21.0 100.0 0.9928 3.27 0.46 9.5 1
8.7 0.22 0.42 2.3 0.053 27.0 114.0 0.994 2.99 0.43 10.0 1
9.3 0.34 0.49 7.3 0.052 30.0 146.0 0.998 3.17 0.61 10.2 1
6.7 0.25 0.23 7.2 0.038 61.0 220.0 0.9952 3.14 0.35 9.5 1
8.2 0.61 0.45 5.4 0.03 15.0 118.0 0.9954 3.14 0.34 9.6 1
7.6 0.31 0.29 10.5 0.04 21.0 145.0 0.9966 3.04 0.35 9.4 1
7.4 0.31 0.74 10.7 0.039 51.0 147.0 0.9977 3.02 0.43 8.7 1
7.2 0.4 0.49 1.1 0.048 11.0 138.0 0.9929 3.01 0.42 9.3 1
8.0 0.3 0.49 9.4 0.046 47.0 188.0 0.9964 3.14 0.48 10.0 1
8.3 0.2 0.49 1.7 0.04 34.0 169.0 0.9938 3.05 0.37 10.1 1
9.8 0.31 0.49 15.4 0.046 13.0 119.0 1.0004 3.18 0.45 9.5 1
6.4 0.18 0.74 11.9 0.046 54.0 168.0 0.9978 3.58 0.68 10.1 1
8.0 0.29 0.49 11.7 0.035 40.0 131.0 0.9958 3.14 0.34 10.8 1
7.8 0.49 0.49 7.0 0.043 29.0 149.0 0.9952 3.21 0.33 10.0 1
6.6 0.22 0.58 1.1 0.133 52.0 136.0 0.9932 3.1 0.3 9.1 1
7.5 0.22 0.29 4.8 0.05 33.0 87.0 0.994 3.14 0.42 9.9 1
6.9 0.29 0.23 8.6 0.056 56.0 215.0 0.9967 3.17 0.44 8.8 1
9.4 0.16 0.23 1.6 0.042 14.0 67.0 0.9942 3.07 0.32 9.5 1
7.5 0.33 0.39 12.4 0.065 29.0 119.0 0.9974 3.16 0.39 9.4 1
7.4 0.44 0.2 11.5 0.049 44.0 157.0 0.998 3.27 0.44 9.0 1
8.9 0.34 0.34 1.6 0.056 13.0 176.0 0.9946 3.14 0.47 9.7 1
8.3 0.36 0.57 15.0 0.052 35.0 256.0 1.0001 2.93 0.64 8.6 1
6.0 0.45 0.42 1.1 0.051 61.0 197.0 0.9932 3.02 0.4 9.0 1
5.7 0.45 0.42 1.1 0.051 61.0 197.0 0.9932 3.02 0.4 9.0 1
8.0 0.25 0.13 17.2 0.036 49.0 219.0 0.9996 2.96 0.46 9.7 1
7.2 0.15 0.39 1.8 0.043 21.0 159.0 0.9948 3.52 0.47 10.0 1
6.8 0.18 0.46 1.4 0.064 37.0 160.0 0.9924 3.37 0.45 11.1 1
8.8 0.2 0.28 1.1 0.018 18.0 72.0 0.9926 2.97 0.35 10.4 1
5.5 0.14 0.27 4.6 0.029 22.0 104.0 0.9949 3.34 0.44 9.0 1
7.3 0.29 0.37 8.3 0.044 45.0 227.0 0.9966 3.12 0.47 9.0 1
5.7 0.46 0.46 1.4 0.04 31.0 169.0 0.9932 3.13 0.47 8.8 1
7.6 0.18 0.36 2.4 0.049 38.0 123.0 0.996 3.6 0.46 10.3 1
6.8 0.36 0.32 1.6 0.039 10.0 124.0 0.9948 3.3 0.67 9.6 1
7.5 0.42 0.14 10.7 0.046 18.0 95.0 0.9959 3.22 0.33 10.7 1
6.7 0.24 0.33 12.3 0.046 31.0 145.0 0.9983 3.36 0.4 9.5 1
6.0 0.16 0.3 6.7 0.043 43.0 153.0 0.9951 3.63 0.46 10.6 1
6.0 0.28 0.22 12.15 0.048 42.0 163.0 0.9957 3.2 0.46 10.1 1
7.8 0.24 0.38 2.1 0.058 14.0 167.0 0.994 3.21 0.55 9.9 1
7.7 0.28 0.58 12.1 0.046 60.0 177.0 0.9983 3.08 0.46 8.9 1
6.7 0.23 0.42 11.2 0.047 52.0 171.0 0.99758 3.54 0.74 10.4 1
6.7 0.43 0.23 5.0 0.157 49.0 145.0 0.99471 3.17 0.49 9.4 1
6.0 0.26 0.18 7.0 0.055 50.0 194.0 0.99591 3.21 0.43 9.0 1
6.9 0.44 0.18 11.8 0.051 26.0 126.0 0.9975 3.23 0.48 9.1 1
8.3 0.27 0.34 10.2 0.048 50.0 118.0 0.99716 3.18 0.51 10.3 1
6.7 0.17 0.27 1.4 0.032 39.0 149.0 0.99254 3.4 0.52 10.5 1
6.0 0.495 0.27 5.0 0.157 17.0 129.0 0.99396 3.03 0.36 9.3 1
6.2 0.45 0.73 7.2 0.099 47.0 202.0 0.99582 3.21 0.43 9.2 1
7.5 0.27 0.79 11.95 0.04 51.0 159.0 0.99839 2.98 0.44 8.7 1
7.8 0.28 0.31 2.1 0.046 28.0 208.0 0.99434 3.23 0.64 9.8 1
6.5 0.3 0.39 7.8 0.038 61.0 219.0 0.9959 3.19 0.5 9.4 1
6.15 0.21 0.37 3.2 0.021 20.0 80.0 0.99076 3.39 0.47 12.0 1
7.2 0.24 0.27 11.4 0.034 40.0 174.0 0.99773 3.2 0.44 9.0 1
8.1 0.33 0.22 5.2 0.047 24.0 151.0 0.99527 3.22 0.47 10.3 1
6.4 0.28 0.27 11.0 0.042 45.0 148.0 0.99786 3.14 0.46 8.7 1
6.8 0.19 0.23 5.1 0.034 71.0 204.0 0.9942 3.23 0.69 10.1 1
8.3 0.4 0.41 8.2 0.05 15.0 122.0 0.9979 3.39 0.49 9.3 1
7.9 0.51 0.34 2.6 0.049 13.0 135.0 0.99335 3.09 0.51 10.0 1
6.2 0.235 0.34 1.9 0.036 4.0 117.0 0.99032 3.4 0.44 12.2 1
6.6 0.25 0.51 8.0 0.047 61.0 189.0 0.99604 3.22 0.49 9.2 1
6.8 0.35 0.53 10.1 0.053 37.0 151.0 0.9963 3.07 0.4 9.4 1
7.5 0.17 0.71 11.8 0.038 52.0 148.0 0.99801 3.03 0.46 8.9 1
7.9 0.25 0.35 6.7 0.039 22.0 64.0 0.99362 2.93 0.49 10.7 1
6.2 0.36 0.14 8.9 0.036 38.0 155.0 0.99622 3.27 0.5 9.4 1
6.1 0.37 0.2 7.6 0.031 49.0 170.0 0.99558 3.22 0.48 9.5 1
6.9 0.38 0.38 13.1 0.112 14.0 94.0 0.99792 3.02 0.48 9.2 1
5.8 0.19 0.24 1.3 0.044 38.0 128.0 0.99362 3.77 0.6 10.6 1
7.7 0.18 0.53 1.2 0.041 42.0 167.0 0.9908 3.11 0.44 11.9 1
6.2 0.25 0.38 7.9 0.045 54.0 208.0 0.99572 3.17 0.46 9.1 1
6.6 0.78 0.5 1.5 0.045 30.0 133.0 0.99104 3.25 0.48 11.7 1
6.7 0.31 0.32 14.5 0.038 6.0 79.0 0.99412 3.14 0.34 12.5 1
7.6 0.27 0.29 2.5 0.059 37.0 115.0 0.99328 3.09 0.37 9.8 1
7.6 0.36 0.49 11.3 0.046 87.0 221.0 0.9984 3.01 0.43 9.2 1
8.8 0.19 0.3 5.0 0.028 34.0 120.0 0.99242 2.94 0.47 11.2 1
7.1 0.18 0.39 14.5 0.051 48.0 156.0 0.99947 3.35 0.78 9.1 1
5.8 0.54 0.0 1.4 0.033 40.0 107.0 0.98918 3.26 0.35 12.4 1
7.5 0.2 0.41 1.2 0.05 26.0 131.0 0.99133 3.19 0.52 11.1 1
6.7 0.35 0.48 8.8 0.056 35.0 167.0 0.99628 3.04 0.47 9.4 1
7.7 0.32 0.61 11.8 0.041 66.0 188.0 0.99794 3.0 0.54 9.3 1
7.6 0.3 0.37 1.6 0.087 27.0 177.0 0.99438 3.09 0.5 9.8 1
6.3 0.2 0.18 10.6 0.045 57.0 159.0 0.99666 3.09 0.54 9.2 1
5.5 0.17 0.23 2.9 0.039 10.0 108.0 0.99243 3.28 0.5 10.0 1
6.9 0.4 0.17 12.9 0.033 59.0 186.0 0.99754 3.08 0.49 9.4 1
6.9 0.4 0.17 12.9 0.033 59.0 186.0 0.99754 3.08 0.49 9.4 1
6.5 0.26 0.5 8.0 0.051 46.0 197.0 0.99536 3.18 0.47 9.5 1
8.1 0.2 0.3 1.3 0.036 7.0 49.0 0.99242 2.99 0.73 10.3 1
5.1 0.23 0.18 1.0 0.053 13.0 99.0 0.98956 3.22 0.39 11.5 1
6.8 0.31 0.19 3.5 0.086 30.0 130.0 0.993 2.83 0.44 9.6 1
6.1 0.22 0.28 16.55 0.059 54.0 135.0 0.99665 3.2 0.38 10.5 1
6.4 0.25 0.57 1.0 0.062 21.0 122.0 0.99238 3.0 0.4 9.5 1
6.3 0.24 0.29 1.6 0.052 48.0 185.0 0.9934 3.21 0.5 9.4 1
6.9 0.38 0.28 8.3 0.062 22.0 166.0 0.99506 3.16 0.72 10.6 1
6.1 0.28 0.27 8.0 0.048 41.0 162.0 0.99498 3.21 0.51 9.9 1
7.6 0.48 0.31 9.4 0.046 6.0 194.0 0.99714 3.07 0.61 9.4 1
7.1 0.34 0.86 1.4 0.174 36.0 99.0 0.99288 2.92 0.5 9.3 1
6.3 0.3 0.48 7.4 0.053 34.0 149.0 0.99472 3.18 0.53 9.8 1
7.0 0.44 0.24 12.1 0.056 68.0 210.0 0.99718 3.05 0.5 9.5 1
6.4 0.29 0.18 15.0 0.04 21.0 116.0 0.99736 3.14 0.5 9.2 1
7.5 0.29 0.24 9.9 0.058 25.0 115.0 0.99567 3.15 0.46 10.9 1
6.4 0.29 0.3 6.5 0.209 62.0 156.0 0.99478 3.1 0.4 9.4 1
6.4 0.42 0.19 9.3 0.043 28.0 145.0 0.99433 3.23 0.53 10.98 1
7.3 0.28 0.35 1.6 0.054 31.0 148.0 0.99178 3.18 0.47 10.7 1
7.0 0.23 0.28 2.7 0.053 16.0 92.0 0.99372 3.18 0.56 9.3 1
6.1 0.34 0.21 5.0 0.042 17.0 133.0 0.99373 3.02 0.53 9.4 1
6.1 0.34 0.21 5.0 0.042 17.0 133.0 0.99373 3.02 0.53 9.4 1
8.1 0.36 0.59 13.6 0.051 60.0 134.0 0.99886 2.96 0.39 8.7 1
6.4 0.32 0.26 7.9 0.05 53.0 180.0 0.99514 3.14 0.5 9.6 1
6.4 0.32 0.26 7.9 0.05 53.0 180.0 0.99514 3.14 0.5 9.6 1
5.6 0.695 0.06 6.8 0.042 9.0 84.0 0.99432 3.44 0.44 10.2 1
6.0 0.36 0.32 1.1 0.053 26.0 173.0 0.99414 3.38 0.54 8.8 1
7.9 0.3 0.6 1.85 0.048 13.0 106.0 0.99331 3.24 0.49 11.85 1
6.4 0.31 0.31 12.9 0.045 55.0 161.0 0.99546 3.02 0.59 10.2 1
6.4 0.23 0.35 10.3 0.042 54.0 140.0 0.9967 3.23 0.47 9.2 1
5.5 0.32 0.13 1.3 0.037 45.0 156.0 0.99184 3.26 0.38 10.7 1
