@relation  winequality-white-3-9_vs_5
@attribute FixedAcidity real[3.8,14.2]
@attribute VolatileAcidity real[0.08,1.1]
@attribute CitricAcid real[0.0,1.66]
@attribute ResidualSugar real[0.6,65.8]
@attribute Chlorides real[0.009,0.346]
@attribute FreeSulfurDioxide real[2.0,289.0]
@attribute TotalSulfurDioxide real[9.0,440.0]
@attribute Density real[0.98711,1.03898]
@attribute PH real[2.72,3.82]
@attribute Sulphates real[0.22,1.08]
@attribute Alcohol real[8.0,14.2]
@attribute Class{positive,negative}
@inputs FixedAcidity,VolatileAcidity,CitricAcid,ResidualSugar,Chlorides,FreeSulfurDioxide,TotalSulfurDioxide,Density,PH,Sulphates,Alcohol
@outputs Class
@data
6.2, 0.23, 0.35, 0.7, 0.051, 24.0, 111.0, 0.9916, 3.37, 0.43, 11.0, positive
6.1, 0.2, 0.34, 9.5, 0.041, 38.0, 201.0, 0.995, 3.14, 0.44, 10.1, positive
8.6, 0.55, 0.35, 15.55, 0.057, 35.5, 366.5, 1.0001, 3.04, 0.63, 11.0, positive
6.5, 0.14, 0.33, 7.6, 0.05, 53.0, 189.0, 0.9966, 3.25, 0.49, 8.6, negative
6.6, 0.22, 0.37, 1.6, 0.04, 31.0, 101.0, 0.99009, 3.15, 0.66, 12.0, negative
7.2, 0.47, 0.65, 8.3, 0.083, 27.0, 182.0, 0.9964, 3.0, 0.35, 9.2, negative
6.4, 0.37, 0.2, 5.6, 0.117, 61.0, 183.0, 0.99459, 3.24, 0.43, 9.5, negative
6.7, 0.325, 0.82, 1.2, 0.152, 49.0, 120.0, 0.99312, 2.99, 0.38, 9.2, negative
6.3, 0.39, 0.22, 2.8, 0.048, 53.0, 173.0, 0.99304, 3.24, 0.45, 9.8, negative
7.7, 0.26, 0.4, 1.1, 0.042, 9.0, 60.0, 0.9915, 2.89, 0.5, 10.6, negative
7.1, 0.14, 0.35, 1.4, 0.039, 24.0, 128.0, 0.99212, 2.97, 0.68, 10.4, negative
7.7, 0.32, 0.61, 11.8, 0.041, 66.0, 188.0, 0.99794, 3.0, 0.54, 9.3, negative
5.9, 0.21, 0.24, 12.1, 0.044, 53.0, 165.0, 0.9969, 3.25, 0.39, 9.5, negative
7.4, 0.38, 0.34, 8.3, 0.052, 44.0, 168.0, 0.99627, 3.11, 0.52, 9.2, negative
6.5, 0.41, 0.64, 11.8, 0.065, 65.0, 225.0, 0.9978, 3.12, 0.51, 8.9, negative
6.0, 0.2, 0.71, 1.6, 0.15, 10.0, 54.0, 0.9927, 3.12, 0.47, 9.8, negative
6.9, 0.54, 0.32, 13.2, 0.05, 53.0, 236.0, 0.9973, 3.2, 0.5, 9.6, negative
8.9, 0.32, 0.49, 1.6, 0.05, 17.0, 131.0, 0.9956, 3.13, 0.34, 9.4, negative
9.4, 0.28, 0.3, 1.6, 0.045, 36.0, 139.0, 0.99534, 3.11, 0.49, 9.3, negative
5.8, 0.15, 0.49, 1.1, 0.048, 21.0, 98.0, 0.9929, 3.19, 0.48, 9.2, negative
6.6, 0.24, 0.28, 1.8, 0.028, 39.0, 132.0, 0.99182, 3.34, 0.46, 11.4, negative
7.1, 0.27, 0.31, 18.2, 0.046, 55.0, 252.0, 1.0, 3.07, 0.56, 8.7, negative
6.5, 0.25, 0.35, 12.0, 0.055, 47.0, 179.0, 0.998, 3.58, 0.47, 10.0, negative
6.6, 0.41, 0.31, 1.6, 0.042, 18.0, 101.0, 0.99195, 3.13, 0.41, 10.5, negative
6.8, 0.36, 0.32, 1.6, 0.039, 10.0, 124.0, 0.9948, 3.3, 0.67, 9.6, negative
5.9, 0.26, 0.3, 1.0, 0.036, 38.0, 114.0, 0.9928, 3.58, 0.48, 9.4, negative
7.5, 0.24, 0.62, 10.6, 0.045, 51.0, 153.0, 0.99779, 3.16, 0.44, 8.8, negative
6.2, 0.3, 0.32, 1.2, 0.052, 32.0, 185.0, 0.99266, 3.28, 0.44, 10.1, negative
6.2, 0.27, 0.18, 1.5, 0.028, 20.0, 111.0, 0.99228, 3.41, 0.5, 10.0, negative
6.2, 0.35, 0.03, 1.2, 0.064, 29.0, 120.0, 0.9934, 3.22, 0.54, 9.1, negative
7.6, 0.35, 0.47, 13.3, 0.037, 42.0, 116.0, 0.99822, 3.04, 0.5, 9.2, negative
6.9, 0.38, 0.25, 9.8, 0.04, 28.0, 191.0, 0.9971, 3.28, 0.61, 9.2, negative
6.6, 0.3, 0.24, 1.2, 0.034, 17.0, 121.0, 0.9933, 3.13, 0.36, 9.2, negative
7.2, 0.4, 0.24, 8.5, 0.055, 45.0, 151.0, 0.99626, 3.2, 0.52, 9.2, negative
6.6, 0.22, 0.28, 12.05, 0.058, 25.0, 125.0, 0.99856, 3.45, 0.45, 9.4, negative
5.5, 0.18, 0.22, 5.5, 0.037, 10.0, 86.0, 0.99156, 3.46, 0.44, 12.2, negative
7.5, 0.41, 0.23, 14.8, 0.054, 28.0, 174.0, 0.99898, 3.18, 0.49, 9.7, negative
6.4, 0.27, 0.17, 8.4, 0.044, 60.0, 198.0, 0.99578, 3.21, 0.47, 9.4, negative
6.9, 0.29, 0.4, 19.45, 0.043, 36.0, 156.0, 0.9996, 2.93, 0.47, 8.9, negative
7.4, 0.33, 0.26, 15.6, 0.049, 67.0, 210.0, 0.99907, 3.06, 0.68, 9.5, negative
6.5, 0.38, 0.34, 3.4, 0.036, 34.0, 200.0, 0.9937, 3.14, 0.76, 10.0, negative
6.4, 0.5, 0.16, 12.9, 0.042, 26.0, 138.0, 0.9974, 3.28, 0.33, 9.0, negative
6.0, 0.29, 0.2, 12.6, 0.045, 45.0, 187.0, 0.9972, 3.33, 0.42, 9.5, negative
6.0, 0.14, 0.37, 1.2, 0.032, 63.0, 148.0, 0.99185, 3.32, 0.44, 11.2, negative
6.1, 0.23, 0.45, 10.6, 0.094, 49.0, 169.0, 0.99699, 3.05, 0.54, 8.8, negative
5.5, 0.28, 0.21, 1.6, 0.032, 23.0, 85.0, 0.99027, 3.42, 0.42, 12.5, negative
6.8, 0.21, 0.55, 14.6, 0.053, 34.0, 159.0, 0.99805, 2.93, 0.44, 9.2, negative
6.3, 0.18, 0.22, 5.6, 0.047, 45.0, 147.0, 0.99383, 3.09, 0.54, 10.0, negative
6.0, 0.28, 0.49, 6.8, 0.048, 61.0, 222.0, 0.9953, 3.19, 0.47, 9.3, negative
7.7, 0.31, 0.36, 4.3, 0.026, 15.0, 87.0, 0.99152, 3.11, 0.48, 12.0, negative
6.9, 0.34, 0.36, 1.4, 0.032, 13.0, 145.0, 0.99214, 3.07, 0.52, 9.8, negative
9.3, 0.34, 0.49, 7.3, 0.052, 30.0, 146.0, 0.998, 3.17, 0.61, 10.2, negative
6.8, 0.57, 0.29, 2.2, 0.04, 15.0, 77.0, 0.9938, 3.32, 0.74, 10.2, negative
7.5, 0.2, 0.41, 1.2, 0.05, 26.0, 131.0, 0.99133, 3.19, 0.52, 11.1, negative
5.4, 0.24, 0.18, 2.3, 0.05, 22.0, 145.0, 0.99207, 3.24, 0.46, 10.3, negative
8.0, 0.55, 0.42, 12.6, 0.211, 37.0, 213.0, 0.9988, 2.99, 0.56, 9.3, negative
6.5, 0.25, 0.27, 15.2, 0.049, 75.0, 217.0, 0.9972, 3.19, 0.39, 9.9, negative
7.0, 0.35, 0.31, 1.8, 0.069, 15.0, 162.0, 0.9944, 3.18, 0.47, 9.4, negative
6.9, 0.615, 0.42, 12.0, 0.067, 24.0, 131.0, 0.99727, 3.19, 0.34, 9.3, negative
6.6, 0.56, 0.15, 10.0, 0.037, 38.0, 157.0, 0.99642, 3.28, 0.52, 9.4, negative
6.8, 0.31, 0.19, 3.5, 0.086, 30.0, 130.0, 0.993, 2.83, 0.44, 9.6, negative
6.4, 0.24, 0.29, 11.4, 0.051, 32.0, 166.0, 0.9968, 3.31, 0.45, 9.5, negative
7.1, 0.31, 0.25, 11.2, 0.048, 32.0, 136.0, 0.99663, 3.14, 0.4, 9.5, negative
7.3, 0.33, 0.22, 1.4, 0.041, 40.0, 177.0, 0.99287, 3.14, 0.48, 9.9, negative
5.2, 0.25, 0.23, 1.4, 0.047, 20.0, 77.0, 0.99001, 3.32, 0.62, 11.4, negative
6.8, 0.26, 0.43, 11.75, 0.045, 53.0, 198.0, 0.9969, 3.26, 0.55, 9.5, negative
6.7, 0.27, 0.25, 8.0, 0.053, 54.0, 202.0, 0.9961, 3.22, 0.43, 9.3, negative
7.4, 0.31, 0.48, 14.2, 0.042, 62.0, 204.0, 0.9983, 3.06, 0.59, 9.4, negative
8.8, 0.27, 0.25, 5.0, 0.024, 52.0, 99.0, 0.9925, 2.87, 0.49, 11.4, negative
6.7, 0.41, 0.01, 2.8, 0.048, 39.0, 137.0, 0.9942, 3.24, 0.35, 9.5, negative
7.6, 0.2, 0.68, 12.9, 0.042, 56.0, 160.0, 0.99841, 3.05, 0.41, 8.7, negative
8.3, 0.25, 0.33, 2.5, 0.053, 12.0, 72.0, 0.99404, 2.89, 0.48, 9.5, negative
7.7, 0.3, 0.42, 14.3, 0.045, 45.0, 213.0, 0.9991, 3.18, 0.63, 9.2, negative
6.1, 0.28, 0.25, 17.75, 0.044, 48.0, 161.0, 0.9993, 3.34, 0.48, 9.5, negative
6.1, 0.27, 0.25, 1.8, 0.041, 9.0, 109.0, 0.9929, 3.08, 0.54, 9.0, negative
9.0, 0.31, 0.49, 6.9, 0.034, 26.0, 91.0, 0.9937, 2.99, 0.34, 11.5, negative
6.7, 0.47, 0.34, 8.9, 0.043, 31.0, 172.0, 0.9964, 3.22, 0.6, 9.2, negative
6.2, 0.25, 0.38, 7.9, 0.045, 54.0, 208.0, 0.99572, 3.17, 0.46, 9.1, negative
7.6, 0.27, 0.24, 3.8, 0.058, 19.0, 115.0, 0.9958, 3.15, 0.45, 8.9, negative
7.2, 0.16, 0.26, 7.1, 0.054, 41.0, 224.0, 0.9966, 3.38, 0.55, 10.1, negative
6.8, 0.27, 0.22, 17.8, 0.034, 16.0, 116.0, 0.9989, 3.07, 0.53, 9.2, negative
6.4, 0.41, 0.01, 6.1, 0.048, 20.0, 70.0, 0.99362, 3.19, 0.42, 10.0, negative
6.4, 0.24, 0.26, 8.2, 0.054, 47.0, 182.0, 0.99538, 3.12, 0.5, 9.5, negative
5.9, 0.44, 0.33, 1.2, 0.049, 12.0, 117.0, 0.99134, 3.46, 0.44, 11.5, negative
6.4, 0.21, 0.5, 11.6, 0.042, 45.0, 153.0, 0.9972, 3.15, 0.43, 8.8, negative
6.8, 0.31, 0.32, 7.6, 0.052, 35.0, 143.0, 0.9959, 3.14, 0.38, 9.0, negative
6.1, 0.16, 0.27, 12.6, 0.064, 63.0, 162.0, 0.9994, 3.66, 0.43, 8.9, negative
6.2, 0.47, 0.21, 1.0, 0.044, 13.0, 98.0, 0.99345, 3.14, 0.46, 9.2, negative
7.0, 0.44, 0.24, 12.1, 0.056, 68.0, 210.0, 0.99718, 3.05, 0.5, 9.5, negative
8.1, 0.5, 0.47, 1.1, 0.037, 23.0, 126.0, 0.9938, 3.21, 0.42, 10.9, negative
7.0, 0.16, 0.32, 8.3, 0.045, 38.0, 126.0, 0.9958, 3.21, 0.34, 9.2, negative
6.1, 0.17, 0.21, 1.9, 0.09, 44.0, 130.0, 0.99255, 3.07, 0.41, 9.7, negative
9.3, 0.31, 0.49, 1.3, 0.042, 34.0, 147.0, 0.9948, 3.11, 0.46, 9.8, negative
5.7, 0.29, 0.16, 7.9, 0.044, 48.0, 197.0, 0.99512, 3.21, 0.36, 9.4, negative
6.4, 0.21, 0.34, 16.05, 0.04, 56.0, 142.0, 0.99678, 3.11, 0.38, 10.6, negative
5.7, 0.14, 0.3, 5.4, 0.045, 26.0, 105.0, 0.99469, 3.32, 0.45, 9.3, negative
6.1, 0.22, 0.25, 12.1, 0.035, 54.0, 135.0, 0.99481, 3.21, 0.4, 10.7, negative
7.4, 0.41, 0.34, 4.7, 0.042, 19.0, 127.0, 0.9953, 3.25, 0.42, 10.4, negative
7.3, 0.34, 0.21, 3.2, 0.05, 14.0, 136.0, 0.9936, 3.25, 0.44, 10.2, negative
6.6, 0.32, 0.33, 2.5, 0.052, 40.0, 219.5, 0.99316, 3.15, 0.6, 10.0, negative
8.7, 0.49, 0.57, 17.8, 0.052, 34.0, 243.0, 1.0007, 2.98, 0.82, 9.0, negative
7.5, 0.17, 0.34, 1.4, 0.035, 13.0, 102.0, 0.9918, 3.05, 0.74, 11.0, negative
6.7, 0.5, 0.36, 11.5, 0.096, 18.0, 92.0, 0.99642, 3.11, 0.49, 9.6, negative
6.8, 0.29, 0.5, 13.3, 0.053, 48.0, 194.0, 0.9974, 3.09, 0.45, 9.4, negative
7.3, 0.26, 0.24, 1.7, 0.05, 10.0, 112.0, 0.99286, 3.11, 0.43, 9.9, negative
8.2, 0.38, 0.49, 13.6, 0.042, 58.0, 166.0, 0.99855, 3.1, 0.54, 9.4, negative
7.1, 0.21, 0.27, 8.6, 0.056, 26.0, 111.0, 0.9956, 2.95, 0.52, 9.5, negative
7.3, 0.51, 0.26, 3.3, 0.09, 7.0, 135.0, 0.9944, 3.01, 0.52, 8.8, negative
6.5, 0.33, 0.38, 8.3, 0.048, 68.0, 174.0, 0.99492, 3.14, 0.5, 9.6, negative
6.9, 0.41, 0.33, 10.1, 0.043, 28.0, 152.0, 0.9968, 3.2, 0.52, 9.4, negative
5.3, 0.58, 0.07, 6.9, 0.043, 34.0, 149.0, 0.9944, 3.34, 0.57, 9.7, negative
6.3, 0.27, 0.18, 7.7, 0.048, 45.0, 186.0, 0.9962, 3.23, 0.47, 9.0, negative
6.4, 0.32, 0.23, 16.2, 0.055, 36.0, 176.0, 0.9986, 3.26, 0.54, 9.1, negative
7.0, 0.39, 0.31, 5.3, 0.169, 32.0, 162.0, 0.9965, 3.2, 0.48, 9.4, negative
7.0, 0.39, 0.21, 10.7, 0.098, 13.0, 91.0, 0.99657, 3.03, 0.47, 9.3, negative
6.6, 0.32, 0.24, 1.3, 0.06, 42.5, 204.0, 0.99512, 3.59, 0.51, 9.2, negative
6.4, 0.27, 0.45, 8.3, 0.05, 52.0, 196.0, 0.9955, 3.18, 0.48, 9.5, negative
8.9, 0.33, 0.32, 1.5, 0.047, 11.0, 200.0, 0.9954, 3.19, 0.46, 9.4, negative
7.6, 0.3, 0.4, 2.2, 0.054, 29.0, 175.0, 0.99445, 3.19, 0.53, 9.8, negative
8.4, 0.35, 0.71, 12.2, 0.046, 22.0, 160.0, 0.9982, 2.98, 0.65, 9.4, negative
7.4, 0.27, 0.26, 11.8, 0.053, 55.0, 173.0, 0.99699, 3.11, 0.6, 9.8, negative
7.4, 0.18, 0.4, 1.6, 0.047, 22.0, 102.0, 0.9937, 3.28, 0.44, 10.7, negative
6.7, 0.42, 0.39, 12.1, 0.04, 61.0, 248.0, 0.99794, 3.31, 0.58, 9.7, negative
7.6, 0.32, 0.58, 16.75, 0.05, 43.0, 163.0, 0.9999, 3.15, 0.54, 9.2, negative
8.2, 0.345, 1.0, 18.2, 0.047, 55.0, 205.0, 0.99965, 2.96, 0.43, 9.6, negative
9.4, 0.16, 0.23, 1.6, 0.042, 14.0, 67.0, 0.9942, 3.07, 0.32, 9.5, negative
7.9, 0.46, 0.4, 10.1, 0.168, 19.0, 184.0, 0.99782, 3.06, 0.62, 9.5, negative
7.0, 0.46, 0.2, 16.7, 0.046, 50.0, 184.0, 0.99898, 3.08, 0.56, 9.4, negative
6.9, 0.4, 0.17, 12.9, 0.033, 59.0, 186.0, 0.99754, 3.08, 0.49, 9.4, negative
5.9, 0.17, 0.28, 0.7, 0.027, 5.0, 28.0, 0.98985, 3.13, 0.32, 10.6, negative
7.2, 0.24, 0.19, 7.7, 0.045, 53.0, 176.0, 0.9958, 3.17, 0.38, 9.5, negative
7.4, 0.41, 0.66, 10.8, 0.051, 77.0, 194.0, 0.9976, 3.05, 0.46, 8.7, negative
7.9, 0.36, 0.53, 12.9, 0.049, 63.0, 139.0, 0.99792, 2.94, 0.45, 9.1, negative
7.3, 0.24, 0.39, 17.95, 0.057, 45.0, 149.0, 0.9999, 3.21, 0.36, 8.6, negative
7.0, 0.34, 0.1, 3.5, 0.044, 17.0, 63.0, 0.9937, 3.01, 0.39, 9.2, negative
8.8, 0.34, 0.33, 9.7, 0.036, 46.0, 172.0, 0.9966, 3.08, 0.4, 10.2, negative
6.6, 0.26, 0.22, 18.15, 0.05, 23.0, 139.0, 0.99904, 3.06, 0.5, 9.2, negative
6.1, 0.37, 0.2, 7.6, 0.031, 49.0, 170.0, 0.99558, 3.22, 0.48, 9.5, negative
6.7, 0.25, 0.13, 1.2, 0.041, 81.0, 174.0, 0.992, 3.14, 0.42, 9.8, negative
7.6, 0.19, 0.41, 1.1, 0.04, 38.0, 143.0, 0.9907, 2.92, 0.42, 11.4, negative
6.1, 0.25, 0.18, 10.5, 0.049, 41.0, 124.0, 0.9963, 3.14, 0.35, 10.5, negative
6.8, 0.34, 0.69, 1.3, 0.058, 12.0, 171.0, 0.9931, 3.06, 0.47, 9.7, negative
6.4, 0.29, 0.18, 15.0, 0.04, 21.0, 116.0, 0.99736, 3.14, 0.5, 9.2, negative
6.4, 0.32, 0.26, 7.9, 0.05, 53.0, 180.0, 0.99514, 3.14, 0.5, 9.6, negative
6.5, 0.27, 0.26, 11.0, 0.03, 2.0, 82.0, 0.99402, 3.07, 0.36, 11.2, negative
7.7, 0.34, 0.58, 11.1, 0.039, 41.0, 151.0, 0.9978, 3.06, 0.49, 8.6, negative
6.5, 0.23, 0.36, 16.3, 0.038, 43.0, 133.0, 0.99924, 3.26, 0.41, 8.8, negative
6.6, 0.19, 0.33, 1.8, 0.035, 42.0, 148.0, 0.99196, 3.15, 0.36, 10.2, negative
6.7, 0.18, 0.25, 14.3, 0.048, 79.0, 149.0, 0.9975, 3.12, 0.37, 9.7, negative
