0 1 3 18 22 0.0 0.045454545454545456 0.13636363636363635 0.8181818181818182 1309 2 0 0 1311 0.9984744469870328 0.0015255530129672007 0.0 0.0 
0 1 3 18 22 0.0 0.045454545454545456 0.13636363636363635 0.8181818181818182 1308 3 0 0 1311 0.9977116704805492 0.002288329519450801 0.0 0.0 
0 1 3 18 22 0.0 0.045454545454545456 0.13636363636363635 0.8181818181818182 1309 3 0 0 1312 0.9977134146341463 0.0022865853658536584 0.0 0.0 
0 1 3 18 22 0.0 0.045454545454545456 0.13636363636363635 0.8181818181818182 1310 2 0 0 1312 0.9984756097560976 0.001524390243902439 0.0 0.0 
0 0 0 22 22 0.0 0.0 0.0 1.0 1312 0 0 0 1312 1.0 0.0 0.0 0.0 
0 1 3 19 23 0.0 0.043478260869565216 0.13043478260869565 0.8260869565217391 1309 2 0 0 1311 0.9984744469870328 0.0015255530129672007 0.0 0.0 
0 0 2 21 23 0.0 0.0 0.08695652173913043 0.9130434782608695 1308 3 0 0 1311 0.9977116704805492 0.002288329519450801 0.0 0.0 
0 1 3 19 23 0.0 0.043478260869565216 0.13043478260869565 0.8260869565217391 1309 2 0 0 1311 0.9984744469870328 0.0015255530129672007 0.0 0.0 
0 1 1 21 23 0.0 0.043478260869565216 0.043478260869565216 0.9130434782608695 1311 0 0 0 1311 1.0 0.0 0.0 0.0 
0 1 3 19 23 0.0 0.043478260869565216 0.13043478260869565 0.8260869565217391 1309 2 0 0 1311 0.9984744469870328 0.0015255530129672007 0.0 0.0 
