@relation  winequality-white-3-9_vs_5
@attribute FixedAcidity real[3.8,14.2]
@attribute VolatileAcidity real[0.08,1.1]
@attribute CitricAcid real[0.0,1.66]
@attribute ResidualSugar real[0.6,65.8]
@attribute Chlorides real[0.009,0.346]
@attribute FreeSulfurDioxide real[2.0,289.0]
@attribute TotalSulfurDioxide real[9.0,440.0]
@attribute Density real[0.98711,1.03898]
@attribute PH real[2.72,3.82]
@attribute Sulphates real[0.22,1.08]
@attribute Alcohol real[8.0,14.2]
@attribute Class{positive,negative}
@inputs FixedAcidity,VolatileAcidity,CitricAcid,ResidualSugar,Chlorides,FreeSulfurDioxide,TotalSulfurDioxide,Density,PH,Sulphates,Alcohol
@outputs Class
@data
9.1, 0.27, 0.45, 10.6, 0.035, 28.0, 124.0, 0.997, 3.2, 0.46, 10.4, positive
6.8, 0.26, 0.34, 15.1, 0.06, 42.0, 162.0, 0.99705, 3.24, 0.52, 10.5, positive
6.0, 0.32, 0.46, 1.5, 0.05, 56.0, 189.0, 0.99308, 3.24, 0.49, 9.6, negative
6.9, 0.2, 0.41, 1.1, 0.06, 36.0, 104.0, 0.99317, 2.99, 0.39, 9.2, negative
5.7, 0.24, 0.47, 6.3, 0.069, 35.0, 182.0, 0.99391, 3.11, 0.46, 9.75, negative
6.6, 0.26, 0.46, 6.9, 0.047, 59.0, 183.0, 0.99594, 3.2, 0.45, 9.3, negative
5.9, 0.22, 0.45, 22.6, 0.12, 55.0, 122.0, 0.99636, 3.1, 0.35, 12.8, negative
7.9, 0.345, 0.51, 15.3, 0.047, 54.0, 171.0, 0.9987, 3.09, 0.51, 9.1, negative
8.1, 0.27, 0.41, 1.45, 0.033, 11.0, 63.0, 0.9908, 2.99, 0.56, 12.0, negative
7.1, 0.37, 0.32, 1.4, 0.037, 27.0, 126.0, 0.9918, 3.19, 0.62, 12.0, negative
6.6, 0.24, 0.38, 8.0, 0.042, 56.0, 187.0, 0.99577, 3.21, 0.46, 9.2, negative
6.4, 0.31, 0.31, 12.9, 0.045, 55.0, 161.0, 0.99546, 3.02, 0.59, 10.2, negative
7.7, 0.18, 0.53, 1.2, 0.041, 42.0, 167.0, 0.9908, 3.11, 0.44, 11.9, negative
6.5, 0.46, 0.41, 16.8, 0.084, 59.0, 222.0, 0.9993, 3.18, 0.58, 9.0, negative
5.7, 0.26, 0.25, 10.4, 0.02, 7.0, 57.0, 0.994, 3.39, 0.37, 10.6, negative
6.7, 0.42, 0.46, 9.7, 0.054, 67.0, 234.0, 0.99848, 3.23, 0.5, 9.0, negative
6.8, 0.32, 0.34, 6.0, 0.05, 5.0, 129.0, 0.9953, 3.19, 0.4, 9.1, negative
6.6, 0.36, 0.52, 10.1, 0.05, 29.0, 140.0, 0.99628, 3.07, 0.4, 9.4, negative
6.9, 0.23, 0.24, 14.2, 0.053, 19.0, 94.0, 0.9982, 3.17, 0.5, 9.6, negative
7.5, 0.23, 0.68, 11.0, 0.047, 37.0, 133.0, 0.9978, 2.99, 0.38, 8.8, negative
6.3, 0.695, 0.55, 12.9, 0.056, 58.0, 252.0, 0.99806, 3.29, 0.49, 8.7, negative
7.2, 0.31, 0.35, 7.2, 0.046, 45.0, 178.0, 0.9955, 3.14, 0.53, 9.7, negative
8.3, 0.23, 0.43, 3.2, 0.035, 14.0, 101.0, 0.9928, 3.15, 0.36, 11.5, negative
7.5, 0.28, 0.41, 1.3, 0.044, 11.0, 126.0, 0.99293, 3.28, 0.45, 10.3, negative
6.1, 0.36, 0.58, 15.0, 0.044, 42.0, 115.0, 0.9978, 3.15, 0.51, 9.0, negative
7.1, 0.18, 0.39, 14.5, 0.051, 48.0, 156.0, 0.99947, 3.35, 0.78, 9.1, negative
6.2, 0.345, 0.27, 10.1, 0.056, 38.0, 187.0, 0.99486, 3.31, 0.56, 10.6, negative
9.4, 0.3, 0.32, 10.7, 0.029, 14.0, 111.0, 0.9958, 2.85, 0.42, 10.6, negative
6.4, 0.33, 0.24, 1.6, 0.054, 25.0, 117.0, 0.9943, 3.36, 0.5, 9.3, negative
7.6, 0.27, 0.29, 2.5, 0.059, 37.0, 115.0, 0.99328, 3.09, 0.37, 9.8, negative
6.0, 0.32, 0.12, 5.9, 0.041, 34.0, 190.0, 0.9944, 3.16, 0.72, 10.0, negative
9.5, 0.21, 0.47, 1.3, 0.039, 21.0, 123.0, 0.9959, 2.9, 0.64, 9.5, negative
8.4, 0.17, 0.31, 5.4, 0.052, 47.0, 150.0, 0.9953, 3.24, 0.38, 9.8, negative
7.4, 0.35, 0.24, 6.0, 0.042, 28.0, 123.0, 0.99304, 3.14, 0.44, 11.3, negative
7.8, 0.445, 0.56, 1.0, 0.04, 8.0, 84.0, 0.9938, 3.25, 0.43, 10.8, negative
6.0, 0.36, 0.32, 1.1, 0.053, 26.0, 173.0, 0.99414, 3.38, 0.54, 8.8, negative
6.6, 0.28, 0.41, 7.0, 0.046, 59.0, 194.0, 0.99558, 3.14, 0.48, 9.4, negative
7.6, 0.31, 0.26, 1.7, 0.073, 40.0, 157.0, 0.9938, 3.1, 0.46, 9.8, negative
6.2, 0.25, 0.47, 11.6, 0.048, 62.0, 210.0, 0.9968, 3.19, 0.5, 9.5, negative
7.2, 0.51, 0.24, 10.0, 0.093, 35.0, 197.0, 0.9981, 3.41, 0.47, 9.0, negative
7.9, 0.21, 0.39, 2.0, 0.057, 21.0, 138.0, 0.99176, 3.05, 0.52, 10.9, negative
6.3, 0.24, 0.29, 1.6, 0.052, 48.0, 185.0, 0.9934, 3.21, 0.5, 9.4, negative
6.9, 0.23, 0.32, 16.4, 0.045, 62.0, 153.0, 0.9972, 3.22, 0.42, 10.5, negative
6.3, 0.26, 0.25, 7.8, 0.058, 44.0, 166.0, 0.9961, 3.24, 0.41, 9.0, negative
7.2, 0.21, 0.41, 1.3, 0.036, 33.0, 85.0, 0.992, 3.17, 0.51, 10.4, negative
6.6, 0.3, 0.74, 4.6, 0.041, 36.0, 159.0, 0.9946, 3.21, 0.45, 9.9, negative
6.3, 0.17, 0.23, 5.7, 0.048, 44.0, 147.0, 0.99382, 3.08, 0.54, 10.0, negative
6.4, 0.28, 0.41, 6.8, 0.045, 61.0, 216.0, 0.9952, 3.09, 0.46, 9.4, negative
6.3, 0.36, 0.3, 4.8, 0.049, 14.0, 85.0, 0.9932, 3.28, 0.39, 10.6, negative
7.2, 0.4, 0.49, 1.1, 0.048, 11.0, 138.0, 0.9929, 3.01, 0.42, 9.3, negative
9.2, 0.23, 0.35, 10.7, 0.037, 34.0, 145.0, 0.9981, 3.09, 0.32, 9.7, negative
7.7, 0.275, 0.3, 1.0, 0.039, 19.0, 75.0, 0.992, 3.01, 0.56, 10.7, negative
6.6, 0.78, 0.5, 1.5, 0.045, 30.0, 133.0, 0.99104, 3.25, 0.48, 11.7, negative
9.7, 0.14, 0.59, 1.5, 0.049, 23.0, 142.0, 0.9958, 2.98, 0.62, 9.5, negative
6.4, 0.31, 0.53, 8.8, 0.057, 36.0, 221.0, 0.99642, 3.17, 0.44, 9.1, negative
6.1, 0.28, 0.35, 12.8, 0.048, 63.0, 229.0, 0.9975, 3.08, 0.4, 8.9, negative
8.3, 0.49, 0.23, 6.65, 0.034, 6.0, 158.0, 0.99344, 3.05, 0.48, 11.2, negative
7.8, 0.28, 0.22, 1.4, 0.056, 24.0, 130.0, 0.9944, 3.28, 0.48, 9.5, negative
7.9, 0.29, 0.31, 7.35, 0.034, 37.0, 154.0, 0.9938, 3.06, 0.31, 10.8, negative
5.8, 0.19, 0.24, 1.3, 0.044, 38.0, 128.0, 0.99362, 3.77, 0.6, 10.6, negative
6.9, 0.18, 0.33, 1.0, 0.054, 24.0, 164.0, 0.9926, 3.42, 0.51, 10.5, negative
6.9, 0.33, 0.31, 7.7, 0.04, 29.0, 135.0, 0.99226, 3.11, 0.57, 12.3, negative
7.3, 0.34, 0.22, 1.4, 0.044, 43.0, 176.0, 0.99286, 3.14, 0.46, 9.9, negative
6.15, 0.21, 0.37, 3.2, 0.021, 20.0, 80.0, 0.99076, 3.39, 0.47, 12.0, negative
6.9, 0.42, 0.2, 15.4, 0.043, 57.0, 201.0, 0.99848, 3.08, 0.54, 9.4, negative
6.8, 0.27, 0.22, 8.1, 0.034, 55.0, 203.0, 0.9961, 3.19, 0.52, 8.9, negative
5.9, 0.29, 0.33, 7.4, 0.037, 58.0, 205.0, 0.99495, 3.26, 0.41, 9.6, negative
7.2, 0.18, 0.41, 1.2, 0.048, 41.0, 97.0, 0.9919, 3.14, 0.45, 10.4, negative
6.8, 0.21, 0.36, 18.1, 0.046, 32.0, 133.0, 1.0, 3.27, 0.48, 8.8, negative
6.9, 0.3, 0.21, 15.7, 0.056, 49.0, 159.0, 0.99827, 3.11, 0.48, 9.0, negative
6.6, 0.36, 0.24, 0.9, 0.038, 15.0, 72.0, 0.99066, 3.23, 0.39, 11.0, negative
6.8, 0.26, 0.24, 7.8, 0.052, 54.0, 214.0, 0.9961, 3.13, 0.47, 8.9, negative
7.5, 0.27, 0.36, 7.0, 0.036, 45.0, 164.0, 0.9939, 3.03, 0.33, 11.0, negative
6.6, 0.36, 0.52, 11.3, 0.046, 8.0, 110.0, 0.9966, 3.07, 0.46, 9.4, negative
6.6, 0.27, 0.32, 1.3, 0.044, 18.0, 93.0, 0.99044, 3.11, 0.56, 12.25, negative
7.5, 0.27, 0.31, 17.7, 0.051, 33.0, 173.0, 0.999, 3.09, 0.64, 10.2, negative
7.3, 0.25, 0.26, 7.2, 0.048, 52.0, 207.0, 0.99587, 3.12, 0.37, 9.2, negative
6.4, 0.15, 0.29, 1.8, 0.044, 21.0, 115.0, 0.99166, 3.1, 0.38, 10.2, negative
8.3, 0.21, 0.49, 19.8, 0.054, 50.0, 231.0, 1.0012, 2.99, 0.54, 9.2, negative
6.4, 0.35, 0.2, 5.7, 0.034, 18.0, 117.0, 0.9944, 3.33, 0.43, 10.1, negative
7.2, 0.14, 0.35, 1.2, 0.036, 15.0, 73.0, 0.9938, 3.46, 0.39, 9.9, negative
6.4, 0.26, 0.21, 8.2, 0.05, 51.0, 182.0, 0.99542, 3.23, 0.48, 9.5, negative
6.5, 0.22, 0.19, 4.5, 0.096, 16.0, 115.0, 0.9937, 3.02, 0.44, 9.6, negative
6.0, 0.16, 0.3, 6.7, 0.043, 43.0, 153.0, 0.9951, 3.63, 0.46, 10.6, negative
7.1, 0.24, 0.41, 17.8, 0.046, 39.0, 145.0, 0.9998, 3.32, 0.39, 8.7, negative
4.9, 0.335, 0.14, 1.3, 0.036, 69.0, 168.0, 0.99212, 3.47, 0.46, 10.4666666666667, negative
7.5, 0.2, 0.49, 1.3, 0.031, 8.0, 97.0, 0.9918, 3.06, 0.62, 11.1, negative
6.9, 0.24, 0.4, 15.4, 0.052, 81.0, 198.0, 0.9986, 3.2, 0.69, 9.4, negative
7.8, 0.27, 0.28, 1.8, 0.05, 21.0, 127.0, 0.9934, 3.15, 0.44, 9.9, negative
7.0, 0.24, 0.3, 6.7, 0.039, 37.0, 125.0, 0.99436, 3.2, 0.39, 9.9, negative
6.5, 0.22, 0.25, 17.1, 0.05, 44.0, 138.0, 1.0001, 3.3, 0.37, 8.8, negative
6.9, 0.4, 0.37, 8.9, 0.053, 36.0, 148.0, 0.996, 3.16, 0.5, 9.3, negative
6.5, 0.26, 0.5, 8.0, 0.051, 46.0, 197.0, 0.99536, 3.18, 0.47, 9.5, negative
6.5, 0.41, 0.22, 4.8, 0.052, 49.0, 142.0, 0.9946, 3.14, 0.62, 9.2, negative
6.8, 0.2, 0.25, 6.2, 0.052, 22.0, 106.0, 0.9935, 3.09, 0.54, 10.8, negative
6.3, 0.19, 0.33, 10.1, 0.063, 63.0, 133.0, 0.99561, 2.86, 0.41, 9.1, negative
5.7, 0.26, 0.24, 17.8, 0.059, 23.0, 124.0, 0.99773, 3.3, 0.5, 10.1, negative
8.0, 0.24, 0.48, 6.8, 0.047, 13.0, 134.0, 0.99616, 3.23, 0.7, 10.0, negative
8.0, 0.25, 0.13, 17.2, 0.036, 49.0, 219.0, 0.9996, 2.96, 0.46, 9.7, negative
8.5, 0.56, 0.74, 17.85, 0.051, 51.0, 243.0, 1.0005, 2.99, 0.7, 9.2, negative
7.0, 0.12, 0.28, 6.3, 0.057, 17.0, 103.0, 0.9957, 3.5, 0.44, 9.6, negative
5.6, 0.695, 0.06, 6.8, 0.042, 9.0, 84.0, 0.99432, 3.44, 0.44, 10.2, negative
8.4, 0.57, 0.44, 10.7, 0.051, 46.0, 195.0, 0.9981, 3.15, 0.51, 10.4, negative
7.1, 0.33, 0.64, 13.2, 0.056, 12.0, 105.0, 0.9972, 3.05, 0.39, 9.2, negative
6.4, 0.18, 0.74, 11.9, 0.046, 54.0, 168.0, 0.9978, 3.58, 0.68, 10.1, negative
7.2, 0.27, 0.37, 5.4, 0.026, 27.0, 114.0, 0.99174, 3.13, 0.84, 12.7, negative
7.0, 0.31, 0.35, 1.6, 0.063, 13.0, 119.0, 0.99184, 3.22, 0.5, 10.7, negative
7.7, 0.27, 0.61, 12.0, 0.046, 64.0, 179.0, 0.9982, 3.07, 0.46, 8.9, negative
6.7, 0.41, 0.34, 9.2, 0.049, 29.0, 150.0, 0.9968, 3.22, 0.51, 9.1, negative
6.9, 0.19, 0.35, 5.0, 0.067, 32.0, 150.0, 0.995, 3.36, 0.48, 9.8, negative
6.1, 0.3, 0.47, 1.4, 0.049, 50.0, 187.0, 0.9927, 3.19, 0.45, 9.5, negative
8.2, 0.2, 0.38, 3.5, 0.053, 41.0, 174.0, 0.99306, 3.22, 0.41, 11.6, negative
5.8, 0.28, 0.66, 9.1, 0.039, 26.0, 159.0, 0.9965, 3.66, 0.55, 10.8, negative
7.8, 0.25, 0.37, 1.0, 0.043, 10.0, 80.0, 0.99128, 3.08, 0.38, 11.4, negative
7.4, 0.31, 0.26, 8.6, 0.048, 47.0, 206.0, 0.9964, 3.26, 0.36, 9.1, negative
7.4, 0.28, 0.42, 19.8, 0.066, 53.0, 195.0, 1.0, 2.96, 0.44, 9.1, negative
8.9, 0.34, 0.32, 1.3, 0.041, 12.0, 188.0, 0.9953, 3.17, 0.49, 9.5, negative
7.6, 0.25, 0.34, 1.3, 0.056, 34.0, 176.0, 0.99434, 3.1, 0.51, 9.5, negative
7.2, 0.15, 0.39, 1.8, 0.043, 21.0, 159.0, 0.9948, 3.52, 0.47, 10.0, negative
6.9, 0.29, 0.41, 7.8, 0.046, 52.0, 171.0, 0.99537, 3.12, 0.51, 9.6, negative
8.4, 0.19, 0.43, 2.1, 0.052, 20.0, 104.0, 0.994, 2.85, 0.46, 9.5, negative
9.1, 0.33, 0.38, 1.7, 0.062, 50.5, 344.0, 0.9958, 3.1, 0.7, 9.5, negative
6.5, 0.32, 0.12, 11.5, 0.033, 35.0, 165.0, 0.9974, 3.22, 0.32, 9.0, negative
7.6, 0.33, 0.41, 13.7, 0.045, 44.0, 197.0, 0.9989, 3.18, 0.64, 9.1, negative
5.9, 0.415, 0.13, 1.4, 0.04, 11.0, 64.0, 0.9922, 3.29, 0.52, 10.5, negative
6.7, 0.29, 0.45, 14.3, 0.054, 30.0, 181.0, 0.99869, 3.14, 0.57, 9.1, negative
6.8, 0.26, 0.44, 8.2, 0.046, 52.0, 183.0, 0.99584, 3.2, 0.51, 9.4, negative
6.6, 0.25, 0.51, 8.0, 0.047, 61.0, 189.0, 0.99604, 3.22, 0.49, 9.2, negative
8.6, 0.27, 0.46, 6.1, 0.032, 13.0, 41.0, 0.993, 2.89, 0.34, 10.9, negative
6.3, 0.29, 0.14, 7.05, 0.045, 50.0, 177.0, 0.99564, 3.23, 0.42, 9.0, negative
6.4, 0.29, 0.44, 3.6, 0.197, 75.0, 183.0, 0.9942, 3.01, 0.38, 9.1, negative
6.9, 0.4, 0.56, 11.2, 0.043, 40.0, 142.0, 0.9975, 3.14, 0.46, 8.7, negative
7.4, 0.32, 0.22, 11.7, 0.035, 44.0, 150.0, 0.99578, 3.1, 0.45, 10.4, negative
8.4, 0.18, 0.42, 5.1, 0.036, 7.0, 77.0, 0.9939, 3.16, 0.52, 11.7, negative
6.0, 0.28, 0.29, 19.3, 0.051, 36.0, 174.0, 0.99911, 3.14, 0.5, 9.0, negative
6.8, 0.25, 0.18, 1.4, 0.056, 13.0, 137.0, 0.9935, 3.11, 0.42, 9.5, negative
6.4, 0.29, 0.28, 11.1, 0.063, 66.0, 169.0, 0.9973, 2.89, 0.57, 9.0, negative
5.8, 0.36, 0.5, 1.0, 0.127, 63.0, 178.0, 0.99212, 3.1, 0.45, 9.7, negative
6.8, 0.24, 0.31, 18.3, 0.046, 40.0, 142.0, 1.0, 3.3, 0.41, 8.7, negative
6.8, 0.21, 0.27, 18.15, 0.042, 41.0, 146.0, 1.0001, 3.3, 0.36, 8.7, negative
7.2, 0.28, 0.38, 2.0, 0.052, 23.0, 156.0, 0.9912, 3.13, 0.52, 11.1, negative
7.2, 0.31, 0.24, 1.4, 0.057, 17.0, 117.0, 0.9928, 3.16, 0.35, 10.5, negative
6.7, 0.35, 0.48, 8.8, 0.056, 35.0, 167.0, 0.99628, 3.04, 0.47, 9.4, negative
7.4, 0.21, 0.3, 7.9, 0.039, 14.0, 118.0, 0.9942, 2.96, 0.34, 10.4, negative
6.4, 0.38, 0.24, 7.2, 0.047, 41.0, 151.0, 0.99604, 3.11, 0.6, 9.2, negative
7.4, 0.28, 0.25, 11.9, 0.053, 25.0, 148.0, 0.9976, 3.1, 0.62, 9.2, negative
5.6, 0.2, 0.22, 1.3, 0.049, 25.0, 155.0, 0.99296, 3.74, 0.43, 10.0, negative
