0 0 0 3 3 0.0 0.0 0.0 1.0 146 0 0 0 146 1.0 0.0 0.0 0.0 
0 0 0 3 3 0.0 0.0 0.0 1.0 146 0 0 0 146 1.0 0.0 0.0 0.0 
0 0 0 3 3 0.0 0.0 0.0 1.0 145 0 0 0 145 1.0 0.0 0.0 0.0 
0 0 0 3 3 0.0 0.0 0.0 1.0 144 1 0 0 145 0.993103448275862 0.006896551724137931 0.0 0.0 
0 0 1 2 3 0.0 0.0 0.3333333333333333 0.6666666666666666 145 0 0 0 145 1.0 0.0 0.0 0.0 
0 0 0 2 2 0.0 0.0 0.0 1.0 146 0 0 0 146 1.0 0.0 0.0 0.0 
0 0 1 1 2 0.0 0.0 0.5 0.5 146 0 0 0 146 1.0 0.0 0.0 0.0 
0 0 0 2 2 0.0 0.0 0.0 1.0 146 0 0 0 146 1.0 0.0 0.0 0.0 
0 0 0 2 2 0.0 0.0 0.0 1.0 146 0 0 0 146 1.0 0.0 0.0 0.0 
0 0 0 2 2 0.0 0.0 0.0 1.0 146 0 0 0 146 1.0 0.0 0.0 0.0 
