8.3 0.33 0.42 1.15 0.033 18.0 96.0 0.9911 3.2 0.32 12.4 0
9.4 0.24 0.29 8.5 0.037 124.0 208.0 0.99395 2.9 0.38 11.0 0
10.3 0.17 0.47 1.4 0.037 5.0 33.0 0.9939 2.89 0.28 9.6 0
6.9 0.3 0.21 7.2 0.045 54.0 190.0 0.99595 3.22 0.48 9.4 1
7.1 0.34 0.86 1.4 0.174 36.0 99.0 0.99288 2.92 0.5 9.3 1
7.8 0.29 0.33 8.75 0.035 33.0 181.0 0.9962 3.11 0.46 10.7 1
7.7 0.35 0.46 11.8 0.088 61.0 183.0 0.99786 2.86 0.47 9.0 1
7.4 0.28 0.5 12.1 0.049 48.0 122.0 0.9973 3.01 0.44 9.0 1
6.4 0.25 0.41 8.6 0.042 57.0 173.0 0.9965 3.0 0.44 9.1 1
6.4 0.26 0.4 1.7 0.179 5.0 60.0 0.9925 3.09 0.54 10.1 1
6.0 0.36 0.06 1.4 0.066 27.0 128.0 0.9934 3.26 0.55 9.3 1
6.6 0.23 0.18 8.5 0.044 59.0 188.0 0.99558 3.16 0.49 9.5 1
6.4 0.33 0.44 8.9 0.055 52.0 164.0 0.99488 3.1 0.48 9.6 1
6.6 0.26 0.31 4.8 0.138 41.0 168.0 0.9951 3.2 0.38 9.3 1
6.7 0.3 0.44 18.75 0.057 65.0 224.0 0.99956 3.11 0.53 9.1 1
7.8 0.21 0.49 1.35 0.052 6.0 48.0 0.9911 3.15 0.28 11.4 1
7.0 0.29 0.54 10.7 0.046 59.0 234.0 0.9966 3.05 0.61 9.5 1
6.4 0.45 0.07 1.1 0.03 10.0 131.0 0.9905 2.97 0.28 10.8 1
6.6 0.26 0.56 15.4 0.053 32.0 141.0 0.9981 3.11 0.49 9.3 1
8.0 0.22 0.31 5.6 0.049 24.0 97.0 0.993 3.1 0.42 10.9 1
7.6 0.2 0.26 4.5 0.086 37.0 133.0 0.9963 3.15 0.42 9.2 1
8.3 0.36 0.57 15.0 0.052 35.0 256.0 1.0001 2.93 0.64 8.6 1
6.5 0.23 0.2 7.5 0.05 44.0 179.0 0.99504 3.18 0.48 9.53333333333333 1
8.2 0.17 0.32 1.5 0.05 17.0 101.0 0.994 3.14 0.58 9.5 1
6.5 0.315 0.2 6.6 0.041 9.0 126.0 0.99494 2.94 0.51 8.8 1
6.6 0.545 0.04 2.5 0.031 48.0 111.0 0.9906 3.14 0.32 11.9 1
7.1 0.37 0.67 10.5 0.045 49.0 155.0 0.9975 3.16 0.44 8.7 1
6.3 0.34 0.36 4.9 0.035 31.0 185.0 0.9946 3.15 0.49 9.7 1
6.9 0.35 0.55 11.95 0.038 22.0 111.0 0.99687 3.11 0.29 9.7 1
7.6 0.28 0.17 1.6 0.046 28.0 117.0 0.99288 3.08 0.43 10.0 1
8.2 0.23 0.37 1.3 0.042 39.0 117.0 0.9928 2.99 0.36 10.0 1
8.0 0.43 0.4 12.4 0.168 29.0 190.0 0.9991 3.07 0.64 9.2 1
6.4 0.25 0.57 1.0 0.062 21.0 122.0 0.99238 3.0 0.4 9.5 1
6.5 0.36 0.36 6.7 0.185 51.5 151.0 0.99528 3.17 0.42 9.3 1
6.1 0.17 0.42 15.1 0.033 28.0 124.0 0.99684 2.87 0.47 9.5 1
8.5 0.17 0.31 1.0 0.024 13.0 91.0 0.993 2.79 0.37 10.1 1
7.2 0.6 0.2 9.9 0.07 21.0 174.0 0.9971 3.03 0.54 9.1 1
6.4 0.28 0.17 8.3 0.042 61.0 195.0 0.99577 3.22 0.46 9.4 1
6.7 0.3 0.74 5.0 0.038 35.0 157.0 0.9945 3.21 0.46 9.9 1
7.4 0.33 0.26 15.6 0.049 67.0 210.0 0.99907 3.06 0.68 9.5 1
6.0 0.27 0.28 4.8 0.063 31.0 201.0 0.9964 3.69 0.71 10.0 1
6.2 0.33 0.29 1.3 0.042 26.0 138.0 0.9956 3.77 0.64 9.5 1
7.0 0.21 0.28 7.5 0.07 45.0 185.0 0.9966 3.34 0.55 9.4 1
6.9 0.19 0.33 1.6 0.043 63.0 149.0 0.9925 3.44 0.52 10.8 1
5.8 0.34 0.21 6.6 0.04 50.0 167.0 0.9941 3.29 0.62 10.0 1
7.1 0.365 0.14 1.2 0.055 24.0 84.0 0.9941 3.15 0.43 8.9 1
7.4 0.28 0.36 14.6 0.048 35.0 161.0 0.9968 3.14 0.56 10.6 1
6.7 0.43 0.23 5.0 0.157 49.0 145.0 0.99471 3.17 0.49 9.4 1
6.5 0.3 0.39 7.8 0.038 61.0 219.0 0.9959 3.19 0.5 9.4 1
8.2 0.31 0.43 7.0 0.047 18.0 87.0 0.99628 3.23 0.64 10.6 1
8.0 0.18 0.49 1.8 0.061 10.0 145.0 0.9942 3.23 0.48 10.0 1
6.7 0.24 0.33 12.3 0.046 31.0 145.0 0.9983 3.36 0.4 9.5 1
7.9 0.18 0.37 1.2 0.04 16.0 75.0 0.992 3.18 0.63 10.8 1
5.9 0.26 0.24 2.4 0.046 27.0 132.0 0.99234 3.63 0.73 11.3 1
7.1 0.31 0.17 1.0 0.042 21.0 144.0 0.99304 3.13 0.4 9.6 1
6.7 0.26 0.26 4.0 0.079 35.5 216.0 0.9956 3.31 0.68 9.5 1
6.6 0.62 0.2 8.7 0.046 81.0 224.0 0.99605 3.17 0.44 9.3 1
6.5 0.39 0.35 1.6 0.049 10.0 164.0 0.99516 3.35 0.51 9.7 1
5.5 0.12 0.33 1.0 0.038 23.0 131.0 0.99164 3.25 0.45 9.8 1
6.4 0.24 0.25 20.2 0.083 35.0 157.0 0.99976 3.17 0.5 9.1 1
6.1 0.2 0.25 1.2 0.038 34.0 128.0 0.9921 3.24 0.44 10.1 1
7.1 0.33 0.18 6.3 0.094 27.0 166.0 0.99474 2.9 0.49 9.5 1
6.5 0.28 0.34 9.9 0.038 30.0 133.0 0.9954 3.11 0.44 9.8 1
7.3 0.24 0.41 13.6 0.05 41.0 178.0 0.9988 3.37 0.43 9.7 1
5.6 0.39 0.24 4.7 0.034 27.0 77.0 0.9906 3.28 0.36 12.7 1
6.5 0.26 0.34 16.3 0.051 56.0 197.0 1.0004 3.49 0.42 9.8 1
6.2 0.36 0.26 13.2 0.051 54.0 201.0 0.9976 3.25 0.46 9.0 1
7.3 0.22 0.37 15.5 0.048 70.0 203.0 0.99899 3.25 0.77 9.4 1
5.5 0.19 0.27 0.9 0.04 52.0 103.0 0.99026 3.5 0.39 11.2 1
6.8 0.24 0.34 4.6 0.032 37.0 135.0 0.9927 3.2 0.39 10.6 1
7.3 0.31 0.69 10.2 0.041 58.0 160.0 0.9977 3.06 0.45 8.6 1
8.7 0.24 0.35 0.6 0.042 11.0 71.0 0.9926 3.08 0.38 10.6 1
7.7 0.3 0.42 14.3 0.045 45.0 213.0 0.9991 3.18 0.63 9.2 1
5.9 0.25 0.19 12.4 0.047 50.0 162.0 0.9973 3.35 0.38 9.5 1
6.0 0.28 0.25 1.8 0.042 8.0 108.0 0.9929 3.08 0.55 9.0 1
5.3 0.76 0.03 2.7 0.043 27.0 93.0 0.9932 3.34 0.38 9.2 1
8.3 0.39 0.7 10.6 0.045 33.0 169.0 0.9976 3.09 0.57 9.4 1
6.8 0.26 0.22 7.7 0.047 57.0 210.0 0.9959 3.1 0.47 9.0 1
5.5 0.24 0.45 1.7 0.046 22.0 113.0 0.99224 3.22 0.48 10.0 1
7.4 0.33 0.44 7.6 0.05 40.0 227.0 0.99679 3.12 0.52 9.0 1
7.8 0.26 0.49 3.1 0.045 21.0 116.0 0.9931 3.16 0.35 10.3 1
7.6 0.27 0.32 1.2 0.043 23.0 72.0 0.99236 3.06 0.68 10.5 1
6.4 0.21 0.44 7.4 0.045 47.0 182.0 0.9957 3.24 0.46 9.1 1
6.9 0.32 0.13 7.8 0.042 11.0 117.0 0.996 3.23 0.37 9.2 1
6.8 0.18 0.37 1.6 0.055 47.0 154.0 0.9934 3.08 0.45 9.1 1
6.4 0.46 0.08 4.9 0.046 34.0 144.0 0.99445 3.1 0.56 10.0 1
7.1 0.12 0.32 9.6 0.054 64.0 162.0 0.9962 3.4 0.41 9.4 1
6.9 0.28 0.4 8.2 0.036 15.0 95.0 0.9944 3.17 0.33 10.2 1
6.8 0.26 0.22 4.8 0.041 110.0 198.0 0.99437 3.29 0.67 10.6 1
8.3 0.33 0.43 9.2 0.046 22.0 126.0 0.9982 3.38 0.47 9.3 1
6.3 0.21 0.58 10.0 0.081 34.0 126.0 0.9962 2.95 0.46 8.9 1
6.2 0.24 0.25 12.5 0.055 47.0 134.0 0.99758 3.3 0.51 9.0 1
5.2 0.6 0.07 7.0 0.044 33.0 147.0 0.9944 3.33 0.58 9.7 1
5.9 0.29 0.16 7.9 0.044 48.0 197.0 0.99512 3.21 0.36 9.4 1
6.6 0.31 0.07 1.5 0.033 55.0 144.0 0.99208 3.16 0.42 10.0 1
6.2 0.27 0.47 1.2 0.146 28.0 105.0 0.99224 3.23 0.51 10.1 1
6.3 0.2 0.37 11.8 0.045 58.0 130.0 0.99519 3.2 0.35 10.8 1
6.0 0.555 0.26 4.5 0.053 17.0 126.0 0.9943 3.24 0.46 9.1 1
8.0 0.25 0.35 1.1 0.054 13.0 136.0 0.99366 3.08 0.55 9.5 1
6.1 0.28 0.32 2.5 0.042 23.0 218.5 0.9935 3.27 0.6 9.8 1
6.1 0.34 0.31 12.0 0.053 46.0 238.0 0.9977 3.16 0.48 8.6 1
7.3 0.35 0.67 8.3 0.053 10.0 100.0 0.9959 3.19 0.5 10.9 1
6.7 0.14 0.46 1.6 0.036 15.0 92.0 0.99264 3.37 0.49 10.9 1
6.4 0.26 0.35 7.7 0.056 45.0 191.0 0.99527 3.16 0.5 9.5 1
5.5 0.17 0.23 2.9 0.039 10.0 108.0 0.99243 3.28 0.5 10.0 1
6.8 0.3 0.33 12.8 0.041 60.0 168.0 0.99659 3.1 0.56 9.8 1
6.5 0.23 0.38 1.3 0.032 29.0 112.0 0.99298 3.29 0.54 9.7 1
6.4 0.475 0.06 1.0 0.03 9.0 131.0 0.9904 2.97 0.29 10.8 1
7.2 0.39 0.62 11.0 0.047 66.0 178.0 0.9976 3.16 0.5 8.7 1
8.1 0.33 0.22 5.2 0.047 24.0 151.0 0.99527 3.22 0.47 10.3 1
7.8 0.49 0.49 7.0 0.043 29.0 149.0 0.9952 3.21 0.33 10.0 1
7.5 0.2 0.47 16.9 0.052 51.0 188.0 0.99944 3.09 0.62 9.3 1
7.7 0.3 0.26 18.95 0.053 36.0 174.0 0.99976 3.2 0.5 10.4 1
6.7 0.31 0.44 6.7 0.054 29.0 160.0 0.9952 3.04 0.44 9.6 1
5.8 0.2 0.34 1.0 0.035 40.0 86.0 0.98993 3.5 0.42 11.7 1
6.6 0.32 0.33 2.5 0.052 40.0 210.0 0.99316 3.15 0.6 10.0 1
6.0 0.26 0.18 7.0 0.055 50.0 194.0 0.99591 3.21 0.43 9.0 1
8.3 0.41 0.51 2.0 0.046 11.0 207.0 0.993 3.02 0.55 11.4 1
7.6 0.3 0.37 1.6 0.087 27.0 177.0 0.99438 3.09 0.5 9.8 1
6.6 0.27 0.31 5.3 0.137 35.0 163.0 0.9951 3.2 0.38 9.3 1
6.4 0.27 0.32 4.5 0.24 61.0 174.0 0.9948 3.12 0.48 9.4 1
5.5 0.14 0.27 4.6 0.029 22.0 104.0 0.9949 3.34 0.44 9.0 1
6.9 0.4 0.22 5.95 0.081 76.0 303.0 0.99705 3.4 0.57 9.4 1
6.0 0.28 0.22 12.15 0.048 42.0 163.0 0.9957 3.2 0.46 10.1 1
7.6 0.48 0.28 10.4 0.049 57.0 205.0 0.99748 3.24 0.45 9.3 1
8.1 0.31 0.24 1.6 0.032 10.0 67.0 0.9924 3.08 0.47 10.5 1
7.5 0.32 0.37 1.2 0.048 22.0 184.0 0.9938 3.09 0.43 9.3 1
7.1 0.28 0.19 7.8 0.04 48.0 184.0 0.99579 3.16 0.5 9.4 1
7.8 0.25 0.34 13.7 0.044 66.0 184.0 0.99976 3.22 0.75 8.9 1
5.8 0.29 0.05 0.8 0.038 11.0 30.0 0.9924 3.36 0.35 9.2 1
6.2 0.25 0.54 7.0 0.046 58.0 176.0 0.99454 3.19 0.7 10.4 1
7.2 0.31 0.5 13.3 0.056 68.0 195.0 0.9982 3.01 0.47 9.2 1
6.6 0.22 0.34 11.6 0.05 59.0 140.0 0.99526 3.22 0.4 10.8 1
7.1 0.4 0.52 1.3 0.148 45.0 149.0 0.99468 3.08 0.56 8.7 1
6.5 0.24 0.24 1.6 0.046 15.0 60.0 0.9928 3.19 0.39 9.8 1
7.3 0.36 0.34 14.8 0.057 46.0 173.0 0.99751 3.14 0.57 10.2 1
6.5 0.32 0.23 8.5 0.051 20.0 138.0 0.9943 3.03 0.42 10.7 1
6.5 0.26 0.43 8.9 0.083 50.0 171.0 0.9965 2.85 0.5 9.0 1
6.9 0.29 0.23 8.6 0.056 56.0 215.0 0.9967 3.17 0.44 8.8 1
4.9 0.345 0.34 1.0 0.068 32.0 143.0 0.99138 3.24 0.4 10.1 1
5.8 0.15 0.28 0.8 0.037 43.0 127.0 0.99198 3.24 0.51 9.3 1
6.6 0.31 0.38 16.05 0.058 16.0 165.0 0.9997 3.38 0.6 9.2 1
5.9 0.32 0.19 14.5 0.042 37.0 115.0 0.99684 3.16 0.43 10.3 1
6.4 0.32 0.26 7.9 0.05 53.0 180.0 0.99514 3.14 0.5 9.6 1
7.0 0.18 0.37 1.5 0.043 16.0 104.0 0.99216 3.18 0.5 10.8 1
6.8 0.25 0.27 10.7 0.076 47.0 154.0 0.9967 3.05 0.38 9.0 1
8.3 0.27 0.34 10.2 0.048 50.0 118.0 0.99716 3.18 0.51 10.3 1
6.7 0.17 0.27 1.4 0.032 39.0 149.0 0.99254 3.4 0.52 10.5 1
7.9 0.19 0.26 2.1 0.039 8.0 143.0 0.9942 3.05 0.74 9.8 1
