@relation winequality-white-3-9_vs_5
@attribute FixedAcidity real [3.8, 14.2]
@attribute VolatileAcidity real [0.08, 1.1]
@attribute CitricAcid real [0.0, 1.66]
@attribute ResidualSugar real [0.6, 65.8]
@attribute Chlorides real [0.009, 0.346]
@attribute FreeSulfurDioxide real [2.0, 289.0]
@attribute TotalSulfurDioxide real [9.0, 440.0]
@attribute Density real [0.98711, 1.03898]
@attribute PH real [2.72, 3.82]
@attribute Sulphates real [0.22, 1.08]
@attribute Alcohol real [8.0, 14.2]
@attribute Class {positive, negative}
@inputs FixedAcidity, VolatileAcidity, CitricAcid, ResidualSugar, Chlorides, FreeSulfurDioxide, TotalSulfurDioxide, Density, PH, Sulphates, Alcohol
@outputs Class
@data
8.1, 0.27, 0.41, 1.45, 0.033, 11.0, 63.0, 0.9908, 2.99, 0.56, 12.0, negative
7.9, 0.18, 0.37, 1.2, 0.04, 16.0, 75.0, 0.992, 3.18, 0.63, 10.8, negative
6.5, 0.31, 0.14, 7.5, 0.044, 34.0, 133.0, 0.9955, 3.22, 0.5, 9.5, negative
6.5, 0.39, 0.23, 5.4, 0.051, 25.0, 149.0, 0.9934, 3.24, 0.35, 10.0, negative
7.3, 0.24, 0.39, 17.95, 0.057, 45.0, 149.0, 0.9999, 3.21, 0.36, 8.6, negative
7.3, 0.24, 0.39, 17.95, 0.057, 45.0, 149.0, 0.9999, 3.21, 0.36, 8.6, negative
6.9, 0.19, 0.35, 5.0, 0.067, 32.0, 150.0, 0.995, 3.36, 0.48, 9.8, negative
7.0, 0.47, 0.07, 1.1, 0.035, 17.0, 151.0, 0.991, 3.02, 0.34, 10.5, negative
6.7, 0.25, 0.13, 1.2, 0.041, 81.0, 174.0, 0.992, 3.14, 0.42, 9.8, negative
7.4, 0.24, 0.29, 10.1, 0.05, 21.0, 105.0, 0.9962, 3.13, 0.35, 9.5, negative
6.8, 0.3, 0.23, 4.6, 0.061, 50.5, 238.5, 0.9958, 3.32, 0.6, 9.5, negative
6.0, 0.27, 0.28, 4.8, 0.063, 31.0, 201.0, 0.9964, 3.69, 0.71, 10.0, negative
6.1, 0.27, 0.43, 7.5, 0.049, 65.0, 243.0, 0.9957, 3.12, 0.47, 9.0, negative
7.2, 0.27, 0.46, 18.75, 0.052, 45.0, 255.0, 1.0, 3.04, 0.52, 8.9, negative
7.2, 0.31, 0.5, 13.3, 0.056, 68.0, 195.0, 0.9982, 3.01, 0.47, 9.2, negative
6.7, 0.41, 0.34, 9.2, 0.049, 29.0, 150.0, 0.9968, 3.22, 0.51, 9.1, negative
7.3, 0.32, 0.48, 13.3, 0.06, 57.0, 196.0, 0.9982, 3.04, 0.5, 9.2, negative
5.9, 0.36, 0.04, 5.7, 0.046, 21.0, 87.0, 0.9934, 3.22, 0.51, 10.2, negative
7.8, 0.24, 0.32, 12.2, 0.054, 42.0, 138.0, 0.9984, 3.01, 0.54, 8.8, negative
7.4, 0.39, 0.23, 7.0, 0.033, 29.0, 126.0, 0.994, 3.14, 0.42, 10.5, negative
6.7, 0.27, 0.31, 15.7, 0.036, 44.0, 179.0, 0.9979, 3.26, 0.56, 9.6, negative
6.3, 0.31, 0.34, 2.2, 0.045, 20.0, 77.0, 0.9927, 3.3, 0.43, 10.2, negative
7.2, 0.18, 0.41, 1.2, 0.048, 41.0, 97.0, 0.9919, 3.14, 0.45, 10.4, negative
6.3, 0.36, 0.3, 4.8, 0.049, 14.0, 85.0, 0.9932, 3.28, 0.39, 10.6, negative
6.7, 0.24, 0.35, 13.1, 0.05, 64.0, 205.0, 0.997, 3.15, 0.5, 9.5, negative
7.5, 0.29, 0.31, 8.95, 0.055, 20.0, 151.0, 0.9968, 3.08, 0.54, 9.3, negative
7.5, 0.27, 0.31, 17.7, 0.051, 33.0, 173.0, 0.999, 3.09, 0.64, 10.2, negative
5.9, 0.23, 0.3, 12.9, 0.054, 57.0, 170.0, 0.9972, 3.28, 0.39, 9.4, negative
7.1, 0.34, 0.15, 1.2, 0.053, 61.0, 183.0, 0.9936, 3.09, 0.43, 9.2, negative
6.8, 0.28, 0.4, 22.0, 0.048, 48.0, 167.0, 1.001, 2.93, 0.5, 8.7, negative
6.4, 0.29, 0.44, 3.6, 0.2, 75.0, 181.0, 0.9942, 3.02, 0.41, 9.1, negative
6.4, 0.29, 0.44, 3.6, 0.197, 75.0, 183.0, 0.9942, 3.01, 0.38, 9.1, negative
6.8, 0.26, 0.24, 7.8, 0.052, 54.0, 214.0, 0.9961, 3.13, 0.47, 8.9, negative
7.1, 0.32, 0.24, 13.1, 0.05, 52.0, 204.0, 0.998, 3.1, 0.49, 8.8, negative
7.0, 0.16, 0.32, 8.3, 0.045, 38.0, 126.0, 0.9958, 3.21, 0.34, 9.2, negative
7.0, 0.16, 0.32, 8.3, 0.045, 38.0, 126.0, 0.9958, 3.21, 0.34, 9.2, negative
5.8, 0.26, 0.24, 9.2, 0.044, 55.0, 152.0, 0.9961, 3.31, 0.38, 9.4, negative
5.7, 0.28, 0.24, 17.5, 0.044, 60.0, 167.0, 0.9989, 3.31, 0.44, 9.4, negative
7.5, 0.23, 0.36, 7.0, 0.036, 43.0, 161.0, 0.9938, 3.04, 0.32, 11.0, negative
7.5, 0.27, 0.36, 7.0, 0.036, 45.0, 164.0, 0.9939, 3.03, 0.33, 11.0, negative
7.1, 0.24, 0.41, 17.8, 0.046, 39.0, 145.0, 0.9998, 3.32, 0.39, 8.7, negative
7.7, 0.31, 0.26, 7.8, 0.031, 23.0, 90.0, 0.9944, 3.13, 0.5, 10.4, negative
6.9, 0.4, 0.56, 11.2, 0.043, 40.0, 142.0, 0.9975, 3.14, 0.46, 8.7, negative
6.9, 0.29, 0.4, 19.45, 0.043, 36.0, 156.0, 0.9996, 2.93, 0.47, 8.9, negative
5.3, 0.58, 0.07, 6.9, 0.043, 34.0, 149.0, 0.9944, 3.34, 0.57, 9.7, negative
5.2, 0.6, 0.07, 7.0, 0.044, 33.0, 147.0, 0.9944, 3.33, 0.58, 9.7, negative
5.8, 0.25, 0.26, 13.1, 0.051, 44.0, 148.0, 0.9972, 3.29, 0.38, 9.3, negative
6.6, 0.58, 0.3, 5.1, 0.057, 30.0, 123.0, 0.9949, 3.24, 0.38, 9.0, negative
7.0, 0.29, 0.54, 10.7, 0.046, 59.0, 234.0, 0.9966, 3.05, 0.61, 9.5, negative
7.1, 0.35, 0.24, 15.4, 0.055, 46.0, 198.0, 0.9988, 3.12, 0.49, 8.8, negative
7.3, 0.32, 0.25, 7.2, 0.056, 47.0, 180.0, 0.9961, 3.08, 0.47, 8.8, negative
7.4, 0.28, 0.42, 19.8, 0.066, 53.0, 195.0, 1.0, 2.96, 0.44, 9.1, negative
6.6, 0.24, 0.35, 7.7, 0.031, 36.0, 135.0, 0.9938, 3.19, 0.37, 10.5, negative
8.3, 0.41, 0.51, 2.0, 0.046, 11.0, 207.0, 0.993, 3.02, 0.55, 11.4, negative
7.5, 0.27, 0.31, 5.8, 0.057, 131.0, 313.0, 0.9946, 3.18, 0.59, 10.5, negative
7.2, 0.21, 0.41, 1.3, 0.036, 33.0, 85.0, 0.992, 3.17, 0.51, 10.4, negative
5.9, 0.26, 0.4, 1.3, 0.047, 12.0, 139.0, 0.9945, 3.45, 0.53, 10.4, negative
5.4, 0.31, 0.47, 3.0, 0.053, 46.0, 144.0, 0.9931, 3.29, 0.76, 10.0, negative
6.3, 0.39, 0.35, 5.9, 0.04, 82.5, 260.0, 0.9941, 3.12, 0.66, 10.1, negative
6.5, 0.36, 0.32, 1.1, 0.031, 13.0, 66.0, 0.9916, 3.1, 0.46, 10.6, negative
6.8, 0.37, 0.51, 11.8, 0.044, 62.0, 163.0, 0.9976, 3.19, 0.44, 8.8, negative
6.8, 0.27, 0.12, 1.3, 0.04, 87.0, 168.0, 0.992, 3.18, 0.41, 10.0, negative
8.2, 0.28, 0.42, 1.8, 0.031, 30.0, 93.0, 0.9917, 3.09, 0.39, 11.4, negative
6.8, 0.37, 0.51, 11.8, 0.044, 62.0, 163.0, 0.9976, 3.19, 0.44, 8.8, negative
7.1, 0.27, 0.31, 18.2, 0.046, 55.0, 252.0, 1.0, 3.07, 0.56, 8.7, negative
6.9, 0.49, 0.24, 1.2, 0.049, 13.0, 125.0, 0.9932, 3.17, 0.51, 9.4, negative
7.1, 0.31, 0.47, 13.6, 0.056, 54.0, 197.0, 0.9978, 3.1, 0.49, 9.3, negative
6.8, 0.29, 0.5, 13.3, 0.053, 48.0, 194.0, 0.9974, 3.09, 0.45, 9.4, negative
6.1, 0.28, 0.32, 2.5, 0.042, 23.0, 218.5, 0.9935, 3.27, 0.6, 9.8, negative
6.2, 0.35, 0.04, 1.2, 0.06, 23.0, 108.0, 0.9934, 3.26, 0.54, 9.2, negative
7.2, 0.6, 0.2, 9.9, 0.07, 21.0, 174.0, 0.9971, 3.03, 0.54, 9.1, negative
6.1, 0.2, 0.25, 1.2, 0.038, 34.0, 128.0, 0.9921, 3.24, 0.44, 10.1, negative
7.1, 0.21, 0.27, 8.6, 0.056, 26.0, 111.0, 0.9956, 2.95, 0.52, 9.5, negative
6.1, 0.43, 0.35, 9.1, 0.059, 83.0, 249.0, 0.9971, 3.37, 0.5, 8.5, negative
7.2, 0.39, 0.62, 11.0, 0.047, 66.0, 178.0, 0.9976, 3.16, 0.5, 8.7, negative
7.2, 0.39, 0.62, 11.0, 0.047, 66.0, 178.0, 0.9976, 3.16, 0.5, 8.7, negative
6.5, 0.38, 0.34, 3.4, 0.036, 34.0, 200.0, 0.9937, 3.14, 0.76, 10.0, negative
7.0, 0.24, 0.51, 11.0, 0.029, 55.0, 227.0, 0.9965, 3.03, 0.61, 9.5, negative
6.7, 0.47, 0.34, 8.9, 0.043, 31.0, 172.0, 0.9964, 3.22, 0.6, 9.2, negative
6.5, 0.3, 0.29, 2.25, 0.037, 8.0, 210.0, 0.9937, 3.19, 0.62, 9.9, negative
7.2, 0.34, 0.34, 12.6, 0.048, 7.0, 41.0, 0.9942, 3.19, 0.4, 11.7, negative
7.9, 0.19, 0.26, 2.1, 0.039, 8.0, 143.0, 0.9942, 3.05, 0.74, 9.8, negative
7.9, 0.19, 0.26, 2.1, 0.039, 8.0, 143.0, 0.9942, 3.05, 0.74, 9.8, negative
6.4, 0.18, 0.48, 4.0, 0.186, 64.0, 150.0, 0.9945, 3.06, 0.4, 9.3, negative
7.9, 0.345, 0.51, 15.3, 0.047, 54.0, 171.0, 0.9987, 3.09, 0.51, 9.1, negative
7.9, 0.345, 0.51, 15.3, 0.047, 54.0, 171.0, 0.9987, 3.09, 0.51, 9.1, negative
6.1, 0.24, 0.3, 1.5, 0.045, 22.0, 61.0, 0.992, 3.31, 0.54, 10.4, negative
7.2, 0.46, 0.65, 10.4, 0.05, 76.0, 192.0, 0.9976, 3.16, 0.42, 8.7, negative
7.2, 0.46, 0.65, 10.4, 0.05, 76.0, 192.0, 0.9976, 3.16, 0.42, 8.7, negative
5.9, 0.21, 0.24, 12.1, 0.044, 53.0, 165.0, 0.9969, 3.25, 0.39, 9.5, negative
6.0, 0.26, 0.5, 2.2, 0.048, 59.0, 153.0, 0.9928, 3.08, 0.61, 9.8, negative
6.7, 0.34, 0.54, 16.3, 0.047, 44.0, 181.0, 0.9987, 3.04, 0.56, 8.8, negative
5.7, 0.18, 0.22, 4.2, 0.042, 25.0, 111.0, 0.994, 3.35, 0.39, 9.4, negative
6.4, 0.45, 0.07, 1.1, 0.03, 10.0, 131.0, 0.9905, 2.97, 0.28, 10.8, negative
6.1, 0.28, 0.25, 17.75, 0.044, 48.0, 161.0, 0.9993, 3.34, 0.48, 9.5, negative
7.5, 0.21, 0.68, 10.9, 0.045, 38.0, 133.0, 0.9978, 3.0, 0.36, 8.7, negative
6.5, 0.46, 0.41, 16.8, 0.084, 59.0, 222.0, 0.9993, 3.18, 0.58, 9.0, negative
6.0, 0.29, 0.2, 12.6, 0.045, 45.0, 187.0, 0.9972, 3.33, 0.42, 9.5, negative
5.6, 0.35, 0.14, 5.0, 0.046, 48.0, 198.0, 0.9937, 3.3, 0.71, 10.3, negative
5.8, 0.335, 0.14, 5.8, 0.046, 49.0, 197.0, 0.9937, 3.3, 0.71, 10.3, negative
6.4, 0.24, 0.29, 11.4, 0.051, 32.0, 166.0, 0.9968, 3.31, 0.45, 9.5, negative
6.0, 0.32, 0.12, 5.9, 0.041, 34.0, 190.0, 0.9944, 3.16, 0.72, 10.0, negative
7.3, 0.34, 0.21, 3.2, 0.05, 14.0, 136.0, 0.9936, 3.25, 0.44, 10.2, negative
6.6, 0.27, 0.25, 3.1, 0.052, 41.0, 188.0, 0.9915, 3.24, 0.4, 11.3, negative
7.1, 0.28, 0.26, 1.9, 0.049, 12.0, 86.0, 0.9934, 3.15, 0.38, 9.4, negative
7.8, 0.28, 0.22, 1.4, 0.056, 24.0, 130.0, 0.9944, 3.28, 0.48, 9.5, negative
6.4, 0.32, 0.5, 10.7, 0.047, 57.0, 206.0, 0.9968, 3.08, 0.6, 9.4, negative
6.8, 0.34, 0.69, 1.3, 0.058, 12.0, 171.0, 0.9931, 3.06, 0.47, 9.7, negative
6.4, 0.27, 0.32, 4.5, 0.24, 61.0, 174.0, 0.9948, 3.12, 0.48, 9.4, negative
6.3, 0.34, 0.28, 14.7, 0.047, 49.0, 198.0, 0.9977, 3.23, 0.46, 9.5, negative
7.5, 0.31, 0.51, 14.8, 0.039, 62.0, 204.0, 0.9982, 3.06, 0.6, 9.5, negative
8.6, 0.27, 0.46, 6.1, 0.032, 13.0, 41.0, 0.993, 2.89, 0.34, 10.9, negative
6.2, 0.31, 0.21, 6.3, 0.041, 50.0, 218.0, 0.9941, 3.15, 0.6, 10.0, negative
6.4, 0.31, 0.39, 7.5, 0.04, 57.0, 213.0, 0.99475, 3.32, 0.43, 10.0, negative
6.0, 0.3, 0.44, 1.5, 0.046, 15.0, 182.0, 0.99455, 3.5, 0.52, 10.4, negative
6.4, 0.39, 0.21, 1.2, 0.041, 35.0, 136.0, 0.99225, 3.15, 0.46, 10.2, negative
7.0, 0.21, 0.34, 8.0, 0.057, 19.0, 101.0, 0.9954, 2.99, 0.59, 9.4, negative
6.4, 0.16, 0.31, 5.3, 0.043, 42.0, 157.0, 0.99455, 3.35, 0.47, 10.5, negative
6.9, 0.38, 0.25, 9.8, 0.04, 28.0, 191.0, 0.9971, 3.28, 0.61, 9.2, negative
5.9, 0.35, 0.47, 2.2, 0.11, 14.0, 138.0, 0.9932, 3.09, 0.5, 9.1, negative
6.7, 0.5, 0.63, 13.4, 0.078, 81.0, 238.0, 0.9988, 3.08, 0.44, 9.2, negative
6.1, 0.27, 0.3, 16.7, 0.039, 49.0, 172.0, 0.99985, 3.4, 0.45, 9.4, negative
9.1, 0.27, 0.45, 10.6, 0.035, 28.0, 124.0, 0.997, 3.2, 0.46, 10.4, positive
7.2, 0.23, 0.19, 13.7, 0.052, 47.0, 197.0, 0.99865, 3.12, 0.53, 9.0, negative
6.4, 0.46, 0.08, 4.9, 0.046, 34.0, 144.0, 0.99445, 3.1, 0.56, 10.0, negative
7.2, 0.31, 0.26, 7.3, 0.05, 37.0, 157.0, 0.99625, 3.09, 0.43, 9.0, negative
6.2, 0.3, 0.17, 2.8, 0.04, 24.0, 125.0, 0.9939, 3.01, 0.46, 9.0, negative
6.6, 0.56, 0.22, 8.9, 0.034, 27.0, 133.0, 0.99675, 3.2, 0.51, 9.1, negative
6.6, 0.56, 0.22, 8.9, 0.034, 27.0, 133.0, 0.99675, 3.2, 0.51, 9.1, negative
6.6, 0.36, 0.29, 1.6, 0.021, 24.0, 85.0, 0.98965, 3.41, 0.61, 12.4, positive
8.4, 0.18, 0.42, 5.1, 0.036, 7.0, 77.0, 0.9939, 3.16, 0.52, 11.7, negative
7.7, 0.34, 0.58, 11.1, 0.039, 41.0, 151.0, 0.9978, 3.06, 0.49, 8.6, negative
8.2, 0.4, 0.48, 13.7, 0.042, 59.0, 169.0, 0.9986, 3.1, 0.52, 9.4, negative
4.8, 0.33, 0.0, 6.5, 0.028, 34.0, 163.0, 0.9937, 3.35, 0.61, 9.9, negative
6.0, 0.45, 0.65, 9.7, 0.08, 11.0, 159.0, 0.9956, 3.04, 0.48, 9.4, negative
7.7, 0.34, 0.58, 11.1, 0.039, 41.0, 151.0, 0.9978, 3.06, 0.49, 8.6, negative
7.7, 0.15, 0.29, 1.3, 0.029, 10.0, 64.0, 0.9932, 3.35, 0.39, 10.1, negative
6.9, 0.36, 0.34, 4.2, 0.018, 57.0, 119.0, 0.9898, 3.28, 0.36, 12.7, positive
5.9, 0.26, 0.3, 1.0, 0.036, 38.0, 114.0, 0.9928, 3.58, 0.48, 9.4, negative
6.1, 0.28, 0.35, 12.8, 0.048, 63.0, 229.0, 0.9975, 3.08, 0.4, 8.9, negative
7.5, 0.24, 0.31, 13.0, 0.049, 46.0, 217.0, 0.9985, 3.08, 0.53, 8.8, negative
6.2, 0.33, 0.19, 5.6, 0.042, 22.0, 143.0, 0.99425, 3.15, 0.63, 9.9, negative
5.6, 0.29, 0.05, 0.8, 0.038, 11.0, 30.0, 0.9924, 3.36, 0.35, 9.2, negative
6.3, 0.27, 0.23, 2.9, 0.047, 13.0, 100.0, 0.9936, 3.28, 0.43, 9.8, negative
5.4, 0.595, 0.1, 2.8, 0.042, 26.0, 80.0, 0.9932, 3.36, 0.38, 9.3, negative
6.5, 0.25, 0.35, 12.0, 0.055, 47.0, 179.0, 0.998, 3.58, 0.47, 10.0, negative
6.1, 0.36, 0.58, 15.0, 0.044, 42.0, 115.0, 0.9978, 3.15, 0.51, 9.0, negative
6.4, 0.26, 0.43, 12.6, 0.033, 64.0, 230.0, 0.9974, 3.08, 0.38, 8.9, negative
6.2, 0.34, 0.28, 7.5, 0.034, 40.0, 197.0, 0.99485, 3.14, 0.6, 9.7, negative
8.2, 0.345, 1.0, 18.2, 0.047, 55.0, 205.0, 0.99965, 2.96, 0.43, 9.6, negative
8.5, 0.16, 0.35, 1.6, 0.039, 24.0, 147.0, 0.9935, 2.96, 0.36, 10.0, negative
7.3, 0.25, 0.39, 6.4, 0.034, 8.0, 84.0, 0.9942, 3.18, 0.46, 11.5, negative
7.6, 0.345, 0.26, 1.9, 0.043, 15.0, 134.0, 0.9936, 3.08, 0.38, 9.5, negative
7.6, 0.345, 0.26, 1.9, 0.043, 15.0, 134.0, 0.9936, 3.08, 0.38, 9.5, negative
6.9, 0.19, 0.33, 1.6, 0.043, 63.0, 149.0, 0.9925, 3.44, 0.52, 10.8, negative
6.9, 0.19, 0.33, 1.6, 0.043, 63.0, 149.0, 0.9925, 3.44, 0.52, 10.8, negative
6.5, 0.25, 0.27, 15.2, 0.049, 75.0, 217.0, 0.9972, 3.19, 0.39, 9.9, negative
6.0, 0.26, 0.34, 1.3, 0.046, 6.0, 29.0, 0.9924, 3.29, 0.63, 10.4, negative
6.4, 0.28, 0.41, 6.8, 0.045, 61.0, 216.0, 0.9952, 3.09, 0.46, 9.4, negative
6.1, 0.16, 0.27, 12.6, 0.064, 63.0, 162.0, 0.9994, 3.66, 0.43, 8.9, negative
7.6, 0.39, 0.22, 2.8, 0.036, 19.0, 113.0, 0.9926, 3.03, 0.29, 10.2, negative
7.9, 0.64, 0.46, 10.6, 0.244, 33.0, 227.0, 0.9983, 2.87, 0.74, 9.1, positive
7.5, 0.17, 0.34, 1.4, 0.035, 13.0, 102.0, 0.9918, 3.05, 0.74, 11.0, negative
7.7, 0.275, 0.3, 1.0, 0.039, 19.0, 75.0, 0.992, 3.01, 0.56, 10.7, negative
7.5, 0.33, 0.48, 19.45, 0.048, 55.0, 243.0, 1.001, 2.95, 0.4, 8.8, negative
7.3, 0.15, 0.4, 2.0, 0.05, 24.0, 92.0, 0.9932, 3.14, 0.45, 10.5, negative
7.3, 0.24, 0.34, 7.5, 0.048, 29.0, 152.0, 0.9962, 3.1, 0.54, 9.0, negative
7.6, 0.29, 0.42, 1.3, 0.035, 18.0, 86.0, 0.9908, 2.99, 0.39, 11.3, negative
7.7, 0.34, 0.3, 8.0, 0.048, 25.0, 192.0, 0.9951, 2.97, 0.47, 10.9, negative
7.8, 0.26, 0.44, 1.3, 0.037, 43.0, 132.0, 0.9944, 3.18, 0.65, 10.0, negative
5.9, 0.415, 0.13, 1.4, 0.04, 11.0, 64.0, 0.9922, 3.29, 0.52, 10.5, negative
5.8, 0.415, 0.13, 1.4, 0.04, 11.0, 64.0, 0.9922, 3.29, 0.52, 10.5, negative
6.4, 0.5, 0.16, 12.9, 0.042, 26.0, 138.0, 0.9974, 3.28, 0.33, 9.0, negative
9.8, 0.36, 0.45, 1.6, 0.042, 11.0, 124.0, 0.9944, 2.93, 0.46, 10.8, negative
5.7, 0.1, 0.27, 1.3, 0.047, 21.0, 100.0, 0.9928, 3.27, 0.46, 9.5, negative
8.7, 0.22, 0.42, 2.3, 0.053, 27.0, 114.0, 0.994, 2.99, 0.43, 10.0, negative
7.4, 0.41, 0.34, 4.7, 0.042, 19.0, 127.0, 0.9953, 3.25, 0.42, 10.4, negative
9.2, 0.28, 0.46, 3.2, 0.058, 39.0, 133.0, 0.996, 3.14, 0.58, 9.5, negative
9.0, 0.31, 0.49, 6.9, 0.034, 26.0, 91.0, 0.9937, 2.99, 0.34, 11.5, negative
9.3, 0.34, 0.49, 7.3, 0.052, 30.0, 146.0, 0.998, 3.17, 0.61, 10.2, negative
9.2, 0.28, 0.46, 3.2, 0.058, 39.0, 133.0, 0.996, 3.14, 0.58, 9.5, negative
7.2, 0.24, 0.3, 1.6, 0.048, 27.0, 131.0, 0.9933, 3.25, 0.45, 10.5, negative
7.2, 0.25, 0.32, 1.5, 0.047, 27.0, 132.0, 0.9933, 3.26, 0.44, 10.5, negative
9.1, 0.27, 0.32, 1.1, 0.031, 15.0, 151.0, 0.9936, 3.03, 0.41, 10.6, negative
6.8, 0.32, 0.18, 7.5, 0.041, 71.0, 223.0, 0.9959, 3.14, 0.41, 8.9, negative
7.2, 0.2, 0.38, 1.0, 0.037, 21.0, 74.0, 0.9918, 3.21, 0.37, 11.0, negative
9.8, 0.44, 0.4, 2.8, 0.036, 35.0, 167.0, 0.9956, 2.97, 0.39, 9.2, negative
7.2, 0.2, 0.25, 4.5, 0.044, 31.0, 109.0, 0.9949, 3.23, 0.36, 9.4, negative
8.2, 0.61, 0.45, 5.4, 0.03, 15.0, 118.0, 0.9954, 3.14, 0.34, 9.6, negative
7.4, 0.22, 0.33, 2.0, 0.045, 31.0, 101.0, 0.9931, 3.42, 0.55, 11.4, negative
6.5, 0.41, 0.64, 11.8, 0.065, 65.0, 225.0, 0.9978, 3.12, 0.51, 8.9, negative
7.6, 0.26, 0.47, 1.6, 0.068, 5.0, 55.0, 0.9944, 3.1, 0.45, 9.6, negative
6.4, 0.3, 0.38, 7.8, 0.046, 35.0, 192.0, 0.9955, 3.1, 0.37, 9.0, negative
8.9, 0.33, 0.32, 1.5, 0.047, 11.0, 200.0, 0.9954, 3.19, 0.46, 9.4, negative
6.4, 0.3, 0.38, 7.8, 0.046, 35.0, 192.0, 0.9955, 3.1, 0.37, 9.0, negative
8.0, 0.28, 0.42, 7.1, 0.045, 41.0, 169.0, 0.9959, 3.17, 0.43, 10.6, negative
8.0, 0.61, 0.38, 12.1, 0.301, 24.0, 220.0, 0.9993, 2.94, 0.48, 9.2, negative
8.0, 0.28, 0.42, 7.1, 0.045, 41.0, 169.0, 0.9959, 3.17, 0.43, 10.6, negative
6.9, 0.18, 0.38, 6.5, 0.039, 20.0, 110.0, 0.9943, 3.1, 0.42, 10.5, negative
7.3, 0.24, 0.39, 3.6, 0.024, 35.0, 116.0, 0.9928, 3.17, 0.51, 10.9, negative
10.3, 0.25, 0.48, 2.2, 0.042, 28.0, 164.0, 0.998, 3.19, 0.59, 9.7, negative
8.4, 0.57, 0.44, 10.7, 0.051, 46.0, 195.0, 0.9981, 3.15, 0.51, 10.4, negative
5.7, 0.245, 0.33, 1.1, 0.049, 28.0, 150.0, 0.9927, 3.13, 0.42, 9.3, negative
7.2, 0.14, 0.35, 1.2, 0.036, 15.0, 73.0, 0.9938, 3.46, 0.39, 9.9, negative
8.1, 0.5, 0.47, 1.1, 0.037, 23.0, 126.0, 0.9938, 3.21, 0.42, 10.9, negative
7.6, 0.31, 0.29, 10.5, 0.04, 21.0, 145.0, 0.9966, 3.04, 0.35, 9.4, negative
7.4, 0.31, 0.74, 10.7, 0.039, 51.0, 147.0, 0.9977, 3.02, 0.43, 8.7, negative
7.8, 0.23, 0.28, 4.75, 0.042, 45.0, 166.0, 0.9928, 2.96, 0.4, 11.5, negative
8.0, 0.59, 0.71, 17.35, 0.038, 61.0, 228.0, 1.0, 2.95, 0.75, 9.3, negative
9.6, 0.25, 0.54, 1.3, 0.04, 16.0, 160.0, 0.9938, 2.94, 0.43, 10.5, negative
7.0, 0.15, 0.34, 1.4, 0.039, 21.0, 177.0, 0.9927, 3.32, 0.62, 10.8, negative
8.3, 0.21, 0.41, 2.2, 0.05, 24.0, 108.0, 0.994, 2.85, 0.45, 9.5, negative
6.7, 0.18, 0.3, 6.4, 0.048, 40.0, 251.0, 0.9956, 3.29, 0.52, 10.0, negative
7.6, 0.54, 0.23, 2.0, 0.029, 13.0, 151.0, 0.9931, 3.04, 0.33, 10.4, negative
6.7, 0.18, 0.3, 6.4, 0.048, 40.0, 251.0, 0.9956, 3.29, 0.52, 10.0, negative
7.6, 0.19, 0.41, 1.1, 0.04, 38.0, 143.0, 0.9907, 2.92, 0.42, 11.4, negative
7.6, 0.19, 0.41, 1.1, 0.04, 38.0, 143.0, 0.9907, 2.92, 0.42, 11.4, negative
9.0, 0.31, 0.48, 6.6, 0.043, 11.0, 73.0, 0.9938, 2.9, 0.38, 11.6, negative
5.9, 0.415, 0.02, 0.8, 0.038, 22.0, 63.0, 0.9932, 3.36, 0.36, 9.3, negative
7.4, 0.25, 0.49, 1.1, 0.042, 35.0, 156.0, 0.9917, 3.13, 0.55, 11.3, negative
6.1, 0.22, 0.49, 1.5, 0.051, 18.0, 87.0, 0.9928, 3.3, 0.46, 9.6, negative
6.9, 0.23, 0.24, 14.2, 0.053, 19.0, 94.0, 0.9982, 3.17, 0.5, 9.6, negative
8.5, 0.56, 0.74, 17.85, 0.051, 51.0, 243.0, 1.0005, 2.99, 0.7, 9.2, negative
6.3, 0.23, 0.49, 7.1, 0.05, 67.0, 210.0, 0.9951, 3.23, 0.34, 9.5, negative
7.2, 0.26, 0.74, 13.6, 0.05, 56.0, 162.0, 0.998, 3.03, 0.44, 8.8, negative
7.2, 0.31, 0.24, 1.4, 0.057, 17.0, 117.0, 0.9928, 3.16, 0.35, 10.5, negative
8.0, 0.25, 0.49, 1.2, 0.061, 27.0, 117.0, 0.9938, 3.08, 0.34, 9.4, negative
7.2, 0.4, 0.49, 1.1, 0.048, 11.0, 138.0, 0.9929, 3.01, 0.42, 9.3, negative
8.3, 0.21, 0.49, 19.8, 0.054, 50.0, 231.0, 1.0012, 2.99, 0.54, 9.2, negative
6.9, 0.34, 0.74, 11.2, 0.069, 44.0, 150.0, 0.9968, 3.0, 0.81, 9.2, negative
7.0, 0.2, 0.74, 0.8, 0.044, 19.0, 163.0, 0.9931, 3.46, 0.53, 10.2, negative
6.5, 0.24, 0.24, 1.6, 0.046, 15.0, 60.0, 0.9928, 3.19, 0.39, 9.8, negative
7.5, 0.32, 0.24, 4.6, 0.053, 8.0, 134.0, 0.9958, 3.14, 0.5, 9.1, positive
8.0, 0.3, 0.49, 9.4, 0.046, 47.0, 188.0, 0.9964, 3.14, 0.48, 10.0, negative
8.3, 0.2, 0.49, 1.7, 0.04, 34.0, 169.0, 0.9938, 3.05, 0.37, 10.1, negative
8.0, 0.18, 0.49, 1.8, 0.061, 10.0, 145.0, 0.9942, 3.23, 0.48, 10.0, negative
8.3, 0.2, 0.49, 1.7, 0.04, 34.0, 169.0, 0.9938, 3.05, 0.37, 10.1, negative
7.5, 0.19, 0.49, 1.8, 0.055, 19.0, 110.0, 0.9946, 3.33, 0.44, 9.9, negative
7.8, 0.26, 0.49, 3.1, 0.045, 21.0, 116.0, 0.9931, 3.16, 0.35, 10.3, negative
6.4, 0.18, 0.74, 11.9, 0.046, 54.0, 168.0, 0.9978, 3.58, 0.68, 10.1, negative
7.3, 0.3, 0.74, 13.5, 0.039, 46.0, 165.0, 0.9982, 3.02, 0.4, 8.7, negative
9.3, 0.31, 0.49, 1.3, 0.042, 34.0, 147.0, 0.9948, 3.11, 0.46, 9.8, negative
7.3, 0.3, 0.74, 13.5, 0.039, 46.0, 165.0, 0.9982, 3.02, 0.4, 8.7, negative
6.9, 0.27, 0.49, 23.5, 0.057, 59.0, 235.0, 1.0024, 2.98, 0.47, 8.6, negative
7.6, 0.47, 0.49, 13.0, 0.239, 42.0, 220.0, 0.9988, 2.96, 0.51, 9.2, negative
7.9, 0.22, 0.49, 3.8, 0.042, 26.0, 105.0, 0.993, 3.1, 0.39, 10.5, negative
7.8, 0.49, 0.49, 7.0, 0.043, 29.0, 149.0, 0.9952, 3.21, 0.33, 10.0, negative
7.1, 0.3, 0.49, 1.6, 0.045, 31.0, 100.0, 0.9942, 3.4, 0.59, 10.2, negative
6.6, 0.46, 0.49, 7.4, 0.052, 19.0, 184.0, 0.9956, 3.11, 0.38, 9.0, negative
5.8, 0.15, 0.49, 1.1, 0.048, 21.0, 98.0, 0.9929, 3.19, 0.48, 9.2, negative
6.6, 0.31, 0.49, 7.7, 0.05, 52.0, 220.0, 0.9964, 3.12, 0.45, 8.8, negative
6.6, 0.325, 0.49, 7.7, 0.049, 53.0, 217.0, 0.996, 3.16, 0.4, 9.3, negative
6.6, 0.26, 0.31, 4.8, 0.138, 41.0, 168.0, 0.9951, 3.2, 0.38, 9.3, negative
6.6, 0.27, 0.31, 5.3, 0.137, 35.0, 163.0, 0.9951, 3.2, 0.38, 9.3, negative
6.4, 0.35, 0.2, 5.7, 0.034, 18.0, 117.0, 0.9944, 3.33, 0.43, 10.1, negative
7.6, 0.32, 0.34, 18.35, 0.054, 44.0, 197.0, 1.0008, 3.22, 0.55, 9.0, negative
6.7, 0.25, 0.26, 1.55, 0.041, 118.5, 216.0, 0.9949, 3.55, 0.63, 9.4, positive
6.8, 0.26, 0.29, 16.95, 0.056, 48.0, 179.0, 0.9998, 3.45, 0.4, 9.6, negative
6.8, 0.22, 0.3, 13.6, 0.055, 50.0, 180.0, 0.9984, 3.44, 0.39, 9.8, negative
8.1, 0.31, 0.24, 1.6, 0.032, 10.0, 67.0, 0.9924, 3.08, 0.47, 10.5, negative
6.8, 0.3, 0.24, 6.6, 0.123, 35.0, 116.0, 0.9953, 3.07, 0.48, 9.4, negative
6.1, 0.22, 0.23, 3.1, 0.052, 15.0, 104.0, 0.9948, 3.14, 0.42, 8.7, negative
7.5, 0.15, 0.38, 1.8, 0.054, 19.0, 101.0, 0.9946, 3.24, 0.44, 10.0, negative
6.6, 0.22, 0.58, 1.1, 0.133, 52.0, 136.0, 0.9932, 3.1, 0.3, 9.1, negative
7.5, 0.22, 0.29, 4.8, 0.05, 33.0, 87.0, 0.994, 3.14, 0.42, 9.9, negative
8.0, 0.27, 0.24, 1.2, 0.044, 20.0, 102.0, 0.9929, 3.28, 0.42, 10.9, negative
6.7, 0.27, 0.25, 8.0, 0.053, 54.0, 202.0, 0.9961, 3.22, 0.43, 9.3, negative
6.9, 0.29, 0.23, 8.6, 0.056, 56.0, 215.0, 0.9967, 3.17, 0.44, 8.8, negative
6.6, 0.62, 0.2, 8.7, 0.046, 81.0, 224.0, 0.99605, 3.17, 0.44, 9.3, negative
6.6, 0.32, 0.26, 7.7, 0.054, 56.0, 209.0, 0.9961, 3.17, 0.45, 8.8, negative
6.6, 0.25, 0.35, 14.0, 0.069, 42.0, 163.0, 0.999, 3.56, 0.47, 9.8, negative
8.4, 0.17, 0.31, 5.4, 0.052, 47.0, 150.0, 0.9953, 3.24, 0.38, 9.8, negative
9.4, 0.16, 0.3, 1.4, 0.042, 26.0, 176.0, 0.9954, 3.15, 0.46, 9.1, negative
6.6, 0.37, 0.24, 2.0, 0.064, 23.0, 120.0, 0.9946, 3.32, 0.54, 9.4, negative
9.4, 0.16, 0.23, 1.6, 0.042, 14.0, 67.0, 0.9942, 3.07, 0.32, 9.5, negative
7.5, 0.33, 0.39, 12.4, 0.065, 29.0, 119.0, 0.9974, 3.16, 0.39, 9.4, negative
7.6, 0.38, 0.2, 3.4, 0.046, 9.0, 116.0, 0.9944, 3.15, 0.41, 9.4, negative
7.5, 0.33, 0.39, 12.4, 0.065, 29.0, 119.0, 0.9974, 3.16, 0.39, 9.4, negative
7.4, 0.29, 0.31, 1.7, 0.035, 23.0, 110.0, 0.9926, 3.07, 0.38, 10.9, negative
6.5, 0.32, 0.12, 11.5, 0.033, 35.0, 165.0, 0.9974, 3.22, 0.32, 9.0, negative
7.1, 0.32, 0.4, 1.5, 0.034, 13.0, 84.0, 0.9944, 3.42, 0.6, 10.4, negative
6.5, 0.32, 0.12, 11.5, 0.033, 35.0, 165.0, 0.9974, 3.22, 0.32, 9.0, negative
7.6, 0.26, 0.58, 7.9, 0.041, 62.0, 180.0, 0.9966, 3.07, 0.38, 9.0, negative
7.4, 0.44, 0.2, 11.5, 0.049, 44.0, 157.0, 0.998, 3.27, 0.44, 9.0, negative
8.3, 0.27, 0.39, 2.4, 0.058, 16.0, 107.0, 0.9955, 3.28, 0.59, 10.3, negative
5.8, 0.33, 0.2, 16.05, 0.047, 26.0, 166.0, 0.9976, 3.09, 0.46, 8.9, negative
7.9, 0.29, 0.31, 7.35, 0.034, 37.0, 154.0, 0.9938, 3.06, 0.31, 10.8, negative
7.7, 0.3, 0.42, 14.3, 0.045, 45.0, 213.0, 0.9991, 3.18, 0.63, 9.2, negative
7.7, 0.3, 0.42, 14.3, 0.045, 45.0, 213.0, 0.9991, 3.18, 0.63, 9.2, negative
7.0, 0.53, 0.02, 1.0, 0.036, 39.0, 107.0, 0.993, 3.2, 0.32, 9.0, negative
7.7, 0.3, 0.42, 14.3, 0.045, 45.0, 213.0, 0.9991, 3.18, 0.63, 9.2, negative
6.8, 0.24, 0.31, 18.3, 0.046, 40.0, 142.0, 1.0, 3.3, 0.41, 8.7, negative
6.8, 0.35, 0.44, 6.5, 0.056, 31.0, 161.0, 0.9952, 3.14, 0.44, 9.5, negative
7.8, 0.34, 0.27, 1.2, 0.04, 25.0, 106.0, 0.9932, 3.01, 0.55, 10.4, negative
6.0, 0.28, 0.35, 1.9, 0.037, 16.0, 120.0, 0.9933, 3.16, 0.69, 10.6, negative
6.6, 0.25, 0.36, 8.1, 0.045, 54.0, 180.0, 0.9958, 3.08, 0.42, 9.2, negative
7.0, 0.12, 0.19, 4.9, 0.055, 27.0, 127.0, 0.9953, 3.29, 0.41, 9.4, negative
8.8, 0.34, 0.33, 9.7, 0.036, 46.0, 172.0, 0.9966, 3.08, 0.4, 10.2, negative
7.2, 0.47, 0.65, 8.3, 0.083, 27.0, 182.0, 0.9964, 3.0, 0.35, 9.2, negative
7.2, 0.16, 0.35, 1.2, 0.031, 27.0, 84.0, 0.9928, 3.33, 0.34, 9.9, negative
6.8, 0.31, 0.32, 7.6, 0.052, 35.0, 143.0, 0.9959, 3.14, 0.38, 9.0, negative
8.3, 0.36, 0.57, 15.0, 0.052, 35.0, 256.0, 1.0001, 2.93, 0.64, 8.6, negative
6.3, 0.25, 0.44, 11.6, 0.041, 48.0, 195.0, 0.9968, 3.18, 0.52, 9.5, negative
5.7, 0.45, 0.42, 1.1, 0.051, 61.0, 197.0, 0.9932, 3.02, 0.4, 9.0, negative
6.7, 0.31, 0.44, 6.7, 0.054, 29.0, 160.0, 0.9952, 3.04, 0.44, 9.6, negative
8.0, 0.25, 0.13, 17.2, 0.036, 49.0, 219.0, 0.9996, 2.96, 0.46, 9.7, negative
6.4, 0.29, 0.28, 11.1, 0.063, 66.0, 169.0, 0.9973, 2.89, 0.57, 9.0, negative
7.2, 0.15, 0.33, 1.1, 0.027, 16.0, 63.0, 0.9937, 3.37, 0.4, 9.9, negative
8.5, 0.17, 0.31, 1.0, 0.024, 13.0, 91.0, 0.993, 2.79, 0.37, 10.1, negative
8.2, 0.21, 0.48, 1.4, 0.041, 11.0, 99.0, 0.9958, 3.17, 0.57, 9.9, negative
7.5, 0.26, 0.26, 18.35, 0.084, 33.0, 139.0, 1.0011, 3.17, 0.39, 8.8, negative
7.5, 0.26, 0.26, 18.35, 0.084, 33.0, 139.0, 1.0011, 3.17, 0.39, 8.8, negative
6.8, 0.28, 0.37, 7.0, 0.057, 35.0, 208.0, 0.9973, 3.57, 0.55, 10.2, negative
7.0, 0.12, 0.28, 6.3, 0.057, 17.0, 103.0, 0.9957, 3.5, 0.44, 9.6, negative
6.8, 0.31, 0.09, 1.4, 0.04, 56.0, 145.0, 0.9922, 3.19, 0.46, 10.0, negative
7.2, 0.15, 0.39, 1.8, 0.043, 21.0, 159.0, 0.9948, 3.52, 0.47, 10.0, negative
9.0, 0.55, 0.3, 8.1, 0.026, 14.0, 71.0, 0.993, 2.94, 0.36, 11.8, negative
6.4, 0.26, 0.4, 1.7, 0.179, 5.0, 60.0, 0.9925, 3.09, 0.54, 10.1, negative
6.9, 0.32, 0.15, 8.1, 0.046, 51.0, 180.0, 0.9958, 3.13, 0.45, 8.9, negative
5.5, 0.14, 0.27, 4.6, 0.029, 22.0, 104.0, 0.9949, 3.34, 0.44, 9.0, negative
8.7, 0.24, 0.35, 0.6, 0.042, 11.0, 71.0, 0.9926, 3.08, 0.38, 10.6, negative
8.7, 0.24, 0.35, 0.6, 0.042, 11.0, 71.0, 0.9926, 3.08, 0.38, 10.6, negative
8.3, 0.33, 0.43, 9.2, 0.046, 22.0, 126.0, 0.9982, 3.38, 0.47, 9.3, negative
11.8, 0.23, 0.38, 11.1, 0.034, 15.0, 123.0, 0.9997, 2.93, 0.55, 9.7, positive
6.8, 0.21, 0.27, 18.15, 0.042, 41.0, 146.0, 1.0001, 3.3, 0.36, 8.7, negative
8.6, 0.485, 0.29, 4.1, 0.026, 19.0, 101.0, 0.9918, 3.01, 0.38, 12.4, negative
6.8, 0.21, 0.27, 18.15, 0.042, 41.0, 146.0, 1.0001, 3.3, 0.36, 8.7, negative
6.8, 0.28, 0.44, 11.5, 0.04, 58.0, 223.0, 0.9969, 3.22, 0.56, 9.5, negative
7.6, 0.18, 0.36, 2.4, 0.049, 38.0, 123.0, 0.996, 3.6, 0.46, 10.3, negative
7.7, 0.28, 0.29, 4.3, 0.051, 25.0, 142.0, 0.9939, 3.16, 0.39, 10.2, negative
6.6, 0.27, 0.29, 5.3, 0.045, 57.0, 189.0, 0.9953, 3.31, 0.79, 9.8, negative
7.6, 0.18, 0.36, 2.4, 0.049, 38.0, 123.0, 0.996, 3.6, 0.46, 10.3, negative
9.4, 0.3, 0.32, 10.7, 0.029, 14.0, 111.0, 0.9958, 2.85, 0.42, 10.6, negative
7.2, 0.25, 0.19, 8.0, 0.044, 51.0, 172.0, 0.9964, 3.16, 0.44, 9.2, negative
8.4, 0.28, 0.4, 8.9, 0.048, 33.0, 146.0, 0.9988, 3.4, 0.46, 9.3, negative
6.7, 0.24, 0.33, 12.3, 0.046, 31.0, 145.0, 0.9983, 3.36, 0.4, 9.5, negative
6.7, 0.24, 0.33, 12.3, 0.046, 31.0, 145.0, 0.9983, 3.36, 0.4, 9.5, negative
6.0, 0.27, 0.15, 1.5, 0.056, 35.0, 128.0, 0.9936, 3.12, 0.45, 8.8, negative
6.8, 0.32, 0.34, 6.0, 0.05, 5.0, 129.0, 0.9953, 3.19, 0.4, 9.1, negative
6.5, 0.22, 0.25, 17.1, 0.05, 44.0, 138.0, 1.0001, 3.3, 0.37, 8.8, negative
6.5, 0.22, 0.25, 17.1, 0.05, 44.0, 138.0, 1.0001, 3.3, 0.37, 8.8, negative
5.7, 0.33, 0.15, 1.9, 0.05, 20.0, 93.0, 0.9934, 3.38, 0.62, 9.9, negative
7.7, 0.26, 0.32, 1.2, 0.04, 26.0, 117.0, 0.993, 3.21, 0.56, 10.8, negative
6.8, 0.25, 0.27, 10.7, 0.076, 47.0, 154.0, 0.9967, 3.05, 0.38, 9.0, negative
6.9, 0.26, 0.33, 12.6, 0.051, 59.0, 173.0, 0.998, 3.39, 0.38, 9.9, negative
6.8, 0.25, 0.27, 10.7, 0.076, 47.0, 154.0, 0.9967, 3.05, 0.38, 9.0, negative
6.0, 0.28, 0.22, 12.15, 0.048, 42.0, 163.0, 0.9957, 3.2, 0.46, 10.1, negative
6.5, 0.43, 0.28, 12.0, 0.056, 23.0, 174.0, 0.9986, 3.31, 0.55, 9.3, negative
9.1, 0.33, 0.38, 1.7, 0.062, 50.5, 344.0, 0.9958, 3.1, 0.7, 9.5, negative
6.8, 0.28, 0.39, 1.4, 0.036, 15.0, 115.0, 0.9918, 3.27, 0.72, 11.7, negative
7.0, 0.35, 0.24, 1.9, 0.04, 21.0, 144.0, 0.9923, 3.35, 0.38, 11.0, negative
7.2, 0.16, 0.26, 7.1, 0.054, 41.0, 224.0, 0.9966, 3.38, 0.55, 10.1, negative
7.2, 0.16, 0.26, 7.1, 0.054, 41.0, 224.0, 0.9966, 3.38, 0.55, 10.1, negative
7.1, 0.33, 0.64, 13.2, 0.056, 12.0, 105.0, 0.9972, 3.05, 0.39, 9.2, negative
7.7, 0.28, 0.35, 15.3, 0.056, 31.0, 117.0, 0.9998, 3.27, 0.5, 9.6, negative
7.8, 0.29, 0.33, 8.75, 0.035, 33.0, 181.0, 0.9962, 3.11, 0.46, 10.7, negative
8.4, 0.22, 0.28, 18.8, 0.028, 55.0, 130.0, 0.998, 2.96, 0.35, 11.6, negative
6.9, 0.32, 0.13, 7.8, 0.042, 11.0, 117.0, 0.996, 3.23, 0.37, 9.2, negative
7.6, 0.32, 0.58, 16.75, 0.05, 43.0, 163.0, 0.9999, 3.15, 0.54, 9.2, negative
6.9, 0.32, 0.13, 7.8, 0.042, 11.0, 117.0, 0.996, 3.23, 0.37, 9.2, negative
6.6, 0.32, 0.27, 10.9, 0.041, 37.0, 146.0, 0.9963, 3.24, 0.47, 10.0, negative
6.5, 0.39, 0.81, 1.2, 0.217, 14.0, 74.0, 0.9936, 3.08, 0.53, 9.5, negative
6.8, 0.25, 0.18, 1.4, 0.056, 13.0, 137.0, 0.9935, 3.11, 0.42, 9.5, negative
9.2, 0.23, 0.35, 10.7, 0.037, 34.0, 145.0, 0.9981, 3.09, 0.32, 9.7, negative
6.8, 0.25, 0.18, 1.4, 0.056, 13.0, 137.0, 0.9935, 3.11, 0.42, 9.5, negative
6.4, 0.24, 0.23, 7.3, 0.069, 31.0, 157.0, 0.9962, 3.25, 0.53, 9.1, negative
7.1, 0.26, 0.19, 8.2, 0.051, 53.0, 187.0, 0.996, 3.16, 0.52, 9.7, negative
7.7, 0.39, 0.34, 10.0, 0.056, 35.0, 178.0, 0.9974, 3.26, 0.6, 10.2, negative
7.8, 0.3, 0.37, 1.3, 0.051, 16.0, 96.0, 0.9941, 3.32, 0.62, 10.0, negative
7.7, 0.28, 0.58, 12.1, 0.046, 60.0, 177.0, 0.9983, 3.08, 0.46, 8.9, negative
6.5, 0.39, 0.35, 1.6, 0.049, 10.0, 164.0, 0.99516, 3.35, 0.51, 9.7, negative
7.2, 0.29, 0.18, 8.2, 0.042, 41.0, 180.0, 0.99644, 3.16, 0.49, 9.1, negative
6.7, 0.23, 0.42, 11.2, 0.047, 52.0, 171.0, 0.99758, 3.54, 0.74, 10.4, negative
7.0, 0.36, 0.14, 11.6, 0.043, 35.0, 228.0, 0.9977, 3.13, 0.51, 8.9, negative
6.3, 0.27, 0.18, 7.7, 0.048, 45.0, 186.0, 0.9962, 3.23, 0.47, 9.0, negative
6.3, 0.27, 0.18, 7.7, 0.048, 45.0, 186.0, 0.9962, 3.23, 0.47, 9.0, negative
7.6, 0.48, 0.28, 10.4, 0.049, 57.0, 205.0, 0.99748, 3.24, 0.45, 9.3, negative
6.9, 0.3, 0.21, 15.7, 0.056, 49.0, 159.0, 0.99827, 3.11, 0.48, 9.0, negative
9.4, 0.42, 0.32, 6.5, 0.027, 20.0, 167.0, 0.99479, 3.08, 0.43, 10.6, negative
6.1, 0.46, 0.32, 6.2, 0.053, 10.0, 94.0, 0.99537, 3.35, 0.47, 10.1, negative
7.4, 0.33, 0.26, 15.6, 0.049, 67.0, 210.0, 0.99907, 3.06, 0.68, 9.5, negative
6.6, 0.41, 0.24, 4.9, 0.158, 47.0, 144.0, 0.99471, 3.17, 0.49, 9.4, negative
6.7, 0.43, 0.23, 5.0, 0.157, 49.0, 145.0, 0.99471, 3.17, 0.49, 9.4, negative
6.6, 0.22, 0.28, 12.05, 0.058, 25.0, 125.0, 0.99856, 3.45, 0.45, 9.4, negative
6.0, 0.26, 0.18, 7.0, 0.055, 50.0, 194.0, 0.99591, 3.21, 0.43, 9.0, negative
6.9, 0.3, 0.21, 7.2, 0.045, 54.0, 190.0, 0.99595, 3.22, 0.48, 9.4, negative
6.9, 0.35, 0.55, 11.95, 0.038, 22.0, 111.0, 0.99687, 3.11, 0.29, 9.7, negative
6.9, 0.35, 0.55, 11.95, 0.038, 22.0, 111.0, 0.99687, 3.11, 0.29, 9.7, negative
7.5, 0.3, 0.32, 1.4, 0.032, 31.0, 161.0, 0.99154, 2.95, 0.42, 10.5, negative
8.3, 0.27, 0.34, 10.2, 0.048, 50.0, 118.0, 0.99716, 3.18, 0.51, 10.3, negative
7.2, 0.34, 0.3, 8.4, 0.051, 40.0, 167.0, 0.99756, 3.48, 0.62, 9.7, negative
7.9, 0.46, 0.4, 10.1, 0.168, 19.0, 184.0, 0.99782, 3.06, 0.62, 9.5, negative
7.9, 0.31, 0.22, 13.3, 0.048, 46.0, 212.0, 0.99942, 3.47, 0.59, 10.0, negative
7.4, 0.32, 0.27, 12.9, 0.04, 60.0, 221.0, 0.99831, 3.05, 0.66, 9.4, negative
6.0, 0.495, 0.27, 5.0, 0.157, 17.0, 129.0, 0.99396, 3.03, 0.36, 9.3, negative
8.2, 0.25, 0.46, 3.75, 0.05, 14.0, 102.0, 0.99524, 3.28, 0.58, 9.7, negative
7.6, 0.32, 0.35, 1.6, 0.092, 24.0, 138.0, 0.99438, 3.19, 0.44, 9.8, negative
6.2, 0.45, 0.73, 7.2, 0.099, 47.0, 202.0, 0.99582, 3.21, 0.43, 9.2, negative
7.6, 0.2, 0.68, 12.9, 0.042, 56.0, 160.0, 0.99841, 3.05, 0.41, 8.7, negative
8.4, 0.3, 0.25, 17.75, 0.047, 25.0, 218.0, 1.00016, 2.98, 0.66, 9.1, negative
6.6, 0.23, 0.18, 8.5, 0.044, 59.0, 188.0, 0.99558, 3.16, 0.49, 9.5, negative
8.2, 0.24, 0.3, 2.3, 0.05, 23.0, 106.0, 0.99397, 2.98, 0.5, 10.0, negative
7.3, 0.815, 0.09, 11.4, 0.044, 45.0, 204.0, 0.99713, 3.15, 0.46, 9.0, negative
6.3, 0.41, 0.16, 0.9, 0.032, 25.0, 98.0, 0.99274, 3.16, 0.42, 9.5, negative
6.8, 0.26, 0.43, 11.75, 0.045, 53.0, 198.0, 0.9969, 3.26, 0.55, 9.5, negative
6.2, 0.44, 0.18, 7.7, 0.096, 28.0, 210.0, 0.99771, 3.56, 0.72, 9.2, negative
6.3, 0.29, 0.14, 7.05, 0.045, 50.0, 177.0, 0.99564, 3.23, 0.42, 9.0, negative
6.4, 0.27, 0.17, 8.4, 0.044, 60.0, 198.0, 0.99578, 3.21, 0.47, 9.4, negative
6.6, 0.32, 0.33, 2.5, 0.052, 40.0, 210.0, 0.99316, 3.15, 0.6, 10.0, negative
6.6, 0.56, 0.15, 10.0, 0.037, 38.0, 157.0, 0.99642, 3.28, 0.52, 9.4, negative
7.1, 0.29, 0.3, 16.0, 0.036, 58.0, 201.0, 0.99954, 3.3, 0.67, 9.0, negative
6.6, 0.33, 0.24, 16.05, 0.045, 31.0, 147.0, 0.99822, 3.08, 0.52, 9.2, negative
6.6, 0.33, 0.24, 16.05, 0.045, 31.0, 147.0, 0.99822, 3.08, 0.52, 9.2, negative
8.2, 0.26, 0.33, 2.6, 0.053, 11.0, 71.0, 0.99402, 2.89, 0.49, 9.5, negative
7.6, 0.25, 0.34, 1.3, 0.056, 34.0, 176.0, 0.99434, 3.1, 0.51, 9.5, negative
6.4, 0.3, 0.16, 7.5, 0.05, 55.0, 191.0, 0.9959, 3.17, 0.49, 9.0, negative
6.0, 0.2, 0.24, 5.3, 0.075, 49.0, 201.0, 0.99466, 3.21, 0.43, 9.5, negative
6.3, 0.18, 0.22, 1.5, 0.043, 45.0, 155.0, 0.99238, 3.19, 0.48, 10.2, negative
6.4, 0.31, 0.4, 6.4, 0.039, 39.0, 191.0, 0.99513, 3.14, 0.52, 9.8, negative
6.9, 0.34, 0.36, 1.4, 0.032, 13.0, 145.0, 0.99214, 3.07, 0.52, 9.8, negative
7.5, 0.41, 0.23, 14.8, 0.054, 28.0, 174.0, 0.99898, 3.18, 0.49, 9.7, negative
7.5, 0.41, 0.23, 14.8, 0.054, 28.0, 174.0, 0.99898, 3.18, 0.49, 9.7, negative
6.6, 0.42, 0.13, 12.8, 0.044, 26.0, 158.0, 0.99772, 3.24, 0.47, 9.0, negative
6.2, 0.27, 0.18, 1.5, 0.028, 20.0, 111.0, 0.99228, 3.41, 0.5, 10.0, negative
9.0, 0.29, 0.34, 12.1, 0.03, 34.0, 177.0, 0.99706, 3.13, 0.47, 10.6, negative
6.7, 0.5, 0.38, 7.5, 0.046, 26.0, 175.0, 0.99662, 3.32, 0.54, 9.6, negative
6.2, 0.33, 0.14, 4.8, 0.052, 27.0, 128.0, 0.99475, 3.21, 0.48, 9.4, negative
6.2, 0.33, 0.14, 4.8, 0.052, 27.0, 128.0, 0.99475, 3.21, 0.48, 9.4, negative
7.6, 0.23, 0.64, 12.9, 0.033, 54.0, 170.0, 0.998, 3.0, 0.53, 8.8, negative
5.7, 0.255, 0.65, 1.2, 0.079, 17.0, 137.0, 0.99307, 3.2, 0.42, 9.4, negative
6.9, 0.28, 0.22, 10.0, 0.052, 36.0, 131.0, 0.99696, 3.08, 0.46, 9.6, negative
5.7, 0.255, 0.65, 1.2, 0.079, 17.0, 137.0, 0.99307, 3.2, 0.42, 9.4, negative
7.3, 0.37, 0.16, 14.9, 0.048, 59.0, 240.0, 0.99902, 3.13, 0.45, 8.9, negative
6.6, 0.24, 0.28, 1.8, 0.028, 39.0, 132.0, 0.99182, 3.34, 0.46, 11.4, negative
7.0, 0.14, 0.28, 1.3, 0.026, 10.0, 56.0, 0.99352, 3.46, 0.45, 9.9, negative
6.3, 0.34, 0.36, 4.9, 0.035, 31.0, 185.0, 0.9946, 3.15, 0.49, 9.7, negative
6.8, 0.26, 0.24, 1.9, 0.043, 70.0, 154.0, 0.99273, 3.18, 0.52, 10.5, negative
6.5, 0.27, 0.4, 10.0, 0.039, 74.0, 227.0, 0.99582, 3.18, 0.5, 9.4, negative
7.7, 0.3, 0.26, 18.95, 0.053, 36.0, 174.0, 0.99976, 3.2, 0.5, 10.4, negative
7.3, 0.32, 0.29, 1.5, 0.038, 32.0, 144.0, 0.99296, 3.2, 0.55, 10.8, negative
6.3, 0.21, 0.29, 11.7, 0.048, 49.0, 147.0, 0.99482, 3.22, 0.38, 10.8, negative
7.8, 0.28, 0.31, 2.1, 0.046, 28.0, 208.0, 0.99434, 3.23, 0.64, 9.8, negative
6.2, 0.26, 0.32, 15.3, 0.031, 64.0, 185.0, 0.99835, 3.31, 0.61, 9.4, negative
6.3, 0.27, 0.46, 11.1, 0.053, 44.0, 177.0, 0.99691, 3.18, 0.67, 9.4, negative
6.5, 0.3, 0.39, 7.8, 0.038, 61.0, 219.0, 0.9959, 3.19, 0.5, 9.4, negative
6.6, 0.36, 0.52, 10.1, 0.05, 29.0, 140.0, 0.99628, 3.07, 0.4, 9.4, negative
6.15, 0.21, 0.37, 3.2, 0.021, 20.0, 80.0, 0.99076, 3.39, 0.47, 12.0, negative
8.7, 0.31, 0.73, 14.35, 0.044, 27.0, 191.0, 1.00013, 2.96, 0.88, 8.7, negative
7.2, 0.24, 0.27, 11.4, 0.034, 40.0, 174.0, 0.99773, 3.2, 0.44, 9.0, negative
7.6, 0.23, 0.4, 5.2, 0.066, 14.0, 91.0, 0.99488, 3.17, 0.8, 9.7, negative
7.0, 0.34, 0.39, 6.9, 0.066, 43.0, 162.0, 0.99561, 3.11, 0.53, 9.5, negative
6.4, 0.68, 0.26, 3.4, 0.069, 25.0, 146.0, 0.99347, 3.18, 0.4, 9.3, negative
8.3, 0.4, 0.41, 8.2, 0.05, 15.0, 122.0, 0.9979, 3.39, 0.49, 9.3, negative
6.8, 0.26, 0.4, 7.5, 0.046, 45.0, 179.0, 0.99583, 3.2, 0.49, 9.3, negative
6.6, 0.24, 0.38, 8.0, 0.042, 56.0, 187.0, 0.99577, 3.21, 0.46, 9.2, negative
6.5, 0.23, 0.36, 16.3, 0.038, 43.0, 133.0, 0.99924, 3.26, 0.41, 8.8, negative
6.5, 0.23, 0.36, 16.3, 0.038, 43.0, 133.0, 0.99924, 3.26, 0.41, 8.8, negative
6.5, 0.23, 0.36, 16.3, 0.038, 43.0, 133.0, 0.99924, 3.26, 0.41, 8.8, negative
7.8, 0.25, 0.34, 13.7, 0.044, 66.0, 184.0, 0.99976, 3.22, 0.75, 8.9, negative
7.8, 0.25, 0.34, 13.7, 0.044, 66.0, 184.0, 0.99976, 3.22, 0.75, 8.9, negative
6.4, 0.21, 0.44, 7.4, 0.045, 47.0, 182.0, 0.9957, 3.24, 0.46, 9.1, negative
7.8, 0.25, 0.34, 13.7, 0.044, 66.0, 184.0, 0.99976, 3.22, 0.75, 8.9, negative
8.2, 0.37, 0.64, 13.9, 0.043, 22.0, 171.0, 0.99873, 2.99, 0.8, 9.3, negative
7.9, 0.51, 0.34, 2.6, 0.049, 13.0, 135.0, 0.99335, 3.09, 0.51, 10.0, negative
6.9, 0.615, 0.42, 12.0, 0.067, 24.0, 131.0, 0.99727, 3.19, 0.34, 9.3, negative
6.9, 0.615, 0.42, 12.0, 0.067, 24.0, 131.0, 0.99727, 3.19, 0.34, 9.3, negative
5.9, 0.17, 0.28, 0.7, 0.027, 5.0, 28.0, 0.98985, 3.13, 0.32, 10.6, negative
6.6, 0.34, 0.18, 6.4, 0.082, 47.0, 240.0, 0.9971, 3.42, 0.48, 9.2, negative
5.6, 0.12, 0.26, 4.3, 0.038, 18.0, 97.0, 0.99477, 3.36, 0.46, 9.2, negative
6.7, 0.2, 0.37, 1.65, 0.025, 42.0, 103.0, 0.99022, 3.11, 0.45, 11.4, negative
6.4, 0.24, 0.25, 20.2, 0.083, 35.0, 157.0, 0.99976, 3.17, 0.5, 9.1, negative
6.9, 0.4, 0.42, 6.2, 0.066, 41.0, 176.0, 0.99552, 3.12, 0.54, 9.4, negative
6.9, 0.4, 0.43, 6.2, 0.065, 42.0, 178.0, 0.99552, 3.11, 0.53, 9.4, negative
6.6, 0.25, 0.51, 8.0, 0.047, 61.0, 189.0, 0.99604, 3.22, 0.49, 9.2, negative
6.6, 0.25, 0.51, 8.0, 0.047, 61.0, 189.0, 0.99604, 3.22, 0.49, 9.2, negative
6.8, 0.26, 0.44, 8.2, 0.046, 52.0, 183.0, 0.99584, 3.2, 0.51, 9.4, negative
7.5, 0.18, 0.72, 9.6, 0.039, 53.0, 151.0, 0.99802, 3.03, 0.46, 8.9, negative
7.4, 0.3, 0.32, 1.7, 0.03, 23.0, 128.0, 0.9929, 3.17, 0.66, 10.9, negative
6.7, 0.325, 0.82, 1.2, 0.152, 49.0, 120.0, 0.99312, 2.99, 0.38, 9.2, negative
7.1, 0.26, 0.32, 16.2, 0.044, 31.0, 170.0, 0.99644, 3.17, 0.37, 11.2, negative
6.6, 0.22, 0.34, 11.6, 0.05, 59.0, 140.0, 0.99526, 3.22, 0.4, 10.8, negative
8.0, 0.22, 0.31, 5.6, 0.049, 24.0, 97.0, 0.993, 3.1, 0.42, 10.9, negative
5.8, 0.2, 0.34, 1.0, 0.035, 40.0, 86.0, 0.98993, 3.5, 0.42, 11.7, negative
7.3, 0.23, 0.34, 9.3, 0.052, 19.0, 86.0, 0.99574, 3.04, 0.56, 10.0, negative
6.4, 0.22, 0.31, 13.9, 0.04, 57.0, 135.0, 0.99672, 3.21, 0.38, 10.7, negative
7.0, 0.24, 0.3, 6.7, 0.039, 37.0, 125.0, 0.99436, 3.2, 0.39, 9.9, negative
6.6, 0.41, 0.31, 1.6, 0.042, 18.0, 101.0, 0.99195, 3.13, 0.41, 10.5, negative
6.7, 0.42, 0.46, 9.7, 0.054, 67.0, 234.0, 0.99848, 3.23, 0.5, 9.0, negative
8.6, 0.18, 0.28, 0.8, 0.032, 25.0, 78.0, 0.99104, 2.99, 0.38, 11.1, negative
7.6, 0.31, 0.26, 1.7, 0.073, 40.0, 157.0, 0.9938, 3.1, 0.46, 9.8, negative
7.7, 0.18, 0.3, 1.2, 0.046, 49.0, 199.0, 0.99413, 3.03, 0.38, 9.3, negative
7.7, 0.25, 0.3, 7.8, 0.038, 67.0, 196.0, 0.99555, 3.1, 0.5, 10.1, negative
5.3, 0.21, 0.29, 0.7, 0.028, 11.0, 66.0, 0.99215, 3.3, 0.4, 9.8, negative
7.7, 0.25, 0.3, 7.8, 0.038, 67.0, 196.0, 0.99555, 3.1, 0.5, 10.1, negative
6.8, 0.26, 0.46, 8.3, 0.037, 49.0, 173.0, 0.99601, 3.17, 0.47, 9.3, negative
6.0, 0.28, 0.25, 1.8, 0.042, 8.0, 108.0, 0.9929, 3.08, 0.55, 9.0, negative
7.2, 0.2, 0.22, 1.6, 0.044, 17.0, 101.0, 0.99471, 3.37, 0.53, 10.0, negative
6.0, 0.28, 0.25, 1.8, 0.042, 8.0, 108.0, 0.9929, 3.08, 0.55, 9.0, negative
7.2, 0.2, 0.22, 1.6, 0.044, 17.0, 101.0, 0.99471, 3.37, 0.53, 10.0, negative
5.8, 0.19, 0.24, 1.3, 0.044, 38.0, 128.0, 0.99362, 3.77, 0.6, 10.6, negative
7.3, 0.26, 0.24, 1.7, 0.05, 10.0, 112.0, 0.99286, 3.11, 0.43, 9.9, negative
6.7, 0.14, 0.46, 1.6, 0.036, 15.0, 92.0, 0.99264, 3.37, 0.49, 10.9, negative
7.5, 0.33, 0.38, 8.7, 0.126, 49.0, 199.0, 0.99711, 2.98, 0.57, 9.4, negative
7.6, 0.17, 0.36, 4.5, 0.042, 26.0, 102.0, 0.99427, 3.09, 0.47, 9.5, negative
6.9, 0.28, 0.41, 1.4, 0.016, 6.0, 55.0, 0.98876, 3.16, 0.4, 13.4, negative
6.2, 0.25, 0.54, 7.0, 0.046, 58.0, 176.0, 0.99454, 3.19, 0.7, 10.4, negative
6.2, 0.25, 0.54, 7.0, 0.046, 58.0, 176.0, 0.99454, 3.19, 0.7, 10.4, negative
7.4, 0.21, 0.8, 12.3, 0.038, 77.0, 183.0, 0.99778, 2.95, 0.48, 9.0, negative
6.6, 0.25, 0.33, 8.5, 0.042, 29.0, 141.0, 0.99546, 3.28, 0.6, 10.4, negative
6.2, 0.25, 0.38, 7.9, 0.045, 54.0, 208.0, 0.99572, 3.17, 0.46, 9.1, negative
7.1, 0.28, 0.35, 3.5, 0.028, 35.0, 91.0, 0.99022, 2.96, 0.33, 12.1, negative
6.2, 0.25, 0.54, 7.0, 0.046, 58.0, 176.0, 0.99454, 3.19, 0.7, 10.4, negative
6.1, 0.2, 0.34, 9.5, 0.041, 38.0, 201.0, 0.995, 3.14, 0.44, 10.1, positive
6.6, 0.78, 0.5, 1.5, 0.045, 30.0, 133.0, 0.99104, 3.25, 0.48, 11.7, negative
7.4, 0.23, 0.38, 8.6, 0.052, 41.0, 150.0, 0.99534, 3.06, 0.46, 10.3, negative
5.6, 0.19, 0.27, 0.9, 0.04, 52.0, 103.0, 0.99026, 3.5, 0.39, 11.2, negative
5.5, 0.19, 0.27, 0.9, 0.04, 52.0, 103.0, 0.99026, 3.5, 0.39, 11.2, negative
6.1, 0.17, 0.42, 15.1, 0.033, 28.0, 124.0, 0.99684, 2.87, 0.47, 9.5, negative
6.6, 0.19, 0.33, 1.8, 0.035, 42.0, 148.0, 0.99196, 3.15, 0.36, 10.2, negative
5.5, 0.12, 0.33, 1.0, 0.038, 23.0, 131.0, 0.99164, 3.25, 0.45, 9.8, negative
9.0, 0.38, 0.53, 2.1, 0.102, 19.0, 76.0, 0.99001, 2.93, 0.57, 12.9, negative
6.7, 0.31, 0.32, 14.5, 0.038, 6.0, 79.0, 0.99412, 3.14, 0.34, 12.5, negative
7.6, 0.27, 0.29, 2.5, 0.059, 37.0, 115.0, 0.99328, 3.09, 0.37, 9.8, negative
7.6, 0.27, 0.29, 2.5, 0.059, 37.0, 115.0, 0.99328, 3.09, 0.37, 9.8, negative
7.1, 0.38, 0.4, 2.2, 0.042, 54.0, 201.0, 0.99177, 3.03, 0.5, 11.4, negative
6.6, 0.38, 0.36, 9.2, 0.061, 42.0, 214.0, 0.9976, 3.31, 0.56, 9.4, negative
6.6, 0.28, 0.42, 8.2, 0.044, 60.0, 196.0, 0.99562, 3.14, 0.48, 9.4, negative
7.8, 0.25, 0.37, 1.0, 0.043, 10.0, 80.0, 0.99128, 3.08, 0.38, 11.4, negative
6.6, 0.28, 0.41, 7.0, 0.046, 59.0, 194.0, 0.99558, 3.14, 0.48, 9.4, negative
6.6, 0.28, 0.42, 8.2, 0.044, 60.0, 196.0, 0.99562, 3.14, 0.48, 9.4, negative
6.5, 0.25, 0.5, 7.6, 0.047, 54.0, 184.0, 0.99572, 3.17, 0.45, 9.2, negative
5.9, 0.19, 0.21, 1.7, 0.045, 57.0, 135.0, 0.99341, 3.32, 0.44, 9.5, negative
7.6, 0.36, 0.49, 11.3, 0.046, 87.0, 221.0, 0.9984, 3.01, 0.43, 9.2, negative
6.5, 0.25, 0.45, 7.8, 0.048, 52.0, 188.0, 0.99576, 3.2, 0.53, 9.1, negative
8.8, 0.19, 0.3, 5.0, 0.028, 34.0, 120.0, 0.99242, 2.94, 0.47, 11.2, negative
6.1, 0.33, 0.32, 7.8, 0.052, 52.0, 183.0, 0.99657, 3.39, 0.65, 9.5, negative
7.8, 0.29, 0.29, 3.15, 0.044, 41.0, 117.0, 0.99153, 3.24, 0.35, 11.5, negative
6.7, 0.4, 0.22, 8.8, 0.052, 24.0, 113.0, 0.99576, 3.22, 0.45, 9.4, negative
6.8, 0.17, 0.32, 1.4, 0.04, 35.0, 106.0, 0.99026, 3.16, 0.66, 12.0, negative
7.1, 0.25, 0.28, 1.2, 0.04, 31.0, 111.0, 0.99174, 3.18, 0.53, 11.1, negative
8.0, 0.24, 0.48, 6.8, 0.047, 13.0, 134.0, 0.99616, 3.23, 0.7, 10.0, negative
5.8, 0.54, 0.0, 1.4, 0.033, 40.0, 107.0, 0.98918, 3.26, 0.35, 12.4, negative
6.6, 0.24, 0.27, 10.3, 0.047, 54.0, 219.0, 0.99742, 3.04, 0.45, 8.8, negative
5.8, 0.22, 0.3, 1.1, 0.047, 36.0, 131.0, 0.992, 3.26, 0.45, 10.4, negative
6.7, 0.29, 0.45, 14.3, 0.054, 30.0, 181.0, 0.99869, 3.14, 0.57, 9.1, negative
7.2, 0.31, 0.35, 7.2, 0.046, 45.0, 178.0, 0.9955, 3.14, 0.53, 9.7, negative
6.4, 0.28, 0.44, 7.1, 0.048, 49.0, 179.0, 0.99528, 3.15, 0.48, 9.2, negative
6.2, 0.27, 0.47, 1.2, 0.146, 28.0, 105.0, 0.99224, 3.23, 0.51, 10.1, negative
7.0, 0.48, 0.12, 4.5, 0.05, 23.0, 86.0, 0.99398, 2.86, 0.35, 9.0, negative
7.0, 0.48, 0.12, 4.5, 0.05, 23.0, 86.0, 0.99398, 2.86, 0.35, 9.0, negative
7.4, 0.28, 0.36, 14.6, 0.048, 35.0, 161.0, 0.9968, 3.14, 0.56, 10.6, negative
7.5, 0.3, 0.21, 6.55, 0.026, 33.0, 143.0, 0.99244, 2.92, 0.35, 11.1, negative
6.4, 0.28, 0.36, 1.3, 0.053, 28.0, 186.0, 0.99211, 3.31, 0.45, 10.8, negative
6.7, 0.35, 0.48, 8.8, 0.056, 35.0, 167.0, 0.99628, 3.04, 0.47, 9.4, negative
6.4, 0.38, 0.24, 7.2, 0.047, 41.0, 151.0, 0.99604, 3.11, 0.6, 9.2, negative
7.7, 0.32, 0.61, 11.8, 0.041, 66.0, 188.0, 0.99794, 3.0, 0.54, 9.3, negative
7.3, 0.31, 0.25, 6.65, 0.032, 30.0, 138.0, 0.99244, 2.9, 0.37, 11.1, negative
6.5, 0.27, 0.26, 11.0, 0.03, 2.0, 82.0, 0.99402, 3.07, 0.36, 11.2, negative
6.6, 0.34, 0.2, 1.0, 0.053, 26.0, 112.0, 0.99336, 3.32, 0.55, 9.1, negative
7.2, 0.23, 0.25, 18.8, 0.085, 19.0, 111.0, 1.00044, 3.1, 0.51, 8.7, negative
7.6, 0.3, 0.37, 1.6, 0.087, 27.0, 177.0, 0.99438, 3.09, 0.5, 9.8, negative
7.0, 0.3, 0.27, 1.5, 0.076, 24.0, 145.0, 0.99344, 3.1, 0.52, 10.1, negative
6.7, 0.31, 0.09, 1.4, 0.039, 53.0, 141.0, 0.99206, 3.12, 0.44, 10.1, negative
4.7, 0.67, 0.09, 1.0, 0.02, 5.0, 9.0, 0.98722, 3.3, 0.34, 13.6, negative
6.3, 0.2, 0.18, 10.6, 0.045, 57.0, 159.0, 0.99666, 3.09, 0.54, 9.2, negative
6.6, 0.26, 0.22, 18.15, 0.05, 23.0, 139.0, 0.99904, 3.06, 0.5, 9.2, negative
7.5, 0.28, 0.41, 1.3, 0.044, 11.0, 126.0, 0.99293, 3.28, 0.45, 10.3, negative
7.5, 0.28, 0.41, 1.3, 0.044, 11.0, 126.0, 0.99293, 3.28, 0.45, 10.3, negative
6.0, 0.21, 0.29, 13.1, 0.042, 28.0, 125.0, 0.99936, 3.39, 0.45, 8.6, negative
7.1, 0.21, 0.72, 1.6, 0.167, 65.0, 120.0, 0.99324, 2.97, 0.51, 9.2, negative
7.4, 0.27, 0.28, 1.8, 0.04, 45.0, 121.0, 0.99043, 3.02, 0.4, 11.9, negative
6.6, 0.27, 0.33, 1.4, 0.042, 24.0, 183.0, 0.99215, 3.29, 0.46, 10.7, negative
7.4, 0.2, 0.35, 6.1, 0.025, 10.0, 40.0, 0.99244, 2.79, 0.52, 10.9, negative
6.7, 0.39, 0.24, 2.7, 0.017, 22.0, 80.0, 0.99084, 3.03, 0.37, 11.5, negative
6.9, 0.4, 0.17, 12.9, 0.033, 59.0, 186.0, 0.99754, 3.08, 0.49, 9.4, negative
6.9, 0.4, 0.17, 12.9, 0.033, 59.0, 186.0, 0.99754, 3.08, 0.49, 9.4, negative
6.9, 0.33, 0.31, 7.7, 0.04, 29.0, 135.0, 0.99226, 3.11, 0.57, 12.3, negative
6.4, 0.27, 0.45, 8.3, 0.05, 52.0, 196.0, 0.9955, 3.18, 0.48, 9.5, negative
7.4, 0.29, 0.48, 12.8, 0.037, 61.5, 182.0, 0.99808, 3.02, 0.34, 8.8, negative
6.4, 0.34, 0.44, 8.2, 0.043, 54.0, 201.0, 0.99551, 3.18, 0.48, 9.5, negative
6.6, 0.27, 0.52, 8.1, 0.044, 53.0, 202.0, 0.99548, 3.18, 0.48, 9.5, negative
6.4, 0.27, 0.45, 8.3, 0.05, 52.0, 196.0, 0.9955, 3.18, 0.48, 9.5, negative
5.5, 0.24, 0.45, 1.7, 0.046, 22.0, 113.0, 0.99224, 3.22, 0.48, 10.0, negative
7.0, 0.3, 0.28, 2.2, 0.042, 21.0, 177.0, 0.99166, 3.2, 0.57, 11.4, negative
7.9, 0.21, 0.39, 2.0, 0.057, 21.0, 138.0, 0.99176, 3.05, 0.52, 10.9, negative
7.2, 0.28, 0.38, 2.0, 0.052, 23.0, 156.0, 0.9912, 3.13, 0.52, 11.1, negative
7.9, 0.21, 0.39, 2.0, 0.057, 21.0, 138.0, 0.99176, 3.05, 0.52, 10.9, negative
7.0, 0.3, 0.28, 2.2, 0.042, 21.0, 177.0, 0.99166, 3.2, 0.57, 11.4, negative
6.8, 0.41, 0.3, 8.8, 0.045, 28.0, 131.0, 0.9953, 3.12, 0.59, 9.9, negative
6.3, 0.3, 0.2, 3.7, 0.039, 34.0, 132.0, 0.99158, 3.0, 0.38, 10.7, negative
6.7, 0.26, 0.49, 8.1, 0.052, 48.0, 197.0, 0.99558, 3.19, 0.48, 9.5, negative
5.1, 0.23, 0.18, 1.0, 0.053, 13.0, 99.0, 0.98956, 3.22, 0.39, 11.5, negative
6.8, 0.31, 0.19, 3.5, 0.086, 30.0, 130.0, 0.993, 2.83, 0.44, 9.6, negative
6.2, 0.31, 0.23, 3.3, 0.052, 34.0, 113.0, 0.99429, 3.16, 0.48, 8.4, negative
6.4, 0.32, 0.23, 16.2, 0.055, 36.0, 176.0, 0.9986, 3.26, 0.54, 9.1, negative
8.2, 0.31, 0.43, 7.0, 0.047, 18.0, 87.0, 0.99628, 3.23, 0.64, 10.6, negative
7.3, 0.25, 0.26, 7.2, 0.048, 52.0, 207.0, 0.99587, 3.12, 0.37, 9.2, negative
7.3, 0.25, 0.26, 7.2, 0.048, 52.0, 207.0, 0.99587, 3.12, 0.37, 9.2, negative
7.1, 0.2, 0.37, 1.5, 0.049, 28.0, 129.0, 0.99226, 3.15, 0.52, 10.8, negative
8.6, 0.31, 0.3, 0.9, 0.045, 16.0, 109.0, 0.99249, 2.95, 0.39, 10.1, negative
8.6, 0.22, 0.33, 1.2, 0.031, 38.0, 95.0, 0.99239, 2.83, 0.31, 10.3, negative
6.5, 0.22, 0.31, 3.9, 0.046, 17.0, 106.0, 0.99098, 3.15, 0.31, 11.5, negative
6.6, 0.32, 0.47, 15.6, 0.063, 27.0, 173.0, 0.99872, 3.18, 0.56, 9.0, negative
6.6, 0.32, 0.47, 15.6, 0.063, 27.0, 173.0, 0.99872, 3.18, 0.56, 9.0, negative
7.0, 0.46, 0.2, 16.7, 0.046, 50.0, 184.0, 0.99898, 3.08, 0.56, 9.4, negative
6.9, 0.4, 0.37, 8.9, 0.053, 36.0, 148.0, 0.996, 3.16, 0.5, 9.3, negative
4.9, 0.345, 0.34, 1.0, 0.068, 32.0, 143.0, 0.99138, 3.24, 0.4, 10.1, negative
5.7, 0.14, 0.3, 5.4, 0.045, 26.0, 105.0, 0.99469, 3.32, 0.45, 9.3, negative
6.9, 0.4, 0.37, 8.9, 0.053, 36.0, 148.0, 0.996, 3.16, 0.5, 9.3, negative
5.4, 0.24, 0.18, 2.3, 0.05, 22.0, 145.0, 0.99207, 3.24, 0.46, 10.3, negative
7.7, 0.31, 0.36, 4.3, 0.026, 15.0, 87.0, 0.99152, 3.11, 0.48, 12.0, negative
6.4, 0.25, 0.57, 1.0, 0.062, 21.0, 122.0, 0.99238, 3.0, 0.4, 9.5, negative
6.2, 0.32, 0.12, 4.8, 0.054, 6.0, 97.0, 0.99424, 3.16, 0.5, 9.3, negative
7.2, 0.4, 0.24, 8.5, 0.055, 45.0, 151.0, 0.99626, 3.2, 0.52, 9.2, negative
7.0, 0.23, 0.42, 1.1, 0.062, 35.0, 100.0, 0.99318, 3.04, 0.4, 9.2, negative
7.2, 0.4, 0.24, 8.5, 0.055, 45.0, 151.0, 0.99626, 3.2, 0.52, 9.2, negative
6.4, 0.26, 0.26, 1.1, 0.052, 22.0, 176.0, 0.99304, 3.09, 0.54, 9.3, negative
6.8, 0.27, 0.22, 17.8, 0.034, 16.0, 116.0, 0.9989, 3.07, 0.53, 9.2, negative
7.3, 0.33, 0.22, 1.4, 0.041, 40.0, 177.0, 0.99287, 3.14, 0.48, 9.9, negative
7.3, 0.34, 0.22, 1.4, 0.044, 43.0, 176.0, 0.99286, 3.14, 0.46, 9.9, negative
6.4, 0.29, 0.57, 1.0, 0.06, 15.0, 120.0, 0.9924, 3.06, 0.41, 9.5, negative
6.3, 0.24, 0.29, 1.6, 0.052, 48.0, 185.0, 0.9934, 3.21, 0.5, 9.4, negative
6.2, 0.24, 0.22, 7.9, 0.053, 45.0, 149.0, 0.99545, 3.23, 0.52, 9.3, negative
6.5, 0.43, 0.18, 13.15, 0.032, 25.0, 131.0, 0.99565, 3.23, 0.51, 10.7, negative
6.1, 0.17, 0.21, 1.9, 0.09, 44.0, 130.0, 0.99255, 3.07, 0.41, 9.7, negative
8.0, 0.25, 0.35, 1.1, 0.054, 13.0, 136.0, 0.99366, 3.08, 0.55, 9.5, negative
6.9, 0.37, 0.23, 9.5, 0.057, 54.0, 166.0, 0.99568, 3.23, 0.42, 10.0, negative
7.6, 0.4, 0.27, 1.2, 0.053, 23.0, 193.0, 0.99164, 3.22, 0.38, 11.6, negative
7.4, 0.28, 0.5, 12.1, 0.049, 48.0, 122.0, 0.9973, 3.01, 0.44, 9.0, negative
6.3, 0.18, 0.22, 5.6, 0.047, 45.0, 147.0, 0.99383, 3.09, 0.54, 10.0, negative
6.7, 0.31, 0.34, 6.8, 0.059, 51.0, 215.0, 0.99538, 3.33, 0.56, 10.3, negative
6.6, 0.33, 0.32, 15.6, 0.054, 62.0, 227.0, 0.99734, 3.25, 0.56, 10.4, negative
7.4, 0.31, 0.26, 8.6, 0.048, 47.0, 206.0, 0.9964, 3.26, 0.36, 9.1, negative
7.4, 0.31, 0.26, 8.6, 0.048, 47.0, 206.0, 0.9964, 3.26, 0.36, 9.1, negative
5.9, 0.26, 0.24, 2.4, 0.046, 27.0, 132.0, 0.99234, 3.63, 0.73, 11.3, negative
7.6, 0.48, 0.31, 9.4, 0.046, 6.0, 194.0, 0.99714, 3.07, 0.61, 9.4, negative
6.2, 0.32, 0.5, 6.5, 0.048, 61.0, 186.0, 0.9948, 3.19, 0.45, 9.6, negative
6.1, 0.3, 0.47, 1.4, 0.049, 50.0, 187.0, 0.9927, 3.19, 0.45, 9.5, negative
6.3, 0.34, 0.52, 6.3, 0.047, 63.0, 186.0, 0.99481, 3.18, 0.44, 9.6, negative
7.2, 0.26, 0.38, 1.5, 0.061, 12.0, 120.0, 0.99192, 3.18, 0.46, 10.4, negative
6.6, 0.22, 0.37, 1.6, 0.04, 31.0, 101.0, 0.99009, 3.15, 0.66, 12.0, negative
7.6, 0.27, 0.32, 1.2, 0.043, 23.0, 72.0, 0.99236, 3.06, 0.68, 10.5, negative
6.2, 0.3, 0.32, 1.3, 0.054, 27.0, 183.0, 0.99266, 3.3, 0.43, 10.1, negative
7.0, 0.44, 0.24, 12.1, 0.056, 68.0, 210.0, 0.99718, 3.05, 0.5, 9.5, negative
7.5, 0.23, 0.3, 1.2, 0.03, 27.0, 80.0, 0.99192, 3.05, 0.68, 10.5, negative
7.6, 0.36, 0.48, 13.5, 0.038, 44.0, 116.0, 0.9982, 3.04, 0.48, 9.2, negative
7.5, 0.29, 0.24, 9.9, 0.058, 25.0, 115.0, 0.99567, 3.15, 0.46, 10.9, negative
6.0, 0.33, 0.26, 5.1, 0.051, 16.0, 119.0, 0.99416, 3.15, 0.41, 9.2, negative
7.1, 0.46, 0.23, 13.7, 0.045, 44.0, 192.0, 0.9981, 3.11, 0.53, 9.4, negative
7.2, 0.22, 0.35, 5.5, 0.054, 37.0, 183.0, 0.99474, 3.08, 0.5, 10.3, negative
7.6, 0.28, 0.17, 1.6, 0.046, 28.0, 117.0, 0.99288, 3.08, 0.43, 10.0, negative
7.2, 0.21, 0.36, 15.7, 0.045, 68.0, 183.0, 0.99922, 3.25, 0.76, 9.4, negative
7.4, 0.22, 0.28, 9.0, 0.046, 22.0, 121.0, 0.99468, 3.1, 0.55, 10.8, negative
7.2, 0.21, 0.36, 15.7, 0.045, 68.0, 183.0, 0.99922, 3.25, 0.76, 9.4, negative
6.4, 0.29, 0.3, 6.5, 0.209, 62.0, 156.0, 0.99478, 3.1, 0.4, 9.4, negative
7.1, 0.23, 0.28, 1.9, 0.046, 33.0, 103.0, 0.98997, 3.12, 0.31, 12.0, negative
7.2, 0.585, 0.2, 10.4, 0.086, 17.0, 94.0, 0.99681, 3.13, 0.4, 9.4, negative
6.4, 0.24, 0.26, 8.2, 0.054, 47.0, 182.0, 0.99538, 3.12, 0.5, 9.5, negative
6.4, 0.42, 0.19, 9.3, 0.043, 28.0, 145.0, 0.99433, 3.23, 0.53, 10.98, negative
7.4, 0.38, 0.34, 8.3, 0.052, 44.0, 168.0, 0.99627, 3.11, 0.52, 9.2, negative
7.3, 0.28, 0.35, 1.6, 0.054, 31.0, 148.0, 0.99178, 3.18, 0.47, 10.7, negative
6.5, 0.23, 0.2, 7.5, 0.05, 44.0, 179.0, 0.99504, 3.18, 0.48, 9.53333333333333, negative
7.3, 0.28, 0.35, 1.6, 0.054, 31.0, 148.0, 0.99178, 3.18, 0.47, 10.7, negative
7.1, 0.31, 0.25, 11.2, 0.048, 32.0, 136.0, 0.99663, 3.14, 0.4, 9.5, negative
6.1, 0.34, 0.21, 5.0, 0.042, 17.0, 133.0, 0.99373, 3.02, 0.53, 9.4, negative
6.4, 0.26, 0.21, 8.2, 0.05, 51.0, 182.0, 0.99542, 3.23, 0.48, 9.5, negative
6.2, 0.25, 0.44, 15.8, 0.057, 39.0, 167.0, 0.99804, 3.14, 0.51, 9.2, negative
7.3, 0.22, 0.37, 15.5, 0.048, 70.0, 203.0, 0.99899, 3.25, 0.77, 9.4, negative
6.2, 0.25, 0.44, 15.8, 0.057, 39.0, 167.0, 0.99804, 3.14, 0.51, 9.2, negative
6.6, 0.24, 0.22, 12.3, 0.051, 35.0, 146.0, 0.99676, 3.1, 0.67, 9.4, negative
7.4, 0.27, 0.26, 11.8, 0.053, 55.0, 173.0, 0.99699, 3.11, 0.6, 9.8, negative
7.4, 0.27, 0.26, 11.8, 0.053, 55.0, 173.0, 0.99699, 3.11, 0.6, 9.8, negative
6.6, 0.24, 0.22, 12.3, 0.051, 35.0, 146.0, 0.99676, 3.1, 0.67, 9.4, negative
7.4, 0.27, 0.26, 11.8, 0.053, 55.0, 173.0, 0.99699, 3.11, 0.6, 9.8, negative
5.9, 0.29, 0.16, 7.9, 0.044, 48.0, 197.0, 0.99512, 3.21, 0.36, 9.4, negative
5.7, 0.29, 0.16, 7.9, 0.044, 48.0, 197.0, 0.99512, 3.21, 0.36, 9.4, negative
5.7, 0.24, 0.47, 6.3, 0.069, 35.0, 182.0, 0.99391, 3.11, 0.46, 9.73333333333333, negative
6.3, 0.305, 0.22, 16.0, 0.061, 26.0, 141.0, 0.99824, 3.08, 0.5, 9.1, negative
5.7, 0.24, 0.47, 6.3, 0.069, 35.0, 182.0, 0.99391, 3.11, 0.46, 9.75, negative
6.7, 0.34, 0.31, 16.4, 0.051, 20.0, 146.0, 0.99834, 3.06, 0.54, 9.1, negative
6.0, 0.28, 0.29, 19.3, 0.051, 36.0, 174.0, 0.99911, 3.14, 0.5, 9.0, negative
6.0, 0.28, 0.29, 19.3, 0.051, 36.0, 174.0, 0.99911, 3.14, 0.5, 9.0, negative
5.9, 0.22, 0.18, 6.4, 0.041, 28.0, 120.0, 0.99403, 3.27, 0.5, 9.9, negative
6.6, 0.26, 0.56, 15.4, 0.053, 32.0, 141.0, 0.9981, 3.11, 0.49, 9.3, negative
7.1, 0.36, 0.2, 1.6, 0.271, 24.0, 140.0, 0.99356, 3.11, 0.63, 9.8, negative
6.4, 0.32, 0.26, 7.9, 0.05, 53.0, 180.0, 0.99514, 3.14, 0.5, 9.6, negative
6.4, 0.32, 0.26, 7.9, 0.05, 53.0, 180.0, 0.99514, 3.14, 0.5, 9.6, negative
5.8, 0.555, 0.26, 4.5, 0.053, 17.0, 126.0, 0.9943, 3.24, 0.46, 9.1, negative
6.3, 0.29, 0.3, 8.1, 0.212, 60.0, 150.0, 0.9958, 3.1, 0.4, 9.3, negative
6.8, 0.2, 0.25, 6.2, 0.052, 22.0, 106.0, 0.9935, 3.09, 0.54, 10.8, negative
6.5, 0.32, 0.23, 8.5, 0.051, 20.0, 138.0, 0.9943, 3.03, 0.42, 10.7, negative
6.4, 0.28, 0.23, 6.0, 0.051, 50.0, 162.0, 0.994, 3.15, 0.52, 10.2, negative
6.7, 0.23, 0.17, 1.3, 0.061, 14.0, 100.0, 0.9925, 3.07, 0.55, 9.5, negative
6.1, 0.4, 0.18, 9.0, 0.051, 28.5, 259.0, 0.9964, 3.19, 0.5, 8.8, negative
5.8, 0.31, 0.31, 7.5, 0.052, 55.0, 230.0, 0.9949, 3.19, 0.46, 9.8, negative
6.7, 0.18, 0.25, 14.3, 0.048, 79.0, 149.0, 0.9975, 3.12, 0.37, 9.7, negative
6.1, 0.25, 0.18, 10.5, 0.049, 41.0, 124.0, 0.9963, 3.14, 0.35, 10.5, negative
8.3, 0.18, 0.37, 1.2, 0.049, 6.0, 94.0, 0.9937, 3.18, 0.52, 10.1, negative
6.9, 0.28, 0.37, 9.1, 0.037, 16.0, 76.0, 0.9948, 3.05, 0.54, 11.1, negative
6.9, 0.28, 0.37, 9.1, 0.037, 16.0, 76.0, 0.9948, 3.05, 0.54, 11.1, negative
6.4, 0.46, 0.22, 14.7, 0.047, 51.0, 183.0, 0.998275, 3.39, 0.6, 10.5, negative
6.9, 0.28, 0.37, 9.1, 0.037, 16.0, 76.0, 0.9948, 3.05, 0.54, 11.1, negative
6.8, 0.45, 0.3, 11.8, 0.094, 23.0, 97.0, 0.997, 3.09, 0.44, 9.6, negative
6.1, 0.2, 0.4, 1.9, 0.028, 32.0, 138.0, 0.9914, 3.26, 0.72, 11.7, negative
5.8, 0.28, 0.66, 9.1, 0.039, 26.0, 159.0, 0.9965, 3.66, 0.55, 10.8, negative
5.9, 0.3, 0.29, 1.1, 0.036, 23.0, 56.0, 0.9904, 3.19, 0.38, 11.3, negative
6.4, 0.3, 0.33, 5.2, 0.05, 30.0, 137.0, 0.99304, 3.26, 0.58, 11.1, negative
6.9, 0.29, 0.32, 5.8, 0.04, 16.0, 112.0, 0.993, 3.04, 0.58, 11.2, negative
5.9, 0.42, 0.36, 2.4, 0.034, 19.0, 77.0, 0.99184, 3.25, 0.48, 10.9, negative
5.8, 0.34, 0.21, 7.2, 0.041, 48.0, 146.0, 0.99441, 3.16, 0.49, 9.8, negative
5.8, 0.27, 0.2, 7.3, 0.04, 42.0, 145.0, 0.99442, 3.15, 0.48, 9.8, negative
7.1, 0.33, 0.18, 6.3, 0.094, 27.0, 166.0, 0.99474, 2.9, 0.49, 9.5, negative
8.3, 0.49, 0.23, 6.65, 0.034, 6.0, 158.0, 0.99344, 3.05, 0.48, 11.2, negative
6.5, 0.51, 0.25, 1.7, 0.048, 39.0, 177.0, 0.99212, 3.28, 0.57, 10.5666666666667, negative
6.5, 0.51, 0.25, 1.7, 0.048, 39.0, 177.0, 0.99212, 3.28, 0.57, 10.6, negative
6.7, 0.61, 0.21, 1.65, 0.117, 40.0, 240.0, 0.9938, 3.11, 0.57, 9.3, negative
5.6, 0.695, 0.06, 6.8, 0.042, 9.0, 84.0, 0.99432, 3.44, 0.44, 10.2, negative
8.0, 0.23, 0.41, 1.1, 0.048, 35.0, 150.0, 0.99168, 3.09, 0.47, 11.2, negative
6.4, 0.31, 0.53, 8.8, 0.057, 36.0, 221.0, 0.99642, 3.17, 0.44, 9.1, negative
4.9, 0.335, 0.14, 1.3, 0.036, 69.0, 168.0, 0.99212, 3.47, 0.46, 10.4666666666667, negative
4.9, 0.335, 0.14, 1.3, 0.036, 69.0, 168.0, 0.99212, 3.47, 0.46, 10.4666666666667, negative
7.2, 0.26, 0.32, 10.4, 0.062, 23.0, 114.0, 0.9966, 3.23, 0.49, 10.5, negative
6.0, 0.36, 0.32, 1.1, 0.053, 26.0, 173.0, 0.99414, 3.38, 0.54, 8.8, negative
6.8, 0.3, 0.33, 12.8, 0.041, 60.0, 168.0, 0.99659, 3.1, 0.56, 9.8, negative
7.9, 0.3, 0.6, 1.85, 0.048, 13.0, 106.0, 0.99331, 3.24, 0.49, 11.85, negative
5.0, 0.24, 0.19, 5.0, 0.043, 17.0, 101.0, 0.99438, 3.67, 0.57, 10.0, negative
6.0, 0.14, 0.37, 1.2, 0.032, 63.0, 148.0, 0.99185, 3.32, 0.44, 11.2, negative
6.4, 0.28, 0.45, 8.6, 0.057, 47.0, 223.0, 0.99654, 3.16, 0.51, 9.1, negative
5.8, 0.3, 0.09, 6.3, 0.042, 36.0, 138.0, 0.99382, 3.15, 0.48, 9.7, negative
5.6, 0.3, 0.1, 6.4, 0.043, 34.0, 142.0, 0.99382, 3.14, 0.48, 9.8, negative
5.4, 0.375, 0.4, 3.3, 0.054, 29.0, 147.0, 0.99482, 3.42, 0.52, 9.1, negative
5.8, 0.36, 0.5, 1.0, 0.127, 63.0, 178.0, 0.99212, 3.1, 0.45, 9.7, negative
6.4, 0.23, 0.35, 10.3, 0.042, 54.0, 140.0, 0.9967, 3.23, 0.47, 9.2, negative
6.7, 0.5, 0.36, 11.5, 0.096, 18.0, 92.0, 0.99642, 3.11, 0.49, 9.6, negative
5.6, 0.34, 0.25, 2.5, 0.046, 47.0, 182.0, 0.99093, 3.21, 0.4, 11.3, negative
6.6, 0.38, 0.29, 2.4, 0.136, 15.0, 93.0, 0.99336, 3.18, 0.6, 9.5, negative
6.4, 0.33, 0.44, 8.9, 0.055, 52.0, 164.0, 0.99488, 3.1, 0.48, 9.6, negative
6.4, 0.35, 0.51, 7.8, 0.055, 53.0, 177.0, 0.99502, 3.12, 0.45, 9.6, negative
6.0, 0.42, 0.41, 12.4, 0.032, 50.0, 179.0, 0.99622, 3.14, 0.6, 9.7, negative
5.9, 0.54, 0.0, 0.8, 0.032, 12.0, 82.0, 0.99286, 3.25, 0.36, 8.8, negative
6.5, 0.33, 0.38, 8.3, 0.048, 68.0, 174.0, 0.99492, 3.14, 0.5, 9.6, negative
