@relation winequality-white-3-9_vs_5
@attribute FixedAcidity real [3.8, 14.2]
@attribute VolatileAcidity real [0.08, 1.1]
@attribute CitricAcid real [0.0, 1.66]
@attribute ResidualSugar real [0.6, 65.8]
@attribute Chlorides real [0.009, 0.346]
@attribute FreeSulfurDioxide real [2.0, 289.0]
@attribute TotalSulfurDioxide real [9.0, 440.0]
@attribute Density real [0.98711, 1.03898]
@attribute PH real [2.72, 3.82]
@attribute Sulphates real [0.22, 1.08]
@attribute Alcohol real [8.0, 14.2]
@attribute Class {positive, negative}
@inputs FixedAcidity, VolatileAcidity, CitricAcid, ResidualSugar, Chlorides, FreeSulfurDioxide, TotalSulfurDioxide, Density, PH, Sulphates, Alcohol
@outputs Class
@data
8.1, 0.27, 0.41, 1.45, 0.033, 11.0, 63.0, 0.9908, 2.99, 0.56, 12.0, negative
8.6, 0.23, 0.4, 4.2, 0.035, 17.0, 109.0, 0.9947, 3.14, 0.53, 9.7, negative
8.3, 0.42, 0.62, 19.25, 0.04, 41.0, 172.0, 1.0002, 2.98, 0.67, 9.7, negative
7.6, 0.67, 0.14, 1.5, 0.074, 25.0, 168.0, 0.9937, 3.05, 0.51, 9.3, negative
5.8, 0.27, 0.2, 14.95, 0.044, 22.0, 179.0, 0.9962, 3.37, 0.37, 10.2, negative
6.2, 0.46, 0.25, 4.4, 0.066, 62.0, 207.0, 0.9939, 3.25, 0.52, 9.8, negative
6.9, 0.19, 0.35, 5.0, 0.067, 32.0, 150.0, 0.995, 3.36, 0.48, 9.8, negative
7.0, 0.47, 0.07, 1.1, 0.035, 17.0, 151.0, 0.991, 3.02, 0.34, 10.5, negative
6.2, 0.35, 0.03, 1.2, 0.064, 29.0, 120.0, 0.9934, 3.22, 0.54, 9.1, negative
7.4, 0.24, 0.29, 10.1, 0.05, 21.0, 105.0, 0.9962, 3.13, 0.35, 9.5, negative
6.8, 0.3, 0.23, 4.6, 0.061, 50.5, 238.5, 0.9958, 3.32, 0.6, 9.5, negative
6.0, 0.27, 0.28, 4.8, 0.063, 31.0, 201.0, 0.9964, 3.69, 0.71, 10.0, negative
7.4, 0.18, 0.3, 8.8, 0.064, 26.0, 103.0, 0.9961, 2.94, 0.56, 9.3, negative
7.1, 0.34, 0.2, 6.1, 0.063, 47.0, 164.0, 0.9946, 3.17, 0.42, 10.0, negative
7.4, 0.25, 0.37, 13.5, 0.06, 52.0, 192.0, 0.9975, 3.0, 0.44, 9.1, negative
7.1, 0.12, 0.32, 9.6, 0.054, 64.0, 162.0, 0.9962, 3.4, 0.41, 9.4, negative
6.0, 0.21, 0.24, 12.1, 0.05, 55.0, 164.0, 0.997, 3.34, 0.39, 9.4, negative
7.4, 0.25, 0.37, 13.5, 0.06, 52.0, 192.0, 0.9975, 3.0, 0.44, 9.1, negative
7.1, 0.12, 0.32, 9.6, 0.054, 64.0, 162.0, 0.9962, 3.4, 0.41, 9.4, negative
6.9, 0.33, 0.28, 1.3, 0.051, 37.0, 187.0, 0.9927, 3.27, 0.6, 10.3, negative
7.2, 0.31, 0.5, 13.3, 0.056, 68.0, 195.0, 0.9982, 3.01, 0.47, 9.2, negative
6.7, 0.41, 0.34, 9.2, 0.049, 29.0, 150.0, 0.9968, 3.22, 0.51, 9.1, negative
6.7, 0.41, 0.34, 9.2, 0.049, 29.0, 150.0, 0.9968, 3.22, 0.51, 9.1, negative
7.2, 0.31, 0.5, 13.3, 0.056, 68.0, 195.0, 0.9982, 3.01, 0.47, 9.2, negative
7.3, 0.32, 0.48, 13.3, 0.06, 57.0, 196.0, 0.9982, 3.04, 0.5, 9.2, negative
7.8, 0.24, 0.32, 12.2, 0.054, 42.0, 138.0, 0.9984, 3.01, 0.54, 8.8, negative
7.4, 0.39, 0.23, 7.0, 0.033, 29.0, 126.0, 0.994, 3.14, 0.42, 10.5, negative
5.7, 0.26, 0.25, 10.4, 0.02, 7.0, 57.0, 0.994, 3.39, 0.37, 10.6, negative
6.6, 0.24, 0.27, 15.8, 0.035, 46.0, 188.0, 0.9982, 3.24, 0.51, 9.2, negative
6.7, 0.27, 0.31, 15.7, 0.036, 44.0, 179.0, 0.9979, 3.26, 0.56, 9.6, negative
7.1, 0.37, 0.67, 10.5, 0.045, 49.0, 155.0, 0.9975, 3.16, 0.44, 8.7, negative
7.1, 0.37, 0.67, 10.5, 0.045, 49.0, 155.0, 0.9975, 3.16, 0.44, 8.7, negative
7.2, 0.18, 0.41, 1.2, 0.048, 41.0, 97.0, 0.9919, 3.14, 0.45, 10.4, negative
6.3, 0.36, 0.3, 4.8, 0.049, 14.0, 85.0, 0.9932, 3.28, 0.39, 10.6, negative
6.7, 0.24, 0.35, 13.1, 0.05, 64.0, 205.0, 0.997, 3.15, 0.5, 9.5, negative
7.0, 0.23, 0.36, 13.0, 0.051, 72.0, 177.0, 0.9972, 3.16, 0.49, 9.8, negative
7.5, 0.29, 0.31, 8.95, 0.055, 20.0, 151.0, 0.9968, 3.08, 0.54, 9.3, negative
9.8, 0.42, 0.48, 9.85, 0.034, 5.0, 110.0, 0.9958, 2.87, 0.29, 10.0, negative
7.5, 0.27, 0.31, 17.7, 0.051, 33.0, 173.0, 0.999, 3.09, 0.64, 10.2, negative
5.9, 0.23, 0.3, 12.9, 0.054, 57.0, 170.0, 0.9972, 3.28, 0.39, 9.4, negative
7.1, 0.34, 0.15, 1.2, 0.053, 61.0, 183.0, 0.9936, 3.09, 0.43, 9.2, negative
6.8, 0.26, 0.56, 11.9, 0.043, 64.0, 226.0, 0.997, 3.02, 0.63, 9.3, negative
6.8, 0.29, 0.56, 11.9, 0.043, 66.0, 230.0, 0.9972, 3.02, 0.63, 9.3, negative
5.9, 0.3, 0.23, 4.2, 0.038, 42.0, 119.0, 0.9924, 3.15, 0.5, 11.0, negative
6.8, 0.28, 0.4, 22.0, 0.048, 48.0, 167.0, 1.001, 2.93, 0.5, 8.7, negative
6.4, 0.29, 0.44, 3.6, 0.197, 75.0, 183.0, 0.9942, 3.01, 0.38, 9.1, negative
6.8, 0.26, 0.24, 7.8, 0.052, 54.0, 214.0, 0.9961, 3.13, 0.47, 8.9, negative
7.1, 0.32, 0.24, 13.1, 0.05, 52.0, 204.0, 0.998, 3.1, 0.49, 8.8, negative
6.9, 0.54, 0.32, 13.2, 0.05, 53.0, 236.0, 0.9973, 3.2, 0.5, 9.6, negative
7.0, 0.16, 0.32, 8.3, 0.045, 38.0, 126.0, 0.9958, 3.21, 0.34, 9.2, negative
5.6, 0.245, 0.25, 9.7, 0.032, 12.0, 68.0, 0.994, 3.31, 0.34, 10.5, negative
7.5, 0.27, 0.36, 7.0, 0.036, 45.0, 164.0, 0.9939, 3.03, 0.33, 11.0, negative
5.8, 0.26, 0.24, 9.2, 0.044, 55.0, 152.0, 0.9961, 3.31, 0.38, 9.4, negative
7.5, 0.23, 0.36, 7.0, 0.036, 43.0, 161.0, 0.9938, 3.04, 0.32, 11.0, negative
7.1, 0.24, 0.41, 17.8, 0.046, 39.0, 145.0, 0.9998, 3.32, 0.39, 8.7, negative
7.1, 0.24, 0.41, 17.8, 0.046, 39.0, 145.0, 0.9998, 3.32, 0.39, 8.7, negative
7.7, 0.31, 0.26, 7.8, 0.031, 23.0, 90.0, 0.9944, 3.13, 0.5, 10.4, negative
8.5, 0.26, 0.21, 16.2, 0.074, 41.0, 197.0, 0.998, 3.02, 0.5, 9.8, positive
5.8, 0.24, 0.44, 3.5, 0.029, 5.0, 109.0, 0.9913, 3.53, 0.43, 11.7, positive
6.9, 0.29, 0.4, 19.45, 0.043, 36.0, 156.0, 0.9996, 2.93, 0.47, 8.9, negative
5.8, 0.25, 0.26, 13.1, 0.051, 44.0, 148.0, 0.9972, 3.29, 0.38, 9.3, negative
6.6, 0.58, 0.3, 5.1, 0.057, 30.0, 123.0, 0.9949, 3.24, 0.38, 9.0, negative
7.0, 0.29, 0.54, 10.7, 0.046, 59.0, 234.0, 0.9966, 3.05, 0.61, 9.5, negative
6.7, 0.34, 0.3, 15.6, 0.054, 51.0, 196.0, 0.9982, 3.19, 0.49, 9.3, negative
8.3, 0.39, 0.7, 10.6, 0.045, 33.0, 169.0, 0.9976, 3.09, 0.57, 9.4, negative
7.2, 0.43, 0.24, 6.7, 0.058, 40.0, 163.0, 0.995, 3.2, 0.41, 9.9, negative
5.8, 0.34, 0.21, 6.6, 0.04, 50.0, 167.0, 0.9941, 3.29, 0.62, 10.0, negative
6.6, 0.24, 0.35, 7.7, 0.031, 36.0, 135.0, 0.9938, 3.19, 0.37, 10.5, negative
6.6, 0.24, 0.35, 7.7, 0.031, 36.0, 135.0, 0.9938, 3.19, 0.37, 10.5, negative
8.3, 0.41, 0.51, 2.0, 0.046, 11.0, 207.0, 0.993, 3.02, 0.55, 11.4, negative
7.5, 0.27, 0.31, 5.8, 0.057, 131.0, 313.0, 0.9946, 3.18, 0.59, 10.5, negative
7.2, 0.21, 0.41, 1.3, 0.036, 33.0, 85.0, 0.992, 3.17, 0.51, 10.4, negative
6.8, 0.24, 0.34, 4.6, 0.032, 37.0, 135.0, 0.9927, 3.2, 0.39, 10.6, negative
5.6, 0.26, 0.26, 5.7, 0.031, 12.0, 80.0, 0.9923, 3.25, 0.38, 10.8, negative
5.4, 0.31, 0.47, 3.0, 0.053, 46.0, 144.0, 0.9931, 3.29, 0.76, 10.0, negative
6.6, 0.905, 0.19, 0.8, 0.048, 17.0, 204.0, 0.9934, 3.34, 0.56, 10.0, negative
6.3, 0.39, 0.35, 5.9, 0.04, 82.5, 260.0, 0.9941, 3.12, 0.66, 10.1, negative
8.2, 0.28, 0.42, 1.8, 0.031, 30.0, 93.0, 0.9917, 3.09, 0.39, 11.4, negative
5.9, 0.26, 0.27, 18.2, 0.048, 52.0, 168.0, 0.9993, 3.35, 0.44, 9.4, negative
6.8, 0.37, 0.51, 11.8, 0.044, 62.0, 163.0, 0.9976, 3.19, 0.44, 8.8, negative
6.1, 0.35, 0.07, 1.4, 0.069, 22.0, 108.0, 0.9934, 3.23, 0.52, 9.2, negative
7.1, 0.27, 0.31, 18.2, 0.046, 55.0, 252.0, 1.0, 3.07, 0.56, 8.7, negative
7.2, 0.19, 0.39, 1.2, 0.036, 32.0, 85.0, 0.9918, 3.16, 0.5, 10.5, negative
7.2, 0.19, 0.39, 1.2, 0.036, 32.0, 85.0, 0.9918, 3.16, 0.5, 10.5, negative
6.8, 0.29, 0.5, 13.3, 0.053, 48.0, 194.0, 0.9974, 3.09, 0.45, 9.4, negative
6.8, 0.29, 0.5, 13.3, 0.053, 48.0, 194.0, 0.9974, 3.09, 0.45, 9.4, negative
6.1, 0.28, 0.32, 2.5, 0.042, 23.0, 218.5, 0.9935, 3.27, 0.6, 9.8, negative
7.1, 0.32, 0.32, 11.0, 0.038, 16.0, 66.0, 0.9937, 3.24, 0.4, 11.5, positive
7.2, 0.6, 0.2, 9.9, 0.07, 21.0, 174.0, 0.9971, 3.03, 0.54, 9.1, negative
6.1, 0.2, 0.25, 1.2, 0.038, 34.0, 128.0, 0.9921, 3.24, 0.44, 10.1, negative
7.0, 0.25, 0.29, 15.2, 0.047, 40.0, 171.0, 0.9982, 3.22, 0.45, 9.3, negative
7.2, 0.39, 0.62, 11.0, 0.047, 66.0, 178.0, 0.9976, 3.16, 0.5, 8.7, negative
6.3, 0.21, 0.58, 10.0, 0.081, 34.0, 126.0, 0.9962, 2.95, 0.46, 8.9, negative
7.2, 0.39, 0.62, 11.0, 0.047, 66.0, 178.0, 0.9976, 3.16, 0.5, 8.7, negative
5.8, 0.25, 0.24, 13.3, 0.044, 41.0, 137.0, 0.9972, 3.34, 0.42, 9.5, negative
6.5, 0.3, 0.29, 2.25, 0.037, 8.0, 210.0, 0.9937, 3.19, 0.62, 9.9, negative
7.9, 0.19, 0.26, 2.1, 0.039, 8.0, 143.0, 0.9942, 3.05, 0.74, 9.8, negative
6.4, 0.18, 0.48, 4.0, 0.186, 64.0, 150.0, 0.9945, 3.06, 0.4, 9.3, negative
7.9, 0.345, 0.51, 15.3, 0.047, 54.0, 171.0, 0.9987, 3.09, 0.51, 9.1, negative
6.1, 0.24, 0.3, 1.5, 0.045, 22.0, 61.0, 0.992, 3.31, 0.54, 10.4, negative
7.2, 0.46, 0.65, 10.4, 0.05, 76.0, 192.0, 0.9976, 3.16, 0.42, 8.7, negative
5.9, 0.37, 0.1, 1.6, 0.057, 39.0, 128.0, 0.9924, 3.24, 0.48, 10.1, negative
6.7, 0.34, 0.54, 16.3, 0.047, 44.0, 181.0, 0.9987, 3.04, 0.56, 8.8, negative
5.7, 0.18, 0.22, 4.2, 0.042, 25.0, 111.0, 0.994, 3.35, 0.39, 9.4, negative
7.1, 0.31, 0.5, 14.5, 0.059, 6.0, 148.0, 0.9983, 2.94, 0.44, 9.1, negative
6.4, 0.45, 0.07, 1.1, 0.03, 10.0, 131.0, 0.9905, 2.97, 0.28, 10.8, negative
6.4, 0.475, 0.06, 1.0, 0.03, 9.0, 131.0, 0.9904, 2.97, 0.29, 10.8, negative
6.4, 0.45, 0.07, 1.1, 0.03, 10.0, 131.0, 0.9905, 2.97, 0.28, 10.8, negative
7.3, 0.25, 0.29, 7.5, 0.049, 38.0, 158.0, 0.9965, 3.43, 0.38, 9.6, negative
7.5, 0.23, 0.68, 11.0, 0.047, 37.0, 133.0, 0.9978, 2.99, 0.38, 8.8, negative
7.5, 0.23, 0.68, 11.0, 0.047, 37.0, 133.0, 0.9978, 2.99, 0.38, 8.8, negative
7.2, 0.24, 0.34, 1.1, 0.045, 3.0, 64.0, 0.9913, 3.23, 0.51, 11.4, negative
6.0, 0.36, 0.06, 1.4, 0.066, 27.0, 128.0, 0.9934, 3.26, 0.55, 9.3, negative
6.0, 0.29, 0.2, 12.6, 0.045, 45.0, 187.0, 0.9972, 3.33, 0.42, 9.5, negative
6.4, 0.24, 0.29, 11.4, 0.051, 32.0, 166.0, 0.9968, 3.31, 0.45, 9.5, negative
6.3, 0.26, 0.25, 7.8, 0.058, 44.0, 166.0, 0.9961, 3.24, 0.41, 9.0, negative
6.0, 0.32, 0.12, 5.9, 0.041, 34.0, 190.0, 0.9944, 3.16, 0.72, 10.0, negative
6.6, 0.27, 0.25, 3.1, 0.052, 41.0, 188.0, 0.9915, 3.24, 0.4, 11.3, negative
7.1, 0.28, 0.26, 1.9, 0.049, 12.0, 86.0, 0.9934, 3.15, 0.38, 9.4, negative
7.8, 0.28, 0.22, 1.4, 0.056, 24.0, 130.0, 0.9944, 3.28, 0.48, 9.5, negative
6.4, 0.24, 0.5, 11.6, 0.047, 60.0, 211.0, 0.9966, 3.18, 0.57, 9.3, negative
6.8, 0.34, 0.69, 1.3, 0.058, 12.0, 171.0, 0.9931, 3.06, 0.47, 9.7, negative
8.1, 0.46, 0.31, 1.7, 0.052, 50.0, 183.0, 0.9923, 3.03, 0.42, 11.2, negative
6.0, 0.36, 0.16, 6.3, 0.036, 36.0, 191.0, 0.9942, 3.17, 0.62, 9.8, negative
7.4, 0.31, 0.48, 14.2, 0.042, 62.0, 204.0, 0.9983, 3.06, 0.59, 9.4, negative
8.6, 0.27, 0.46, 6.1, 0.032, 13.0, 41.0, 0.993, 2.89, 0.34, 10.9, negative
6.2, 0.47, 0.21, 1.0, 0.044, 13.0, 98.0, 0.99345, 3.14, 0.46, 9.2, negative
6.1, 0.25, 0.24, 12.1, 0.046, 51.0, 172.0, 0.998, 3.35, 0.45, 9.5, negative
6.4, 0.31, 0.39, 7.5, 0.04, 57.0, 213.0, 0.99475, 3.32, 0.43, 10.0, negative
7.0, 0.21, 0.34, 8.0, 0.057, 19.0, 101.0, 0.9954, 2.99, 0.59, 9.4, negative
6.4, 0.16, 0.31, 5.3, 0.043, 42.0, 157.0, 0.99455, 3.35, 0.47, 10.5, negative
6.9, 0.38, 0.25, 9.8, 0.04, 28.0, 191.0, 0.9971, 3.28, 0.61, 9.2, negative
5.8, 0.25, 0.28, 11.1, 0.056, 45.0, 175.0, 0.99755, 3.42, 0.43, 9.5, negative
6.7, 0.5, 0.63, 13.4, 0.078, 81.0, 238.0, 0.9988, 3.08, 0.44, 9.2, negative
7.2, 0.23, 0.19, 13.7, 0.052, 47.0, 197.0, 0.99865, 3.12, 0.53, 9.0, negative
7.4, 0.32, 0.27, 1.4, 0.049, 38.0, 173.0, 0.99335, 3.03, 0.52, 9.3, negative
6.0, 0.28, 0.49, 6.8, 0.048, 61.0, 222.0, 0.9953, 3.19, 0.47, 9.3, negative
6.6, 0.56, 0.22, 8.9, 0.034, 27.0, 133.0, 0.99675, 3.2, 0.51, 9.1, negative
6.6, 0.56, 0.22, 8.9, 0.034, 27.0, 133.0, 0.99675, 3.2, 0.51, 9.1, negative
6.6, 0.36, 0.29, 1.6, 0.021, 24.0, 85.0, 0.98965, 3.41, 0.61, 12.4, positive
8.4, 0.18, 0.42, 5.1, 0.036, 7.0, 77.0, 0.9939, 3.16, 0.52, 11.7, negative
7.4, 0.24, 0.36, 2.0, 0.031, 27.0, 139.0, 0.99055, 3.28, 0.48, 12.5, positive
9.2, 0.34, 0.27, 1.2, 0.026, 17.0, 73.0, 0.9921, 3.08, 0.39, 10.8, negative
7.7, 0.34, 0.58, 11.1, 0.039, 41.0, 151.0, 0.9978, 3.06, 0.49, 8.6, negative
8.2, 0.38, 0.49, 13.6, 0.042, 58.0, 166.0, 0.99855, 3.1, 0.54, 9.4, negative
8.2, 0.4, 0.48, 13.7, 0.042, 59.0, 169.0, 0.9986, 3.1, 0.52, 9.4, negative
6.9, 0.36, 0.34, 4.2, 0.018, 57.0, 119.0, 0.9898, 3.28, 0.36, 12.7, positive
5.9, 0.26, 0.3, 1.0, 0.036, 38.0, 114.0, 0.9928, 3.58, 0.48, 9.4, negative
7.5, 0.24, 0.31, 13.0, 0.049, 46.0, 217.0, 0.9985, 3.08, 0.53, 8.8, negative
6.3, 0.33, 0.2, 5.8, 0.04, 24.0, 144.0, 0.99425, 3.15, 0.63, 9.9, negative
6.2, 0.33, 0.19, 5.6, 0.042, 22.0, 143.0, 0.99425, 3.15, 0.63, 9.9, negative
6.3, 0.34, 0.19, 5.8, 0.041, 22.0, 145.0, 0.9943, 3.15, 0.63, 9.9, negative
5.8, 0.29, 0.05, 0.8, 0.038, 11.0, 30.0, 0.9924, 3.36, 0.35, 9.2, negative
6.3, 0.27, 0.23, 2.9, 0.047, 13.0, 100.0, 0.9936, 3.28, 0.43, 9.8, negative
6.4, 0.26, 0.43, 12.6, 0.033, 64.0, 230.0, 0.9974, 3.08, 0.38, 8.9, negative
6.2, 0.28, 0.43, 13.0, 0.039, 64.0, 233.0, 0.99745, 3.08, 0.38, 8.9, negative
6.2, 0.34, 0.28, 7.5, 0.034, 40.0, 197.0, 0.99485, 3.14, 0.6, 9.7, negative
8.2, 0.345, 1.0, 18.2, 0.047, 55.0, 205.0, 0.99965, 2.96, 0.43, 9.6, negative
8.5, 0.16, 0.35, 1.6, 0.039, 24.0, 147.0, 0.9935, 2.96, 0.36, 10.0, negative
7.3, 0.25, 0.39, 6.4, 0.034, 8.0, 84.0, 0.9942, 3.18, 0.46, 11.5, negative
7.6, 0.345, 0.26, 1.9, 0.043, 15.0, 134.0, 0.9936, 3.08, 0.38, 9.5, negative
7.6, 0.345, 0.26, 1.9, 0.043, 15.0, 134.0, 0.9936, 3.08, 0.38, 9.5, negative
7.6, 0.3, 0.25, 4.3, 0.054, 22.0, 111.0, 0.9956, 3.12, 0.49, 9.2, negative
6.5, 0.14, 0.33, 7.6, 0.05, 53.0, 189.0, 0.9966, 3.25, 0.49, 8.6, negative
6.0, 0.2, 0.71, 1.6, 0.15, 10.0, 54.0, 0.9927, 3.12, 0.47, 9.8, negative
6.9, 0.19, 0.33, 1.6, 0.043, 63.0, 149.0, 0.9925, 3.44, 0.52, 10.8, negative
6.5, 0.25, 0.27, 15.2, 0.049, 75.0, 217.0, 0.9972, 3.19, 0.39, 9.9, negative
6.2, 0.25, 0.47, 11.6, 0.048, 62.0, 210.0, 0.9968, 3.19, 0.5, 9.5, negative
6.1, 0.16, 0.27, 12.6, 0.064, 63.0, 162.0, 0.9994, 3.66, 0.43, 8.9, negative
6.8, 0.37, 0.47, 11.2, 0.071, 44.0, 136.0, 0.9968, 2.98, 0.88, 9.2, negative
7.9, 0.64, 0.46, 10.6, 0.244, 33.0, 227.0, 0.9983, 2.87, 0.74, 9.1, positive
7.1, 0.47, 0.24, 6.0, 0.044, 11.0, 77.0, 0.9956, 3.21, 0.56, 9.7, negative
7.5, 0.17, 0.34, 1.4, 0.035, 13.0, 102.0, 0.9918, 3.05, 0.74, 11.0, negative
7.5, 0.33, 0.48, 19.45, 0.048, 55.0, 243.0, 1.001, 2.95, 0.4, 8.8, negative
7.3, 0.15, 0.4, 2.0, 0.05, 24.0, 92.0, 0.9932, 3.14, 0.45, 10.5, negative
6.5, 0.19, 0.1, 1.3, 0.046, 23.0, 107.0, 0.9937, 3.29, 0.45, 10.0, negative
8.3, 0.4, 0.38, 1.1, 0.038, 15.0, 75.0, 0.9934, 3.03, 0.43, 9.2, negative
7.3, 0.24, 0.34, 7.5, 0.048, 29.0, 152.0, 0.9962, 3.1, 0.54, 9.0, negative
7.6, 0.29, 0.42, 1.3, 0.035, 18.0, 86.0, 0.9908, 2.99, 0.39, 11.3, negative
7.0, 0.31, 0.52, 1.7, 0.029, 5.0, 61.0, 0.9918, 3.07, 0.43, 10.4, negative
7.0, 0.21, 0.28, 7.5, 0.07, 45.0, 185.0, 0.9966, 3.34, 0.55, 9.4, negative
6.7, 0.26, 0.26, 4.0, 0.079, 35.5, 216.0, 0.9956, 3.31, 0.68, 9.5, negative
6.7, 0.26, 0.26, 4.1, 0.073, 36.0, 202.0, 0.9956, 3.3, 0.67, 9.5, negative
7.8, 0.26, 0.44, 1.3, 0.037, 43.0, 132.0, 0.9944, 3.18, 0.65, 10.0, negative
6.5, 0.26, 0.34, 16.3, 0.051, 56.0, 197.0, 1.0004, 3.49, 0.42, 9.8, negative
7.3, 0.31, 0.69, 10.2, 0.041, 58.0, 160.0, 0.9977, 3.06, 0.45, 8.6, negative
6.3, 0.16, 0.4, 1.6, 0.033, 59.0, 148.0, 0.9914, 3.44, 0.53, 11.4, negative
7.3, 0.31, 0.69, 10.2, 0.041, 58.0, 160.0, 0.9977, 3.06, 0.45, 8.6, negative
7.4, 0.18, 0.4, 1.6, 0.047, 22.0, 102.0, 0.9937, 3.28, 0.44, 10.7, negative
5.9, 0.415, 0.13, 1.4, 0.04, 11.0, 64.0, 0.9922, 3.29, 0.52, 10.5, negative
5.8, 0.415, 0.13, 1.4, 0.04, 11.0, 64.0, 0.9922, 3.29, 0.52, 10.5, negative
9.6, 0.23, 0.4, 1.5, 0.044, 19.0, 135.0, 0.9937, 2.96, 0.49, 10.9, negative
8.7, 0.22, 0.42, 2.3, 0.053, 27.0, 114.0, 0.994, 2.99, 0.43, 10.0, negative
7.4, 0.41, 0.34, 4.7, 0.042, 19.0, 127.0, 0.9953, 3.25, 0.42, 10.4, negative
9.2, 0.28, 0.46, 3.2, 0.058, 39.0, 133.0, 0.996, 3.14, 0.58, 9.5, negative
6.7, 0.25, 0.23, 7.2, 0.038, 61.0, 220.0, 0.9952, 3.14, 0.35, 9.5, negative
6.9, 0.32, 0.17, 7.6, 0.042, 69.0, 219.0, 0.9959, 3.13, 0.4, 8.9, negative
6.8, 0.32, 0.18, 7.5, 0.041, 71.0, 223.0, 0.9959, 3.14, 0.41, 8.9, negative
7.2, 0.2, 0.38, 1.0, 0.037, 21.0, 74.0, 0.9918, 3.21, 0.37, 11.0, negative
8.2, 0.61, 0.45, 5.4, 0.03, 15.0, 118.0, 0.9954, 3.14, 0.34, 9.6, negative
7.4, 0.22, 0.33, 2.0, 0.045, 31.0, 101.0, 0.9931, 3.42, 0.55, 11.4, negative
6.4, 0.25, 0.41, 8.6, 0.042, 57.0, 173.0, 0.9965, 3.0, 0.44, 9.1, negative
9.8, 0.44, 0.4, 2.8, 0.036, 35.0, 167.0, 0.9956, 2.97, 0.39, 9.2, negative
6.5, 0.41, 0.64, 11.8, 0.065, 65.0, 225.0, 0.9978, 3.12, 0.51, 8.9, negative
7.5, 0.32, 0.37, 1.2, 0.048, 22.0, 184.0, 0.9938, 3.09, 0.43, 9.3, negative
6.4, 0.3, 0.38, 7.8, 0.046, 35.0, 192.0, 0.9955, 3.1, 0.37, 9.0, negative
8.9, 0.33, 0.32, 1.5, 0.047, 11.0, 200.0, 0.9954, 3.19, 0.46, 9.4, negative
7.3, 0.27, 0.39, 6.7, 0.064, 28.0, 188.0, 0.9958, 3.29, 0.3, 9.7, negative
8.0, 0.28, 0.42, 7.1, 0.045, 41.0, 169.0, 0.9959, 3.17, 0.43, 10.6, negative
8.0, 0.28, 0.42, 7.1, 0.045, 41.0, 169.0, 0.9959, 3.17, 0.43, 10.6, negative
8.3, 0.33, 0.42, 1.15, 0.033, 18.0, 96.0, 0.9911, 3.2, 0.32, 12.4, positive
6.4, 0.26, 0.22, 5.1, 0.037, 23.0, 131.0, 0.9944, 3.29, 0.32, 10.1, negative
5.7, 0.245, 0.33, 1.1, 0.049, 28.0, 150.0, 0.9927, 3.13, 0.42, 9.3, negative
7.0, 0.16, 0.73, 1.0, 0.138, 58.0, 150.0, 0.9936, 3.08, 0.3, 9.2, negative
8.1, 0.5, 0.47, 1.1, 0.037, 23.0, 126.0, 0.9938, 3.21, 0.42, 10.9, negative
8.1, 0.5, 0.47, 1.1, 0.037, 23.0, 126.0, 0.9938, 3.21, 0.42, 10.9, negative
7.8, 0.23, 0.28, 4.75, 0.042, 45.0, 166.0, 0.9928, 2.96, 0.4, 11.5, negative
6.9, 0.2, 0.4, 7.7, 0.032, 51.0, 176.0, 0.9939, 3.22, 0.27, 11.4, negative
9.7, 0.14, 0.59, 1.5, 0.049, 23.0, 142.0, 0.9958, 2.98, 0.62, 9.5, negative
9.6, 0.25, 0.54, 1.3, 0.04, 16.0, 160.0, 0.9938, 2.94, 0.43, 10.5, negative
7.0, 0.15, 0.34, 1.4, 0.039, 21.0, 177.0, 0.9927, 3.32, 0.62, 10.8, negative
6.4, 0.25, 0.53, 6.6, 0.038, 59.0, 234.0, 0.9955, 3.03, 0.42, 8.8, negative
6.2, 0.2, 0.26, 1.7, 0.093, 40.0, 161.0, 0.9924, 3.44, 0.66, 11.0, negative
6.7, 0.18, 0.3, 6.4, 0.048, 40.0, 251.0, 0.9956, 3.29, 0.52, 10.0, negative
7.6, 0.54, 0.23, 2.0, 0.029, 13.0, 151.0, 0.9931, 3.04, 0.33, 10.4, negative
6.7, 0.18, 0.3, 6.4, 0.048, 40.0, 251.0, 0.9956, 3.29, 0.52, 10.0, negative
7.6, 0.19, 0.41, 1.1, 0.04, 38.0, 143.0, 0.9907, 2.92, 0.42, 11.4, negative
7.6, 0.19, 0.41, 1.1, 0.04, 38.0, 143.0, 0.9907, 2.92, 0.42, 11.4, negative
7.6, 0.27, 0.24, 3.8, 0.058, 19.0, 115.0, 0.9958, 3.15, 0.45, 8.9, negative
7.4, 0.64, 0.47, 14.15, 0.168, 42.0, 185.0, 0.9984, 2.9, 0.49, 9.3, negative
9.0, 0.31, 0.48, 6.6, 0.043, 11.0, 73.0, 0.9938, 2.9, 0.38, 11.6, negative
5.9, 0.415, 0.02, 0.8, 0.038, 22.0, 63.0, 0.9932, 3.36, 0.36, 9.3, negative
8.6, 0.55, 0.35, 15.55, 0.057, 35.5, 366.5, 1.0001, 3.04, 0.63, 11.0, positive
7.4, 0.25, 0.49, 1.1, 0.042, 35.0, 156.0, 0.9917, 3.13, 0.55, 11.3, negative
6.1, 0.22, 0.49, 1.5, 0.051, 18.0, 87.0, 0.9928, 3.3, 0.46, 9.6, negative
8.5, 0.56, 0.74, 17.85, 0.051, 51.0, 243.0, 1.0005, 2.99, 0.7, 9.2, negative
6.1, 0.25, 0.49, 7.6, 0.052, 67.0, 226.0, 0.9956, 3.16, 0.47, 8.9, negative
8.0, 0.25, 0.49, 1.2, 0.061, 27.0, 117.0, 0.9938, 3.08, 0.34, 9.4, negative
8.3, 0.21, 0.49, 19.8, 0.054, 50.0, 231.0, 1.0012, 2.99, 0.54, 9.2, negative
7.0, 0.2, 0.74, 0.8, 0.044, 19.0, 163.0, 0.9931, 3.46, 0.53, 10.2, negative
7.2, 0.4, 0.49, 1.1, 0.048, 11.0, 138.0, 0.9929, 3.01, 0.42, 9.3, negative
7.8, 0.21, 0.49, 1.35, 0.052, 6.0, 48.0, 0.9911, 3.15, 0.28, 11.4, negative
7.1, 0.85, 0.49, 8.7, 0.028, 40.0, 184.0, 0.9962, 3.22, 0.36, 10.7, negative
7.5, 0.32, 0.24, 4.6, 0.053, 8.0, 134.0, 0.9958, 3.14, 0.5, 9.1, positive
7.9, 0.16, 0.74, 17.85, 0.037, 52.0, 187.0, 0.9998, 2.99, 0.41, 9.3, negative
8.0, 0.3, 0.49, 9.4, 0.046, 47.0, 188.0, 0.9964, 3.14, 0.48, 10.0, negative
7.9, 0.2, 0.49, 1.6, 0.053, 15.0, 144.0, 0.993, 3.16, 0.47, 10.5, negative
8.3, 0.2, 0.49, 1.7, 0.04, 34.0, 169.0, 0.9938, 3.05, 0.37, 10.1, negative
6.9, 0.21, 0.49, 1.4, 0.041, 15.0, 164.0, 0.9927, 3.25, 0.63, 11.0, negative
9.1, 0.28, 0.49, 2.0, 0.059, 10.0, 112.0, 0.9958, 3.15, 0.46, 10.1, negative
9.1, 0.28, 0.49, 2.0, 0.059, 10.0, 112.0, 0.9958, 3.15, 0.46, 10.1, negative
7.6, 0.18, 0.49, 18.05, 0.046, 36.0, 158.0, 0.9996, 3.06, 0.41, 9.2, negative
6.7, 0.3, 0.74, 5.0, 0.038, 35.0, 157.0, 0.9945, 3.21, 0.46, 9.9, negative
6.6, 0.3, 0.74, 4.6, 0.041, 36.0, 159.0, 0.9946, 3.21, 0.45, 9.9, negative
7.8, 0.26, 0.49, 3.1, 0.045, 21.0, 116.0, 0.9931, 3.16, 0.35, 10.3, negative
6.4, 0.18, 0.74, 11.9, 0.046, 54.0, 168.0, 0.9978, 3.58, 0.68, 10.1, negative
7.3, 0.3, 0.74, 13.5, 0.039, 46.0, 165.0, 0.9982, 3.02, 0.4, 8.7, negative
7.3, 0.3, 0.74, 13.5, 0.039, 46.0, 165.0, 0.9982, 3.02, 0.4, 8.7, negative
8.9, 0.32, 0.49, 1.6, 0.05, 17.0, 131.0, 0.9956, 3.13, 0.34, 9.4, negative
7.8, 0.49, 0.49, 7.0, 0.043, 29.0, 149.0, 0.9952, 3.21, 0.33, 10.0, negative
6.6, 0.46, 0.49, 7.4, 0.052, 19.0, 184.0, 0.9956, 3.11, 0.38, 9.0, negative
5.8, 0.15, 0.49, 1.1, 0.048, 21.0, 98.0, 0.9929, 3.19, 0.48, 9.2, negative
6.6, 0.26, 0.31, 4.8, 0.138, 41.0, 168.0, 0.9951, 3.2, 0.38, 9.3, negative
6.4, 0.35, 0.2, 5.7, 0.034, 18.0, 117.0, 0.9944, 3.33, 0.43, 10.1, negative
7.6, 0.32, 0.34, 18.35, 0.054, 44.0, 197.0, 1.0008, 3.22, 0.55, 9.0, negative
6.7, 0.265, 0.22, 8.6, 0.048, 54.0, 198.0, 0.9955, 3.25, 0.41, 10.2, negative
7.9, 0.29, 0.36, 11.1, 0.033, 43.0, 208.0, 0.9969, 3.14, 0.46, 10.3, negative
6.8, 0.26, 0.29, 16.95, 0.056, 48.0, 179.0, 0.9998, 3.45, 0.4, 9.6, negative
7.0, 0.2, 0.3, 6.1, 0.037, 31.0, 120.0, 0.9939, 3.24, 0.51, 10.8, negative
6.8, 0.3, 0.24, 6.6, 0.123, 35.0, 116.0, 0.9953, 3.07, 0.48, 9.4, negative
6.8, 0.3, 0.24, 6.6, 0.123, 35.0, 116.0, 0.9953, 3.07, 0.48, 9.4, negative
6.6, 0.545, 0.04, 2.5, 0.031, 48.0, 111.0, 0.9906, 3.14, 0.32, 11.9, negative
6.1, 0.34, 0.31, 12.0, 0.053, 46.0, 238.0, 0.9977, 3.16, 0.48, 8.6, negative
6.7, 0.27, 0.25, 8.0, 0.053, 54.0, 202.0, 0.9961, 3.22, 0.43, 9.3, negative
6.9, 0.29, 0.23, 8.6, 0.056, 56.0, 215.0, 0.9967, 3.17, 0.44, 8.8, negative
9.6, 0.21, 0.28, 1.2, 0.038, 12.0, 53.0, 0.9926, 2.8, 0.46, 10.6, negative
6.6, 0.62, 0.2, 8.7, 0.046, 81.0, 224.0, 0.99605, 3.17, 0.44, 9.3, negative
6.6, 0.37, 0.07, 1.4, 0.048, 58.0, 144.0, 0.9922, 3.17, 0.38, 10.0, negative
6.6, 0.25, 0.35, 14.0, 0.069, 42.0, 163.0, 0.999, 3.56, 0.47, 9.8, negative
8.2, 0.36, 0.29, 7.6, 0.035, 37.0, 122.0, 0.9939, 3.16, 0.34, 12.0, negative
7.4, 0.35, 0.31, 17.95, 0.062, 42.0, 187.0, 1.0002, 3.27, 0.64, 9.1, negative
6.6, 0.37, 0.24, 2.0, 0.064, 23.0, 120.0, 0.9946, 3.32, 0.54, 9.4, negative
7.6, 0.38, 0.2, 3.4, 0.046, 9.0, 116.0, 0.9944, 3.15, 0.41, 9.4, negative
7.5, 0.33, 0.39, 12.4, 0.065, 29.0, 119.0, 0.9974, 3.16, 0.39, 9.4, negative
7.6, 0.38, 0.2, 3.4, 0.046, 9.0, 116.0, 0.9944, 3.15, 0.41, 9.4, negative
7.4, 0.29, 0.31, 1.7, 0.035, 23.0, 110.0, 0.9926, 3.07, 0.38, 10.9, negative
6.5, 0.32, 0.12, 11.5, 0.033, 35.0, 165.0, 0.9974, 3.22, 0.32, 9.0, negative
7.1, 0.32, 0.4, 1.5, 0.034, 13.0, 84.0, 0.9944, 3.42, 0.6, 10.4, negative
6.5, 0.32, 0.12, 11.5, 0.033, 35.0, 165.0, 0.9974, 3.22, 0.32, 9.0, negative
6.9, 0.18, 0.33, 1.0, 0.054, 24.0, 164.0, 0.9926, 3.42, 0.51, 10.5, negative
7.4, 0.44, 0.2, 11.5, 0.049, 44.0, 157.0, 0.998, 3.27, 0.44, 9.0, negative
7.6, 0.26, 0.58, 7.9, 0.041, 62.0, 180.0, 0.9966, 3.07, 0.38, 9.0, negative
7.4, 0.44, 0.2, 11.5, 0.049, 44.0, 157.0, 0.998, 3.27, 0.44, 9.0, negative
8.3, 0.27, 0.39, 2.4, 0.058, 16.0, 107.0, 0.9955, 3.28, 0.59, 10.3, negative
8.9, 0.34, 0.34, 1.6, 0.056, 13.0, 176.0, 0.9946, 3.14, 0.47, 9.7, negative
8.9, 0.33, 0.34, 1.4, 0.056, 14.0, 171.0, 0.9946, 3.13, 0.47, 9.7, negative
5.8, 0.33, 0.2, 16.05, 0.047, 26.0, 166.0, 0.9976, 3.09, 0.46, 8.9, negative
6.6, 0.31, 0.38, 16.05, 0.058, 16.0, 165.0, 0.9997, 3.38, 0.6, 9.2, negative
7.7, 0.3, 0.42, 14.3, 0.045, 45.0, 213.0, 0.9991, 3.18, 0.63, 9.2, negative
7.7, 0.3, 0.42, 14.3, 0.045, 45.0, 213.0, 0.9991, 3.18, 0.63, 9.2, negative
7.7, 0.3, 0.42, 14.3, 0.045, 45.0, 213.0, 0.9991, 3.18, 0.63, 9.2, negative
7.0, 0.53, 0.02, 1.0, 0.036, 39.0, 107.0, 0.993, 3.2, 0.32, 9.0, negative
7.7, 0.3, 0.42, 14.3, 0.045, 45.0, 213.0, 0.9991, 3.18, 0.63, 9.2, negative
7.6, 0.33, 0.41, 13.7, 0.045, 44.0, 197.0, 0.9989, 3.18, 0.64, 9.1, negative
6.8, 0.24, 0.31, 18.3, 0.046, 40.0, 142.0, 1.0, 3.3, 0.41, 8.7, negative
6.8, 0.24, 0.31, 18.3, 0.046, 40.0, 142.0, 1.0, 3.3, 0.41, 8.7, negative
6.8, 0.35, 0.44, 6.5, 0.056, 31.0, 161.0, 0.9952, 3.14, 0.44, 9.5, negative
7.4, 0.21, 0.3, 7.9, 0.039, 14.0, 118.0, 0.9942, 2.96, 0.34, 10.4, negative
6.0, 0.28, 0.35, 1.9, 0.037, 16.0, 120.0, 0.9933, 3.16, 0.69, 10.6, negative
6.6, 0.25, 0.36, 8.1, 0.045, 54.0, 180.0, 0.9958, 3.08, 0.42, 9.2, negative
6.6, 0.25, 0.36, 8.1, 0.045, 54.0, 180.0, 0.9958, 3.08, 0.42, 9.2, negative
7.1, 0.25, 0.28, 1.6, 0.052, 46.0, 169.0, 0.9926, 3.05, 0.41, 10.5, negative
8.8, 0.34, 0.33, 9.7, 0.036, 46.0, 172.0, 0.9966, 3.08, 0.4, 10.2, negative
7.2, 0.47, 0.65, 8.3, 0.083, 27.0, 182.0, 0.9964, 3.0, 0.35, 9.2, negative
7.2, 0.16, 0.35, 1.2, 0.031, 27.0, 84.0, 0.9928, 3.33, 0.34, 9.9, negative
6.8, 0.31, 0.32, 7.6, 0.052, 35.0, 143.0, 0.9959, 3.14, 0.38, 9.0, negative
8.3, 0.36, 0.57, 15.0, 0.052, 35.0, 256.0, 1.0001, 2.93, 0.64, 8.6, negative
6.8, 0.31, 0.32, 7.6, 0.052, 35.0, 143.0, 0.9959, 3.14, 0.38, 9.0, negative
8.3, 0.36, 0.57, 15.0, 0.052, 35.0, 256.0, 1.0001, 2.93, 0.64, 8.6, negative
6.3, 0.25, 0.44, 11.6, 0.041, 48.0, 195.0, 0.9968, 3.18, 0.52, 9.5, negative
6.0, 0.45, 0.42, 1.1, 0.051, 61.0, 197.0, 0.9932, 3.02, 0.4, 9.0, negative
5.7, 0.45, 0.42, 1.1, 0.051, 61.0, 197.0, 0.9932, 3.02, 0.4, 9.0, negative
6.7, 0.31, 0.44, 6.7, 0.054, 29.0, 160.0, 0.9952, 3.04, 0.44, 9.6, negative
8.0, 0.25, 0.13, 17.2, 0.036, 49.0, 219.0, 0.9996, 2.96, 0.46, 9.7, negative
7.2, 0.15, 0.33, 1.1, 0.027, 16.0, 63.0, 0.9937, 3.37, 0.4, 9.9, negative
8.5, 0.17, 0.31, 1.0, 0.024, 13.0, 91.0, 0.993, 2.79, 0.37, 10.1, negative
8.2, 0.21, 0.48, 1.4, 0.041, 11.0, 99.0, 0.9958, 3.17, 0.57, 9.9, negative
6.8, 0.31, 0.42, 6.9, 0.046, 50.0, 173.0, 0.9958, 3.19, 0.46, 9.0, negative
7.6, 0.2, 0.26, 4.5, 0.086, 37.0, 133.0, 0.9963, 3.15, 0.42, 9.2, negative
7.5, 0.26, 0.26, 18.35, 0.084, 33.0, 139.0, 1.0011, 3.17, 0.39, 8.8, negative
6.8, 0.28, 0.37, 7.0, 0.057, 35.0, 208.0, 0.9973, 3.57, 0.55, 10.2, negative
6.7, 0.31, 0.08, 1.3, 0.038, 58.0, 147.0, 0.9922, 3.18, 0.46, 10.0, negative
6.8, 0.18, 0.46, 1.4, 0.064, 37.0, 160.0, 0.9924, 3.37, 0.45, 11.1, negative
7.5, 0.3, 0.71, 1.3, 0.16, 44.0, 149.0, 0.9948, 3.08, 0.42, 8.9, negative
6.9, 0.32, 0.15, 8.1, 0.046, 51.0, 180.0, 0.9958, 3.13, 0.45, 8.9, negative
7.6, 0.29, 0.26, 6.5, 0.042, 32.0, 160.0, 0.9944, 3.14, 0.47, 10.7, negative
7.2, 0.23, 0.33, 12.7, 0.049, 50.0, 183.0, 0.9987, 3.41, 0.4, 9.8, negative
7.9, 0.35, 0.36, 1.6, 0.038, 11.0, 124.0, 0.9928, 3.25, 0.48, 11.0, negative
5.5, 0.14, 0.27, 4.6, 0.029, 22.0, 104.0, 0.9949, 3.34, 0.44, 9.0, negative
6.8, 0.33, 0.44, 7.0, 0.05, 29.0, 155.0, 0.9955, 3.14, 0.42, 9.5, negative
8.6, 0.485, 0.29, 4.1, 0.026, 19.0, 101.0, 0.9918, 3.01, 0.38, 12.4, negative
8.6, 0.485, 0.29, 4.1, 0.026, 19.0, 101.0, 0.9918, 3.01, 0.38, 12.4, negative
6.8, 0.21, 0.27, 18.15, 0.042, 41.0, 146.0, 1.0001, 3.3, 0.36, 8.7, negative
5.7, 0.46, 0.46, 1.4, 0.04, 31.0, 169.0, 0.9932, 3.13, 0.47, 8.8, negative
6.8, 0.28, 0.44, 11.5, 0.04, 58.0, 223.0, 0.9969, 3.22, 0.56, 9.5, negative
6.9, 0.17, 0.25, 1.6, 0.047, 34.0, 132.0, 0.9914, 3.16, 0.48, 11.4, negative
7.6, 0.18, 0.36, 2.4, 0.049, 38.0, 123.0, 0.996, 3.6, 0.46, 10.3, negative
7.6, 0.29, 0.29, 4.4, 0.051, 26.0, 146.0, 0.9939, 3.16, 0.39, 10.2, negative
6.6, 0.27, 0.29, 5.3, 0.045, 57.0, 189.0, 0.9953, 3.31, 0.79, 9.8, negative
6.8, 0.36, 0.32, 1.6, 0.039, 10.0, 124.0, 0.9948, 3.3, 0.67, 9.6, negative
9.4, 0.3, 0.32, 10.7, 0.029, 14.0, 111.0, 0.9958, 2.85, 0.42, 10.6, negative
7.2, 0.24, 0.19, 7.7, 0.045, 53.0, 176.0, 0.9958, 3.17, 0.38, 9.5, negative
6.6, 0.22, 0.53, 15.1, 0.052, 22.0, 136.0, 0.9986, 2.94, 0.35, 9.4, negative
6.6, 0.22, 0.53, 15.1, 0.052, 22.0, 136.0, 0.9986, 2.94, 0.35, 9.4, negative
8.4, 0.28, 0.4, 8.9, 0.048, 33.0, 146.0, 0.9988, 3.4, 0.46, 9.3, negative
6.8, 0.32, 0.34, 6.0, 0.05, 5.0, 129.0, 0.9953, 3.19, 0.4, 9.1, negative
6.7, 0.24, 0.33, 12.3, 0.046, 31.0, 145.0, 0.9983, 3.36, 0.4, 9.5, negative
6.2, 0.34, 0.3, 11.1, 0.047, 28.0, 237.0, 0.9981, 3.18, 0.49, 8.7, negative
6.0, 0.27, 0.15, 1.5, 0.056, 35.0, 128.0, 0.9936, 3.12, 0.45, 8.8, negative
6.0, 0.16, 0.3, 6.7, 0.043, 43.0, 153.0, 0.9951, 3.63, 0.46, 10.6, negative
8.5, 0.24, 0.47, 15.2, 0.057, 40.0, 234.0, 1.0005, 3.02, 0.66, 9.0, negative
6.5, 0.22, 0.25, 17.1, 0.05, 44.0, 138.0, 1.0001, 3.3, 0.37, 8.8, negative
6.5, 0.22, 0.25, 17.1, 0.05, 44.0, 138.0, 1.0001, 3.3, 0.37, 8.8, negative
6.5, 0.22, 0.25, 17.1, 0.05, 44.0, 138.0, 1.0001, 3.3, 0.37, 8.8, negative
6.8, 0.25, 0.27, 10.7, 0.076, 47.0, 154.0, 0.9967, 3.05, 0.38, 9.0, negative
6.8, 0.25, 0.27, 10.7, 0.076, 47.0, 154.0, 0.9967, 3.05, 0.38, 9.0, negative
6.5, 0.43, 0.28, 12.0, 0.056, 23.0, 174.0, 0.9986, 3.31, 0.55, 9.3, negative
9.1, 0.33, 0.38, 1.7, 0.062, 50.5, 344.0, 0.9958, 3.1, 0.7, 9.5, negative
6.8, 0.28, 0.39, 1.4, 0.036, 15.0, 115.0, 0.9918, 3.27, 0.72, 11.7, negative
7.2, 0.16, 0.26, 7.1, 0.054, 41.0, 224.0, 0.9966, 3.38, 0.55, 10.1, negative
7.1, 0.33, 0.64, 13.2, 0.056, 12.0, 105.0, 0.9972, 3.05, 0.39, 9.2, negative
7.7, 0.28, 0.35, 15.3, 0.056, 31.0, 117.0, 0.9998, 3.27, 0.5, 9.6, negative
7.5, 0.26, 0.52, 13.2, 0.047, 64.0, 179.0, 0.9982, 3.1, 0.46, 9.0, negative
6.4, 0.29, 0.2, 15.6, 0.04, 20.0, 142.0, 0.9962, 3.1, 0.54, 10.6, negative
7.7, 0.28, 0.35, 15.3, 0.056, 31.0, 117.0, 0.9998, 3.27, 0.5, 9.6, negative
6.9, 0.32, 0.13, 7.8, 0.042, 11.0, 117.0, 0.996, 3.23, 0.37, 9.2, negative
6.6, 0.32, 0.27, 10.9, 0.041, 37.0, 146.0, 0.9963, 3.24, 0.47, 10.0, negative
6.3, 0.3, 0.24, 6.6, 0.04, 38.0, 141.0, 0.995, 3.22, 0.47, 9.5, negative
6.5, 0.39, 0.81, 1.2, 0.217, 14.0, 74.0, 0.9936, 3.08, 0.53, 9.5, negative
7.1, 0.26, 0.19, 8.2, 0.051, 53.0, 187.0, 0.996, 3.16, 0.52, 9.7, negative
7.8, 0.24, 0.38, 2.1, 0.058, 14.0, 167.0, 0.994, 3.21, 0.55, 9.9, negative
7.6, 0.27, 0.33, 2.0, 0.059, 19.0, 175.0, 0.9944, 3.22, 0.56, 9.9, negative
7.8, 0.3, 0.37, 1.3, 0.051, 16.0, 96.0, 0.9941, 3.32, 0.62, 10.0, negative
7.7, 0.27, 0.61, 12.0, 0.046, 64.0, 179.0, 0.9982, 3.07, 0.46, 8.9, negative
6.5, 0.39, 0.35, 1.6, 0.049, 10.0, 164.0, 0.99516, 3.35, 0.51, 9.7, negative
7.2, 0.23, 0.38, 6.1, 0.067, 20.0, 90.0, 0.99496, 3.17, 0.79, 9.7, negative
7.1, 0.28, 0.19, 7.8, 0.04, 48.0, 184.0, 0.99579, 3.16, 0.5, 9.4, negative
7.0, 0.36, 0.14, 11.6, 0.043, 35.0, 228.0, 0.9977, 3.13, 0.51, 8.9, negative
7.6, 0.48, 0.28, 10.4, 0.049, 57.0, 205.0, 0.99748, 3.24, 0.45, 9.3, negative
7.6, 0.48, 0.28, 10.4, 0.049, 57.0, 205.0, 0.99748, 3.24, 0.45, 9.3, negative
9.4, 0.42, 0.32, 6.5, 0.027, 20.0, 167.0, 0.99479, 3.08, 0.43, 10.6, negative
6.1, 0.46, 0.32, 6.2, 0.053, 10.0, 94.0, 0.99537, 3.35, 0.47, 10.1, negative
7.1, 0.4, 0.52, 1.3, 0.148, 45.0, 149.0, 0.99468, 3.08, 0.56, 8.7, negative
7.4, 0.33, 0.26, 15.6, 0.049, 67.0, 210.0, 0.99907, 3.06, 0.68, 9.5, negative
7.4, 0.33, 0.26, 15.6, 0.049, 67.0, 210.0, 0.99907, 3.06, 0.68, 9.5, negative
7.4, 0.33, 0.26, 15.6, 0.049, 67.0, 210.0, 0.99907, 3.06, 0.68, 9.5, negative
6.6, 0.41, 0.24, 4.9, 0.158, 47.0, 144.0, 0.99471, 3.17, 0.49, 9.4, negative
7.4, 0.33, 0.26, 15.6, 0.049, 67.0, 210.0, 0.99907, 3.06, 0.68, 9.5, negative
6.6, 0.22, 0.28, 12.05, 0.058, 25.0, 125.0, 0.99856, 3.45, 0.45, 9.4, negative
6.0, 0.26, 0.18, 7.0, 0.055, 50.0, 194.0, 0.99591, 3.21, 0.43, 9.0, negative
6.9, 0.44, 0.18, 11.8, 0.051, 26.0, 126.0, 0.9975, 3.23, 0.48, 9.1, negative
5.6, 0.295, 0.2, 2.2, 0.049, 18.0, 134.0, 0.99378, 3.21, 0.68, 10.0, negative
9.4, 0.28, 0.3, 1.6, 0.045, 36.0, 139.0, 0.99534, 3.11, 0.49, 9.3, negative
9.4, 0.28, 0.3, 1.6, 0.045, 36.0, 139.0, 0.99534, 3.11, 0.49, 9.3, negative
6.9, 0.3, 0.21, 7.2, 0.045, 54.0, 190.0, 0.99595, 3.22, 0.48, 9.4, negative
7.6, 0.3, 0.4, 2.2, 0.054, 29.0, 175.0, 0.99445, 3.19, 0.53, 9.8, negative
7.2, 0.34, 0.3, 8.4, 0.051, 40.0, 167.0, 0.99756, 3.48, 0.62, 9.7, negative
7.9, 0.46, 0.4, 10.1, 0.168, 19.0, 184.0, 0.99782, 3.06, 0.62, 9.5, negative
7.9, 0.31, 0.22, 13.3, 0.048, 46.0, 212.0, 0.99942, 3.47, 0.59, 10.0, negative
8.9, 0.21, 0.37, 1.2, 0.028, 20.0, 93.0, 0.99244, 3.2, 0.37, 11.5, negative
6.0, 0.495, 0.27, 5.0, 0.157, 17.0, 129.0, 0.99396, 3.03, 0.36, 9.3, negative
8.2, 0.25, 0.46, 3.75, 0.05, 14.0, 102.0, 0.99524, 3.28, 0.58, 9.7, negative
7.6, 0.32, 0.35, 1.6, 0.092, 24.0, 138.0, 0.99438, 3.19, 0.44, 9.8, negative
7.6, 0.48, 0.37, 1.2, 0.034, 5.0, 57.0, 0.99256, 3.05, 0.54, 10.4, positive
7.6, 0.2, 0.68, 12.9, 0.042, 56.0, 160.0, 0.99841, 3.05, 0.41, 8.7, negative
6.3, 0.695, 0.55, 12.9, 0.056, 58.0, 252.0, 0.99806, 3.29, 0.49, 8.7, negative
8.4, 0.3, 0.25, 17.75, 0.047, 25.0, 218.0, 1.00016, 2.98, 0.66, 9.1, negative
9.8, 0.16, 0.46, 1.8, 0.046, 23.0, 130.0, 0.99587, 3.04, 0.67, 9.6, negative
7.5, 0.705, 0.1, 13.0, 0.044, 44.0, 214.0, 0.99741, 3.1, 0.5, 9.1, negative
7.3, 0.815, 0.09, 11.4, 0.044, 45.0, 204.0, 0.99713, 3.15, 0.46, 9.0, negative
6.4, 0.28, 0.17, 8.3, 0.042, 61.0, 195.0, 0.99577, 3.22, 0.46, 9.4, negative
6.3, 0.29, 0.14, 7.05, 0.045, 50.0, 177.0, 0.99564, 3.23, 0.42, 9.0, negative
7.6, 0.285, 0.32, 14.6, 0.063, 32.0, 201.0, 0.998, 3.0, 0.45, 9.2, negative
6.6, 0.34, 0.34, 2.6, 0.051, 40.5, 210.0, 0.99314, 3.15, 0.61, 10.0, negative
6.6, 0.56, 0.15, 10.0, 0.037, 38.0, 157.0, 0.99642, 3.28, 0.52, 9.4, negative
6.6, 0.56, 0.15, 10.0, 0.037, 38.0, 157.0, 0.99642, 3.28, 0.52, 9.4, negative
6.6, 0.33, 0.24, 16.05, 0.045, 31.0, 147.0, 0.99822, 3.08, 0.52, 9.2, negative
8.2, 0.26, 0.33, 2.6, 0.053, 11.0, 71.0, 0.99402, 2.89, 0.49, 9.5, negative
8.3, 0.25, 0.33, 2.5, 0.053, 12.0, 72.0, 0.99404, 2.89, 0.48, 9.5, negative
6.0, 0.26, 0.15, 1.2, 0.053, 35.0, 124.0, 0.99347, 3.08, 0.46, 8.8, negative
7.5, 0.28, 0.78, 12.1, 0.041, 53.0, 161.0, 0.99838, 2.98, 0.44, 8.7, negative
7.5, 0.27, 0.79, 11.95, 0.04, 51.0, 159.0, 0.99839, 2.98, 0.44, 8.7, negative
6.8, 0.34, 0.1, 1.4, 0.049, 29.0, 118.0, 0.9936, 3.21, 0.41, 9.5, negative
7.4, 0.56, 0.09, 1.5, 0.071, 19.0, 117.0, 0.99496, 3.22, 0.53, 9.8, negative
6.8, 0.32, 0.3, 1.0, 0.049, 22.0, 113.0, 0.99289, 3.24, 0.61, 10.2, negative
6.7, 0.24, 0.32, 10.3, 0.079, 37.0, 122.0, 0.99662, 3.02, 0.45, 8.8, negative
6.3, 0.18, 0.22, 1.5, 0.043, 45.0, 155.0, 0.99238, 3.19, 0.48, 10.2, negative
8.6, 0.23, 0.25, 11.3, 0.031, 13.0, 96.0, 0.99645, 3.11, 0.4, 10.8, negative
6.8, 0.21, 0.36, 18.1, 0.046, 32.0, 133.0, 1.0, 3.27, 0.48, 8.8, negative
6.8, 0.21, 0.36, 18.1, 0.046, 32.0, 133.0, 1.0, 3.27, 0.48, 8.8, negative
6.8, 0.21, 0.36, 18.1, 0.046, 32.0, 133.0, 1.0, 3.27, 0.48, 8.8, negative
6.4, 0.31, 0.4, 6.4, 0.039, 39.0, 191.0, 0.99513, 3.14, 0.52, 9.8, negative
8.0, 0.27, 0.57, 10.4, 0.053, 18.0, 134.0, 0.99732, 3.12, 0.68, 9.0, negative
8.2, 0.2, 0.38, 3.5, 0.053, 41.0, 174.0, 0.99306, 3.22, 0.41, 11.6, negative
9.0, 0.29, 0.34, 12.1, 0.03, 34.0, 177.0, 0.99706, 3.13, 0.47, 10.6, negative
8.9, 0.27, 0.34, 10.7, 0.029, 19.5, 166.0, 0.99669, 3.13, 0.48, 10.6, negative
7.6, 0.23, 0.64, 12.9, 0.033, 54.0, 170.0, 0.998, 3.0, 0.53, 8.8, negative
5.7, 0.255, 0.65, 1.2, 0.079, 17.0, 137.0, 0.99307, 3.2, 0.42, 9.4, negative
6.9, 0.28, 0.22, 10.0, 0.052, 36.0, 131.0, 0.99696, 3.08, 0.46, 9.6, negative
5.7, 0.255, 0.65, 1.2, 0.079, 17.0, 137.0, 0.99307, 3.2, 0.42, 9.4, negative
7.3, 0.37, 0.16, 14.9, 0.048, 59.0, 240.0, 0.99902, 3.13, 0.45, 8.9, negative
6.6, 0.24, 0.28, 1.8, 0.028, 39.0, 132.0, 0.99182, 3.34, 0.46, 11.4, negative
6.8, 0.26, 0.24, 1.9, 0.043, 70.0, 154.0, 0.99273, 3.18, 0.52, 10.5, negative
6.7, 0.25, 0.36, 8.6, 0.037, 63.0, 206.0, 0.99553, 3.18, 0.5, 9.6, negative
6.3, 0.21, 0.29, 11.7, 0.048, 49.0, 147.0, 0.99482, 3.22, 0.38, 10.8, negative
7.8, 0.28, 0.31, 2.1, 0.046, 28.0, 208.0, 0.99434, 3.23, 0.64, 9.8, negative
7.8, 0.28, 0.31, 2.1, 0.046, 28.0, 208.0, 0.99434, 3.23, 0.64, 9.8, negative
6.6, 0.36, 0.52, 10.1, 0.05, 29.0, 140.0, 0.99628, 3.07, 0.4, 9.4, negative
4.5, 0.19, 0.21, 0.95, 0.033, 89.0, 159.0, 0.99332, 3.34, 0.42, 8.0, negative
6.1, 0.15, 0.35, 15.8, 0.042, 55.0, 158.0, 0.99642, 3.24, 0.37, 10.6, negative
7.0, 0.34, 0.39, 6.9, 0.066, 43.0, 162.0, 0.99561, 3.11, 0.53, 9.5, negative
6.4, 0.68, 0.26, 3.4, 0.069, 25.0, 146.0, 0.99347, 3.18, 0.4, 9.3, negative
6.4, 0.28, 0.27, 11.0, 0.042, 45.0, 148.0, 0.99786, 3.14, 0.46, 8.7, negative
8.3, 0.4, 0.41, 8.2, 0.05, 15.0, 122.0, 0.9979, 3.39, 0.49, 9.3, negative
7.1, 0.31, 0.17, 1.0, 0.042, 21.0, 144.0, 0.99304, 3.13, 0.4, 9.6, negative
6.6, 0.24, 0.38, 8.0, 0.042, 56.0, 187.0, 0.99577, 3.21, 0.46, 9.2, negative
6.5, 0.23, 0.36, 16.3, 0.038, 43.0, 133.0, 0.99924, 3.26, 0.41, 8.8, negative
6.5, 0.23, 0.36, 16.3, 0.038, 43.0, 133.0, 0.99924, 3.26, 0.41, 8.8, negative
6.5, 0.23, 0.36, 16.3, 0.038, 43.0, 133.0, 0.99924, 3.26, 0.41, 8.8, negative
7.8, 0.25, 0.34, 13.7, 0.044, 66.0, 184.0, 0.99976, 3.22, 0.75, 8.9, negative
6.4, 0.21, 0.44, 7.4, 0.045, 47.0, 182.0, 0.9957, 3.24, 0.46, 9.1, negative
6.8, 0.3, 0.22, 6.2, 0.06, 41.0, 190.0, 0.99858, 3.18, 0.51, 9.2, negative
7.9, 0.51, 0.34, 2.6, 0.049, 13.0, 135.0, 0.99335, 3.09, 0.51, 10.0, negative
6.9, 0.615, 0.42, 12.0, 0.067, 24.0, 131.0, 0.99727, 3.19, 0.34, 9.3, negative
6.9, 0.615, 0.42, 12.0, 0.067, 24.0, 131.0, 0.99727, 3.19, 0.34, 9.3, negative
5.6, 0.12, 0.26, 4.3, 0.038, 18.0, 97.0, 0.99477, 3.36, 0.46, 9.2, negative
6.2, 0.235, 0.34, 1.9, 0.036, 4.0, 117.0, 0.99032, 3.4, 0.44, 12.2, negative
6.9, 0.4, 0.42, 6.2, 0.066, 41.0, 176.0, 0.99552, 3.12, 0.54, 9.4, negative
6.9, 0.4, 0.43, 6.2, 0.065, 42.0, 178.0, 0.99552, 3.11, 0.53, 9.4, negative
6.8, 0.26, 0.44, 8.2, 0.046, 52.0, 183.0, 0.99584, 3.2, 0.51, 9.4, negative
6.8, 0.35, 0.53, 10.1, 0.053, 37.0, 151.0, 0.9963, 3.07, 0.4, 9.4, negative
6.8, 0.35, 0.53, 10.1, 0.053, 37.0, 151.0, 0.9963, 3.07, 0.4, 9.4, negative
6.6, 0.25, 0.51, 8.0, 0.047, 61.0, 189.0, 0.99604, 3.22, 0.49, 9.2, negative
6.8, 0.26, 0.44, 8.2, 0.046, 52.0, 183.0, 0.99584, 3.2, 0.51, 9.4, negative
7.5, 0.17, 0.71, 11.8, 0.038, 52.0, 148.0, 0.99801, 3.03, 0.46, 8.9, negative
7.5, 0.18, 0.72, 9.6, 0.039, 53.0, 151.0, 0.99802, 3.03, 0.46, 8.9, negative
6.6, 0.4, 0.46, 6.2, 0.056, 42.0, 241.0, 0.9968, 3.5, 0.6, 9.9, negative
6.5, 0.2, 0.24, 9.2, 0.044, 25.0, 150.0, 0.99502, 3.22, 0.44, 10.5, negative
8.0, 0.22, 0.31, 5.6, 0.049, 24.0, 97.0, 0.993, 3.1, 0.42, 10.9, negative
6.6, 0.31, 0.07, 1.5, 0.033, 55.0, 144.0, 0.99208, 3.16, 0.42, 10.0, negative
6.2, 0.23, 0.23, 1.2, 0.018, 18.0, 128.0, 0.99178, 3.05, 0.28, 10.6, negative
6.4, 0.2, 0.28, 2.5, 0.032, 24.0, 84.0, 0.99168, 3.31, 0.55, 11.5, negative
6.7, 0.42, 0.46, 9.7, 0.054, 67.0, 234.0, 0.99848, 3.23, 0.5, 9.0, negative
6.7, 0.42, 0.46, 9.7, 0.054, 67.0, 234.0, 0.99848, 3.23, 0.5, 9.0, negative
6.2, 0.36, 0.14, 8.9, 0.036, 38.0, 155.0, 0.99622, 3.27, 0.5, 9.4, negative
7.6, 0.31, 0.26, 1.7, 0.073, 40.0, 157.0, 0.9938, 3.1, 0.46, 9.8, negative
6.6, 0.26, 0.46, 6.9, 0.047, 59.0, 183.0, 0.99594, 3.2, 0.45, 9.3, negative
6.1, 0.37, 0.2, 7.6, 0.031, 49.0, 170.0, 0.99558, 3.22, 0.48, 9.5, negative
5.3, 0.21, 0.29, 0.7, 0.028, 11.0, 66.0, 0.99215, 3.3, 0.4, 9.8, negative
7.2, 0.3, 0.3, 8.7, 0.022, 14.0, 111.0, 0.99576, 3.11, 0.61, 10.6, negative
6.8, 0.26, 0.46, 8.3, 0.037, 49.0, 173.0, 0.99601, 3.17, 0.47, 9.3, negative
7.2, 0.2, 0.22, 1.6, 0.044, 17.0, 101.0, 0.99471, 3.37, 0.53, 10.0, negative
6.1, 0.27, 0.25, 1.8, 0.041, 9.0, 109.0, 0.9929, 3.08, 0.54, 9.0, negative
6.0, 0.28, 0.25, 1.8, 0.042, 8.0, 108.0, 0.9929, 3.08, 0.55, 9.0, negative
6.9, 0.38, 0.38, 13.1, 0.112, 14.0, 94.0, 0.99792, 3.02, 0.48, 9.2, negative
7.3, 0.26, 0.24, 1.7, 0.05, 10.0, 112.0, 0.99286, 3.11, 0.43, 9.9, negative
6.7, 0.25, 0.31, 1.35, 0.061, 30.5, 218.0, 0.99388, 3.16, 0.53, 9.5, negative
8.0, 0.74, 0.21, 4.0, 0.05, 24.0, 133.0, 0.99418, 3.06, 0.38, 9.7, negative
6.3, 0.2, 0.37, 11.8, 0.045, 58.0, 130.0, 0.99519, 3.2, 0.35, 10.8, negative
7.5, 0.33, 0.38, 8.7, 0.126, 49.0, 199.0, 0.99711, 2.98, 0.57, 9.4, negative
7.5, 0.33, 0.38, 8.7, 0.126, 49.0, 199.0, 0.99711, 2.98, 0.57, 9.4, negative
6.9, 0.28, 0.41, 1.4, 0.016, 6.0, 55.0, 0.98876, 3.16, 0.4, 13.4, negative
7.2, 0.27, 0.37, 5.4, 0.026, 27.0, 114.0, 0.99174, 3.13, 0.84, 12.7, negative
6.2, 0.25, 0.38, 7.9, 0.045, 54.0, 208.0, 0.99572, 3.17, 0.46, 9.1, negative
6.2, 0.25, 0.54, 7.0, 0.046, 58.0, 176.0, 0.99454, 3.19, 0.7, 10.4, negative
7.4, 0.21, 0.8, 12.3, 0.038, 77.0, 183.0, 0.99778, 2.95, 0.48, 9.0, negative
6.7, 0.24, 0.41, 2.9, 0.039, 48.0, 122.0, 0.99052, 3.25, 0.43, 12.0, negative
6.6, 0.25, 0.33, 8.5, 0.042, 29.0, 141.0, 0.99546, 3.28, 0.6, 10.4, negative
6.6, 0.35, 0.34, 4.9, 0.032, 9.0, 125.0, 0.99253, 3.32, 0.81, 12.0, negative
6.2, 0.25, 0.54, 7.0, 0.046, 58.0, 176.0, 0.99454, 3.19, 0.7, 10.4, negative
6.1, 0.2, 0.34, 9.5, 0.041, 38.0, 201.0, 0.995, 3.14, 0.44, 10.1, positive
6.6, 0.78, 0.5, 1.5, 0.045, 30.0, 133.0, 0.99104, 3.25, 0.48, 11.7, negative
7.6, 0.35, 0.46, 14.7, 0.047, 33.0, 151.0, 0.99709, 3.03, 0.53, 10.3, negative
7.6, 0.23, 0.34, 1.6, 0.043, 24.0, 129.0, 0.99305, 3.12, 0.7, 10.4, negative
5.9, 0.19, 0.37, 0.8, 0.027, 3.0, 21.0, 0.9897, 3.09, 0.31, 10.8, negative
5.5, 0.18, 0.22, 5.5, 0.037, 10.0, 86.0, 0.99156, 3.46, 0.44, 12.2, negative
7.4, 0.23, 0.38, 8.6, 0.052, 41.0, 150.0, 0.99534, 3.06, 0.46, 10.3, negative
5.5, 0.19, 0.27, 0.9, 0.04, 52.0, 103.0, 0.99026, 3.5, 0.39, 11.2, negative
5.6, 0.41, 0.22, 7.1, 0.05, 44.0, 154.0, 0.9931, 3.3, 0.4, 10.5, negative
6.6, 0.19, 0.33, 1.8, 0.035, 42.0, 148.0, 0.99196, 3.15, 0.36, 10.2, negative
5.7, 0.16, 0.32, 1.2, 0.036, 7.0, 89.0, 0.99111, 3.26, 0.48, 11.0, negative
6.8, 0.25, 0.24, 1.6, 0.045, 39.0, 164.0, 0.99402, 3.53, 0.58, 10.8, negative
6.4, 0.21, 0.34, 16.05, 0.04, 56.0, 142.0, 0.99678, 3.11, 0.38, 10.6, negative
6.4, 0.24, 0.32, 0.95, 0.041, 23.0, 131.0, 0.99033, 3.25, 0.35, 11.8, negative
7.2, 0.13, 0.46, 1.3, 0.044, 48.0, 111.0, 0.99127, 2.97, 0.45, 11.1, negative
7.6, 0.27, 0.29, 2.5, 0.059, 37.0, 115.0, 0.99328, 3.09, 0.37, 9.8, negative
4.2, 0.215, 0.23, 5.1, 0.041, 64.0, 157.0, 0.99688, 3.42, 0.44, 8.0, positive
6.6, 0.38, 0.36, 9.2, 0.061, 42.0, 214.0, 0.9976, 3.31, 0.56, 9.4, negative
6.1, 0.22, 0.31, 1.4, 0.039, 40.0, 129.0, 0.99193, 3.45, 0.59, 10.9, negative
6.6, 0.38, 0.36, 9.2, 0.061, 42.0, 214.0, 0.9976, 3.31, 0.56, 9.4, negative
6.4, 0.15, 0.29, 1.8, 0.044, 21.0, 115.0, 0.99166, 3.1, 0.38, 10.2, negative
6.6, 0.28, 0.42, 8.2, 0.044, 60.0, 196.0, 0.99562, 3.14, 0.48, 9.4, negative
7.8, 0.25, 0.37, 1.0, 0.043, 10.0, 80.0, 0.99128, 3.08, 0.38, 11.4, negative
6.6, 0.28, 0.41, 7.0, 0.046, 59.0, 194.0, 0.99558, 3.14, 0.48, 9.4, negative
6.6, 0.28, 0.41, 7.0, 0.046, 59.0, 194.0, 0.99558, 3.14, 0.48, 9.4, negative
6.5, 0.25, 0.5, 7.6, 0.047, 54.0, 184.0, 0.99572, 3.17, 0.45, 9.2, negative
7.8, 0.25, 0.37, 1.0, 0.043, 10.0, 80.0, 0.99128, 3.08, 0.38, 11.4, negative
9.4, 0.24, 0.29, 8.5, 0.037, 124.0, 208.0, 0.99395, 2.9, 0.38, 11.0, positive
7.5, 0.29, 0.36, 15.7, 0.05, 29.0, 124.0, 0.9968, 3.06, 0.54, 10.4, negative
6.6, 0.17, 0.28, 1.8, 0.042, 62.0, 178.0, 0.99204, 3.15, 0.42, 10.2, negative
6.4, 0.24, 0.29, 1.0, 0.038, 18.0, 122.0, 0.9906, 3.3, 0.42, 11.5, negative
6.6, 0.26, 0.46, 7.8, 0.047, 48.0, 186.0, 0.9958, 3.2, 0.54, 9.1, negative
6.1, 0.33, 0.32, 7.8, 0.052, 52.0, 183.0, 0.99657, 3.39, 0.65, 9.5, negative
8.8, 0.19, 0.3, 5.0, 0.028, 34.0, 120.0, 0.99242, 2.94, 0.47, 11.2, negative
7.1, 0.18, 0.39, 14.5, 0.051, 48.0, 156.0, 0.99947, 3.35, 0.78, 9.1, negative
7.1, 0.18, 0.39, 14.5, 0.051, 48.0, 156.0, 0.99947, 3.35, 0.78, 9.1, negative
6.7, 0.4, 0.22, 8.8, 0.052, 24.0, 113.0, 0.99576, 3.22, 0.45, 9.4, negative
7.1, 0.25, 0.28, 1.2, 0.04, 31.0, 111.0, 0.99174, 3.18, 0.53, 11.1, negative
5.8, 0.54, 0.0, 1.4, 0.033, 40.0, 107.0, 0.98918, 3.26, 0.35, 12.4, negative
6.0, 0.39, 0.13, 1.2, 0.042, 60.0, 172.0, 0.99114, 3.06, 0.52, 10.6, negative
5.8, 0.22, 0.3, 1.1, 0.047, 36.0, 131.0, 0.992, 3.26, 0.45, 10.4, negative
6.7, 0.29, 0.45, 14.3, 0.054, 30.0, 181.0, 0.99869, 3.14, 0.57, 9.1, negative
7.5, 0.2, 0.41, 1.2, 0.05, 26.0, 131.0, 0.99133, 3.19, 0.52, 11.1, negative
6.4, 0.28, 0.44, 7.1, 0.048, 49.0, 179.0, 0.99528, 3.15, 0.48, 9.2, negative
7.0, 0.48, 0.12, 4.5, 0.05, 23.0, 86.0, 0.99398, 2.86, 0.35, 9.0, negative
6.7, 0.35, 0.48, 8.8, 0.056, 35.0, 167.0, 0.99628, 3.04, 0.47, 9.4, negative
6.4, 0.38, 0.24, 7.2, 0.047, 41.0, 151.0, 0.99604, 3.11, 0.6, 9.2, negative
7.7, 0.32, 0.61, 11.8, 0.041, 66.0, 188.0, 0.99794, 3.0, 0.54, 9.3, negative
7.0, 0.29, 0.33, 0.9, 0.041, 20.0, 117.0, 0.99048, 3.21, 0.5, 11.4, negative
7.0, 0.29, 0.33, 0.9, 0.041, 20.0, 117.0, 0.99048, 3.21, 0.5, 11.4, negative
6.5, 0.27, 0.26, 11.0, 0.03, 2.0, 82.0, 0.99402, 3.07, 0.36, 11.2, negative
7.6, 0.3, 0.37, 1.6, 0.087, 27.0, 177.0, 0.99438, 3.09, 0.5, 9.8, negative
7.6, 0.3, 0.37, 1.6, 0.087, 27.0, 177.0, 0.99438, 3.09, 0.5, 9.8, negative
7.7, 0.35, 0.46, 11.8, 0.088, 61.0, 183.0, 0.99786, 2.86, 0.47, 9.0, negative
6.7, 0.31, 0.09, 1.4, 0.039, 53.0, 141.0, 0.99206, 3.12, 0.44, 10.1, negative
6.6, 0.28, 0.23, 10.4, 0.049, 45.0, 190.0, 0.99754, 3.12, 0.51, 8.8, negative
6.8, 0.22, 0.26, 1.2, 0.041, 29.0, 182.0, 0.99104, 3.04, 0.35, 11.2, negative
6.6, 0.26, 0.22, 18.15, 0.05, 23.0, 139.0, 0.99904, 3.06, 0.5, 9.2, negative
7.7, 0.3, 0.23, 2.0, 0.068, 28.0, 138.0, 0.99382, 3.11, 0.62, 9.8, negative
7.7, 0.31, 0.23, 2.0, 0.069, 29.0, 134.0, 0.99382, 3.11, 0.62, 9.8, negative
7.5, 0.28, 0.41, 1.3, 0.044, 11.0, 126.0, 0.99293, 3.28, 0.45, 10.3, negative
6.0, 0.21, 0.29, 13.1, 0.042, 28.0, 125.0, 0.99936, 3.39, 0.45, 8.6, negative
7.1, 0.21, 0.72, 1.6, 0.167, 65.0, 120.0, 0.99324, 2.97, 0.51, 9.2, negative
6.2, 0.24, 0.25, 12.5, 0.055, 47.0, 134.0, 0.99758, 3.3, 0.51, 9.0, negative
6.5, 0.26, 0.34, 1.4, 0.04, 25.0, 184.0, 0.99216, 3.29, 0.46, 10.7, negative
5.5, 0.17, 0.23, 2.9, 0.039, 10.0, 108.0, 0.99243, 3.28, 0.5, 10.0, negative
6.9, 0.4, 0.17, 12.9, 0.033, 59.0, 186.0, 0.99754, 3.08, 0.49, 9.4, negative
5.0, 0.61, 0.12, 1.3, 0.009, 65.0, 100.0, 0.9874, 3.26, 0.37, 13.5, negative
6.7, 0.42, 0.39, 12.1, 0.04, 61.0, 248.0, 0.99794, 3.31, 0.58, 9.7, negative
7.4, 0.29, 0.48, 12.8, 0.037, 61.5, 182.0, 0.99808, 3.02, 0.34, 8.8, negative
6.4, 0.34, 0.44, 8.2, 0.043, 54.0, 201.0, 0.99551, 3.18, 0.48, 9.5, negative
6.4, 0.27, 0.45, 8.3, 0.05, 52.0, 196.0, 0.9955, 3.18, 0.48, 9.5, negative
5.5, 0.24, 0.45, 1.7, 0.046, 22.0, 113.0, 0.99224, 3.22, 0.48, 10.0, negative
7.0, 0.39, 0.21, 10.7, 0.098, 13.0, 91.0, 0.99657, 3.03, 0.47, 9.3, negative
7.9, 0.21, 0.39, 2.0, 0.057, 21.0, 138.0, 0.99176, 3.05, 0.52, 10.9, negative
7.0, 0.3, 0.28, 2.2, 0.042, 21.0, 177.0, 0.99166, 3.2, 0.57, 11.4, negative
7.9, 0.21, 0.39, 2.0, 0.057, 21.0, 138.0, 0.99176, 3.05, 0.52, 10.9, negative
7.0, 0.39, 0.21, 10.7, 0.098, 13.0, 91.0, 0.99657, 3.03, 0.47, 9.3, negative
7.9, 0.21, 0.39, 2.0, 0.057, 21.0, 138.0, 0.99176, 3.05, 0.52, 10.9, negative
6.3, 0.3, 0.2, 3.7, 0.039, 34.0, 132.0, 0.99158, 3.0, 0.38, 10.7, negative
6.8, 0.31, 0.19, 3.5, 0.086, 30.0, 130.0, 0.993, 2.83, 0.44, 9.6, negative
6.8, 0.31, 0.19, 3.5, 0.086, 30.0, 130.0, 0.993, 2.83, 0.44, 9.6, negative
6.2, 0.31, 0.23, 3.3, 0.052, 34.0, 113.0, 0.99429, 3.16, 0.48, 8.4, negative
6.4, 0.32, 0.23, 16.2, 0.055, 36.0, 176.0, 0.9986, 3.26, 0.54, 9.1, negative
6.4, 0.32, 0.23, 16.2, 0.055, 36.0, 176.0, 0.9986, 3.26, 0.54, 9.1, negative
7.3, 0.25, 0.26, 7.2, 0.048, 52.0, 207.0, 0.99587, 3.12, 0.37, 9.2, negative
7.6, 0.37, 0.51, 11.7, 0.094, 58.0, 181.0, 0.99776, 2.91, 0.51, 9.0, negative
6.7, 0.26, 0.51, 8.0, 0.062, 50.0, 194.0, 0.99545, 3.13, 0.5, 9.6, negative
6.1, 0.22, 0.28, 16.55, 0.059, 54.0, 135.0, 0.99665, 3.2, 0.38, 10.5, negative
7.1, 0.2, 0.37, 1.5, 0.049, 28.0, 129.0, 0.99226, 3.15, 0.52, 10.8, negative
7.1, 0.2, 0.37, 1.5, 0.049, 28.0, 129.0, 0.99226, 3.15, 0.52, 10.8, negative
6.0, 0.21, 0.3, 8.7, 0.036, 47.0, 127.0, 0.99368, 3.18, 0.39, 10.6, negative
6.0, 0.21, 0.3, 8.7, 0.036, 47.0, 127.0, 0.99368, 3.18, 0.39, 10.6, negative
7.0, 0.34, 0.1, 3.5, 0.044, 17.0, 63.0, 0.9937, 3.01, 0.39, 9.2, negative
6.2, 0.28, 0.51, 7.9, 0.056, 49.0, 206.0, 0.9956, 3.18, 0.52, 9.4, negative
6.6, 0.32, 0.47, 15.6, 0.063, 27.0, 173.0, 0.99872, 3.18, 0.56, 9.0, negative
4.9, 0.345, 0.34, 1.0, 0.068, 32.0, 143.0, 0.99138, 3.24, 0.4, 10.1, negative
6.3, 0.33, 0.2, 17.9, 0.066, 36.0, 161.0, 0.9991, 3.14, 0.51, 8.8, negative
7.6, 0.39, 0.46, 11.7, 0.084, 55.0, 170.0, 0.99773, 2.91, 0.51, 9.0, negative
7.5, 0.35, 0.48, 12.4, 0.056, 61.0, 176.5, 0.99803, 2.97, 0.52, 8.8, negative
8.0, 0.37, 0.31, 4.7, 0.038, 3.0, 127.0, 0.99186, 2.9, 0.72, 12.1, negative
6.4, 0.25, 0.57, 1.0, 0.062, 21.0, 122.0, 0.99238, 3.0, 0.4, 9.5, negative
6.4, 0.25, 0.57, 1.0, 0.062, 21.0, 122.0, 0.99238, 3.0, 0.4, 9.5, negative
6.2, 0.32, 0.12, 4.8, 0.054, 6.0, 97.0, 0.99424, 3.16, 0.5, 9.3, negative
7.2, 0.4, 0.24, 8.5, 0.055, 45.0, 151.0, 0.99626, 3.2, 0.52, 9.2, negative
6.4, 0.26, 0.26, 1.1, 0.052, 22.0, 176.0, 0.99304, 3.09, 0.54, 9.3, negative
6.9, 0.19, 0.38, 1.15, 0.023, 30.0, 105.0, 0.99047, 3.11, 0.38, 11.4, negative
6.8, 0.27, 0.22, 17.8, 0.034, 16.0, 116.0, 0.9989, 3.07, 0.53, 9.2, negative
6.8, 0.27, 0.22, 17.8, 0.034, 16.0, 116.0, 0.9989, 3.07, 0.53, 9.2, negative
7.3, 0.33, 0.22, 1.4, 0.041, 40.0, 177.0, 0.99287, 3.14, 0.48, 9.9, negative
7.3, 0.34, 0.22, 1.4, 0.044, 43.0, 176.0, 0.99286, 3.14, 0.46, 9.9, negative
6.3, 0.24, 0.29, 1.6, 0.052, 48.0, 185.0, 0.9934, 3.21, 0.5, 9.4, negative
6.2, 0.24, 0.22, 7.9, 0.053, 45.0, 149.0, 0.99545, 3.23, 0.52, 9.3, negative
6.5, 0.43, 0.18, 13.15, 0.032, 25.0, 131.0, 0.99565, 3.23, 0.51, 10.7, negative
6.1, 0.17, 0.21, 1.9, 0.09, 44.0, 130.0, 0.99255, 3.07, 0.41, 9.7, negative
5.5, 0.28, 0.21, 1.6, 0.032, 23.0, 85.0, 0.99027, 3.42, 0.42, 12.5, negative
6.9, 0.38, 0.28, 8.3, 0.062, 22.0, 166.0, 0.99506, 3.16, 0.72, 10.6, negative
6.5, 0.36, 0.16, 1.3, 0.054, 11.0, 107.0, 0.99398, 3.19, 0.39, 8.5, negative
6.2, 0.3, 0.32, 1.2, 0.052, 32.0, 185.0, 0.99266, 3.28, 0.44, 10.1, negative
6.6, 0.21, 0.34, 5.6, 0.046, 30.0, 140.0, 0.99299, 3.22, 0.38, 11.0, negative
6.9, 0.37, 0.23, 9.5, 0.057, 54.0, 166.0, 0.99568, 3.23, 0.42, 10.0, negative
7.4, 0.28, 0.5, 12.1, 0.049, 48.0, 122.0, 0.9973, 3.01, 0.44, 9.0, negative
6.3, 0.18, 0.22, 5.6, 0.047, 45.0, 147.0, 0.99383, 3.09, 0.54, 10.0, negative
6.7, 0.31, 0.34, 6.8, 0.059, 51.0, 215.0, 0.99538, 3.33, 0.56, 10.3, negative
6.6, 0.33, 0.32, 15.6, 0.054, 62.0, 227.0, 0.99734, 3.25, 0.56, 10.4, negative
6.1, 0.3, 0.47, 1.4, 0.049, 50.0, 187.0, 0.9927, 3.19, 0.45, 9.5, negative
6.2, 0.32, 0.5, 6.5, 0.048, 61.0, 186.0, 0.9948, 3.19, 0.45, 9.6, negative
6.3, 0.34, 0.52, 6.3, 0.047, 63.0, 186.0, 0.99481, 3.18, 0.44, 9.6, negative
6.9, 0.24, 0.4, 15.4, 0.052, 81.0, 198.0, 0.9986, 3.2, 0.69, 9.4, negative
6.4, 0.21, 0.21, 5.1, 0.097, 21.0, 105.0, 0.9939, 3.07, 0.46, 9.6, negative
7.8, 0.27, 0.35, 1.2, 0.05, 36.0, 140.0, 0.99138, 3.09, 0.45, 11.2, negative
6.2, 0.3, 0.32, 1.3, 0.054, 27.0, 183.0, 0.99266, 3.3, 0.43, 10.1, negative
7.0, 0.44, 0.24, 12.1, 0.056, 68.0, 210.0, 0.99718, 3.05, 0.5, 9.5, negative
7.0, 0.44, 0.24, 12.1, 0.056, 68.0, 210.0, 0.99718, 3.05, 0.5, 9.5, negative
6.4, 0.29, 0.18, 15.0, 0.04, 21.0, 116.0, 0.99736, 3.14, 0.5, 9.2, negative
7.5, 0.23, 0.3, 1.2, 0.03, 27.0, 80.0, 0.99192, 3.05, 0.68, 10.5, negative
6.4, 0.29, 0.18, 15.0, 0.04, 21.0, 116.0, 0.99736, 3.14, 0.5, 9.2, negative
7.6, 0.35, 0.47, 13.3, 0.037, 42.0, 116.0, 0.99822, 3.04, 0.5, 9.2, negative
7.5, 0.29, 0.24, 9.9, 0.058, 25.0, 115.0, 0.99567, 3.15, 0.46, 10.9, negative
6.0, 0.33, 0.26, 5.1, 0.051, 16.0, 119.0, 0.99416, 3.15, 0.41, 9.2, negative
5.8, 0.32, 0.23, 1.5, 0.033, 39.0, 121.0, 0.9887, 2.96, 0.35, 12.0, negative
7.1, 0.46, 0.23, 13.7, 0.045, 44.0, 192.0, 0.9981, 3.11, 0.53, 9.4, negative
7.6, 0.28, 0.17, 1.6, 0.046, 28.0, 117.0, 0.99288, 3.08, 0.43, 10.0, negative
7.2, 0.21, 0.36, 15.7, 0.045, 68.0, 183.0, 0.99922, 3.25, 0.76, 9.4, negative
7.2, 0.21, 0.36, 15.7, 0.045, 68.0, 183.0, 0.99922, 3.25, 0.76, 9.4, negative
6.4, 0.29, 0.3, 6.5, 0.209, 62.0, 156.0, 0.99478, 3.1, 0.4, 9.4, negative
7.2, 0.34, 0.23, 8.9, 0.105, 22.0, 155.0, 0.99692, 3.01, 0.58, 9.5, negative
6.4, 0.26, 0.35, 7.7, 0.056, 45.0, 191.0, 0.99527, 3.16, 0.5, 9.5, negative
6.4, 0.24, 0.26, 8.2, 0.054, 47.0, 182.0, 0.99538, 3.12, 0.5, 9.5, negative
7.2, 0.34, 0.28, 10.4, 0.108, 43.0, 187.0, 0.99738, 2.96, 0.57, 9.4, negative
7.3, 0.28, 0.35, 1.6, 0.054, 31.0, 148.0, 0.99178, 3.18, 0.47, 10.7, negative
6.5, 0.23, 0.2, 7.5, 0.05, 44.0, 179.0, 0.99504, 3.18, 0.48, 9.53333333333333, negative
7.3, 0.28, 0.35, 1.6, 0.054, 31.0, 148.0, 0.99178, 3.18, 0.47, 10.7, negative
7.0, 0.23, 0.28, 2.7, 0.053, 16.0, 92.0, 0.99372, 3.18, 0.56, 9.3, negative
6.1, 0.34, 0.21, 5.0, 0.042, 17.0, 133.0, 0.99373, 3.02, 0.53, 9.4, negative
6.5, 0.315, 0.2, 6.6, 0.041, 9.0, 126.0, 0.99494, 2.94, 0.51, 8.8, negative
6.4, 0.26, 0.21, 8.2, 0.05, 51.0, 182.0, 0.99542, 3.23, 0.48, 9.5, negative
7.3, 0.22, 0.37, 15.5, 0.048, 70.0, 203.0, 0.99899, 3.25, 0.77, 9.4, negative
6.2, 0.25, 0.44, 15.8, 0.057, 39.0, 167.0, 0.99804, 3.14, 0.51, 9.2, negative
7.4, 0.27, 0.26, 11.8, 0.053, 55.0, 173.0, 0.99699, 3.11, 0.6, 9.8, negative
7.4, 0.27, 0.26, 11.8, 0.053, 55.0, 173.0, 0.99699, 3.11, 0.6, 9.8, negative
5.9, 0.29, 0.16, 7.9, 0.044, 48.0, 197.0, 0.99512, 3.21, 0.36, 9.4, negative
5.9, 0.29, 0.16, 7.9, 0.044, 48.0, 197.0, 0.99512, 3.21, 0.36, 9.4, negative
5.7, 0.29, 0.16, 7.9, 0.044, 48.0, 197.0, 0.99512, 3.21, 0.36, 9.4, negative
6.3, 0.305, 0.22, 16.0, 0.061, 26.0, 141.0, 0.99824, 3.08, 0.5, 9.1, negative
6.3, 0.32, 0.26, 12.3, 0.044, 24.0, 205.0, 0.99611, 3.11, 0.58, 9.9, negative
6.1, 0.21, 0.19, 1.4, 0.046, 51.0, 131.0, 0.99184, 3.22, 0.39, 10.5, negative
7.2, 0.47, 0.16, 5.9, 0.048, 14.0, 125.0, 0.99428, 3.09, 0.49, 9.8, negative
7.2, 0.47, 0.16, 5.9, 0.048, 14.0, 125.0, 0.99428, 3.09, 0.49, 9.8, negative
6.3, 0.3, 0.19, 7.7, 0.049, 47.0, 184.0, 0.99514, 3.22, 0.48, 9.5, negative
6.0, 0.28, 0.29, 19.3, 0.051, 36.0, 174.0, 0.99911, 3.14, 0.5, 9.0, negative
6.0, 0.28, 0.29, 19.3, 0.051, 36.0, 174.0, 0.99911, 3.14, 0.5, 9.0, negative
5.9, 0.22, 0.18, 6.4, 0.041, 28.0, 120.0, 0.99403, 3.27, 0.5, 9.9, negative
6.6, 0.26, 0.56, 15.4, 0.053, 32.0, 141.0, 0.9981, 3.11, 0.49, 9.3, negative
7.0, 0.28, 0.28, 1.4, 0.039, 12.0, 83.0, 0.99173, 3.18, 0.65, 11.1, negative
7.1, 0.36, 0.2, 1.6, 0.271, 24.0, 140.0, 0.99356, 3.11, 0.63, 9.8, negative
6.4, 0.32, 0.26, 7.9, 0.05, 53.0, 180.0, 0.99514, 3.14, 0.5, 9.6, negative
6.4, 0.32, 0.26, 7.9, 0.05, 53.0, 180.0, 0.99514, 3.14, 0.5, 9.6, negative
6.0, 0.555, 0.26, 4.5, 0.053, 17.0, 126.0, 0.9943, 3.24, 0.46, 9.1, negative
5.9, 0.22, 0.45, 22.6, 0.12, 55.0, 122.0, 0.99636, 3.1, 0.35, 12.8, negative
6.4, 0.32, 0.26, 7.9, 0.05, 53.0, 180.0, 0.99514, 3.14, 0.5, 9.6, negative
6.8, 0.2, 0.25, 6.2, 0.052, 22.0, 106.0, 0.9935, 3.09, 0.54, 10.8, negative
6.5, 0.32, 0.23, 8.5, 0.051, 20.0, 138.0, 0.9943, 3.03, 0.42, 10.7, negative
6.4, 0.28, 0.23, 6.0, 0.051, 50.0, 162.0, 0.994, 3.15, 0.52, 10.2, negative
6.1, 0.4, 0.18, 9.0, 0.051, 28.5, 259.0, 0.9964, 3.19, 0.5, 8.8, negative
5.8, 0.31, 0.31, 7.5, 0.052, 55.0, 230.0, 0.9949, 3.19, 0.46, 9.8, negative
6.3, 0.36, 0.2, 2.0, 0.048, 48.0, 191.0, 0.9929, 3.17, 0.51, 9.6, negative
6.7, 0.18, 0.25, 14.3, 0.048, 79.0, 149.0, 0.9975, 3.12, 0.37, 9.7, negative
8.3, 0.14, 0.36, 8.8, 0.026, 13.0, 60.0, 0.9956, 3.13, 0.35, 11.05, negative
6.9, 0.28, 0.37, 9.1, 0.037, 16.0, 76.0, 0.9948, 3.05, 0.54, 11.1, negative
6.9, 0.28, 0.37, 9.1, 0.037, 16.0, 76.0, 0.9948, 3.05, 0.54, 11.1, negative
8.6, 0.36, 0.26, 11.1, 0.03, 43.5, 171.0, 0.9948, 3.03, 0.49, 12.0, negative
5.8, 0.28, 0.66, 9.1, 0.039, 26.0, 159.0, 0.9965, 3.66, 0.55, 10.8, negative
5.9, 0.3, 0.29, 1.1, 0.036, 23.0, 56.0, 0.9904, 3.19, 0.38, 11.3, negative
5.9, 0.42, 0.36, 2.4, 0.034, 19.0, 77.0, 0.99184, 3.25, 0.48, 10.9, negative
5.8, 0.27, 0.2, 7.3, 0.04, 42.0, 145.0, 0.99442, 3.15, 0.48, 9.8, negative
7.3, 0.28, 0.37, 1.2, 0.039, 26.0, 99.0, 0.99198, 3.01, 0.62, 10.8, negative
6.5, 0.51, 0.25, 1.7, 0.048, 39.0, 177.0, 0.99212, 3.28, 0.57, 10.6, negative
6.7, 0.61, 0.21, 1.65, 0.117, 40.0, 240.0, 0.9938, 3.11, 0.57, 9.3, negative
5.6, 0.695, 0.06, 6.8, 0.042, 9.0, 84.0, 0.99432, 3.44, 0.44, 10.2, negative
6.1, 0.38, 0.47, 1.4, 0.051, 59.0, 210.0, 0.99309, 3.24, 0.5, 9.6, negative
6.4, 0.31, 0.53, 8.8, 0.057, 36.0, 221.0, 0.99642, 3.17, 0.44, 9.1, negative
7.2, 0.26, 0.32, 10.4, 0.062, 23.0, 114.0, 0.9966, 3.23, 0.49, 10.5, negative
6.8, 0.3, 0.33, 12.8, 0.041, 60.0, 168.0, 0.99659, 3.1, 0.56, 9.8, negative
6.6, 0.27, 0.32, 1.3, 0.044, 18.0, 93.0, 0.99044, 3.11, 0.56, 12.25, negative
6.0, 0.32, 0.46, 1.5, 0.05, 56.0, 189.0, 0.99308, 3.24, 0.49, 9.6, negative
6.0, 0.14, 0.37, 1.2, 0.032, 63.0, 148.0, 0.99185, 3.32, 0.44, 11.2, negative
5.0, 0.24, 0.19, 5.0, 0.043, 17.0, 101.0, 0.99438, 3.67, 0.57, 10.0, negative
6.0, 0.14, 0.37, 1.2, 0.032, 63.0, 148.0, 0.99185, 3.32, 0.44, 11.2, negative
6.4, 0.28, 0.45, 8.6, 0.057, 47.0, 223.0, 0.99654, 3.16, 0.51, 9.1, negative
6.4, 0.31, 0.31, 12.9, 0.045, 55.0, 161.0, 0.99546, 3.02, 0.59, 10.2, negative
6.4, 0.31, 0.31, 12.9, 0.045, 55.0, 161.0, 0.99546, 3.02, 0.59, 10.2, negative
5.8, 0.36, 0.5, 1.0, 0.127, 63.0, 178.0, 0.99212, 3.1, 0.45, 9.7, negative
6.4, 0.23, 0.35, 10.3, 0.042, 54.0, 140.0, 0.9967, 3.23, 0.47, 9.2, negative
5.9, 0.32, 0.26, 1.5, 0.057, 17.0, 141.0, 0.9917, 3.24, 0.36, 10.7, negative
5.6, 0.34, 0.25, 2.5, 0.046, 47.0, 182.0, 0.99093, 3.21, 0.4, 11.3, negative
6.4, 0.33, 0.44, 8.9, 0.055, 52.0, 164.0, 0.99488, 3.1, 0.48, 9.6, negative
6.0, 0.41, 0.23, 1.1, 0.066, 22.0, 148.0, 0.99266, 3.3, 0.47, 9.63333333333333, negative
6.8, 0.22, 0.36, 1.2, 0.052, 38.0, 127.0, 0.9933, 3.04, 0.54, 9.2, negative
6.5, 0.23, 0.38, 1.3, 0.032, 29.0, 112.0, 0.99298, 3.29, 0.54, 9.7, negative
6.6, 0.32, 0.36, 8.0, 0.047, 57.0, 168.0, 0.9949, 3.15, 0.46, 9.6, negative
