@relation  winequality-white-3-9_vs_5
@attribute FixedAcidity real[3.8,14.2]
@attribute VolatileAcidity real[0.08,1.1]
@attribute CitricAcid real[0.0,1.66]
@attribute ResidualSugar real[0.6,65.8]
@attribute Chlorides real[0.009,0.346]
@attribute FreeSulfurDioxide real[2.0,289.0]
@attribute TotalSulfurDioxide real[9.0,440.0]
@attribute Density real[0.98711,1.03898]
@attribute PH real[2.72,3.82]
@attribute Sulphates real[0.22,1.08]
@attribute Alcohol real[8.0,14.2]
@attribute Class{positive,negative}
@inputs FixedAcidity,VolatileAcidity,CitricAcid,ResidualSugar,Chlorides,FreeSulfurDioxide,TotalSulfurDioxide,Density,PH,Sulphates,Alcohol
@outputs Class
@data
7.1, 0.26, 0.49, 2.2, 0.032, 31.0, 113.0, 0.9903, 3.37, 0.42, 12.9, positive
8.5, 0.26, 0.21, 16.2, 0.074, 41.0, 197.0, 0.998, 3.02, 0.5, 9.8, positive
6.1, 0.26, 0.25, 2.9, 0.047, 289.0, 440.0, 0.99314, 3.44, 0.64, 10.5, positive
7.4, 0.25, 0.37, 13.5, 0.06, 52.0, 192.0, 0.9975, 3.0, 0.44, 9.1, negative
7.4, 0.22, 0.33, 2.0, 0.045, 31.0, 101.0, 0.9931, 3.42, 0.55, 11.4, negative
6.9, 0.43, 0.28, 9.4, 0.056, 29.0, 183.0, 0.99594, 3.17, 0.43, 9.4, negative
7.1, 0.34, 0.15, 1.2, 0.053, 61.0, 183.0, 0.9936, 3.09, 0.43, 9.2, negative
6.6, 0.55, 0.01, 2.7, 0.034, 56.0, 122.0, 0.9906, 3.15, 0.3, 11.9, negative
6.8, 0.31, 0.42, 6.9, 0.046, 50.0, 173.0, 0.9958, 3.19, 0.46, 9.0, negative
7.2, 0.24, 0.34, 1.1, 0.045, 3.0, 64.0, 0.9913, 3.23, 0.51, 11.4, negative
7.1, 0.2, 0.37, 1.5, 0.049, 28.0, 129.0, 0.99226, 3.15, 0.52, 10.8, negative
7.7, 0.32, 0.61, 11.8, 0.041, 66.0, 188.0, 0.99794, 3.0, 0.54, 9.3, negative
7.2, 0.26, 0.74, 13.6, 0.05, 56.0, 162.0, 0.998, 3.03, 0.44, 8.8, negative
7.2, 0.34, 0.3, 8.4, 0.051, 40.0, 167.0, 0.99756, 3.48, 0.62, 9.7, negative
6.8, 0.26, 0.56, 11.9, 0.043, 64.0, 226.0, 0.997, 3.02, 0.63, 9.3, negative
6.9, 0.28, 0.41, 1.4, 0.016, 6.0, 55.0, 0.98876, 3.16, 0.4, 13.4, negative
6.2, 0.28, 0.43, 13.0, 0.039, 64.0, 233.0, 0.99745, 3.08, 0.38, 8.9, negative
8.9, 0.32, 0.49, 1.6, 0.05, 17.0, 131.0, 0.9956, 3.13, 0.34, 9.4, negative
9.4, 0.28, 0.3, 1.6, 0.045, 36.0, 139.0, 0.99534, 3.11, 0.49, 9.3, negative
6.3, 0.41, 0.16, 0.9, 0.032, 25.0, 98.0, 0.99274, 3.16, 0.42, 9.5, negative
7.5, 0.21, 0.68, 10.9, 0.045, 38.0, 133.0, 0.9978, 3.0, 0.36, 8.7, negative
6.7, 0.18, 0.3, 6.4, 0.048, 40.0, 251.0, 0.9956, 3.29, 0.52, 10.0, negative
6.8, 0.26, 0.29, 16.95, 0.056, 48.0, 179.0, 0.9998, 3.45, 0.4, 9.6, negative
7.5, 0.15, 0.38, 1.8, 0.054, 19.0, 101.0, 0.9946, 3.24, 0.44, 10.0, negative
6.9, 0.49, 0.24, 1.2, 0.049, 13.0, 125.0, 0.9932, 3.17, 0.51, 9.4, negative
5.8, 0.54, 0.0, 1.4, 0.033, 40.0, 107.0, 0.98918, 3.26, 0.35, 12.4, negative
6.0, 0.26, 0.15, 1.3, 0.06, 51.0, 154.0, 0.99354, 3.14, 0.51, 8.7, negative
5.9, 0.37, 0.14, 6.3, 0.036, 34.0, 185.0, 0.9944, 3.17, 0.63, 9.8, negative
6.9, 0.18, 0.38, 6.5, 0.039, 20.0, 110.0, 0.9943, 3.1, 0.42, 10.5, negative
7.5, 0.33, 0.39, 12.4, 0.065, 29.0, 119.0, 0.9974, 3.16, 0.39, 9.4, negative
6.4, 0.16, 0.32, 8.75, 0.038, 38.0, 118.0, 0.99449, 3.19, 0.41, 10.7, negative
8.7, 0.31, 0.73, 14.35, 0.044, 27.0, 191.0, 1.00013, 2.96, 0.88, 8.7, negative
6.6, 0.3, 0.24, 1.2, 0.034, 17.0, 121.0, 0.9933, 3.13, 0.36, 9.2, negative
7.2, 0.4, 0.24, 8.5, 0.055, 45.0, 151.0, 0.99626, 3.2, 0.52, 9.2, negative
7.5, 0.29, 0.36, 15.7, 0.05, 29.0, 124.0, 0.9968, 3.06, 0.54, 10.4, negative
7.1, 0.28, 0.26, 1.9, 0.049, 12.0, 86.0, 0.9934, 3.15, 0.38, 9.4, negative
6.7, 0.5, 0.38, 7.5, 0.046, 26.0, 175.0, 0.99662, 3.32, 0.54, 9.6, negative
6.0, 0.45, 0.42, 1.1, 0.051, 61.0, 197.0, 0.9932, 3.02, 0.4, 9.0, negative
6.9, 0.29, 0.4, 19.45, 0.043, 36.0, 156.0, 0.9996, 2.93, 0.47, 8.9, negative
7.4, 0.33, 0.26, 15.6, 0.049, 67.0, 210.0, 0.99907, 3.06, 0.68, 9.5, negative
7.6, 0.285, 0.32, 14.6, 0.063, 32.0, 201.0, 0.998, 3.0, 0.45, 9.2, negative
6.4, 0.3, 0.33, 5.2, 0.05, 30.0, 137.0, 0.99304, 3.26, 0.58, 11.1, negative
7.2, 0.34, 0.28, 10.4, 0.108, 43.0, 187.0, 0.99738, 2.96, 0.57, 9.4, negative
6.0, 0.14, 0.37, 1.2, 0.032, 63.0, 148.0, 0.99185, 3.32, 0.44, 11.2, negative
7.3, 0.3, 0.74, 13.5, 0.039, 46.0, 165.0, 0.9982, 3.02, 0.4, 8.7, negative
7.2, 0.19, 0.39, 1.2, 0.036, 32.0, 85.0, 0.9918, 3.16, 0.5, 10.5, negative
6.8, 0.21, 0.55, 14.6, 0.053, 34.0, 159.0, 0.99805, 2.93, 0.44, 9.2, negative
5.1, 0.21, 0.28, 1.4, 0.047, 48.0, 148.0, 0.99168, 3.5, 0.49, 10.4, negative
7.4, 0.32, 0.27, 12.9, 0.04, 60.0, 221.0, 0.99831, 3.05, 0.66, 9.4, negative
5.9, 0.36, 0.04, 5.7, 0.046, 21.0, 87.0, 0.9934, 3.22, 0.51, 10.2, negative
5.9, 0.26, 0.4, 1.3, 0.047, 12.0, 139.0, 0.9945, 3.45, 0.53, 10.4, negative
7.6, 0.28, 0.49, 20.15, 0.06, 30.0, 145.0, 1.00196, 3.01, 0.44, 8.5, negative
8.3, 0.4, 0.38, 1.1, 0.038, 15.0, 75.0, 0.9934, 3.03, 0.43, 9.2, negative
6.6, 0.56, 0.22, 8.9, 0.034, 27.0, 133.0, 0.99675, 3.2, 0.51, 9.1, negative
7.7, 0.28, 0.29, 4.3, 0.051, 25.0, 142.0, 0.9939, 3.16, 0.39, 10.2, negative
7.0, 0.31, 0.39, 7.5, 0.055, 42.0, 218.0, 0.99652, 3.37, 0.54, 10.3, negative
6.5, 0.27, 0.4, 10.0, 0.039, 74.0, 227.0, 0.99582, 3.18, 0.5, 9.4, negative
7.0, 0.35, 0.31, 1.8, 0.069, 15.0, 162.0, 0.9944, 3.18, 0.47, 9.4, negative
6.9, 0.615, 0.42, 12.0, 0.067, 24.0, 131.0, 0.99727, 3.19, 0.34, 9.3, negative
6.6, 0.56, 0.15, 10.0, 0.037, 38.0, 157.0, 0.99642, 3.28, 0.52, 9.4, negative
6.8, 0.31, 0.19, 3.5, 0.086, 30.0, 130.0, 0.993, 2.83, 0.44, 9.6, negative
8.9, 0.27, 0.34, 10.7, 0.029, 19.5, 166.0, 0.99669, 3.13, 0.48, 10.6, negative
7.1, 0.31, 0.25, 11.2, 0.048, 32.0, 136.0, 0.99663, 3.14, 0.4, 9.5, negative
7.2, 0.29, 0.18, 8.2, 0.042, 41.0, 180.0, 0.99644, 3.16, 0.49, 9.1, negative
5.1, 0.52, 0.06, 2.7, 0.052, 30.0, 79.0, 0.9932, 3.32, 0.43, 9.3, negative
6.6, 0.28, 0.42, 8.2, 0.044, 60.0, 196.0, 0.99562, 3.14, 0.48, 9.4, negative
6.7, 0.27, 0.25, 8.0, 0.053, 54.0, 202.0, 0.9961, 3.22, 0.43, 9.3, negative
7.5, 0.31, 0.51, 14.8, 0.039, 62.0, 204.0, 0.9982, 3.06, 0.6, 9.5, negative
5.0, 0.61, 0.12, 1.3, 0.009, 65.0, 100.0, 0.9874, 3.26, 0.37, 13.5, negative
5.8, 0.22, 0.3, 1.1, 0.047, 36.0, 131.0, 0.992, 3.26, 0.45, 10.4, negative
7.5, 0.27, 0.79, 11.95, 0.04, 51.0, 159.0, 0.99839, 2.98, 0.44, 8.7, negative
9.0, 0.55, 0.3, 8.1, 0.026, 14.0, 71.0, 0.993, 2.94, 0.36, 11.8, negative
7.7, 0.3, 0.42, 14.3, 0.045, 45.0, 213.0, 0.9991, 3.18, 0.63, 9.2, negative
7.1, 0.34, 0.2, 6.1, 0.063, 47.0, 164.0, 0.9946, 3.17, 0.42, 10.0, negative
6.5, 0.36, 0.16, 1.3, 0.054, 11.0, 107.0, 0.99398, 3.19, 0.39, 8.5, negative
7.1, 0.28, 0.35, 3.5, 0.028, 35.0, 91.0, 0.99022, 2.96, 0.33, 12.1, negative
6.7, 0.47, 0.34, 8.9, 0.043, 31.0, 172.0, 0.9964, 3.22, 0.6, 9.2, negative
6.1, 0.38, 0.47, 1.4, 0.051, 59.0, 210.0, 0.99309, 3.24, 0.5, 9.6, negative
6.7, 0.4, 0.22, 8.8, 0.052, 24.0, 113.0, 0.99576, 3.22, 0.45, 9.4, negative
7.2, 0.16, 0.26, 7.1, 0.054, 41.0, 224.0, 0.9966, 3.38, 0.55, 10.1, negative
7.0, 0.29, 0.33, 0.9, 0.041, 20.0, 117.0, 0.99048, 3.21, 0.5, 11.4, negative
6.4, 0.41, 0.01, 6.1, 0.048, 20.0, 70.0, 0.99362, 3.19, 0.42, 10.0, negative
6.4, 0.24, 0.26, 8.2, 0.054, 47.0, 182.0, 0.99538, 3.12, 0.5, 9.5, negative
7.9, 0.29, 0.39, 6.7, 0.036, 6.0, 117.0, 0.9938, 3.12, 0.42, 10.7, negative
7.2, 0.27, 0.74, 12.5, 0.037, 47.0, 156.0, 0.9981, 3.04, 0.44, 8.7, negative
6.5, 0.28, 0.28, 20.4, 0.041, 40.0, 144.0, 1.0002, 3.14, 0.38, 8.7, negative
6.8, 0.37, 0.51, 11.8, 0.044, 62.0, 163.0, 0.9976, 3.19, 0.44, 8.8, negative
7.2, 0.585, 0.2, 10.4, 0.086, 17.0, 94.0, 0.99681, 3.13, 0.4, 9.4, negative
7.0, 0.44, 0.24, 12.1, 0.056, 68.0, 210.0, 0.99718, 3.05, 0.5, 9.5, negative
7.2, 0.17, 0.41, 1.6, 0.052, 24.0, 126.0, 0.99228, 3.19, 0.49, 10.8, negative
7.0, 0.16, 0.32, 8.3, 0.045, 38.0, 126.0, 0.9958, 3.21, 0.34, 9.2, negative
6.5, 0.22, 0.25, 17.1, 0.05, 44.0, 138.0, 1.0001, 3.3, 0.37, 8.8, negative
6.6, 0.33, 0.24, 16.05, 0.045, 31.0, 147.0, 0.99822, 3.08, 0.52, 9.2, negative
6.7, 0.26, 0.49, 8.1, 0.052, 48.0, 197.0, 0.99558, 3.19, 0.48, 9.5, negative
8.4, 0.31, 0.31, 0.95, 0.021, 52.0, 148.0, 0.99038, 2.93, 0.32, 11.5, negative
7.9, 0.22, 0.49, 3.8, 0.042, 26.0, 105.0, 0.993, 3.1, 0.39, 10.5, negative
6.4, 0.22, 0.31, 13.9, 0.04, 57.0, 135.0, 0.99672, 3.21, 0.38, 10.7, negative
6.2, 0.23, 0.23, 1.2, 0.018, 18.0, 128.0, 0.99178, 3.05, 0.28, 10.6, negative
5.7, 0.255, 0.65, 1.2, 0.079, 17.0, 137.0, 0.99307, 3.2, 0.42, 9.4, negative
7.7, 0.43, 0.37, 10.0, 0.169, 22.0, 210.0, 0.99776, 3.02, 0.64, 9.5, negative
6.6, 0.4, 0.46, 6.2, 0.056, 42.0, 241.0, 0.9968, 3.5, 0.6, 9.9, negative
8.2, 0.25, 0.46, 3.75, 0.05, 14.0, 102.0, 0.99524, 3.28, 0.58, 9.7, negative
7.7, 0.31, 0.26, 7.8, 0.031, 23.0, 90.0, 0.9944, 3.13, 0.5, 10.4, negative
6.8, 0.29, 0.5, 13.3, 0.053, 48.0, 194.0, 0.9974, 3.09, 0.45, 9.4, negative
8.6, 0.23, 0.4, 4.2, 0.035, 17.0, 109.0, 0.9947, 3.14, 0.53, 9.7, negative
6.6, 0.3, 0.3, 4.8, 0.17, 60.0, 166.0, 0.9946, 3.18, 0.47, 9.4, negative
7.1, 0.21, 0.27, 8.6, 0.056, 26.0, 111.0, 0.9956, 2.95, 0.52, 9.5, negative
6.2, 0.33, 0.14, 4.8, 0.052, 27.0, 128.0, 0.99475, 3.21, 0.48, 9.4, negative
7.7, 0.28, 0.58, 12.1, 0.046, 60.0, 177.0, 0.9983, 3.08, 0.46, 8.9, negative
7.3, 0.24, 0.34, 7.5, 0.048, 29.0, 152.0, 0.9962, 3.1, 0.54, 9.0, negative
7.3, 0.28, 0.35, 1.6, 0.054, 31.0, 148.0, 0.99178, 3.18, 0.47, 10.7, negative
6.6, 0.27, 0.25, 3.1, 0.052, 41.0, 188.0, 0.9915, 3.24, 0.4, 11.3, negative
7.2, 0.24, 0.27, 11.4, 0.034, 40.0, 174.0, 0.99773, 3.2, 0.44, 9.0, negative
7.4, 0.38, 0.27, 7.5, 0.041, 24.0, 160.0, 0.99535, 3.17, 0.43, 10.0, negative
6.1, 0.45, 0.27, 0.8, 0.039, 13.0, 82.0, 0.9927, 3.23, 0.32, 9.5, negative
7.8, 0.28, 0.31, 2.1, 0.046, 28.0, 208.0, 0.99434, 3.23, 0.64, 9.8, negative
6.4, 0.27, 0.45, 8.3, 0.05, 52.0, 196.0, 0.9955, 3.18, 0.48, 9.5, negative
6.3, 0.32, 0.26, 12.3, 0.044, 24.0, 205.0, 0.99611, 3.11, 0.58, 9.9, negative
7.0, 0.15, 0.34, 1.4, 0.039, 21.0, 177.0, 0.9927, 3.32, 0.62, 10.8, negative
6.6, 0.42, 0.13, 12.8, 0.044, 26.0, 158.0, 0.99772, 3.24, 0.47, 9.0, negative
7.4, 0.27, 0.26, 11.8, 0.053, 55.0, 173.0, 0.99699, 3.11, 0.6, 9.8, negative
6.3, 0.32, 0.32, 1.5, 0.03, 24.0, 101.0, 0.98923, 3.21, 0.42, 13.0, negative
6.7, 0.42, 0.39, 12.1, 0.04, 61.0, 248.0, 0.99794, 3.31, 0.58, 9.7, negative
6.6, 0.23, 0.27, 5.6, 0.043, 43.0, 164.0, 0.9953, 3.27, 0.76, 9.5, negative
7.1, 0.32, 0.24, 13.1, 0.05, 52.0, 204.0, 0.998, 3.1, 0.49, 8.8, negative
6.5, 0.36, 0.32, 1.1, 0.031, 13.0, 66.0, 0.9916, 3.1, 0.46, 10.6, negative
6.4, 0.44, 0.26, 2.0, 0.054, 20.0, 180.0, 0.9952, 3.58, 0.57, 10.0, negative
7.2, 0.23, 0.33, 12.7, 0.049, 50.0, 183.0, 0.9987, 3.41, 0.4, 9.8, negative
7.2, 0.21, 0.36, 15.7, 0.045, 68.0, 183.0, 0.99922, 3.25, 0.76, 9.4, negative
8.9, 0.13, 0.49, 1.0, 0.028, 6.0, 24.0, 0.9926, 2.91, 0.32, 9.9, negative
6.9, 0.2, 0.4, 7.7, 0.032, 51.0, 176.0, 0.9939, 3.22, 0.27, 11.4, negative
7.4, 0.41, 0.66, 10.8, 0.051, 77.0, 194.0, 0.9976, 3.05, 0.46, 8.7, negative
5.3, 0.23, 0.56, 0.9, 0.041, 46.0, 141.0, 0.99119, 3.16, 0.62, 9.7, negative
7.5, 0.3, 0.71, 1.3, 0.16, 44.0, 149.0, 0.9948, 3.08, 0.42, 8.9, negative
5.9, 0.415, 0.02, 0.8, 0.038, 22.0, 63.0, 0.9932, 3.36, 0.36, 9.3, negative
6.1, 0.27, 0.3, 16.7, 0.039, 49.0, 172.0, 0.99985, 3.4, 0.45, 9.4, negative
9.6, 0.23, 0.4, 1.5, 0.044, 19.0, 135.0, 0.9937, 2.96, 0.49, 10.9, negative
7.5, 0.305, 0.4, 18.9, 0.059, 44.0, 170.0, 1.0, 2.99, 0.46, 9.0, negative
6.1, 0.33, 0.32, 7.8, 0.052, 52.0, 183.0, 0.99657, 3.39, 0.65, 9.5, negative
7.6, 0.19, 0.41, 1.1, 0.04, 38.0, 143.0, 0.9907, 2.92, 0.42, 11.4, negative
8.3, 0.22, 0.38, 14.8, 0.054, 32.0, 126.0, 1.0002, 3.22, 0.5, 9.7, negative
8.9, 0.33, 0.34, 1.4, 0.056, 14.0, 171.0, 0.9946, 3.13, 0.47, 9.7, negative
8.8, 0.19, 0.3, 5.0, 0.028, 34.0, 120.0, 0.99242, 2.94, 0.47, 11.2, negative
7.3, 0.32, 0.25, 7.2, 0.056, 47.0, 180.0, 0.9961, 3.08, 0.47, 8.8, negative
6.1, 0.35, 0.07, 1.4, 0.069, 22.0, 108.0, 0.9934, 3.23, 0.52, 9.2, negative
7.7, 0.34, 0.58, 11.1, 0.039, 41.0, 151.0, 0.9978, 3.06, 0.49, 8.6, negative
6.5, 0.23, 0.36, 16.3, 0.038, 43.0, 133.0, 0.99924, 3.26, 0.41, 8.8, negative
6.0, 0.41, 0.23, 1.1, 0.066, 22.0, 148.0, 0.99266, 3.3, 0.47, 9.63333333333333, negative
6.4, 0.29, 0.3, 6.5, 0.209, 62.0, 156.0, 0.99478, 3.1, 0.4, 9.4, negative
