0.51 0.46 0.49 0.21 0.5 0.0 0.55 0.22 0
0.58 0.43 0.32 0.11 0.5 0.0 0.49 0.22 0
0.49 0.5 0.42 0.43 0.5 0.0 0.5 0.36 0
0.58 0.44 0.57 0.13 0.5 0.0 0.54 0.22 1
0.53 0.54 0.43 0.1 0.5 0.0 0.57 0.32 1
0.53 0.31 0.58 0.39 0.5 0.0 0.47 0.37 1
0.62 0.51 0.52 0.42 0.5 0.0 0.54 0.27 1
0.35 0.4 0.59 0.22 0.5 0.0 0.47 0.37 1
0.23 0.2 0.53 0.2 0.5 0.0 0.44 0.22 1
0.43 0.39 0.54 0.14 0.5 0.0 0.47 0.22 1
0.53 0.61 0.52 0.21 0.5 0.0 0.55 0.3 1
0.58 0.48 0.56 0.1 0.5 0.0 0.46 0.25 1
0.5 0.45 0.49 0.3 0.5 0.0 0.47 0.4 1
0.59 0.53 0.47 0.26 0.5 0.0 0.53 0.31 1
0.52 0.48 0.54 0.28 0.5 0.0 0.54 0.22 1
0.37 0.31 0.53 0.16 0.5 0.0 0.53 0.44 1
0.47 0.59 0.37 0.31 0.5 0.0 0.51 0.36 1
0.33 0.46 0.53 0.29 0.5 0.0 0.5 0.55 1
0.39 0.34 0.68 0.3 0.5 0.0 0.5 0.29 1
0.36 0.3 0.5 0.19 0.5 0.0 0.55 0.3 1
0.67 0.46 0.58 0.3 0.5 0.0 0.57 0.27 1
0.4 0.37 0.54 0.13 0.5 0.0 0.48 0.22 1
0.25 0.39 0.5 0.23 0.5 0.0 0.5 0.28 1
0.41 0.53 0.41 0.15 0.5 0.0 0.54 0.25 1
0.48 0.41 0.54 0.39 0.5 0.0 0.51 0.22 1
0.36 0.48 0.5 0.13 0.5 0.0 0.49 0.6 1
0.55 0.59 0.53 0.15 0.5 0.0 0.49 0.22 1
0.64 0.5 0.53 0.1 0.5 0.0 0.51 0.22 1
0.49 0.49 0.51 0.29 0.5 0.0 0.52 0.71 1
0.57 0.55 0.52 0.16 0.5 0.0 0.49 0.39 1
0.34 0.58 0.5 0.26 0.5 0.0 0.51 0.22 1
0.35 0.41 0.53 0.27 0.5 0.0 0.47 0.29 1
0.56 0.49 0.54 0.15 0.5 0.0 0.5 0.35 1
0.6 0.57 0.52 0.14 0.5 0.0 0.46 0.48 1
0.49 0.49 0.52 0.18 0.5 0.0 0.51 0.25 1
0.45 0.65 0.51 0.17 0.5 0.0 0.49 0.22 1
0.49 0.6 0.42 0.18 0.5 0.0 0.58 0.28 1
0.47 0.47 0.5 0.19 0.5 0.0 0.51 0.26 1
0.41 0.39 0.61 0.17 0.5 0.0 0.5 0.61 1
0.41 0.56 0.53 0.16 0.5 0.0 0.55 0.26 1
0.55 0.79 0.45 0.25 0.5 0.0 0.51 0.22 1
0.5 0.43 0.56 0.17 0.5 0.0 0.35 0.22 1
0.34 0.42 0.48 0.19 0.5 0.0 0.46 0.31 1
0.56 0.52 0.48 0.17 0.5 0.0 0.46 0.22 1
0.43 0.54 0.58 0.16 0.5 0.0 0.5 0.36 1
0.37 0.22 0.64 0.35 0.5 0.0 0.47 0.22 1
0.38 0.38 0.54 0.24 0.5 0.0 0.54 0.22 1
0.53 0.51 0.54 0.21 0.5 0.0 0.45 0.22 1
0.47 0.39 0.5 0.11 0.5 0.0 0.49 0.4 1
0.57 0.47 0.6 0.18 0.5 0.0 0.51 0.22 1
0.66 0.62 0.49 0.1 0.5 0.0 0.49 0.22 1
0.65 0.65 0.52 0.16 0.5 0.0 0.6 0.22 1
0.6 0.5 0.57 0.25 0.5 0.0 0.41 0.26 1
0.29 0.32 0.58 0.15 0.5 0.0 0.5 0.3 1
0.59 0.48 0.5 0.14 0.5 0.0 0.45 0.25 1
0.39 0.55 0.48 0.31 0.5 0.0 0.54 0.29 1
0.31 0.55 0.52 0.17 0.5 0.0 0.52 0.22 1
0.45 0.27 0.57 0.36 0.5 0.0 0.52 0.18 1
0.45 0.56 0.53 0.32 0.5 0.0 0.57 0.22 1
0.35 0.46 0.49 0.15 1.0 0.0 0.55 0.35 1
0.47 0.47 0.58 0.16 0.5 0.0 0.49 0.28 1
0.35 0.4 0.53 0.18 0.5 0.0 0.42 0.38 1
0.46 0.45 0.56 0.16 0.5 0.0 0.56 0.22 1
0.5 0.46 0.52 0.16 0.5 0.0 0.52 0.26 1
0.48 0.42 0.48 0.19 0.5 0.0 0.58 0.22 1
0.63 0.64 0.45 0.26 0.5 0.0 0.43 0.22 1
0.4 0.45 0.61 0.29 0.5 0.0 0.44 0.22 1
0.34 0.34 0.65 0.4 0.5 0.0 0.32 0.16 1
0.53 0.57 0.6 0.36 0.5 0.0 0.5 0.22 1
0.46 0.38 0.51 0.2 0.5 0.0 0.51 0.22 1
0.53 0.49 0.47 0.21 0.5 0.0 0.53 0.22 1
0.39 0.45 0.51 0.29 0.5 0.0 0.54 0.22 1
0.33 0.37 0.49 0.22 0.5 0.0 0.55 0.22 1
0.51 0.59 0.55 0.21 0.5 0.0 0.52 0.22 1
0.63 0.43 0.48 0.11 0.5 0.0 0.51 0.22 1
0.38 0.42 0.5 0.19 0.5 0.0 0.44 0.22 1
0.48 0.44 0.51 0.24 0.5 0.0 0.49 0.22 1
0.5 0.46 0.49 0.27 0.5 0.0 0.6 0.22 1
0.54 0.35 0.55 0.19 0.5 0.0 0.3 0.22 1
0.46 0.52 0.51 0.13 0.5 0.0 0.47 0.22 1
0.5 0.4 0.57 0.17 0.5 0.0 0.59 0.22 1
0.5 0.47 0.56 0.31 0.5 0.0 0.56 0.26 1
0.8 0.46 0.5 0.15 0.5 0.0 0.53 0.22 1
0.62 0.58 0.46 0.13 0.5 0.0 0.53 0.22 1
0.31 0.45 0.5 0.17 0.5 0.0 0.49 0.22 1
0.43 0.52 0.53 0.52 1.0 0.0 0.49 0.22 1
0.55 0.51 0.54 0.2 0.5 0.0 0.56 0.22 1
0.6 0.48 0.46 0.32 0.5 0.0 0.4 0.33 1
0.45 0.5 0.57 0.29 0.5 0.0 0.44 0.11 1
0.61 0.53 0.59 0.17 0.5 0.0 0.44 0.28 1
0.34 0.34 0.65 0.4 0.5 0.0 0.32 0.16 1
0.39 0.65 0.57 0.19 0.5 0.0 0.43 0.25 1
0.44 0.53 0.52 0.23 0.5 0.83 0.51 0.22 1
0.42 0.5 0.53 0.22 0.5 0.83 0.5 0.22 1
0.7 0.84 0.49 0.28 1.0 0.0 0.58 0.22 1
