0.48 0.58 0.58 0.12 0.5 0.0 0.49 0.22 0
0.73 0.59 0.35 0.15 0.5 0.0 0.54 0.22 0
0.49 0.5 0.42 0.43 0.5 0.0 0.5 0.36 0
0.58 0.56 0.45 0.12 0.5 0.0 0.51 0.22 1
0.37 0.33 0.5 0.12 0.5 0.0 0.51 0.54 1
0.5 0.52 0.59 0.3 0.5 0.0 0.51 0.35 1
0.38 0.42 0.5 0.19 0.5 0.0 0.44 0.22 1
0.43 0.51 0.48 0.14 0.5 0.0 0.5 0.22 1
0.52 0.48 0.58 0.55 0.5 0.0 0.48 0.22 1
0.39 0.39 0.55 0.52 0.5 0.0 0.37 0.16 1
0.49 0.48 0.52 0.2 0.5 0.0 0.55 0.22 1
0.6 0.51 0.49 0.18 0.5 0.0 0.53 0.38 1
0.5 0.44 0.57 0.28 0.5 0.0 0.57 0.22 1
0.52 0.56 0.55 0.16 0.5 0.0 0.53 0.39 1
0.57 0.53 0.6 0.28 0.5 0.0 0.52 0.45 1
0.64 0.59 0.56 0.23 0.5 0.0 0.46 0.22 1
0.54 0.48 0.55 0.33 0.5 0.0 0.55 0.4 1
0.43 0.57 0.53 0.16 0.5 0.0 0.54 0.22 1
0.51 0.48 0.51 0.19 0.5 0.0 0.51 0.27 1
0.48 0.45 0.63 0.19 0.5 0.0 0.58 0.22 1
0.41 0.47 0.5 0.14 0.5 0.0 0.53 0.37 1
0.46 0.39 0.54 0.22 0.5 0.0 0.48 0.25 1
0.45 0.36 0.5 0.19 0.5 0.0 0.53 0.7 1
0.51 0.39 0.56 0.25 0.5 0.0 0.51 0.33 1
0.49 0.46 0.54 0.18 0.5 0.0 0.35 0.22 1
0.62 0.64 0.56 0.2 0.5 0.0 0.48 0.33 1
0.7 0.53 0.42 0.22 0.5 0.0 0.51 0.28 1
0.73 0.63 0.42 0.3 0.5 0.0 0.49 0.22 1
0.62 0.42 0.47 0.16 0.5 0.0 0.52 0.22 1
0.4 0.28 0.58 0.44 0.5 0.0 0.41 0.22 1
0.46 0.52 0.51 0.13 0.5 0.0 0.47 0.22 1
0.56 0.35 0.47 0.41 0.5 0.0 0.5 0.22 1
0.48 0.39 0.51 0.21 0.5 0.0 0.52 0.28 1
0.54 0.52 0.54 0.2 0.5 0.0 0.55 0.25 1
0.53 0.45 0.53 0.18 0.5 0.0 0.42 0.22 1
0.55 0.38 0.52 0.16 0.5 0.0 0.49 0.64 1
0.34 0.42 0.48 0.19 0.5 0.0 0.46 0.31 1
0.43 0.54 0.58 0.16 0.5 0.0 0.5 0.36 1
0.36 0.48 0.5 0.13 0.5 0.0 0.49 0.6 1
0.51 0.48 0.58 0.22 0.5 0.0 0.5 0.28 1
0.37 0.58 0.5 0.22 0.5 0.0 0.47 0.22 1
0.39 0.34 0.68 0.3 0.5 0.0 0.5 0.29 1
0.4 0.45 0.57 0.18 0.5 0.0 0.56 0.26 1
0.32 0.48 0.49 0.17 0.5 0.0 0.47 0.22 1
0.45 0.54 0.49 0.29 0.5 0.0 0.49 0.25 1
0.47 0.43 0.61 0.4 0.5 0.0 0.48 0.47 1
0.4 0.3 0.57 0.13 0.5 0.0 0.46 0.22 1
0.32 0.49 0.53 0.28 0.5 0.0 0.5 0.5 1
0.56 0.48 0.5 0.17 0.5 0.0 0.51 0.26 1
0.47 0.43 0.59 0.27 0.5 0.0 0.55 0.22 1
0.43 0.53 0.52 0.13 0.5 0.0 0.55 0.22 1
0.31 0.45 0.5 0.17 0.5 0.0 0.49 0.22 1
0.43 0.57 0.53 0.53 0.5 0.0 0.53 0.25 1
0.65 0.65 0.52 0.16 0.5 0.0 0.6 0.22 1
0.35 0.4 0.59 0.22 0.5 0.0 0.47 0.37 1
0.33 0.36 0.62 0.26 0.5 0.0 0.55 0.22 1
0.49 0.37 0.59 0.17 0.5 0.0 0.51 0.22 1
0.51 0.34 0.5 0.19 0.5 0.0 0.5 0.22 1
0.62 0.33 0.49 0.24 0.5 0.0 0.51 0.42 1
0.39 0.45 0.53 0.18 0.5 0.0 0.54 0.22 1
0.52 0.31 0.56 0.16 0.5 0.0 0.55 0.22 1
0.34 0.25 0.55 0.28 0.5 0.0 0.51 0.49 1
0.37 0.34 0.58 0.24 0.5 0.0 0.44 0.18 1
0.37 0.32 0.47 0.18 0.5 0.0 0.45 0.25 1
0.33 0.28 0.52 0.15 0.5 0.0 0.51 0.86 1
0.52 0.4 0.6 0.12 0.5 0.0 0.55 0.22 1
0.44 0.42 0.57 0.22 0.5 0.0 0.5 0.25 1
0.39 0.45 0.75 0.17 0.5 0.0 0.51 0.22 1
0.32 0.68 0.51 0.16 0.5 0.83 0.55 0.22 1
0.34 0.66 0.51 0.16 0.5 0.0 0.47 0.33 1
0.64 0.5 0.53 0.1 0.5 0.0 0.51 0.22 1
0.27 0.31 0.55 0.13 0.5 0.0 0.5 0.22 1
0.25 0.4 0.51 0.18 0.5 0.0 0.5 0.27 1
0.47 0.38 0.5 0.15 0.5 0.0 0.49 0.47 1
0.56 0.52 0.48 0.17 0.5 0.0 0.46 0.22 1
0.55 0.63 0.54 0.16 0.5 0.0 0.45 0.27 1
0.45 0.48 0.56 0.56 0.5 0.0 0.47 0.22 1
0.58 0.48 0.56 0.1 0.5 0.0 0.46 0.25 1
0.58 0.48 0.56 0.12 0.5 0.0 0.46 0.25 1
0.62 0.43 0.49 0.29 0.5 0.0 0.5 0.27 1
0.35 0.4 0.53 0.18 0.5 0.0 0.42 0.38 1
0.46 0.35 0.69 0.18 0.5 0.0 0.3 0.25 1
0.52 0.49 0.57 0.57 0.5 0.0 0.51 0.22 1
0.51 0.43 0.47 0.19 0.5 0.0 0.52 0.37 1
0.54 0.6 0.57 0.17 0.5 0.0 0.44 0.22 1
0.4 0.75 0.44 0.12 0.5 0.0 0.49 0.22 1
0.49 0.71 0.54 0.13 0.5 0.0 0.58 0.22 1
0.77 0.8 0.51 0.4 1.0 0.0 0.54 0.22 1
0.61 0.48 0.56 0.19 0.5 0.0 0.53 0.31 1
0.28 0.41 0.46 0.18 0.5 0.0 0.47 0.39 1
0.33 0.46 0.53 0.12 0.5 0.0 0.5 0.27 1
0.43 0.4 0.6 0.16 0.5 0.0 0.53 0.39 1
0.42 0.32 0.61 0.13 0.5 0.0 0.14 0.27 1
0.61 0.3 0.59 0.12 0.5 0.0 0.49 0.27 1
