0.48 0.49 0.49 0.26 0.5 0.0 0.39 0.27 0
0.8 0.82 0.57 0.26 0.5 0.0 0.57 0.27 0
0.6 0.37 0.52 0.15 0.5 0.0 0.55 0.26 0
0.59 0.54 0.53 0.14 0.5 0.0 0.48 0.22 1
0.39 0.3 0.56 0.12 0.5 0.0 0.53 0.38 1
0.54 0.67 0.56 0.15 0.5 0.0 0.57 0.33 1
0.43 0.48 0.53 0.18 0.5 0.0 0.46 0.22 1
0.46 0.48 0.44 0.21 0.5 0.0 0.55 0.22 1
0.58 0.48 0.51 0.47 0.5 0.0 0.55 0.22 1
0.35 0.21 1.0 0.8 0.5 0.0 0.13 0.01 1
0.53 0.44 0.47 0.22 0.5 0.0 0.53 0.22 1
0.61 0.54 0.49 0.16 0.5 0.0 0.54 0.42 1
0.52 0.46 0.56 0.2 0.5 0.0 0.5 0.22 1
0.53 0.53 0.53 0.17 0.5 0.0 0.49 0.37 1
0.58 0.46 0.46 0.34 0.5 0.0 0.5 0.43 1
0.64 0.56 0.56 0.22 0.5 0.0 0.45 0.22 1
0.5 0.47 0.56 0.31 0.5 0.0 0.56 0.26 1
0.44 0.54 0.51 0.16 0.5 0.0 0.58 0.22 1
0.5 0.46 0.52 0.16 0.5 0.0 0.52 0.26 1
0.48 0.39 0.49 0.18 0.5 0.0 0.51 0.22 1
0.45 0.43 0.51 0.24 0.5 0.0 0.54 0.33 1
0.54 0.35 0.55 0.19 0.5 0.0 0.3 0.22 1
0.44 0.53 0.43 0.17 0.5 0.0 0.54 0.75 1
0.45 0.46 0.55 0.43 0.5 0.0 0.55 0.38 1
0.52 0.47 0.58 0.18 0.5 0.0 0.34 0.11 1
0.63 0.64 0.49 0.2 0.5 0.0 0.52 0.25 1
0.8 0.46 0.5 0.15 0.5 0.0 0.53 0.22 1
0.57 0.61 0.45 0.26 0.5 0.0 0.5 0.22 1
0.57 0.4 0.48 0.24 0.5 0.0 0.55 0.22 1
0.37 0.37 0.51 0.38 0.5 0.0 0.44 0.22 1
0.49 0.43 0.51 0.13 0.5 0.0 0.47 0.22 1
0.61 0.38 0.57 0.36 0.5 0.0 0.44 0.21 1
0.44 0.45 0.53 0.19 0.5 0.0 0.41 0.28 1
0.55 0.51 0.54 0.2 0.5 0.0 0.56 0.22 1
0.52 0.43 0.61 0.22 0.5 0.0 0.45 0.22 1
0.54 0.57 0.52 0.19 0.5 0.0 0.59 0.67 1
0.34 0.48 0.47 0.19 0.5 0.0 0.5 0.3 1
0.41 0.59 0.65 0.14 0.5 0.0 0.49 0.33 1
0.38 0.42 0.47 0.12 0.5 0.0 0.47 0.53 1
0.52 0.54 0.5 0.21 0.5 0.0 0.48 0.3 1
0.35 0.66 0.49 0.21 0.5 0.0 0.54 0.25 1
0.37 0.22 0.64 0.35 0.5 0.0 0.47 0.22 1
0.39 0.47 0.49 0.2 0.5 0.0 0.53 0.26 1
0.19 0.41 0.55 0.13 0.5 0.0 0.52 0.25 1
0.48 0.56 0.49 0.32 0.5 0.0 0.5 0.22 1
0.45 0.45 0.51 0.3 0.5 0.0 0.48 0.44 1
0.4 0.37 0.54 0.13 0.5 0.0 0.48 0.22 1
0.38 0.4 0.39 0.19 0.5 0.0 0.46 0.62 1
0.58 0.44 0.57 0.13 0.5 0.0 0.54 0.22 1
0.38 0.4 0.59 0.25 0.5 0.0 0.44 0.22 1
0.31 0.55 0.52 0.17 0.5 0.0 0.52 0.22 1
0.36 0.56 0.52 0.18 0.5 0.0 0.45 0.16 1
0.68 0.59 0.44 0.49 0.5 0.0 0.4 0.26 1
0.69 0.6 0.5 0.31 0.5 0.0 0.55 0.22 1
0.31 0.39 0.55 0.28 0.5 0.0 0.46 0.31 1
0.31 0.31 0.56 0.33 0.5 0.0 0.52 0.33 1
0.44 0.34 0.55 0.18 0.5 0.0 0.52 0.22 1
0.48 0.44 0.51 0.24 0.5 0.0 0.49 0.22 1
0.66 0.54 0.49 0.16 0.5 0.0 0.54 0.36 1
0.37 0.42 0.51 0.11 0.5 0.0 0.57 0.22 1
0.42 0.31 0.5 0.15 0.5 0.0 0.53 0.22 1
0.37 0.3 0.62 0.43 0.5 0.0 0.44 0.39 1
0.4 0.45 0.61 0.29 0.5 0.0 0.44 0.22 1
0.32 0.34 0.61 0.17 0.5 0.0 0.52 0.32 1
0.35 0.29 0.46 0.14 0.5 0.0 0.54 0.66 1
0.5 0.4 0.57 0.17 0.5 0.0 0.59 0.22 1
0.43 0.45 0.53 0.19 0.5 0.0 0.56 0.22 1
0.47 0.4 0.63 0.19 0.5 0.0 0.52 0.32 1
0.68 0.58 0.51 0.19 0.5 0.83 0.54 0.22 1
0.4 0.62 0.52 0.31 0.5 0.0 0.49 0.31 1
0.69 0.54 0.55 0.23 0.5 0.0 0.73 0.22 1
0.32 0.32 0.52 0.18 0.5 0.0 0.48 0.34 1
0.34 0.47 0.48 0.32 0.5 0.0 0.42 0.22 1
0.47 0.47 0.5 0.15 0.5 0.0 0.5 0.48 1
0.53 0.59 0.48 0.14 0.5 0.0 0.51 0.22 1
0.64 0.56 0.52 0.17 0.5 0.0 0.54 0.47 1
0.47 0.52 0.5 0.4 0.5 0.0 0.41 0.22 1
0.58 0.47 0.54 0.11 0.5 0.0 0.51 0.26 1
0.59 0.5 0.52 0.28 0.5 0.0 0.55 0.25 1
0.56 0.48 0.5 0.3 0.5 0.0 0.51 0.22 1
0.37 0.48 0.5 0.26 0.5 0.0 0.52 0.39 1
0.38 0.38 0.54 0.24 0.5 0.0 0.54 0.22 1
0.5 0.42 0.57 0.49 0.5 0.0 0.48 0.27 1
0.49 0.61 0.49 0.25 0.5 0.0 0.5 0.28 1
0.51 0.5 0.54 0.11 0.5 0.0 0.6 0.22 1
0.44 0.71 0.5 0.21 0.5 0.0 0.54 0.27 1
0.48 0.64 0.61 0.23 0.5 0.0 0.6 0.22 1
0.85 0.56 0.33 0.38 1.0 0.0 0.55 0.25 1
0.78 0.74 0.58 0.25 1.0 0.0 0.53 0.22 1
0.21 0.38 0.49 0.16 0.5 0.0 0.51 0.45 1
0.4 0.42 0.71 0.21 0.5 0.0 0.54 0.32 1
0.28 0.36 0.55 0.15 0.5 0.0 0.57 0.22 1
0.5 0.55 0.52 0.16 0.5 0.0 0.51 0.31 1
0.39 0.16 0.59 0.08 0.5 0.0 0.51 0.27 1
0.59 0.51 0.48 0.12 0.5 0.0 0.54 0.31 1
