31.0 187.0 0
251.0 183.0 0
334.0 152.0 0
50.0 17.0 0
161.0 81.0 0
-18.0 135.0 0
-27.0 180.0 0
-138.0 -63.0 0
-68.0 157.0 0
-37.0 105.0 0
-139.0 113.0 0
-95.0 170.0 0
-332.0 -61.0 0
189.0 35.0 0
-127.0 -31.0 0
-327.0 0.0 0
-327.0 19.0 0
-222.0 7.0 0
-342.0 -12.0 0
334.0 258.0 0
-226.0 75.0 0
-73.0 -47.0 0
-78.0 -189.0 0
5.0 -63.0 0
8.0 -255.0 0
-164.0 -253.0 0
-109.0 -306.0 0
-89.0 -295.0 0
239.0 -209.0 0
32.0 -29.0 0
32.0 -96.0 0
275.0 -214.0 0
19.0 -203.0 0
171.0 -116.0 0
-123.0 391.0 0
133.0 114.0 0
-87.0 -39.0 0
115.0 100.0 0
270.0 190.0 0
67.0 -164.0 0
-150.0 144.0 0
-176.0 -268.0 0
-60.0 19.0 0
299.0 -109.0 0
-73.0 -144.0 0
-230.0 67.0 0
-22.0 265.0 0
-361.0 -238.0 1
191.0 341.0 1
-132.0 -325.0 1
-499.0 368.0 1
338.0 71.0 1
-436.0 182.0 1
365.0 -248.0 1
-45.0 -382.0 1
98.0 -364.0 1
241.0 313.0 1
-214.0 -135.0 1
-297.0 -283.0 1
-395.0 184.0 1
-397.0 -317.0 1
361.0 -358.0 1
504.0 -365.0 1
88.0 323.0 1
22.0 96.0 1
516.0 -280.0 1
-389.0 294.0 1
69.0 316.0 1
229.0 -40.0 1
-345.0 189.0 1
-159.0 -152.0 1
135.0 29.0 1
-419.0 -345.0 1
-543.0 207.0 1
-198.0 -237.0 1
218.0 -102.0 1
175.0 41.0 1
-526.0 -187.0 1
-446.0 369.0 1
-516.0 331.0 1
492.0 183.0 1
199.0 -290.0 1
392.0 -112.0 1
83.0 249.0 1
-401.0 -147.0 1
101.0 186.0 1
-221.0 -273.0 1
486.0 -29.0 1
-550.0 -70.0 1
407.0 2.0 1
-46.0 -358.0 1
-557.0 360.0 1
-398.0 90.0 1
-2.0 322.0 1
305.0 -369.0 1
76.0 -181.0 1
-538.0 52.0 1
-258.0 143.0 1
-414.0 210.0 1
40.0 152.0 1
-370.0 274.0 1
114.0 -280.0 1
-498.0 -86.0 1
112.0 208.0 1
-22.0 238.0 1
504.0 217.0 1
-243.0 413.0 1
-249.0 349.0 1
-13.0 -322.0 1
165.0 -14.0 1
486.0 -394.0 1
-186.0 -348.0 1
-409.0 -161.0 1
-325.0 -206.0 1
-403.0 -298.0 1
481.0 52.0 1
160.0 -369.0 1
-161.0 346.0 1
-228.0 -189.0 1
-389.0 -53.0 1
89.0 -299.0 1
-385.0 -405.0 1
-396.0 110.0 1
-77.0 -348.0 1
496.0 311.0 1
-420.0 -36.0 1
348.0 141.0 1
-442.0 51.0 1
-18.0 406.0 1
-185.0 155.0 1
-140.0 -284.0 1
-142.0 -151.0 1
413.0 -120.0 1
174.0 -220.0 1
34.0 274.0 1
-510.0 -331.0 1
-363.0 174.0 1
40.0 -292.0 1
-243.0 84.0 1
-14.0 214.0 1
275.0 337.0 1
-39.0 350.0 1
196.0 254.0 1
-102.0 48.0 1
-446.0 -117.0 1
81.0 239.0 1
-272.0 53.0 1
187.0 -70.0 1
-386.0 175.0 1
73.0 372.0 1
-226.0 97.0 1
209.0 379.0 1
-162.0 -234.0 1
208.0 21.0 1
408.0 -183.0 1
360.0 67.0 1
302.0 -183.0 1
13.0 -249.0 1
494.0 344.0 1
-480.0 -337.0 1
-490.0 -309.0 1
-3.0 353.0 1
-348.0 384.0 1
526.0 -377.0 1
-362.0 -27.0 1
403.0 288.0 1
-105.0 -52.0 1
-389.0 -291.0 1
420.0 -4.0 1
445.0 358.0 1
198.0 227.0 1
-116.0 -81.0 1
-212.0 345.0 1
-169.0 71.0 1
-532.0 -97.0 1
474.0 -356.0 1
-189.0 256.0 1
1.0 138.0 1
4.0 -297.0 1
476.0 358.0 1
-512.0 377.0 1
-302.0 261.0 1
125.0 -154.0 1
-442.0 -377.0 1
-376.0 188.0 1
-472.0 55.0 1
137.0 350.0 1
-534.0 6.0 1
-208.0 -63.0 1
-502.0 151.0 1
91.0 -243.0 1
431.0 163.0 1
-509.0 154.0 1
-171.0 201.0 1
375.0 -203.0 1
-365.0 258.0 1
-416.0 110.0 1
-510.0 67.0 1
46.0 -128.0 1
-418.0 295.0 1
11.0 63.0 1
-291.0 -271.0 1
-48.0 -397.0 1
-384.0 -195.0 1
-481.0 373.0 1
273.0 -282.0 1
-272.0 -159.0 1
-161.0 -105.0 1
88.0 251.0 1
423.0 -1.0 1
108.0 -272.0 1
449.0 53.0 1
439.0 107.0 1
355.0 -107.0 1
89.0 275.0 1
-500.0 -331.0 1
349.0 -177.0 1
146.0 -387.0 1
-63.0 355.0 1
-555.0 11.0 1
457.0 10.0 1
-434.0 17.0 1
-230.0 136.0 1
452.0 273.0 1
-60.0 -329.0 1
-134.0 -119.0 1
-395.0 -114.0 1
-50.0 338.0 1
6.0 242.0 1
86.0 403.0 1
-24.0 -270.0 1
62.0 -332.0 1
-424.0 -77.0 1
-288.0 70.0 1
478.0 351.0 1
-190.0 142.0 1
-175.0 209.0 1
-370.0 -215.0 1
350.0 193.0 1
281.0 385.0 1
329.0 -299.0 1
95.0 397.0 1
0.0 -362.0 1
-50.0 407.0 1
331.0 308.0 1
118.0 404.0 1
83.0 -158.0 1
424.0 -53.0 1
149.0 23.0 1
502.0 9.0 1
-403.0 -383.0 1
-565.0 -371.0 1
-470.0 -212.0 1
-432.0 155.0 1
49.0 -94.0 1
440.0 345.0 1
-501.0 358.0 1
-306.0 161.0 1
-205.0 389.0 1
-324.0 302.0 1
200.0 193.0 1
-33.0 -288.0 1
518.0 297.0 1
-322.0 -183.0 1
-466.0 -17.0 1
-501.0 246.0 1
324.0 -395.0 1
528.0 394.0 1
-351.0 -42.0 1
362.0 321.0 1
-542.0 352.0 1
257.0 118.0 1
-405.0 -383.0 1
464.0 -43.0 1
533.0 54.0 1
-264.0 138.0 1
150.0 -2.0 1
-76.0 -374.0 1
-435.0 -41.0 1
457.0 26.0 1
-571.0 40.0 1
-353.0 358.0 1
-174.0 202.0 1
377.0 6.0 1
-17.0 370.0 1
49.0 354.0 1
453.0 138.0 1
-546.0 339.0 1
-508.0 233.0 1
-6.0 334.0 1
-381.0 73.0 1
-317.0 403.0 1
353.0 -185.0 1
229.0 -77.0 1
144.0 -196.0 1
320.0 -388.0 1
474.0 272.0 1
268.0 307.0 1
-501.0 -122.0 1
-493.0 -354.0 1
