251.0 183.0 0
-40.0 162.0 0
-32.0 -226.0 0
234.0 249.0 0
-78.0 -189.0 0
32.0 -96.0 0
133.0 114.0 0
115.0 100.0 0
-199.0 -62.0 0
-73.0 -144.0 0
361.0 -358.0 1
38.0 72.0 1
-345.0 189.0 1
-293.0 313.0 1
199.0 -290.0 1
107.0 -207.0 1
364.0 -175.0 1
486.0 -29.0 1
305.0 -369.0 1
-538.0 52.0 1
-258.0 143.0 1
-498.0 -86.0 1
-275.0 378.0 1
-422.0 333.0 1
165.0 -14.0 1
486.0 -394.0 1
408.0 -67.0 1
-462.0 -108.0 1
-396.0 110.0 1
348.0 141.0 1
-14.0 214.0 1
-102.0 48.0 1
-446.0 -117.0 1
73.0 372.0 1
403.0 288.0 1
365.0 86.0 1
-442.0 -377.0 1
285.0 77.0 1
91.0 -243.0 1
285.0 401.0 1
-254.0 -282.0 1
88.0 251.0 1
-537.0 348.0 1
86.0 403.0 1
-424.0 -77.0 1
-370.0 -215.0 1
329.0 -299.0 1
0.0 -362.0 1
502.0 9.0 1
497.0 -145.0 1
87.0 347.0 1
-324.0 302.0 1
-351.0 -42.0 1
199.0 -287.0 1
532.0 116.0 1
377.0 6.0 1
-384.0 -349.0 1
-373.0 -123.0 1
353.0 -185.0 1
374.0 -200.0 1
