-147.0 264.0 0
-127.0 -196.0 0
-373.0 13.0 0
-14.0 13.0 0
171.0 -116.0 0
189.0 35.0 0
117.0 116.0 0
251.0 183.0 0
-87.0 -39.0 0
-123.0 391.0 0
88.0 20.0 1
-175.0 -40.0 1
-370.0 274.0 1
275.0 337.0 1
26.0 -247.0 1
-484.0 28.0 1
88.0 323.0 1
424.0 -53.0 1
327.0 54.0 1
428.0 66.0 1
-189.0 256.0 1
0.0 -362.0 1
-198.0 -237.0 1
-173.0 -359.0 1
-338.0 -334.0 1
317.0 407.0 1
-501.0 -122.0 1
-472.0 55.0 1
471.0 -293.0 1
-3.0 353.0 1
330.0 -197.0 1
-422.0 333.0 1
-214.0 -135.0 1
-325.0 -206.0 1
-280.0 -387.0 1
199.0 -287.0 1
-359.0 245.0 1
112.0 208.0 1
238.0 -276.0 1
-557.0 273.0 1
-446.0 -117.0 1
-306.0 113.0 1
49.0 -94.0 1
427.0 -277.0 1
533.0 54.0 1
420.0 337.0 1
-450.0 291.0 1
445.0 358.0 1
-115.0 371.0 1
150.0 -2.0 1
-362.0 -27.0 1
-331.0 -131.0 1
53.0 -92.0 1
-132.0 357.0 1
338.0 71.0 1
-302.0 153.0 1
453.0 187.0 1
350.0 193.0 1
-302.0 261.0 1
-446.0 369.0 1
