-95.0 170.0 0
-70.0 -273.0 0
-325.0 -28.0 0
50.0 17.0 0
-373.0 13.0 0
5.0 -63.0 0
61.0 -63.0 0
239.0 -209.0 0
-40.0 162.0 0
115.0 100.0 0
270.0 190.0 0
158.0 192.0 0
-147.0 264.0 0
-127.0 -196.0 0
-127.0 -31.0 0
193.0 -53.0 0
172.0 85.0 0
-120.0 94.0 0
-199.0 -62.0 0
-73.0 -144.0 0
22.0 96.0 1
-134.0 -96.0 1
-402.0 349.0 1
233.0 294.0 1
72.0 -226.0 1
-442.0 51.0 1
109.0 379.0 1
355.0 -107.0 1
396.0 16.0 1
465.0 -11.0 1
-174.0 202.0 1
-226.0 97.0 1
4.0 -297.0 1
-221.0 -273.0 1
-45.0 -382.0 1
-389.0 -291.0 1
362.0 321.0 1
90.0 367.0 1
-522.0 -258.0 1
-571.0 40.0 1
483.0 -410.0 1
-50.0 338.0 1
292.0 -273.0 1
-418.0 295.0 1
-254.0 -136.0 1
-183.0 -264.0 1
-416.0 348.0 1
-385.0 -405.0 1
98.0 -364.0 1
-417.0 266.0 1
-386.0 175.0 1
6.0 242.0 1
349.0 -177.0 1
-332.0 183.0 1
366.0 394.0 1
218.0 -102.0 1
-546.0 339.0 1
-393.0 -154.0 1
-484.0 18.0 1
-214.0 -135.0 1
-287.0 89.0 1
47.0 -399.0 1
320.0 -388.0 1
-227.0 303.0 1
452.0 -133.0 1
281.0 385.0 1
107.0 -207.0 1
374.0 -200.0 1
471.0 -293.0 1
-397.0 -317.0 1
-538.0 229.0 1
494.0 344.0 1
68.0 347.0 1
2.0 385.0 1
144.0 -196.0 1
-420.0 97.0 1
-424.0 -77.0 1
101.0 186.0 1
502.0 9.0 1
-512.0 377.0 1
198.0 227.0 1
417.0 362.0 1
-433.0 -107.0 1
-139.0 89.0 1
251.0 -270.0 1
46.0 -128.0 1
-500.0 -331.0 1
-13.0 -322.0 1
496.0 311.0 1
-115.0 371.0 1
504.0 217.0 1
526.0 228.0 1
431.0 163.0 1
107.0 -320.0 1
388.0 -36.0 1
396.0 196.0 1
83.0 249.0 1
-21.0 195.0 1
-286.0 343.0 1
-478.0 -306.0 1
-293.0 124.0 1
-325.0 -206.0 1
-490.0 -309.0 1
418.0 -257.0 1
312.0 102.0 1
-351.0 -42.0 1
-165.0 -358.0 1
-60.0 -329.0 1
-432.0 155.0 1
-362.0 -27.0 1
-208.0 -63.0 1
516.0 -280.0 1
150.0 -2.0 1
533.0 54.0 1
-302.0 261.0 1
-550.0 -70.0 1
-293.0 313.0 1
86.0 -139.0 1
-48.0 -48.0 1
245.0 111.0 1
