50.0 17.0 0
-50.0 166.0 0
-127.0 -31.0 0
-14.0 13.0 0
-167.0 403.0 0
-123.0 391.0 0
67.0 -164.0 0
-150.0 144.0 0
299.0 -109.0 0
193.0 -53.0 0
222.0 -267.0 1
366.0 394.0 1
-454.0 -230.0 1
231.0 235.0 1
-198.0 -237.0 1
109.0 379.0 1
492.0 183.0 1
-398.0 90.0 1
76.0 -181.0 1
-414.0 210.0 1
-573.0 56.0 1
-243.0 413.0 1
-13.0 -322.0 1
-186.0 -348.0 1
34.0 274.0 1
68.0 347.0 1
-386.0 175.0 1
13.0 -249.0 1
26.0 -247.0 1
-348.0 384.0 1
330.0 -278.0 1
1.0 138.0 1
89.0 -396.0 1
-173.0 -359.0 1
-472.0 55.0 1
-257.0 340.0 1
143.0 -280.0 1
-395.0 -81.0 1
57.0 -212.0 1
374.0 -203.0 1
273.0 -282.0 1
423.0 -1.0 1
439.0 107.0 1
-173.0 -406.0 1
72.0 -226.0 1
-547.0 198.0 1
-288.0 70.0 1
95.0 397.0 1
149.0 23.0 1
-432.0 155.0 1
-205.0 389.0 1
-322.0 -183.0 1
86.0 -139.0 1
-366.0 73.0 1
-405.0 -383.0 1
-397.0 -201.0 1
-17.0 370.0 1
229.0 -77.0 1
320.0 -388.0 1
57.0 -216.0 1
