-186.0 82.0 0
-139.0 113.0 0
-72.0 223.0 0
27.0 76.0 0
-226.0 75.0 0
-147.0 264.0 0
-73.0 -47.0 0
-87.0 -39.0 0
-136.0 172.0 0
-22.0 265.0 0
-499.0 368.0 1
98.0 -364.0 1
-214.0 -135.0 1
-297.0 -283.0 1
-397.0 -317.0 1
465.0 -11.0 1
317.0 407.0 1
508.0 166.0 1
-543.0 207.0 1
47.0 -399.0 1
246.0 -32.0 1
407.0 2.0 1
-46.0 -358.0 1
-338.0 -334.0 1
504.0 217.0 1
481.0 52.0 1
160.0 -369.0 1
427.0 -277.0 1
-185.0 155.0 1
-191.0 397.0 1
174.0 -220.0 1
187.0 -70.0 1
-490.0 -309.0 1
498.0 226.0 1
420.0 -4.0 1
445.0 358.0 1
198.0 227.0 1
-189.0 256.0 1
-332.0 183.0 1
-376.0 188.0 1
-79.0 41.0 1
-418.0 295.0 1
-291.0 -271.0 1
-272.0 -159.0 1
449.0 53.0 1
327.0 54.0 1
-434.0 17.0 1
62.0 -332.0 1
331.0 308.0 1
-344.0 201.0 1
49.0 -94.0 1
-302.0 153.0 1
362.0 321.0 1
-264.0 138.0 1
420.0 337.0 1
504.0 -261.0 1
49.0 354.0 1
-546.0 339.0 1
474.0 272.0 1
-501.0 -122.0 1
