-109.0 267.0 0
-135.0 -239.0 0
-342.0 -12.0 0
27.0 76.0 0
148.0 -127.0 0
234.0 -237.0 0
-60.0 19.0 0
153.0 195.0 0
334.0 258.0 0
-186.0 82.0 0
1.0 138.0 1
-159.0 -152.0 1
-317.0 403.0 1
196.0 254.0 1
70.0 -252.0 1
-435.0 -41.0 1
86.0 403.0 1
341.0 -104.0 1
407.0 2.0 1
502.0 9.0 1
-175.0 209.0 1
40.0 -292.0 1
-254.0 -282.0 1
-48.0 -397.0 1
-369.0 -338.0 1
354.0 379.0 1
-485.0 -175.0 1
-538.0 52.0 1
496.0 -377.0 1
-39.0 350.0 1
378.0 -286.0 1
-417.0 266.0 1
-265.0 -112.0 1
-104.0 -121.0 1
-419.0 -345.0 1
99.0 -348.0 1
-363.0 174.0 1
-21.0 195.0 1
374.0 -203.0 1
-557.0 360.0 1
-395.0 -114.0 1
-301.0 92.0 1
109.0 -292.0 1
266.0 -320.0 1
504.0 -261.0 1
211.0 328.0 1
-509.0 154.0 1
478.0 351.0 1
-6.0 334.0 1
187.0 -70.0 1
-416.0 110.0 1
-469.0 -116.0 1
149.0 23.0 1
-166.0 260.0 1
208.0 21.0 1
-491.0 -294.0 1
518.0 297.0 1
510.0 103.0 1
-161.0 346.0 1
-275.0 378.0 1
