133.0 114.0 0
-87.0 -39.0 0
115.0 100.0 0
-99.0 -384.0 0
270.0 190.0 0
67.0 -164.0 0
-150.0 144.0 0
-176.0 -268.0 0
-199.0 -62.0 0
-96.0 -18.0 0
-60.0 19.0 0
299.0 -109.0 0
-373.0 13.0 0
-136.0 172.0 0
218.0 -59.0 0
-73.0 -144.0 0
193.0 -53.0 0
-230.0 67.0 0
-22.0 265.0 0
212.0 -154.0 0
-90.0 99.0 1
292.0 -273.0 1
-432.0 155.0 1
49.0 -94.0 1
440.0 345.0 1
-359.0 245.0 1
-501.0 358.0 1
497.0 -145.0 1
-306.0 161.0 1
44.0 -283.0 1
87.0 347.0 1
-205.0 389.0 1
-302.0 153.0 1
-121.0 404.0 1
-324.0 302.0 1
102.0 160.0 1
200.0 193.0 1
-33.0 -288.0 1
518.0 297.0 1
-322.0 -183.0 1
86.0 -139.0 1
-466.0 -17.0 1
-166.0 260.0 1
528.0 367.0 1
109.0 -292.0 1
-501.0 246.0 1
428.0 66.0 1
324.0 -395.0 1
528.0 394.0 1
-366.0 73.0 1
291.0 -7.0 1
-427.0 18.0 1
-351.0 -42.0 1
208.0 -254.0 1
362.0 321.0 1
-542.0 352.0 1
-554.0 -41.0 1
257.0 118.0 1
-294.0 -127.0 1
-405.0 -383.0 1
464.0 -43.0 1
-183.0 -264.0 1
-433.0 -107.0 1
533.0 54.0 1
315.0 380.0 1
-264.0 138.0 1
99.0 -193.0 1
-182.0 -81.0 1
150.0 -2.0 1
-76.0 -374.0 1
-435.0 -41.0 1
354.0 379.0 1
457.0 26.0 1
-571.0 40.0 1
420.0 337.0 1
199.0 -287.0 1
504.0 -261.0 1
-397.0 -201.0 1
-353.0 358.0 1
-491.0 -294.0 1
471.0 -293.0 1
532.0 116.0 1
434.0 -232.0 1
-174.0 202.0 1
377.0 6.0 1
-17.0 370.0 1
393.0 -382.0 1
49.0 354.0 1
-384.0 -349.0 1
453.0 138.0 1
-546.0 339.0 1
490.0 -408.0 1
-508.0 233.0 1
-295.0 372.0 1
-6.0 334.0 1
-381.0 73.0 1
-428.0 -82.0 1
70.0 -252.0 1
-317.0 403.0 1
341.0 -104.0 1
-417.0 336.0 1
247.0 -94.0 1
-373.0 -123.0 1
-522.0 -258.0 1
353.0 -185.0 1
229.0 -77.0 1
144.0 -196.0 1
-139.0 89.0 1
320.0 -388.0 1
374.0 -200.0 1
474.0 272.0 1
-87.0 52.0 1
8.0 -122.0 1
411.0 304.0 1
57.0 -216.0 1
-378.0 198.0 1
268.0 307.0 1
-501.0 -122.0 1
107.0 -320.0 1
-493.0 -354.0 1
