172.0 85.0 0
-186.0 82.0 0
251.0 183.0 0
-50.0 166.0 0
-138.0 -63.0 0
-37.0 105.0 0
-139.0 113.0 0
-72.0 223.0 0
223.0 96.0 0
-305.0 -74.0 0
-367.0 12.0 0
-327.0 0.0 0
-222.0 7.0 0
-342.0 -12.0 0
334.0 258.0 0
-73.0 -47.0 0
239.0 -209.0 0
-167.0 403.0 0
222.0 -141.0 0
-123.0 391.0 0
-265.0 -112.0 1
-165.0 -98.0 1
-361.0 -238.0 1
191.0 341.0 1
-132.0 -325.0 1
-436.0 182.0 1
222.0 -267.0 1
365.0 -248.0 1
-297.0 -283.0 1
497.0 -139.0 1
-397.0 -317.0 1
-454.0 -230.0 1
465.0 -11.0 1
22.0 96.0 1
-389.0 294.0 1
231.0 235.0 1
229.0 -40.0 1
-543.0 207.0 1
299.0 5.0 1
-526.0 -187.0 1
492.0 183.0 1
199.0 -290.0 1
-455.0 -381.0 1
101.0 186.0 1
-46.0 -358.0 1
305.0 -369.0 1
114.0 -280.0 1
504.0 217.0 1
-243.0 413.0 1
-249.0 349.0 1
-257.0 -341.0 1
481.0 52.0 1
-161.0 346.0 1
-385.0 -405.0 1
263.0 403.0 1
-442.0 51.0 1
-18.0 406.0 1
336.0 274.0 1
413.0 -120.0 1
-510.0 -331.0 1
-39.0 350.0 1
43.0 -357.0 1
68.0 347.0 1
-272.0 53.0 1
-386.0 175.0 1
208.0 21.0 1
526.0 228.0 1
76.0 -164.0 1
343.0 -324.0 1
327.0 190.0 1
26.0 -247.0 1
526.0 -377.0 1
330.0 -278.0 1
-362.0 -27.0 1
23.0 212.0 1
-389.0 -291.0 1
420.0 -4.0 1
-422.0 295.0 1
-8.0 3.0 1
-297.0 99.0 1
-484.0 18.0 1
-452.0 -69.0 1
4.0 -297.0 1
476.0 358.0 1
-332.0 183.0 1
-302.0 261.0 1
125.0 -154.0 1
-173.0 -359.0 1
-428.0 -224.0 1
91.0 -243.0 1
431.0 163.0 1
-254.0 -282.0 1
-395.0 -81.0 1
-132.0 -317.0 1
-404.0 36.0 1
11.0 63.0 1
273.0 -282.0 1
-161.0 -105.0 1
108.0 -272.0 1
-331.0 -131.0 1
327.0 54.0 1
137.0 401.0 1
-555.0 11.0 1
-230.0 136.0 1
504.0 391.0 1
238.0 -276.0 1
-60.0 -329.0 1
87.0 121.0 1
-50.0 338.0 1
-158.0 374.0 1
86.0 403.0 1
62.0 -332.0 1
-288.0 70.0 1
-190.0 142.0 1
-538.0 229.0 1
350.0 193.0 1
0.0 -362.0 1
-149.0 -286.0 1
-565.0 -371.0 1
-470.0 -212.0 1
