175.0 87.0 0
117.0 116.0 0
-95.0 170.0 0
117.0 -7.0 0
153.0 195.0 0
-164.0 -253.0 0
-109.0 -306.0 0
-89.0 -295.0 0
148.0 -127.0 0
-60.0 19.0 0
-361.0 -238.0 1
191.0 341.0 1
-132.0 -325.0 1
338.0 71.0 1
22.0 96.0 1
369.0 224.0 1
43.0 338.0 1
-419.0 -345.0 1
-455.0 -381.0 1
-280.0 -387.0 1
114.0 -280.0 1
-325.0 -206.0 1
266.0 -320.0 1
312.0 102.0 1
-39.0 350.0 1
196.0 254.0 1
343.0 -324.0 1
-346.0 175.0 1
504.0 -387.0 1
396.0 16.0 1
496.0 -377.0 1
-116.0 -81.0 1
88.0 20.0 1
-134.0 340.0 1
137.0 350.0 1
-208.0 -63.0 1
-502.0 151.0 1
-509.0 154.0 1
361.0 7.0 1
271.0 1.0 1
280.0 -266.0 1
46.0 -128.0 1
-417.0 266.0 1
457.0 10.0 1
238.0 -276.0 1
453.0 187.0 1
-538.0 229.0 1
-367.0 -276.0 1
-403.0 -383.0 1
-359.0 245.0 1
-33.0 -288.0 1
528.0 367.0 1
109.0 -292.0 1
-427.0 18.0 1
-542.0 352.0 1
-182.0 -81.0 1
-491.0 -294.0 1
434.0 -232.0 1
341.0 -104.0 1
107.0 -320.0 1
