-68.0 157.0 0
-109.0 -306.0 0
-332.0 -61.0 0
60.0 60.0 0
19.0 -203.0 0
275.0 -214.0 0
-37.0 105.0 0
161.0 81.0 0
335.0 170.0 0
-230.0 67.0 0
38.0 72.0 1
-165.0 -98.0 1
-348.0 384.0 1
231.0 235.0 1
57.0 -216.0 1
-427.0 18.0 1
137.0 401.0 1
413.0 -120.0 1
377.0 6.0 1
457.0 26.0 1
-190.0 142.0 1
4.0 -297.0 1
-224.0 -304.0 1
-77.0 -348.0 1
-340.0 -283.0 1
336.0 274.0 1
-526.0 -187.0 1
-534.0 6.0 1
488.0 -412.0 1
-18.0 406.0 1
329.0 -299.0 1
-374.0 279.0 1
-256.0 -182.0 1
-149.0 -286.0 1
-403.0 -383.0 1
146.0 -387.0 1
-376.0 188.0 1
-14.0 214.0 1
349.0 -177.0 1
-537.0 348.0 1
-401.0 -147.0 1
-288.0 70.0 1
47.0 -399.0 1
320.0 -388.0 1
497.0 -139.0 1
285.0 401.0 1
-543.0 207.0 1
504.0 391.0 1
43.0 338.0 1
187.0 -244.0 1
-396.0 110.0 1
-428.0 -82.0 1
102.0 160.0 1
-102.0 48.0 1
229.0 -40.0 1
-507.0 -324.0 1
452.0 273.0 1
508.0 166.0 1
327.0 190.0 1
-249.0 349.0 1
