-109.0 267.0 0
-135.0 -239.0 0
-342.0 -12.0 0
27.0 76.0 0
-222.0 7.0 0
-86.0 21.0 0
148.0 -127.0 0
234.0 -237.0 0
33.0 129.0 0
161.0 81.0 0
334.0 258.0 0
153.0 195.0 0
-123.0 391.0 0
-32.0 -226.0 0
-145.0 5.0 0
218.0 -59.0 0
105.0 24.0 0
-186.0 82.0 0
-167.0 403.0 0
117.0 -7.0 0
1.0 138.0 1
-159.0 -152.0 1
-317.0 403.0 1
196.0 254.0 1
70.0 -252.0 1
-435.0 -41.0 1
86.0 403.0 1
341.0 -104.0 1
407.0 2.0 1
423.0 -1.0 1
-175.0 209.0 1
-243.0 84.0 1
44.0 -283.0 1
-254.0 -282.0 1
-48.0 -397.0 1
-369.0 -338.0 1
315.0 380.0 1
88.0 323.0 1
-485.0 -175.0 1
-538.0 52.0 1
496.0 -377.0 1
-39.0 350.0 1
378.0 -286.0 1
-370.0 274.0 1
-265.0 -112.0 1
-140.0 -284.0 1
-437.0 298.0 1
-419.0 -345.0 1
99.0 -348.0 1
-436.0 182.0 1
-363.0 174.0 1
20.0 276.0 1
364.0 -175.0 1
-306.0 161.0 1
317.0 407.0 1
229.0 -40.0 1
-557.0 360.0 1
-395.0 -114.0 1
-434.0 83.0 1
-250.0 -85.0 1
-297.0 99.0 1
0.0 -362.0 1
361.0 -358.0 1
-161.0 346.0 1
438.0 -187.0 1
209.0 379.0 1
99.0 -193.0 1
372.0 -258.0 1
526.0 -377.0 1
-257.0 -341.0 1
-557.0 273.0 1
478.0 351.0 1
69.0 316.0 1
-2.0 322.0 1
199.0 -287.0 1
-416.0 110.0 1
-446.0 -117.0 1
88.0 20.0 1
481.0 52.0 1
-481.0 373.0 1
211.0 328.0 1
411.0 304.0 1
-532.0 -97.0 1
-141.0 131.0 1
238.0 -276.0 1
53.0 -92.0 1
-480.0 -337.0 1
114.0 -280.0 1
498.0 226.0 1
-121.0 404.0 1
512.0 235.0 1
528.0 394.0 1
510.0 103.0 1
125.0 -154.0 1
299.0 5.0 1
403.0 288.0 1
34.0 274.0 1
-90.0 99.0 1
-266.0 384.0 1
-491.0 -294.0 1
-361.0 116.0 1
-294.0 -127.0 1
-455.0 -381.0 1
427.0 -277.0 1
291.0 -7.0 1
-395.0 -81.0 1
-173.0 -406.0 1
-104.0 -121.0 1
-531.0 81.0 1
-366.0 73.0 1
-105.0 -52.0 1
89.0 -396.0 1
175.0 41.0 1
465.0 342.0 1
-414.0 210.0 1
-573.0 56.0 1
-191.0 397.0 1
149.0 23.0 1
-79.0 41.0 1
-87.0 52.0 1
