31.0 187.0 0
117.0 116.0 0
116.0 136.0 0
158.0 192.0 0
33.0 129.0 0
-18.0 135.0 0
-68.0 157.0 0
234.0 -237.0 0
27.0 76.0 0
117.0 -7.0 0
-325.0 -28.0 0
-86.0 21.0 0
105.0 24.0 0
-127.0 -196.0 0
-226.0 75.0 0
234.0 249.0 0
-147.0 264.0 0
-109.0 -306.0 0
-102.0 110.0 0
-14.0 13.0 0
-499.0 368.0 1
-58.0 -49.0 1
524.0 102.0 1
-222.0 -302.0 1
-130.0 -69.0 1
317.0 407.0 1
516.0 -280.0 1
69.0 316.0 1
-254.0 389.0 1
175.0 41.0 1
90.0 367.0 1
83.0 249.0 1
246.0 -32.0 1
407.0 2.0 1
248.0 242.0 1
510.0 103.0 1
-398.0 90.0 1
-414.0 210.0 1
-266.0 384.0 1
-498.0 -86.0 1
418.0 -257.0 1
-422.0 333.0 1
-13.0 -322.0 1
165.0 -14.0 1
-186.0 -348.0 1
-409.0 -161.0 1
408.0 -67.0 1
160.0 -369.0 1
-228.0 -189.0 1
89.0 -299.0 1
465.0 342.0 1
-249.0 -189.0 1
-361.0 116.0 1
28.0 -139.0 1
312.0 102.0 1
-243.0 84.0 1
275.0 337.0 1
-102.0 48.0 1
-226.0 97.0 1
209.0 379.0 1
35.0 -326.0 1
408.0 -183.0 1
360.0 67.0 1
302.0 -183.0 1
0.0 178.0 1
-346.0 175.0 1
-287.0 89.0 1
-480.0 -337.0 1
504.0 -387.0 1
498.0 226.0 1
187.0 -244.0 1
-374.0 279.0 1
-226.0 -267.0 1
198.0 227.0 1
-169.0 71.0 1
99.0 -348.0 1
-227.0 303.0 1
1.0 138.0 1
-434.0 83.0 1
-306.0 113.0 1
365.0 86.0 1
-512.0 377.0 1
89.0 -396.0 1
392.0 -343.0 1
-376.0 188.0 1
-472.0 55.0 1
285.0 77.0 1
-502.0 151.0 1
285.0 401.0 1
-293.0 124.0 1
-257.0 340.0 1
-511.0 -43.0 1
-437.0 298.0 1
280.0 -266.0 1
-48.0 -48.0 1
46.0 -128.0 1
-291.0 -271.0 1
-481.0 373.0 1
374.0 -203.0 1
-469.0 -116.0 1
-301.0 92.0 1
423.0 -1.0 1
449.0 53.0 1
439.0 107.0 1
-115.0 371.0 1
-310.0 -162.0 1
356.0 390.0 1
452.0 273.0 1
-395.0 -114.0 1
-547.0 198.0 1
-165.0 -358.0 1
453.0 187.0 1
378.0 -286.0 1
-175.0 209.0 1
-224.0 -304.0 1
-367.0 -276.0 1
-426.0 314.0 1
95.0 397.0 1
-50.0 407.0 1
-141.0 131.0 1
