-27.0 180.0 0
-78.0 -189.0 0
-327.0 19.0 0
33.0 129.0 0
98.0 -53.0 0
222.0 -141.0 0
-120.0 94.0 0
154.0 195.0 0
234.0 249.0 0
-127.0 -31.0 0
40.0 152.0 1
-182.0 -81.0 1
-416.0 348.0 1
198.0 227.0 1
107.0 -207.0 1
-434.0 83.0 1
90.0 367.0 1
388.0 -36.0 1
299.0 5.0 1
464.0 -43.0 1
-230.0 136.0 1
-33.0 -288.0 1
-229.0 -357.0 1
-60.0 -329.0 1
-370.0 -215.0 1
411.0 304.0 1
-565.0 -371.0 1
-573.0 56.0 1
504.0 -387.0 1
-17.0 370.0 1
372.0 -258.0 1
-437.0 298.0 1
-249.0 -189.0 1
-291.0 -271.0 1
-455.0 -381.0 1
143.0 -280.0 1
-344.0 201.0 1
34.0 274.0 1
375.0 -203.0 1
-516.0 331.0 1
-384.0 -195.0 1
-297.0 99.0 1
114.0 -280.0 1
393.0 -382.0 1
516.0 -280.0 1
366.0 394.0 1
-502.0 151.0 1
528.0 367.0 1
-2.0 322.0 1
218.0 -102.0 1
-366.0 73.0 1
-498.0 -86.0 1
175.0 41.0 1
-258.0 143.0 1
271.0 1.0 1
-478.0 -306.0 1
512.0 235.0 1
532.0 116.0 1
-158.0 374.0 1
-293.0 313.0 1
