172.0 85.0 0
52.0 55.0 0
-27.0 180.0 0
-109.0 267.0 0
314.0 193.0 0
223.0 96.0 0
105.0 24.0 0
-342.0 -12.0 0
-127.0 -196.0 0
-96.0 -18.0 0
-265.0 -112.0 1
-436.0 182.0 1
241.0 313.0 1
497.0 -139.0 1
504.0 -365.0 1
-389.0 294.0 1
-516.0 331.0 1
-132.0 357.0 1
101.0 186.0 1
-145.0 114.0 1
-249.0 349.0 1
-533.0 -388.0 1
-104.0 -121.0 1
263.0 403.0 1
233.0 294.0 1
-140.0 -284.0 1
-286.0 343.0 1
28.0 -139.0 1
413.0 -120.0 1
40.0 -292.0 1
43.0 -357.0 1
-272.0 53.0 1
35.0 -326.0 1
208.0 21.0 1
302.0 -183.0 1
211.0 328.0 1
-3.0 353.0 1
330.0 -197.0 1
520.0 317.0 1
-485.0 -175.0 1
125.0 -154.0 1
-541.0 327.0 1
-48.0 -48.0 1
108.0 -272.0 1
-310.0 -162.0 1
87.0 121.0 1
-395.0 -114.0 1
-190.0 142.0 1
118.0 404.0 1
405.0 -231.0 1
-470.0 -212.0 1
-466.0 -17.0 1
428.0 66.0 1
150.0 -2.0 1
-435.0 -41.0 1
354.0 379.0 1
471.0 -293.0 1
453.0 138.0 1
-428.0 -82.0 1
-378.0 198.0 1
