-68.0 157.0 0
-109.0 -306.0 0
-332.0 -61.0 0
60.0 60.0 0
-367.0 12.0 0
-60.0 19.0 0
19.0 -203.0 0
275.0 -214.0 0
-37.0 105.0 0
117.0 116.0 0
335.0 170.0 0
251.0 183.0 0
31.0 187.0 0
-164.0 -253.0 0
-87.0 -39.0 0
212.0 -154.0 0
175.0 87.0 0
-139.0 113.0 0
-230.0 67.0 0
8.0 -250.0 0
38.0 72.0 1
-165.0 -98.0 1
-348.0 384.0 1
231.0 235.0 1
57.0 -216.0 1
-427.0 18.0 1
137.0 401.0 1
413.0 -120.0 1
377.0 6.0 1
457.0 26.0 1
-190.0 142.0 1
-258.0 143.0 1
26.0 -247.0 1
-224.0 -304.0 1
-77.0 -348.0 1
-340.0 -283.0 1
336.0 274.0 1
87.0 347.0 1
-526.0 -187.0 1
-534.0 6.0 1
488.0 -412.0 1
-18.0 406.0 1
329.0 -299.0 1
-374.0 279.0 1
-256.0 -182.0 1
-198.0 -237.0 1
-417.0 336.0 1
-403.0 -383.0 1
146.0 -387.0 1
-450.0 291.0 1
-376.0 188.0 1
-14.0 214.0 1
330.0 -197.0 1
-345.0 189.0 1
356.0 390.0 1
229.0 -77.0 1
-537.0 348.0 1
-401.0 -147.0 1
-484.0 28.0 1
-228.0 -189.0 1
-288.0 70.0 1
35.0 -326.0 1
297.0 -342.0 1
-166.0 260.0 1
497.0 -139.0 1
285.0 401.0 1
108.0 -272.0 1
375.0 -203.0 1
504.0 -365.0 1
-384.0 -349.0 1
-543.0 207.0 1
504.0 391.0 1
43.0 338.0 1
-3.0 353.0 1
187.0 -244.0 1
-396.0 110.0 1
-428.0 -82.0 1
102.0 160.0 1
486.0 -29.0 1
-501.0 358.0 1
200.0 193.0 1
420.0 349.0 1
-501.0 -122.0 1
-175.0 41.0 1
273.0 -282.0 1
28.0 -139.0 1
-507.0 -324.0 1
109.0 -292.0 1
452.0 273.0 1
-134.0 340.0 1
508.0 166.0 1
520.0 317.0 1
439.0 107.0 1
199.0 -290.0 1
424.0 -53.0 1
350.0 193.0 1
88.0 251.0 1
-22.0 238.0 1
-249.0 349.0 1
-433.0 -328.0 1
-306.0 113.0 1
-320.0 -202.0 1
-370.0 -215.0 1
434.0 -232.0 1
338.0 71.0 1
-373.0 -123.0 1
-173.0 -359.0 1
-132.0 -325.0 1
-509.0 154.0 1
-420.0 -36.0 1
-182.0 -81.0 1
393.0 -382.0 1
165.0 -14.0 1
524.0 102.0 1
-365.0 258.0 1
-533.0 -388.0 1
-243.0 413.0 1
76.0 -164.0 1
-58.0 -49.0 1
257.0 118.0 1
