116.0 136.0 0
-325.0 -28.0 0
-305.0 -74.0 0
-327.0 0.0 0
8.0 -255.0 0
8.0 -250.0 0
275.0 -214.0 0
222.0 -141.0 0
19.0 -203.0 0
218.0 -59.0 0
-222.0 -302.0 1
516.0 -280.0 1
-134.0 -96.0 1
-526.0 -187.0 1
-446.0 369.0 1
90.0 367.0 1
248.0 242.0 1
-22.0 238.0 1
-257.0 -341.0 1
-228.0 -189.0 1
-420.0 -36.0 1
-249.0 -189.0 1
-361.0 116.0 1
-420.0 97.0 1
-510.0 -331.0 1
-450.0 291.0 1
408.0 -183.0 1
76.0 -164.0 1
360.0 67.0 1
494.0 344.0 1
53.0 -92.0 1
-287.0 89.0 1
-374.0 279.0 1
23.0 212.0 1
-422.0 295.0 1
-557.0 273.0 1
-532.0 -97.0 1
-8.0 3.0 1
474.0 -356.0 1
-452.0 -69.0 1
20.0 276.0 1
-428.0 -224.0 1
-293.0 124.0 1
-301.0 92.0 1
-229.0 -357.0 1
146.0 -387.0 1
137.0 401.0 1
504.0 391.0 1
245.0 111.0 1
-50.0 338.0 1
-158.0 374.0 1
-501.0 358.0 1
-306.0 161.0 1
200.0 193.0 1
528.0 394.0 1
257.0 118.0 1
-295.0 372.0 1
-6.0 334.0 1
-139.0 89.0 1
8.0 -122.0 1
