-72.0 223.0 0
-89.0 -295.0 0
-305.0 -74.0 0
52.0 55.0 0
67.0 -164.0 0
303.0 -208.0 0
-18.0 135.0 0
133.0 114.0 0
314.0 193.0 0
-222.0 7.0 0
11.0 63.0 1
-161.0 -105.0 1
-353.0 358.0 1
248.0 242.0 1
57.0 -212.0 1
-434.0 17.0 1
118.0 404.0 1
392.0 -112.0 1
361.0 7.0 1
457.0 10.0 1
-185.0 155.0 1
13.0 -249.0 1
-222.0 -302.0 1
-76.0 -374.0 1
-367.0 -276.0 1
331.0 308.0 1
-567.0 -214.0 1
-555.0 11.0 1
490.0 -408.0 1
-50.0 407.0 1
330.0 -278.0 1
-389.0 294.0 1
-272.0 -159.0 1
-162.0 -234.0 1
-405.0 -383.0 1
160.0 -369.0 1
-378.0 198.0 1
23.0 212.0 1
302.0 -183.0 1
-542.0 352.0 1
-409.0 -161.0 1
-272.0 53.0 1
43.0 -357.0 1
305.0 -369.0 1
497.0 -145.0 1
263.0 403.0 1
-547.0 198.0 1
491.0 375.0 1
49.0 354.0 1
174.0 -220.0 1
-398.0 90.0 1
-452.0 -69.0 1
87.0 121.0 1
-139.0 89.0 1
8.0 -122.0 1
-510.0 -331.0 1
474.0 272.0 1
492.0 183.0 1
369.0 224.0 1
-257.0 340.0 1
