-50.0 166.0 0
-99.0 -384.0 0
-327.0 0.0 0
71.0 76.0 0
32.0 -96.0 0
299.0 -109.0 0
-102.0 110.0 0
175.0 87.0 0
334.0 152.0 0
-145.0 5.0 0
-8.0 3.0 1
-134.0 -119.0 1
-295.0 372.0 1
241.0 313.0 1
76.0 -181.0 1
-404.0 36.0 1
95.0 397.0 1
408.0 -67.0 1
360.0 67.0 1
449.0 53.0 1
-171.0 201.0 1
44.0 -283.0 1
-226.0 -267.0 1
-46.0 -358.0 1
-361.0 -238.0 1
315.0 380.0 1
-470.0 -212.0 1
-554.0 -41.0 1
486.0 -394.0 1
-63.0 355.0 1
343.0 -324.0 1
-422.0 295.0 1
-310.0 -162.0 1
-173.0 -406.0 1
-442.0 -377.0 1
143.0 -294.0 1
-395.0 184.0 1
20.0 276.0 1
374.0 -200.0 1
-541.0 327.0 1
-397.0 -201.0 1
-243.0 84.0 1
89.0 -299.0 1
361.0 -358.0 1
438.0 -187.0 1
209.0 379.0 1
-508.0 233.0 1
476.0 358.0 1
69.0 316.0 1
125.0 -154.0 1
-381.0 73.0 1
-462.0 -108.0 1
135.0 29.0 1
-105.0 -52.0 1
246.0 -32.0 1
-490.0 -309.0 1
498.0 226.0 1
431.0 163.0 1
440.0 345.0 1
-266.0 384.0 1
