335.0 170.0 0
158.0 192.0 0
-68.0 157.0 0
-37.0 105.0 0
-367.0 12.0 0
-145.0 5.0 0
-327.0 19.0 0
-135.0 -239.0 0
98.0 -53.0 0
-176.0 -268.0 0
396.0 196.0 1
135.0 29.0 1
83.0 249.0 1
-550.0 -70.0 1
-266.0 384.0 1
112.0 208.0 1
-403.0 -298.0 1
-389.0 -53.0 1
89.0 -299.0 1
-385.0 -405.0 1
-77.0 -348.0 1
496.0 311.0 1
-442.0 51.0 1
452.0 -133.0 1
-243.0 84.0 1
-90.0 367.0 1
-162.0 -234.0 1
-21.0 195.0 1
187.0 -244.0 1
-175.0 41.0 1
357.0 391.0 1
99.0 -348.0 1
4.0 -297.0 1
-531.0 81.0 1
-478.0 -306.0 1
-510.0 67.0 1
-437.0 298.0 1
-404.0 36.0 1
420.0 349.0 1
-48.0 -397.0 1
-311.0 114.0 1
-500.0 -331.0 1
349.0 -177.0 1
-175.0 209.0 1
297.0 -342.0 1
-50.0 407.0 1
-141.0 131.0 1
83.0 -158.0 1
492.0 -23.0 1
-121.0 404.0 1
102.0 160.0 1
208.0 -254.0 1
464.0 -43.0 1
457.0 26.0 1
393.0 -382.0 1
-508.0 233.0 1
70.0 -252.0 1
-317.0 403.0 1
247.0 -94.0 1
-522.0 -258.0 1
