-22.0 265.0 0
-176.0 -268.0 0
-299.0 79.0 0
32.0 -29.0 0
8.0 -255.0 0
218.0 -59.0 0
-139.0 113.0 0
223.0 96.0 0
-73.0 -47.0 0
-73.0 -144.0 0
-87.0 52.0 1
-130.0 -69.0 1
-286.0 343.0 1
200.0 193.0 1
99.0 -193.0 1
-420.0 -36.0 1
73.0 372.0 1
452.0 -133.0 1
420.0 -4.0 1
486.0 -29.0 1
-145.0 114.0 1
-13.0 -322.0 1
-183.0 -264.0 1
-132.0 -317.0 1
-397.0 -317.0 1
356.0 390.0 1
-454.0 -230.0 1
-511.0 -43.0 1
474.0 -356.0 1
-90.0 367.0 1
280.0 -266.0 1
-426.0 314.0 1
-228.0 -189.0 1
-208.0 -63.0 1
-480.0 -337.0 1
89.0 -396.0 1
-414.0 210.0 1
81.0 239.0 1
247.0 -94.0 1
-512.0 377.0 1
-433.0 -107.0 1
-293.0 124.0 1
46.0 -128.0 1
222.0 -267.0 1
405.0 -231.0 1
417.0 362.0 1
-436.0 182.0 1
528.0 394.0 1
88.0 251.0 1
229.0 -77.0 1
-311.0 114.0 1
-351.0 -42.0 1
257.0 118.0 1
-48.0 -48.0 1
285.0 77.0 1
-481.0 373.0 1
520.0 317.0 1
396.0 196.0 1
-212.0 345.0 1
-205.0 389.0 1
