71.0 76.0 0
172.0 85.0 0
334.0 152.0 0
50.0 17.0 0
116.0 136.0 0
158.0 192.0 0
161.0 81.0 0
33.0 129.0 0
-27.0 180.0 0
-37.0 105.0 0
-139.0 113.0 0
-72.0 223.0 0
-109.0 267.0 0
234.0 -237.0 0
-95.0 170.0 0
-332.0 -61.0 0
27.0 76.0 0
223.0 96.0 0
-127.0 -196.0 0
-226.0 75.0 0
-32.0 -226.0 0
153.0 195.0 0
-73.0 -47.0 0
-135.0 -239.0 0
-78.0 -189.0 0
5.0 -63.0 0
-109.0 -306.0 0
-89.0 -295.0 0
-102.0 110.0 0
8.0 -250.0 0
61.0 -63.0 0
148.0 -127.0 0
-14.0 13.0 0
275.0 -214.0 0
222.0 -141.0 0
19.0 -203.0 0
171.0 -116.0 0
303.0 -208.0 0
133.0 114.0 0
-87.0 -39.0 0
-99.0 -384.0 0
270.0 190.0 0
-60.0 19.0 0
-373.0 13.0 0
-230.0 67.0 0
-22.0 265.0 0
-265.0 -112.0 1
191.0 341.0 1
-132.0 -325.0 1
-499.0 368.0 1
-58.0 -49.0 1
-436.0 182.0 1
222.0 -267.0 1
-45.0 -382.0 1
241.0 313.0 1
-214.0 -135.0 1
-297.0 -283.0 1
366.0 394.0 1
524.0 102.0 1
497.0 -139.0 1
-397.0 -317.0 1
-454.0 -230.0 1
361.0 -358.0 1
-441.0 297.0 1
465.0 -11.0 1
-130.0 -69.0 1
22.0 96.0 1
38.0 72.0 1
2.0 385.0 1
-389.0 294.0 1
43.0 338.0 1
229.0 -40.0 1
-345.0 189.0 1
-159.0 -152.0 1
-543.0 207.0 1
-198.0 -237.0 1
218.0 -102.0 1
175.0 41.0 1
299.0 5.0 1
-526.0 -187.0 1
109.0 379.0 1
-516.0 331.0 1
492.0 183.0 1
392.0 -112.0 1
246.0 -32.0 1
364.0 -175.0 1
-221.0 -273.0 1
-550.0 -70.0 1
248.0 242.0 1
510.0 103.0 1
-2.0 322.0 1
305.0 -369.0 1
76.0 -181.0 1
-538.0 52.0 1
-573.0 56.0 1
-266.0 384.0 1
114.0 -280.0 1
112.0 208.0 1
-22.0 238.0 1
504.0 217.0 1
418.0 -257.0 1
-275.0 378.0 1
-422.0 333.0 1
251.0 -270.0 1
165.0 -14.0 1
486.0 -394.0 1
-533.0 -388.0 1
-403.0 -298.0 1
408.0 -67.0 1
-257.0 -341.0 1
481.0 52.0 1
160.0 -369.0 1
-161.0 346.0 1
-462.0 -108.0 1
89.0 -299.0 1
-385.0 -405.0 1
-396.0 110.0 1
-77.0 -348.0 1
465.0 342.0 1
-420.0 -36.0 1
427.0 -277.0 1
-286.0 343.0 1
-191.0 397.0 1
-249.0 -189.0 1
-433.0 -328.0 1
413.0 -120.0 1
174.0 -220.0 1
312.0 102.0 1
-510.0 -331.0 1
275.0 337.0 1
68.0 347.0 1
-102.0 48.0 1
81.0 239.0 1
-272.0 53.0 1
187.0 -70.0 1
-226.0 97.0 1
209.0 379.0 1
208.0 21.0 1
408.0 -183.0 1
360.0 67.0 1
343.0 -324.0 1
302.0 -183.0 1
13.0 -249.0 1
488.0 -412.0 1
-287.0 89.0 1
504.0 -387.0 1
-490.0 -309.0 1
-3.0 353.0 1
-175.0 -40.0 1
498.0 226.0 1
26.0 -247.0 1
187.0 -244.0 1
-226.0 -267.0 1
396.0 16.0 1
-393.0 -154.0 1
496.0 -377.0 1
512.0 235.0 1
330.0 -278.0 1
-362.0 -27.0 1
-105.0 -52.0 1
23.0 212.0 1
-116.0 -81.0 1
-212.0 345.0 1
-169.0 71.0 1
438.0 -187.0 1
491.0 375.0 1
474.0 -356.0 1
-189.0 256.0 1
99.0 -348.0 1
-297.0 99.0 1
-452.0 -69.0 1
4.0 -297.0 1
476.0 358.0 1
-485.0 -175.0 1
-332.0 183.0 1
-306.0 113.0 1
-402.0 349.0 1
-250.0 -85.0 1
-320.0 -202.0 1
-302.0 261.0 1
125.0 -154.0 1
-442.0 -377.0 1
-567.0 -214.0 1
-173.0 -359.0 1
-134.0 340.0 1
285.0 77.0 1
137.0 350.0 1
-534.0 6.0 1
-502.0 151.0 1
91.0 -243.0 1
431.0 163.0 1
-478.0 -306.0 1
-541.0 327.0 1
-511.0 -43.0 1
-171.0 201.0 1
375.0 -203.0 1
388.0 -36.0 1
-416.0 110.0 1
143.0 -280.0 1
-510.0 67.0 1
-132.0 -317.0 1
361.0 7.0 1
271.0 1.0 1
-437.0 298.0 1
-48.0 -48.0 1
57.0 -212.0 1
420.0 349.0 1
11.0 63.0 1
-384.0 -195.0 1
-301.0 92.0 1
-417.0 266.0 1
-272.0 -159.0 1
-161.0 -105.0 1
439.0 107.0 1
-500.0 -331.0 1
-115.0 371.0 1
-310.0 -162.0 1
-63.0 355.0 1
356.0 390.0 1
-369.0 -338.0 1
-507.0 -324.0 1
-173.0 -406.0 1
238.0 -276.0 1
-416.0 348.0 1
-60.0 -329.0 1
245.0 111.0 1
-134.0 -119.0 1
72.0 -226.0 1
-340.0 -283.0 1
-547.0 198.0 1
-165.0 -358.0 1
-50.0 338.0 1
6.0 242.0 1
453.0 187.0 1
378.0 -286.0 1
86.0 403.0 1
62.0 -332.0 1
-288.0 70.0 1
478.0 351.0 1
-190.0 142.0 1
297.0 -342.0 1
-254.0 -136.0 1
281.0 385.0 1
-367.0 -276.0 1
329.0 -299.0 1
-426.0 314.0 1
95.0 397.0 1
0.0 -362.0 1
-352.0 -35.0 1
331.0 308.0 1
118.0 404.0 1
-149.0 -286.0 1
405.0 -231.0 1
-565.0 -371.0 1
-470.0 -212.0 1
-90.0 99.0 1
292.0 -273.0 1
-501.0 358.0 1
497.0 -145.0 1
-306.0 161.0 1
44.0 -283.0 1
87.0 347.0 1
-324.0 302.0 1
200.0 193.0 1
-33.0 -288.0 1
-166.0 260.0 1
109.0 -292.0 1
324.0 -395.0 1
528.0 394.0 1
291.0 -7.0 1
-427.0 18.0 1
-351.0 -42.0 1
-542.0 352.0 1
257.0 118.0 1
-294.0 -127.0 1
-183.0 -264.0 1
315.0 380.0 1
-182.0 -81.0 1
-76.0 -374.0 1
-571.0 40.0 1
199.0 -287.0 1
-353.0 358.0 1
-491.0 -294.0 1
532.0 116.0 1
434.0 -232.0 1
-174.0 202.0 1
377.0 6.0 1
-384.0 -349.0 1
-6.0 334.0 1
-381.0 73.0 1
341.0 -104.0 1
-373.0 -123.0 1
353.0 -185.0 1
-139.0 89.0 1
374.0 -200.0 1
-87.0 52.0 1
8.0 -122.0 1
268.0 307.0 1
107.0 -320.0 1
-493.0 -354.0 1
