148.0 152.0 0
-94.0 234.0 0
-72.0 223.0 0
-53.0 162.0 0
-118.0 -308.0 0
-96.0 -255.0 0
-128.0 -350.0 0
298.0 219.0 0
-35.0 11.0 0
149.0 -151.0 0
-24.0 -377.0 1
491.0 231.0 1
155.0 -328.0 1
-235.0 347.0 1
-349.0 68.0 1
-338.0 116.0 1
330.0 -94.0 1
479.0 -223.0 1
462.0 -358.0 1
-310.0 -49.0 1
365.0 -182.0 1
-333.0 -85.0 1
-194.0 -144.0 1
-175.0 -84.0 1
-512.0 -380.0 1
-342.0 -208.0 1
310.0 -126.0 1
367.0 24.0 1
279.0 310.0 1
293.0 -76.0 1
415.0 -269.0 1
-377.0 286.0 1
-202.0 -175.0 1
-222.0 393.0 1
-253.0 -285.0 1
-216.0 89.0 1
313.0 -396.0 1
51.0 -178.0 1
535.0 326.0 1
-181.0 213.0 1
441.0 -128.0 1
-463.0 -256.0 1
-410.0 -390.0 1
261.0 -62.0 1
216.0 360.0 1
-162.0 40.0 1
420.0 258.0 1
265.0 402.0 1
114.0 -347.0 1
93.0 17.0 1
-332.0 -267.0 1
-181.0 103.0 1
-182.0 81.0 1
20.0 -298.0 1
-384.0 -195.0 1
496.0 99.0 1
510.0 -124.0 1
-29.0 351.0 1
297.0 -55.0 1
133.0 287.0 1
