-53.0 162.0 0
-112.0 -360.0 0
-145.0 5.0 0
-17.0 87.0 0
140.0 -146.0 0
-60.0 19.0 0
175.0 87.0 0
-96.0 -18.0 0
-28.0 -146.0 0
-373.0 13.0 0
240.0 -19.0 1
76.0 -382.0 1
417.0 236.0 1
-567.0 167.0 1
444.0 94.0 1
440.0 -299.0 1
-222.0 393.0 1
-170.0 76.0 1
118.0 186.0 1
216.0 360.0 1
451.0 206.0 1
263.0 -413.0 1
163.0 -391.0 1
9.0 406.0 1
-486.0 -22.0 1
-332.0 -267.0 1
-164.0 -253.0 1
259.0 -133.0 1
353.0 -75.0 1
-297.0 -76.0 1
350.0 260.0 1
-514.0 71.0 1
424.0 18.0 1
-297.0 376.0 1
-227.0 152.0 1
446.0 -204.0 1
-374.0 -107.0 1
-25.0 -273.0 1
-547.0 -124.0 1
11.0 359.0 1
94.0 -202.0 1
324.0 88.0 1
226.0 -214.0 1
133.0 287.0 1
-463.0 -412.0 1
479.0 -223.0 1
490.0 -319.0 1
312.0 3.0 1
124.0 -169.0 1
-252.0 169.0 1
-315.0 -403.0 1
-305.0 -74.0 1
-369.0 29.0 1
296.0 46.0 1
-14.0 346.0 1
104.0 210.0 1
-176.0 74.0 1
93.0 280.0 1
-371.0 -406.0 1
91.0 307.0 1
