166.0 164.0 0
-325.0 -28.0 0
-249.0 -9.0 0
-327.0 0.0 0
-77.0 -153.0 0
-110.0 -223.0 0
275.0 -214.0 0
222.0 -141.0 0
91.0 -29.0 0
-98.0 -279.0 0
328.0 -375.0 1
387.0 -292.0 1
533.0 101.0 1
49.0 320.0 1
111.0 -256.0 1
295.0 -89.0 1
-567.0 340.0 1
94.0 -202.0 1
519.0 -224.0 1
-73.0 -47.0 1
32.0 -96.0 1
-41.0 -372.0 1
120.0 33.0 1
125.0 -233.0 1
360.0 166.0 1
509.0 405.0 1
-214.0 -324.0 1
-327.0 -59.0 1
-59.0 -30.0 1
197.0 250.0 1
414.0 30.0 1
498.0 -276.0 1
-156.0 -139.0 1
-529.0 197.0 1
-15.0 199.0 1
464.0 -39.0 1
102.0 -263.0 1
-262.0 -238.0 1
196.0 -387.0 1
349.0 -184.0 1
-395.0 163.0 1
-514.0 -109.0 1
398.0 334.0 1
-189.0 160.0 1
-456.0 170.0 1
-263.0 270.0 1
-454.0 239.0 1
198.0 -344.0 1
-127.0 126.0 1
2.0 -279.0 1
-525.0 260.0 1
406.0 30.0 1
-186.0 -69.0 1
91.0 307.0 1
22.0 -189.0 1
-386.0 -183.0 1
-180.0 284.0 1
-498.0 -205.0 1
-283.0 406.0 1
462.0 327.0 1
