152.0 130.0 0
151.0 137.0 0
-68.0 157.0 0
-37.0 105.0 0
-367.0 12.0 0
-145.0 5.0 0
-327.0 19.0 0
-28.0 -146.0 0
98.0 -53.0 0
-30.0 111.0 0
-383.0 127.0 1
-164.0 -253.0 1
-491.0 136.0 1
-445.0 41.0 1
-492.0 111.0 1
-295.0 131.0 1
-433.0 -251.0 1
79.0 -160.0 1
297.0 91.0 1
186.0 -352.0 1
-159.0 -88.0 1
361.0 337.0 1
124.0 264.0 1
65.0 136.0 1
348.0 298.0 1
-398.0 -281.0 1
187.0 -359.0 1
296.0 46.0 1
446.0 -204.0 1
386.0 318.0 1
412.0 242.0 1
173.0 -294.0 1
232.0 98.0 1
-547.0 -124.0 1
-486.0 384.0 1
-197.0 -255.0 1
-458.0 -299.0 1
-313.0 247.0 1
118.0 39.0 1
453.0 -167.0 1
239.0 -59.0 1
286.0 318.0 1
71.0 -176.0 1
-151.0 162.0 1
285.0 -116.0 1
-364.0 -207.0 1
5.0 -155.0 1
-111.0 390.0 1
-254.0 -234.0 1
-217.0 -190.0 1
-98.0 -112.0 1
375.0 -362.0 1
-508.0 194.0 1
490.0 -319.0 1
-391.0 71.0 1
111.0 343.0 1
480.0 -154.0 1
473.0 170.0 1
-162.0 249.0 1
243.0 390.0 1
