-72.0 223.0 0
-89.0 -295.0 0
-249.0 -9.0 0
52.0 55.0 0
-95.0 170.0 0
-327.0 19.0 0
258.0 -213.0 0
-17.0 87.0 0
133.0 114.0 0
91.0 -29.0 0
-28.0 203.0 0
149.0 -151.0 0
-96.0 -18.0 0
27.0 -27.0 0
270.0 190.0 0
-3.0 -112.0 0
151.0 137.0 0
-172.0 20.0 0
-128.0 -350.0 0
-96.0 -255.0 0
215.0 44.0 1
45.0 -318.0 1
410.0 319.0 1
-567.0 340.0 1
412.0 143.0 1
420.0 258.0 1
388.0 -323.0 1
-208.0 304.0 1
-76.0 35.0 1
54.0 172.0 1
279.0 310.0 1
490.0 166.0 1
328.0 -375.0 1
76.0 -382.0 1
-90.0 408.0 1
-419.0 -47.0 1
-142.0 378.0 1
137.0 -304.0 1
-364.0 -207.0 1
-127.0 -182.0 1
261.0 -62.0 1
187.0 -359.0 1
48.0 -222.0 1
232.0 98.0 1
310.0 -126.0 1
-199.0 -62.0 1
484.0 368.0 1
-529.0 197.0 1
379.0 390.0 1
526.0 80.0 1
-401.0 344.0 1
-162.0 249.0 1
371.0 -122.0 1
466.0 -154.0 1
-448.0 -156.0 1
-41.0 -372.0 1
444.0 94.0 1
-573.0 59.0 1
59.0 408.0 1
376.0 65.0 1
285.0 -358.0 1
99.0 210.0 1
207.0 -15.0 1
522.0 286.0 1
210.0 355.0 1
-467.0 90.0 1
-420.0 -359.0 1
510.0 -124.0 1
50.0 255.0 1
442.0 -244.0 1
349.0 -184.0 1
186.0 -84.0 1
-313.0 247.0 1
-252.0 -366.0 1
-267.0 334.0 1
-254.0 -234.0 1
-356.0 143.0 1
-455.0 -358.0 1
139.0 46.0 1
-435.0 -271.0 1
350.0 147.0 1
-395.0 163.0 1
67.0 -164.0 1
-44.0 320.0 1
302.0 -288.0 1
175.0 225.0 1
128.0 336.0 1
110.0 138.0 1
8.0 -250.0 1
-222.0 -171.0 1
498.0 -328.0 1
9.0 406.0 1
-548.0 0.0 1
281.0 15.0 1
-499.0 -315.0 1
449.0 -191.0 1
-246.0 69.0 1
445.0 -63.0 1
-369.0 29.0 1
461.0 -348.0 1
-176.0 74.0 1
-514.0 -109.0 1
-374.0 -107.0 1
56.0 -94.0 1
519.0 -224.0 1
410.0 -2.0 1
263.0 -413.0 1
96.0 -282.0 1
-377.0 286.0 1
-567.0 167.0 1
-499.0 -401.0 1
-194.0 -144.0 1
124.0 -169.0 1
16.0 309.0 1
-399.0 -259.0 1
-210.0 -411.0 1
507.0 207.0 1
-115.0 185.0 1
18.0 75.0 1
265.0 402.0 1
