168.0 114.0 0
117.0 116.0 0
166.0 164.0 0
151.0 137.0 0
-45.0 202.0 0
-18.0 135.0 0
-68.0 157.0 0
-74.0 229.0 0
-53.0 162.0 0
-334.0 4.0 0
-325.0 -28.0 0
-86.0 21.0 0
-156.0 29.0 0
-158.0 -13.0 0
-118.0 -308.0 0
-99.0 -321.0 0
-96.0 -255.0 0
-109.0 -306.0 0
-112.0 -360.0 0
258.0 -213.0 0
-24.0 -377.0 1
203.0 -264.0 1
-131.0 -249.0 1
328.0 -375.0 1
-360.0 193.0 1
330.0 -94.0 1
387.0 -292.0 1
-280.0 -189.0 1
170.0 -44.0 1
-139.0 -89.0 1
295.0 -89.0 1
-491.0 136.0 1
365.0 -182.0 1
-333.0 -85.0 1
-567.0 340.0 1
412.0 -61.0 1
218.0 -59.0 1
195.0 284.0 1
-492.0 111.0 1
15.0 109.0 1
-227.0 152.0 1
48.0 -222.0 1
124.0 -169.0 1
-164.0 402.0 1
-389.0 382.0 1
466.0 -154.0 1
508.0 80.0 1
310.0 -126.0 1
-73.0 -47.0 1
297.0 91.0 1
-210.0 -411.0 1
-41.0 -372.0 1
120.0 33.0 1
36.0 -126.0 1
-222.0 -119.0 1
348.0 298.0 1
240.0 -53.0 1
475.0 -33.0 1
309.0 -146.0 1
228.0 287.0 1
-205.0 -151.0 1
-214.0 -324.0 1
-59.0 -30.0 1
379.0 390.0 1
-112.0 -214.0 1
526.0 80.0 1
498.0 -276.0 1
405.0 186.0 1
435.0 99.0 1
-222.0 393.0 1
446.0 -204.0 1
-156.0 -139.0 1
-11.0 -378.0 1
313.0 -396.0 1
-241.0 -282.0 1
173.0 -294.0 1
185.0 -262.0 1
240.0 -19.0 1
285.0 -358.0 1
-405.0 22.0 1
-1.0 -172.0 1
379.0 376.0 1
-295.0 -383.0 1
-206.0 -334.0 1
-181.0 213.0 1
-448.0 -156.0 1
-273.0 -276.0 1
311.0 -273.0 1
129.0 -43.0 1
398.0 334.0 1
-548.0 0.0 1
526.0 332.0 1
-458.0 -299.0 1
-252.0 169.0 1
-360.0 322.0 1
348.0 -366.0 1
-410.0 -390.0 1
433.0 -46.0 1
207.0 -15.0 1
139.0 46.0 1
-189.0 160.0 1
-533.0 -188.0 1
216.0 360.0 1
489.0 -321.0 1
-239.0 282.0 1
220.0 1.0 1
442.0 -244.0 1
-347.0 169.0 1
-377.0 141.0 1
210.0 355.0 1
16.0 309.0 1
399.0 260.0 1
-391.0 -256.0 1
-151.0 162.0 1
377.0 162.0 1
76.0 -382.0 1
-496.0 -127.0 1
324.0 88.0 1
-364.0 -207.0 1
5.0 -155.0 1
