-79.0 259.0 0
-99.0 -321.0 0
-325.0 -28.0 0
71.0 76.0 0
-53.0 162.0 0
-367.0 12.0 0
303.0 -208.0 0
-37.0 105.0 0
152.0 130.0 0
57.0 -51.0 0
-69.0 131.0 0
171.0 -116.0 0
-51.0 -19.0 0
5.0 -63.0 0
298.0 219.0 0
-77.0 -153.0 0
172.0 85.0 0
-140.0 35.0 0
-112.0 -360.0 0
112.0 -92.0 0
209.0 59.0 1
67.0 -361.0 1
428.0 306.0 1
-508.0 361.0 1
377.0 162.0 1
427.0 201.0 1
406.0 -276.0 1
-239.0 282.0 1
-87.0 -39.0 1
82.0 137.0 1
348.0 298.0 1
503.0 145.0 1
313.0 -396.0 1
-1.0 -374.0 1
-111.0 390.0 1
-441.0 -79.0 1
-137.0 278.0 1
170.0 -316.0 1
-386.0 -183.0 1
-131.0 -249.0 1
240.0 -53.0 1
196.0 -387.0 1
51.0 -178.0 1
220.0 1.0 1
330.0 -106.0 1
-159.0 -88.0 1
509.0 405.0 1
-522.0 246.0 1
305.0 395.0 1
496.0 99.0 1
-389.0 382.0 1
-151.0 162.0 1
344.0 -140.0 1
448.0 -172.0 1
-496.0 -127.0 1
-76.0 -363.0 1
468.0 138.0 1
-531.0 87.0 1
34.0 393.0 1
321.0 65.0 1
315.0 -325.0 1
119.0 232.0 1
170.0 -44.0 1
501.0 222.0 1
243.0 390.0 1
-481.0 47.0 1
-411.0 -330.0 1
513.0 -92.0 1
49.0 320.0 1
440.0 -299.0 1
337.0 -149.0 1
128.0 -35.0 1
-263.0 270.0 1
-214.0 -324.0 1
-297.0 376.0 1
-241.0 -282.0 1
-338.0 157.0 1
-410.0 -390.0 1
132.0 18.0 1
-463.0 -256.0 1
324.0 88.0 1
-456.0 170.0 1
69.0 -124.0 1
-24.0 346.0 1
203.0 -264.0 1
189.0 266.0 1
133.0 287.0 1
26.0 96.0 1
-25.0 -273.0 1
-205.0 -151.0 1
488.0 -300.0 1
11.0 359.0 1
-547.0 -124.0 1
348.0 14.0 1
-540.0 -286.0 1
441.0 -128.0 1
-185.0 82.0 1
438.0 -84.0 1
-391.0 71.0 1
476.0 -370.0 1
-165.0 81.0 1
-498.0 -205.0 1
-305.0 -74.0 1
5.0 -155.0 1
531.0 -168.0 1
464.0 -39.0 1
226.0 -214.0 1
125.0 -233.0 1
-444.0 385.0 1
-486.0 384.0 1
-325.0 -390.0 1
-139.0 -89.0 1
259.0 -133.0 1
98.0 283.0 1
-342.0 -283.0 1
-99.0 -384.0 1
472.0 -35.0 1
-252.0 169.0 1
-295.0 131.0 1
-226.0 384.0 1
