152.0 130.0 0
52.0 55.0 0
161.0 81.0 0
-27.0 180.0 0
-95.0 170.0 0
-140.0 35.0 0
-127.0 -31.0 0
-145.0 5.0 0
-78.0 -189.0 0
5.0 -63.0 0
-49.0 -221.0 0
-110.0 -223.0 0
25.0 -15.0 0
61.0 -63.0 0
32.0 -29.0 0
250.0 -157.0 0
275.0 -214.0 0
98.0 -53.0 0
112.0 -92.0 0
171.0 -116.0 0
-468.0 -47.0 1
491.0 231.0 1
71.0 119.0 1
25.0 -392.0 1
-532.0 -187.0 1
234.0 -237.0 1
163.0 -391.0 1
449.0 -67.0 1
-383.0 127.0 1
-164.0 -253.0 1
-390.0 250.0 1
34.0 393.0 1
-305.0 -74.0 1
111.0 -256.0 1
-310.0 -49.0 1
507.0 207.0 1
-401.0 344.0 1
-409.0 -2.0 1
-463.0 -412.0 1
353.0 -75.0 1
-1.0 -374.0 1
-445.0 41.0 1
501.0 222.0 1
-455.0 70.0 1
522.0 -137.0 1
-482.0 355.0 1
218.0 236.0 1
62.0 -220.0 1
-413.0 -372.0 1
328.0 -340.0 1
-295.0 131.0 1
8.0 -250.0 1
128.0 -35.0 1
-433.0 -251.0 1
410.0 -2.0 1
32.0 -96.0 1
367.0 24.0 1
279.0 310.0 1
-435.0 -271.0 1
-246.0 69.0 1
293.0 -76.0 1
415.0 -269.0 1
-455.0 -358.0 1
-28.0 -308.0 1
-398.0 -281.0 1
509.0 405.0 1
502.0 -243.0 1
401.0 -391.0 1
476.0 -370.0 1
425.0 -211.0 1
460.0 52.0 1
-170.0 76.0 1
315.0 -325.0 1
-216.0 89.0 1
-538.0 377.0 1
120.0 -20.0 1
-499.0 -401.0 1
196.0 -387.0 1
51.0 -178.0 1
-395.0 163.0 1
-451.0 137.0 1
-37.0 401.0 1
-540.0 -286.0 1
-419.0 -47.0 1
-476.0 373.0 1
70.0 361.0 1
440.0 -299.0 1
188.0 188.0 1
79.0 265.0 1
-197.0 -255.0 1
-76.0 35.0 1
-206.0 -309.0 1
118.0 39.0 1
453.0 -167.0 1
312.0 3.0 1
268.0 -399.0 1
447.0 149.0 1
261.0 -62.0 1
371.0 -122.0 1
9.0 406.0 1
71.0 -176.0 1
-263.0 270.0 1
-15.0 383.0 1
54.0 172.0 1
420.0 258.0 1
-433.0 11.0 1
-351.0 153.0 1
-521.0 -310.0 1
368.0 -64.0 1
406.0 -276.0 1
432.0 -347.0 1
285.0 -116.0 1
36.0 -300.0 1
-128.0 199.0 1
114.0 -347.0 1
388.0 -323.0 1
-111.0 390.0 1
166.0 -309.0 1
93.0 17.0 1
226.0 -214.0 1
