-95.0 170.0 0
-128.0 -330.0 0
-172.0 20.0 0
57.0 -51.0 0
149.0 -151.0 0
-54.0 159.0 0
161.0 81.0 0
-51.0 -19.0 0
-140.0 35.0 0
-127.0 -31.0 0
207.0 -15.0 1
40.0 -224.0 1
412.0 242.0 1
-522.0 246.0 1
468.0 138.0 1
382.0 -401.0 1
-226.0 384.0 1
-165.0 81.0 1
99.0 210.0 1
305.0 395.0 1
501.0 222.0 1
268.0 -399.0 1
166.0 -309.0 1
-15.0 383.0 1
-433.0 11.0 1
-376.0 -138.0 1
-98.0 -112.0 1
260.0 -2.0 1
348.0 -112.0 1
-205.0 -151.0 1
379.0 376.0 1
-492.0 111.0 1
472.0 -35.0 1
-390.0 250.0 1
-272.0 231.0 1
485.0 -117.0 1
-532.0 -187.0 1
-99.0 -384.0 1
-445.0 41.0 1
49.0 320.0 1
-1.0 -172.0 1
349.0 117.0 1
148.0 -246.0 1
130.0 383.0 1
-424.0 -282.0 1
438.0 -84.0 1
461.0 -348.0 1
412.0 -61.0 1
120.0 -20.0 1
-351.0 153.0 1
-273.0 -276.0 1
-342.0 -283.0 1
-398.0 79.0 1
26.0 96.0 1
-24.0 346.0 1
445.0 -63.0 1
15.0 109.0 1
124.0 264.0 1
-499.0 -401.0 1
16.0 309.0 1
