-72.0 223.0 0
-89.0 -295.0 0
-249.0 -9.0 0
52.0 55.0 0
258.0 -213.0 0
-18.0 135.0 0
133.0 114.0 0
91.0 -29.0 0
270.0 190.0 0
-128.0 -350.0 0
215.0 44.0 1
45.0 -318.0 1
410.0 319.0 1
-567.0 340.0 1
412.0 143.0 1
388.0 -323.0 1
-208.0 304.0 1
-76.0 35.0 1
54.0 172.0 1
279.0 310.0 1
490.0 166.0 1
328.0 -375.0 1
114.0 -347.0 1
-90.0 408.0 1
-419.0 -47.0 1
-364.0 -207.0 1
-127.0 -182.0 1
261.0 -62.0 1
310.0 -126.0 1
-199.0 -62.0 1
484.0 368.0 1
-529.0 197.0 1
526.0 80.0 1
-401.0 344.0 1
-162.0 249.0 1
466.0 -154.0 1
-448.0 -156.0 1
-41.0 -372.0 1
-573.0 59.0 1
59.0 408.0 1
51.0 -178.0 1
376.0 65.0 1
196.0 -387.0 1
210.0 355.0 1
-420.0 -359.0 1
510.0 -124.0 1
442.0 -244.0 1
349.0 -184.0 1
186.0 -84.0 1
-313.0 247.0 1
-252.0 -366.0 1
-254.0 -234.0 1
-356.0 143.0 1
139.0 46.0 1
-283.0 406.0 1
360.0 166.0 1
8.0 -250.0 1
498.0 -328.0 1
-499.0 -315.0 1
-451.0 137.0 1
