172.0 85.0 0
175.0 87.0 0
168.0 114.0 0
152.0 130.0 0
251.0 183.0 0
117.0 116.0 0
166.0 164.0 0
-45.0 202.0 0
-27.0 180.0 0
-37.0 105.0 0
-54.0 159.0 0
-53.0 162.0 0
-28.0 203.0 0
-334.0 4.0 0
-86.0 21.0 0
-127.0 -31.0 0
-249.0 -9.0 0
-327.0 0.0 0
-327.0 19.0 0
-342.0 -12.0 0
-3.0 -112.0 0
-118.0 -308.0 0
-32.0 -226.0 0
-99.0 -321.0 0
-96.0 -255.0 0
-114.0 -353.0 0
-28.0 -146.0 0
-77.0 -153.0 0
-70.0 -273.0 0
-89.0 -295.0 0
-112.0 -360.0 0
-110.0 -223.0 0
25.0 -15.0 0
239.0 -209.0 0
148.0 -127.0 0
27.0 -27.0 0
32.0 -29.0 0
258.0 -213.0 0
92.0 -54.0 0
112.0 -92.0 0
171.0 -116.0 0
133.0 114.0 0
270.0 190.0 0
-30.0 111.0 0
-34.0 99.0 0
-96.0 -18.0 0
-60.0 19.0 0
-51.0 -19.0 0
-373.0 13.0 0
-98.0 -279.0 0
-128.0 -330.0 0
149.0 -151.0 0
349.0 117.0 1
428.0 306.0 1
-24.0 -377.0 1
-468.0 -47.0 1
-441.0 -79.0 1
155.0 -328.0 1
-235.0 347.0 1
-25.0 -273.0 1
-532.0 -187.0 1
330.0 -94.0 1
67.0 -361.0 1
163.0 -391.0 1
-376.0 -138.0 1
-280.0 -189.0 1
156.0 -182.0 1
348.0 14.0 1
-356.0 143.0 1
479.0 -223.0 1
-164.0 -253.0 1
-390.0 250.0 1
457.0 -335.0 1
-139.0 -89.0 1
111.0 -256.0 1
-418.0 -120.0 1
-310.0 -49.0 1
-87.0 -39.0 1
365.0 -182.0 1
-401.0 344.0 1
353.0 -75.0 1
-445.0 41.0 1
-567.0 340.0 1
412.0 -61.0 1
501.0 222.0 1
218.0 -59.0 1
-401.0 -376.0 1
-175.0 -84.0 1
522.0 -137.0 1
195.0 284.0 1
-413.0 -372.0 1
328.0 -340.0 1
-492.0 111.0 1
69.0 -124.0 1
15.0 109.0 1
-512.0 -380.0 1
-227.0 152.0 1
8.0 -250.0 1
124.0 -169.0 1
82.0 137.0 1
504.0 133.0 1
508.0 80.0 1
519.0 -224.0 1
-342.0 -208.0 1
310.0 -126.0 1
130.0 383.0 1
-73.0 -47.0 1
-252.0 -366.0 1
-210.0 -411.0 1
32.0 -96.0 1
-435.0 -271.0 1
189.0 35.0 1
120.0 33.0 1
36.0 -126.0 1
-295.0 292.0 1
40.0 -224.0 1
472.0 -35.0 1
350.0 260.0 1
240.0 -53.0 1
-170.0 -109.0 1
438.0 -84.0 1
-455.0 -358.0 1
189.0 266.0 1
444.0 94.0 1
-377.0 286.0 1
-531.0 87.0 1
309.0 -146.0 1
228.0 287.0 1
-424.0 -282.0 1
-444.0 385.0 1
-327.0 -59.0 1
-59.0 -30.0 1
-499.0 -315.0 1
526.0 80.0 1
414.0 30.0 1
-148.0 289.0 1
281.0 15.0 1
405.0 186.0 1
296.0 46.0 1
435.0 99.0 1
-115.0 185.0 1
-222.0 393.0 1
446.0 -204.0 1
-156.0 -139.0 1
-11.0 -378.0 1
425.0 -211.0 1
186.0 -84.0 1
460.0 52.0 1
1.0 381.0 1
-554.0 81.0 1
473.0 162.0 1
-408.0 306.0 1
-170.0 76.0 1
315.0 -325.0 1
-529.0 197.0 1
-297.0 -76.0 1
522.0 286.0 1
-499.0 -401.0 1
464.0 -39.0 1
-241.0 -282.0 1
412.0 242.0 1
-262.0 -238.0 1
51.0 -178.0 1
263.0 -413.0 1
349.0 -184.0 1
-395.0 163.0 1
240.0 -19.0 1
260.0 -2.0 1
535.0 326.0 1
-405.0 22.0 1
-1.0 -172.0 1
488.0 -300.0 1
427.0 201.0 1
-451.0 137.0 1
-37.0 401.0 1
379.0 376.0 1
-486.0 -291.0 1
-234.0 -228.0 1
-295.0 -383.0 1
-265.0 -177.0 1
-476.0 373.0 1
-448.0 -156.0 1
-273.0 -276.0 1
473.0 -69.0 1
311.0 -273.0 1
99.0 210.0 1
129.0 -43.0 1
-486.0 384.0 1
398.0 334.0 1
70.0 361.0 1
170.0 -316.0 1
59.0 408.0 1
-399.0 -259.0 1
441.0 -128.0 1
513.0 -92.0 1
-222.0 -171.0 1
-272.0 231.0 1
5.0 -248.0 1
-76.0 35.0 1
-458.0 -299.0 1
412.0 143.0 1
-313.0 247.0 1
118.0 39.0 1
348.0 -366.0 1
453.0 -167.0 1
239.0 -59.0 1
312.0 3.0 1
207.0 -15.0 1
139.0 46.0 1
-189.0 160.0 1
45.0 -318.0 1
-176.0 74.0 1
53.0 153.0 1
216.0 360.0 1
-456.0 170.0 1
-263.0 270.0 1
-142.0 378.0 1
54.0 172.0 1
198.0 -344.0 1
-413.0 -351.0 1
-347.0 169.0 1
148.0 -246.0 1
496.0 -121.0 1
490.0 -14.0 1
210.0 355.0 1
16.0 309.0 1
2.0 -279.0 1
-226.0 384.0 1
-525.0 260.0 1
-55.0 315.0 1
406.0 -276.0 1
285.0 -116.0 1
377.0 162.0 1
-404.0 -73.0 1
-128.0 199.0 1
76.0 -382.0 1
-149.0 280.0 1
506.0 341.0 1
-496.0 -127.0 1
-486.0 -22.0 1
-364.0 -207.0 1
114.0 -347.0 1
388.0 -323.0 1
-111.0 390.0 1
-369.0 29.0 1
166.0 -309.0 1
93.0 17.0 1
226.0 -214.0 1
-289.0 325.0 1
467.0 -286.0 1
208.0 -69.0 1
-332.0 -267.0 1
112.0 -20.0 1
406.0 30.0 1
281.0 -287.0 1
-102.0 -407.0 1
-181.0 103.0 1
-217.0 -190.0 1
110.0 138.0 1
-325.0 -390.0 1
344.0 -140.0 1
-342.0 -283.0 1
-246.0 370.0 1
22.0 -189.0 1
-64.0 -384.0 1
-567.0 167.0 1
194.0 81.0 1
375.0 -362.0 1
-182.0 81.0 1
478.0 37.0 1
225.0 342.0 1
-508.0 194.0 1
461.0 385.0 1
-394.0 -86.0 1
20.0 -298.0 1
-481.0 47.0 1
-337.0 177.0 1
503.0 145.0 1
37.0 237.0 1
496.0 99.0 1
449.0 -191.0 1
51.0 78.0 1
445.0 -63.0 1
-420.0 -359.0 1
348.0 -199.0 1
137.0 -304.0 1
111.0 343.0 1
321.0 65.0 1
473.0 170.0 1
-472.0 -1.0 1
355.0 -42.0 1
-137.0 278.0 1
-283.0 406.0 1
-525.0 -412.0 1
35.0 396.0 1
462.0 327.0 1
484.0 368.0 1
133.0 287.0 1
96.0 -282.0 1
448.0 -172.0 1
