-68.0 157.0 0
-96.0 -255.0 0
-334.0 4.0 0
25.0 -15.0 0
222.0 -141.0 0
-34.0 99.0 0
151.0 137.0 0
5.0 -63.0 0
-109.0 267.0 0
-77.0 -153.0 0
220.0 1.0 1
48.0 -222.0 1
420.0 258.0 1
-525.0 260.0 1
435.0 99.0 1
401.0 -391.0 1
-148.0 289.0 1
-127.0 126.0 1
37.0 237.0 1
300.0 390.0 1
507.0 207.0 1
315.0 -325.0 1
186.0 -352.0 1
-142.0 378.0 1
-394.0 -86.0 1
-417.0 -198.0 1
-151.0 -255.0 1
293.0 -76.0 1
337.0 -149.0 1
-222.0 -119.0 1
535.0 326.0 1
-531.0 87.0 1
490.0 -14.0 1
-377.0 286.0 1
-189.0 160.0 1
441.0 -128.0 1
-435.0 -271.0 1
-76.0 -363.0 1
-455.0 70.0 1
104.0 412.0 1
62.0 -220.0 1
351.0 15.0 1
185.0 -262.0 1
128.0 336.0 1
-410.0 -390.0 1
519.0 -224.0 1
457.0 -335.0 1
368.0 -64.0 1
156.0 -182.0 1
-338.0 157.0 1
-241.0 -282.0 1
-217.0 -190.0 1
-349.0 68.0 1
93.0 17.0 1
-55.0 315.0 1
433.0 -46.0 1
32.0 -96.0 1
119.0 232.0 1
-540.0 -286.0 1
-182.0 81.0 1
