-50.0 166.0 0
-114.0 -353.0 0
-327.0 19.0 0
27.0 -27.0 0
171.0 -116.0 0
-35.0 11.0 0
172.0 85.0 0
-3.0 -112.0 0
-156.0 29.0 0
-367.0 12.0 0
232.0 98.0 1
96.0 -282.0 1
361.0 337.0 1
-476.0 373.0 1
350.0 147.0 1
415.0 -269.0 1
-263.0 270.0 1
18.0 75.0 1
51.0 78.0 1
243.0 390.0 1
496.0 99.0 1
302.0 -288.0 1
187.0 -359.0 1
-14.0 381.0 1
-405.0 22.0 1
-399.0 -259.0 1
-139.0 -89.0 1
295.0 -89.0 1
371.0 -122.0 1
-222.0 -171.0 1
379.0 390.0 1
-454.0 239.0 1
513.0 -92.0 1
-289.0 325.0 1
-181.0 103.0 1
496.0 -121.0 1
-533.0 -188.0 1
-102.0 -407.0 1
-472.0 -1.0 1
1.0 381.0 1
69.0 -124.0 1
348.0 14.0 1
281.0 -287.0 1
111.0 343.0 1
-398.0 -281.0 1
449.0 -67.0 1
345.0 -238.0 1
235.0 -104.0 1
112.0 -20.0 1
-267.0 334.0 1
-206.0 -309.0 1
-333.0 -308.0 1
-311.0 79.0 1
188.0 188.0 1
-216.0 89.0 1
464.0 -39.0 1
-15.0 199.0 1
98.0 283.0 1
-525.0 -412.0 1
79.0 265.0 1
