-74.0 229.0 0
-98.0 -279.0 0
-222.0 7.0 0
60.0 60.0 0
275.0 -214.0 0
-30.0 111.0 0
117.0 116.0 0
92.0 -54.0 0
251.0 183.0 0
-110.0 -223.0 0
216.0 54.0 1
36.0 -300.0 1
398.0 334.0 1
-538.0 377.0 1
405.0 186.0 1
387.0 -292.0 1
-191.0 291.0 1
-73.0 -47.0 1
53.0 153.0 1
286.0 318.0 1
473.0 162.0 1
328.0 -340.0 1
155.0 -328.0 1
-101.0 411.0 1
-404.0 -73.0 1
-342.0 -208.0 1
-112.0 -214.0 1
239.0 -59.0 1
309.0 -146.0 1
-186.0 -69.0 1
461.0 385.0 1
-508.0 194.0 1
508.0 80.0 1
-410.0 327.0 1
-181.0 213.0 1
480.0 -154.0 1
-496.0 -127.0 1
-24.0 -377.0 1
-554.0 81.0 1
78.0 399.0 1
71.0 -176.0 1
371.0 32.0 1
198.0 -344.0 1
219.0 402.0 1
-413.0 -351.0 1
522.0 -137.0 1
425.0 -211.0 1
348.0 -199.0 1
208.0 -69.0 1
-295.0 292.0 1
-295.0 -383.0 1
-262.0 -238.0 1
-377.0 141.0 1
134.0 44.0 1
-246.0 370.0 1
297.0 91.0 1
5.0 -248.0 1
489.0 -321.0 1
-521.0 -310.0 1
-327.0 -59.0 1
