251.0 183.0 0
-40.0 162.0 0
-32.0 -226.0 0
-99.0 -321.0 0
-78.0 -189.0 0
250.0 -157.0 0
133.0 114.0 0
115.0 100.0 0
-34.0 99.0 0
-73.0 -144.0 0
-532.0 -187.0 1
67.0 -361.0 1
-356.0 143.0 1
-390.0 250.0 1
244.0 -74.0 1
507.0 207.0 1
-401.0 344.0 1
-1.0 -374.0 1
-573.0 59.0 1
522.0 -137.0 1
-482.0 355.0 1
15.0 109.0 1
371.0 32.0 1
48.0 -222.0 1
-164.0 402.0 1
128.0 -35.0 1
508.0 80.0 1
-252.0 -366.0 1
410.0 -2.0 1
416.0 -185.0 1
350.0 260.0 1
475.0 -33.0 1
-28.0 -308.0 1
400.0 -253.0 1
-170.0 76.0 1
-1.0 -172.0 1
-540.0 -286.0 1
-273.0 -276.0 1
99.0 210.0 1
129.0 -43.0 1
170.0 -316.0 1
-176.0 74.0 1
455.0 -117.0 1
-55.0 315.0 1
406.0 -276.0 1
-128.0 199.0 1
506.0 341.0 1
-486.0 -22.0 1
166.0 -309.0 1
-522.0 246.0 1
11.0 359.0 1
-507.0 -242.0 1
194.0 81.0 1
305.0 395.0 1
26.0 96.0 1
-562.0 92.0 1
375.0 -90.0 1
-472.0 -1.0 1
-537.0 121.0 1
35.0 396.0 1
