59.0 -67.0 0
189.0 224.0 0
224.0 427.0 0
288.0 1016.0 0
345.0 663.0 0
53.0 1176.0 0
315.0 451.0 0
201.0 733.0 0
331.0 221.0 0
341.0 1039.0 0
-24.0 -165.0 1
414.0 57.0 1
4.0 0.0 1
326.0 1213.0 1
41.0 472.0 1
310.0 1135.0 1
249.0 1452.0 1
342.0 314.0 1
453.0 -191.0 1
477.0 1210.0 1
369.0 -246.0 1
-30.0 793.0 1
304.0 39.0 1
328.0 809.0 1
-39.0 -22.0 1
124.0 773.0 1
-79.0 797.0 1
24.0 1289.0 1
48.0 1128.0 1
257.0 465.0 1
320.0 1370.0 1
136.0 1407.0 1
345.0 1458.0 1
196.0 1340.0 1
445.0 -143.0 1
79.0 100.0 1
448.0 -10.0 1
-3.0 1256.0 1
204.0 776.0 1
245.0 1411.0 1
33.0 1305.0 1
430.0 1025.0 1
468.0 34.0 1
275.0 415.0 1
-47.0 549.0 1
328.0 1232.0 1
269.0 -227.0 1
22.0 428.0 1
328.0 1279.0 1
352.0 914.0 1
248.0 708.0 1
371.0 -94.0 1
-64.0 196.0 1
446.0 1300.0 1
325.0 142.0 1
237.0 1084.0 1
5.0 -117.0 1
476.0 1330.0 1
-2.0 1110.0 1
454.0 -49.0 1
