277.0 78.0 0
358.0 91.0 0
222.0 598.0 0
107.0 671.0 0
309.0 1207.0 0
295.0 714.0 0
266.0 1177.0 0
242.0 1245.0 0
150.0 603.0 0
276.0 741.0 0
267.0 1095.0 1
-63.0 786.0 1
6.0 416.0 1
327.0 277.0 1
6.0 950.0 1
79.0 962.0 1
374.0 739.0 1
73.0 652.0 1
460.0 955.0 1
66.0 672.0 1
361.0 481.0 1
397.0 462.0 1
387.0 360.0 1
19.0 663.0 1
-47.0 770.0 1
45.0 416.0 1
338.0 -170.0 1
-10.0 162.0 1
94.0 -180.0 1
156.0 -232.0 1
424.0 225.0 1
454.0 220.0 1
301.0 1353.0 1
121.0 721.0 1
71.0 -178.0 1
-67.0 1226.0 1
476.0 155.0 1
-35.0 224.0 1
105.0 1069.0 1
-29.0 271.0 1
122.0 782.0 1
477.0 763.0 1
-64.0 -168.0 1
425.0 848.0 1
264.0 1069.0 1
342.0 602.0 1
-35.0 1467.0 1
388.0 1156.0 1
15.0 1212.0 1
260.0 1049.0 1
470.0 334.0 1
266.0 1333.0 1
86.0 1204.0 1
-32.0 596.0 1
436.0 516.0 1
443.0 1228.0 1
-26.0 770.0 1
295.0 110.0 1
305.0 1111.0 1
438.0 1454.0 1
