315.0 451.0 0
121.0 948.0 0
138.0 463.0 0
55.0 228.0 0
258.0 1.0 0
114.0 1011.0 0
242.0 1245.0 0
215.0 149.0 0
358.0 1233.0 0
87.0 310.0 0
201.0 733.0 0
290.0 -57.0 0
113.0 870.0 0
266.0 1177.0 0
335.0 695.0 0
59.0 -67.0 0
79.0 566.0 0
308.0 773.0 0
202.0 1159.0 0
323.0 1296.0 0
215.0 1430.0 1
122.0 763.0 1
438.0 1187.0 1
248.0 -217.0 1
456.0 408.0 1
342.0 314.0 1
71.0 -178.0 1
15.0 901.0 1
69.0 1093.0 1
388.0 1156.0 1
442.0 350.0 1
-1.0 -106.0 1
431.0 500.0 1
317.0 1358.0 1
410.0 1276.0 1
282.0 1020.0 1
325.0 705.0 1
331.0 472.0 1
-75.0 773.0 1
376.0 988.0 1
213.0 -151.0 1
-59.0 -280.0 1
338.0 391.0 1
125.0 102.0 1
17.0 371.0 1
414.0 57.0 1
-54.0 751.0 1
66.0 672.0 1
369.0 607.0 1
36.0 978.0 1
74.0 91.0 1
15.0 1212.0 1
441.0 326.0 1
434.0 419.0 1
22.0 428.0 1
342.0 595.0 1
116.0 1055.0 1
239.0 1472.0 1
90.0 1305.0 1
-36.0 -51.0 1
432.0 813.0 1
16.0 553.0 1
329.0 516.0 1
361.0 699.0 1
375.0 788.0 1
193.0 1371.0 1
-39.0 1420.0 1
346.0 1153.0 1
312.0 1085.0 1
65.0 -137.0 1
-64.0 196.0 1
411.0 405.0 1
305.0 1111.0 1
403.0 1394.0 1
49.0 769.0 1
445.0 1422.0 1
413.0 1313.0 1
369.0 15.0 1
9.0 580.0 1
427.0 148.0 1
27.0 629.0 1
283.0 122.0 1
53.0 -14.0 1
-63.0 356.0 1
122.0 782.0 1
433.0 -184.0 1
439.0 191.0 1
453.0 -191.0 1
475.0 -131.0 1
85.0 -3.0 1
365.0 378.0 1
171.0 1424.0 1
-1.0 -233.0 1
143.0 -240.0 1
143.0 1026.0 1
1.0 444.0 1
454.0 -49.0 1
261.0 747.0 1
417.0 999.0 1
13.0 609.0 1
59.0 18.0 1
468.0 34.0 1
94.0 1439.0 1
0.0 1255.0 1
454.0 220.0 1
-1.0 1299.0 1
477.0 763.0 1
-4.0 176.0 1
-49.0 69.0 1
11.0 183.0 1
-35.0 1397.0 1
11.0 1345.0 1
352.0 914.0 1
270.0 1404.0 1
163.0 -128.0 1
243.0 166.0 1
235.0 170.0 1
260.0 1049.0 1
-22.0 893.0 1
-29.0 271.0 1
