55.0 402.0 0
113.0 870.0 0
107.0 671.0 0
87.0 310.0 0
88.0 -36.0 0
53.0 1176.0 0
213.0 1298.0 0
345.0 663.0 0
308.0 773.0 0
150.0 1342.0 0
245.0 1411.0 1
261.0 747.0 1
419.0 1281.0 1
156.0 -232.0 1
442.0 350.0 1
355.0 350.0 1
-6.0 -168.0 1
79.0 962.0 1
2.0 1057.0 1
401.0 406.0 1
-56.0 -119.0 1
437.0 464.0 1
325.0 1332.0 1
476.0 1330.0 1
200.0 1071.0 1
-6.0 722.0 1
451.0 451.0 1
49.0 769.0 1
420.0 907.0 1
475.0 -131.0 1
143.0 -240.0 1
22.0 428.0 1
74.0 91.0 1
-45.0 328.0 1
427.0 148.0 1
-37.0 701.0 1
-72.0 600.0 1
432.0 578.0 1
-28.0 51.0 1
-1.0 1299.0 1
-40.0 552.0 1
22.0 576.0 1
115.0 1392.0 1
328.0 809.0 1
403.0 1394.0 1
-51.0 1371.0 1
420.0 1116.0 1
11.0 183.0 1
440.0 1040.0 1
239.0 1472.0 1
476.0 0.0 1
388.0 205.0 1
439.0 231.0 1
43.0 0.0 1
344.0 -282.0 1
-2.0 -151.0 1
-4.0 176.0 1
77.0 863.0 1
425.0 848.0 1
379.0 829.0 1
