321.0 472.0 0
185.0 849.0 0
76.0 361.0 0
331.0 221.0 0
358.0 91.0 0
266.0 1177.0 0
76.0 1221.0 0
96.0 -108.0 0
276.0 741.0 0
223.0 1331.0 0
403.0 1433.0 1
218.0 760.0 1
410.0 1276.0 1
203.0 -208.0 1
378.0 372.0 1
355.0 209.0 1
60.0 -185.0 1
39.0 959.0 1
105.0 1069.0 1
329.0 375.0 1
-73.0 -73.0 1
415.0 547.0 1
221.0 1387.0 1
468.0 1329.0 1
204.0 1062.0 1
66.0 672.0 1
361.0 481.0 1
-30.0 793.0 1
438.0 918.0 1
440.0 -132.0 1
57.0 -219.0 1
56.0 436.0 1
283.0 122.0 1
-65.0 336.0 1
475.0 135.0 1
13.0 729.0 1
13.0 609.0 1
342.0 595.0 1
50.0 27.0 1
24.0 1289.0 1
-47.0 549.0 1
38.0 543.0 1
11.0 1345.0 1
305.0 798.0 1
151.0 1434.0 1
63.0 1468.0 1
305.0 1111.0 1
95.0 232.0 1
310.0 1135.0 1
345.0 1458.0 1
434.0 -39.0 1
382.0 195.0 1
454.0 220.0 1
-8.0 -3.0 1
408.0 -90.0 1
85.0 -3.0 1
-46.0 160.0 1
480.0 1019.0 1
314.0 846.0 1
294.0 788.0 1
