133.0 471.0 0
288.0 1016.0 0
227.0 342.0 0
235.0 147.0 0
353.0 -14.0 0
238.0 1169.0 0
172.0 1245.0 0
116.0 -95.0 0
255.0 738.0 0
333.0 1300.0 0
270.0 1404.0 1
124.0 773.0 1
326.0 1213.0 1
440.0 -221.0 1
365.0 378.0 1
441.0 242.0 1
163.0 -128.0 1
31.0 961.0 1
22.0 1194.0 1
336.0 366.0 1
-47.0 -73.0 1
329.0 516.0 1
266.0 1333.0 1
387.0 1352.0 1
334.0 993.0 1
235.0 767.0 1
257.0 465.0 1
-54.0 751.0 1
417.0 999.0 1
445.0 -143.0 1
-80.0 -225.0 1
6.0 416.0 1
165.0 159.0 1
-79.0 361.0 1
414.0 18.0 1
93.0 772.0 1
-32.0 596.0 1
322.0 603.0 1
25.0 125.0 1
86.0 1204.0 1
-5.0 498.0 1
13.0 552.0 1
60.0 1295.0 1
388.0 770.0 1
61.0 1385.0 1
-18.0 1387.0 1
267.0 1095.0 1
-23.0 271.0 1
306.0 1169.0 1
470.0 1466.0 1
335.0 -48.0 1
330.0 171.0 1
22.0 157.0 1
-36.0 -51.0 1
371.0 -94.0 1
79.0 -9.0 1
-10.0 162.0 1
428.0 1030.0 1
467.0 910.0 1
402.0 740.0 1
