223.0 763.0 0
290.0 -57.0 0
277.0 78.0 0
152.0 -97.0 0
333.0 1300.0 0
69.0 879.0 0
168.0 789.0 0
76.0 1221.0 0
55.0 402.0 0
339.0 246.0 0
189.0 224.0 0
224.0 427.0 0
237.0 287.0 0
55.0 228.0 0
297.0 426.0 0
308.0 773.0 0
288.0 1016.0 0
84.0 -1.0 0
166.0 756.0 0
345.0 663.0 0
321.0 472.0 0
335.0 695.0 0
315.0 451.0 0
344.0 1222.0 0
177.0 825.0 0
309.0 1207.0 0
82.0 749.0 0
274.0 931.0 0
255.0 738.0 0
268.0 858.0 0
238.0 1169.0 0
290.0 1202.0 0
87.0 182.0 0
172.0 1245.0 0
353.0 -14.0 0
213.0 1253.0 0
242.0 1245.0 0
257.0 1215.0 0
187.0 34.0 0
201.0 733.0 0
121.0 -38.0 0
316.0 727.0 0
96.0 -108.0 0
150.0 603.0 0
202.0 1159.0 0
341.0 1039.0 0
332.0 485.0 1
35.0 935.0 1
434.0 419.0 1
-24.0 -165.0 1
325.0 1332.0 1
437.0 800.0 1
28.0 558.0 1
-51.0 1014.0 1
367.0 288.0 1
4.0 0.0 1
326.0 1213.0 1
305.0 -167.0 1
445.0 1422.0 1
-18.0 1422.0 1
41.0 472.0 1
403.0 1433.0 1
-51.0 1371.0 1
191.0 423.0 1
310.0 1135.0 1
479.0 771.0 1
353.0 634.0 1
464.0 10.0 1
432.0 813.0 1
334.0 993.0 1
94.0 1439.0 1
314.0 846.0 1
438.0 163.0 1
415.0 -235.0 1
453.0 -191.0 1
427.0 148.0 1
304.0 418.0 1
210.0 1414.0 1
325.0 705.0 1
-75.0 773.0 1
451.0 948.0 1
122.0 763.0 1
56.0 436.0 1
327.0 277.0 1
369.0 -246.0 1
201.0 1026.0 1
447.0 515.0 1
-54.0 751.0 1
310.0 -227.0 1
344.0 -282.0 1
6.0 950.0 1
332.0 557.0 1
355.0 -164.0 1
363.0 1433.0 1
22.0 576.0 1
428.0 1030.0 1
13.0 609.0 1
403.0 1404.0 1
-71.0 333.0 1
-39.0 -22.0 1
57.0 -219.0 1
419.0 1281.0 1
152.0 116.0 1
73.0 220.0 1
235.0 767.0 1
-54.0 365.0 1
-20.0 266.0 1
69.0 9.0 1
162.0 1471.0 1
-1.0 -106.0 1
124.0 773.0 1
-79.0 797.0 1
476.0 0.0 1
8.0 753.0 1
239.0 1472.0 1
306.0 1002.0 1
4.0 46.0 1
387.0 173.0 1
95.0 232.0 1
69.0 1093.0 1
24.0 1289.0 1
441.0 242.0 1
257.0 465.0 1
369.0 607.0 1
374.0 739.0 1
364.0 -15.0 1
320.0 1370.0 1
261.0 747.0 1
266.0 486.0 1
214.0 1468.0 1
-23.0 1112.0 1
27.0 629.0 1
201.0 1418.0 1
320.0 715.0 1
136.0 1407.0 1
260.0 499.0 1
460.0 955.0 1
-13.0 624.0 1
171.0 1424.0 1
294.0 788.0 1
29.0 928.0 1
31.0 961.0 1
463.0 339.0 1
317.0 1358.0 1
-59.0 -280.0 1
8.0 52.0 1
345.0 1458.0 1
417.0 9.0 1
-1.0 1299.0 1
196.0 1340.0 1
218.0 760.0 1
355.0 350.0 1
387.0 360.0 1
70.0 616.0 1
201.0 1413.0 1
457.0 1386.0 1
22.0 157.0 1
267.0 -141.0 1
408.0 -90.0 1
19.0 663.0 1
389.0 632.0 1
458.0 -216.0 1
19.0 147.0 1
93.0 772.0 1
52.0 67.0 1
-47.0 770.0 1
213.0 -151.0 1
-3.0 1256.0 1
-36.0 -51.0 1
433.0 1380.0 1
278.0 -122.0 1
39.0 352.0 1
338.0 -170.0 1
303.0 1231.0 1
204.0 776.0 1
32.0 1318.0 1
94.0 -180.0 1
305.0 798.0 1
156.0 -232.0 1
454.0 220.0 1
433.0 -184.0 1
338.0 443.0 1
190.0 708.0 1
59.0 18.0 1
143.0 -240.0 1
-18.0 399.0 1
220.0 1009.0 1
204.0 1062.0 1
16.0 553.0 1
455.0 793.0 1
121.0 721.0 1
439.0 704.0 1
13.0 552.0 1
65.0 -137.0 1
59.0 1065.0 1
429.0 150.0 1
89.0 373.0 1
11.0 1345.0 1
236.0 741.0 1
125.0 102.0 1
388.0 770.0 1
140.0 -166.0 1
-28.0 445.0 1
455.0 272.0 1
475.0 135.0 1
443.0 1197.0 1
-82.0 -254.0 1
293.0 1433.0 1
-23.0 353.0 1
387.0 534.0 1
282.0 1020.0 1
275.0 415.0 1
146.0 745.0 1
456.0 408.0 1
13.0 729.0 1
-28.0 -45.0 1
441.0 326.0 1
343.0 1104.0 1
-35.0 224.0 1
-29.0 271.0 1
-6.0 722.0 1
50.0 27.0 1
415.0 547.0 1
122.0 782.0 1
-49.0 69.0 1
411.0 405.0 1
477.0 763.0 1
215.0 1430.0 1
410.0 1276.0 1
40.0 1415.0 1
-64.0 -168.0 1
-20.0 -270.0 1
-56.0 -119.0 1
283.0 122.0 1
425.0 848.0 1
403.0 1394.0 1
22.0 428.0 1
238.0 1398.0 1
90.0 -107.0 1
193.0 1371.0 1
-52.0 1043.0 1
342.0 602.0 1
422.0 -11.0 1
292.0 1366.0 1
34.0 1263.0 1
163.0 -128.0 1
-79.0 361.0 1
38.0 543.0 1
-29.0 86.0 1
328.0 1279.0 1
443.0 384.0 1
42.0 341.0 1
374.0 -19.0 1
436.0 166.0 1
380.0 100.0 1
388.0 1156.0 1
457.0 348.0 1
-8.0 -3.0 1
-47.0 -73.0 1
421.0 666.0 1
203.0 -208.0 1
70.0 804.0 1
74.0 91.0 1
-22.0 893.0 1
-67.0 -11.0 1
260.0 1049.0 1
479.0 1310.0 1
266.0 1333.0 1
420.0 907.0 1
346.0 -252.0 1
315.0 567.0 1
440.0 1040.0 1
399.0 338.0 1
73.0 662.0 1
86.0 1204.0 1
-32.0 596.0 1
227.0 1446.0 1
1.0 444.0 1
436.0 516.0 1
-40.0 552.0 1
60.0 -185.0 1
443.0 1228.0 1
376.0 988.0 1
200.0 1071.0 1
404.0 -179.0 1
360.0 1077.0 1
165.0 159.0 1
382.0 195.0 1
439.0 1351.0 1
-26.0 770.0 1
387.0 1352.0 1
464.0 396.0 1
402.0 1154.0 1
-44.0 1244.0 1
-65.0 336.0 1
295.0 110.0 1
440.0 -132.0 1
305.0 1111.0 1
31.0 556.0 1
438.0 1454.0 1
