297.0 426.0 0
178.0 934.0 0
141.0 473.0 0
87.0 182.0 0
187.0 34.0 0
265.0 1057.0 0
290.0 1202.0 0
358.0 91.0 0
172.0 1245.0 0
237.0 287.0 0
55.0 768.0 0
189.0 224.0 0
177.0 825.0 0
284.0 1117.0 0
150.0 603.0 0
152.0 -97.0 0
304.0 -153.0 0
276.0 741.0 0
114.0 805.0 0
223.0 1331.0 0
333.0 1433.0 1
190.0 752.0 1
477.0 1210.0 1
302.0 -225.0 1
455.0 398.0 1
305.0 291.0 1
98.0 -172.0 1
29.0 928.0 1
-2.0 1110.0 1
414.0 1157.0 1
470.0 334.0 1
90.0 -107.0 1
447.0 515.0 1
320.0 1370.0 1
356.0 1280.0 1
282.0 1010.0 1
248.0 708.0 1
338.0 443.0 1
-47.0 770.0 1
402.0 948.0 1
311.0 -135.0 1
-59.0 -273.0 1
304.0 418.0 1
151.0 113.0 1
42.0 341.0 1
466.0 80.0 1
-30.0 793.0 1
-37.0 701.0 1
353.0 634.0 1
39.0 959.0 1
64.0 88.0 1
-44.0 1244.0 1
435.0 325.0 1
451.0 451.0 1
6.0 416.0 1
315.0 567.0 1
105.0 1069.0 1
189.0 1456.0 1
124.0 1341.0 1
-73.0 -73.0 1
437.0 800.0 1
38.0 543.0 1
266.0 486.0 1
439.0 704.0 1
305.0 798.0 1
221.0 1387.0 1
93.0 1420.0 1
326.0 1213.0 1
332.0 1078.0 1
-56.0 -119.0 1
-66.0 246.0 1
432.0 578.0 1
471.0 1157.0 1
433.0 1380.0 1
2.0 768.0 1
438.0 1454.0 1
483.0 1297.0 1
374.0 -19.0 1
-40.0 552.0 1
436.0 166.0 1
73.0 662.0 1
360.0 156.0 1
-25.0 -39.0 1
-71.0 333.0 1
124.0 773.0 1
404.0 -179.0 1
382.0 195.0 1
458.0 -216.0 1
431.0 -141.0 1
-8.0 -3.0 1
329.0 375.0 1
210.0 1414.0 1
-64.0 -168.0 1
114.0 -202.0 1
-51.0 1014.0 1
76.0 450.0 1
335.0 -48.0 1
235.0 767.0 1
428.0 1030.0 1
-72.0 600.0 1
79.0 -9.0 1
417.0 9.0 1
-35.0 1467.0 1
86.0 1204.0 1
439.0 231.0 1
24.0 1289.0 1
374.0 739.0 1
-46.0 160.0 1
8.0 52.0 1
88.0 112.0 1
-32.0 1358.0 1
151.0 1434.0 1
420.0 907.0 1
325.0 1332.0 1
369.0 -246.0 1
357.0 40.0 1
371.0 -94.0 1
264.0 1069.0 1
77.0 863.0 1
-20.0 266.0 1
