315.0 451.0 0
121.0 948.0 0
79.0 566.0 0
55.0 228.0 0
258.0 1.0 0
341.0 1039.0 0
242.0 1245.0 0
290.0 -57.0 0
201.0 733.0 0
277.0 816.0 0
215.0 1430.0 1
122.0 763.0 1
438.0 1187.0 1
248.0 -217.0 1
456.0 408.0 1
342.0 314.0 1
71.0 -178.0 1
15.0 901.0 1
69.0 1093.0 1
441.0 326.0 1
-1.0 -106.0 1
431.0 500.0 1
317.0 1358.0 1
446.0 1300.0 1
282.0 1020.0 1
320.0 715.0 1
331.0 472.0 1
-75.0 773.0 1
452.0 964.0 1
305.0 -167.0 1
-59.0 -280.0 1
434.0 419.0 1
125.0 102.0 1
17.0 371.0 1
414.0 57.0 1
98.0 791.0 1
73.0 662.0 1
369.0 607.0 1
-29.0 86.0 1
15.0 1212.0 1
1.0 444.0 1
31.0 556.0 1
90.0 1305.0 1
432.0 813.0 1
201.0 1413.0 1
-39.0 1420.0 1
312.0 1085.0 1
-64.0 196.0 1
424.0 1151.0 1
403.0 1404.0 1
369.0 15.0 1
476.0 155.0 1
235.0 170.0 1
-39.0 -22.0 1
433.0 -184.0 1
459.0 -42.0 1
-2.0 30.0 1
36.0 978.0 1
214.0 1468.0 1
145.0 490.0 1
