141.0 473.0 0
58.0 566.0 0
277.0 78.0 0
152.0 -97.0 0
168.0 789.0 0
354.0 136.0 0
55.0 402.0 0
358.0 91.0 0
114.0 1011.0 0
339.0 246.0 0
189.0 224.0 0
297.0 426.0 0
308.0 773.0 0
150.0 1342.0 0
59.0 249.0 0
65.0 196.0 0
199.0 1033.0 0
107.0 671.0 0
235.0 147.0 0
121.0 948.0 0
345.0 663.0 0
315.0 451.0 0
177.0 825.0 0
309.0 1207.0 0
277.0 816.0 0
113.0 870.0 0
82.0 749.0 0
274.0 931.0 0
55.0 768.0 0
87.0 310.0 0
83.0 564.0 0
172.0 1245.0 0
213.0 1253.0 0
242.0 1245.0 0
138.0 463.0 0
187.0 34.0 0
201.0 733.0 0
116.0 -95.0 0
316.0 727.0 0
116.0 421.0 0
119.0 211.0 0
135.0 398.0 0
96.0 -108.0 0
304.0 -153.0 0
114.0 805.0 0
202.0 1159.0 0
341.0 1039.0 0
11.0 207.0 1
35.0 935.0 1
434.0 419.0 1
-24.0 -165.0 1
306.0 1169.0 1
437.0 800.0 1
-63.0 786.0 1
-51.0 1014.0 1
414.0 57.0 1
367.0 288.0 1
4.0 0.0 1
326.0 1213.0 1
470.0 1466.0 1
41.0 472.0 1
-51.0 1371.0 1
151.0 141.0 1
6.0 416.0 1
353.0 634.0 1
402.0 740.0 1
334.0 993.0 1
466.0 80.0 1
314.0 846.0 1
438.0 163.0 1
415.0 -235.0 1
36.0 978.0 1
467.0 910.0 1
453.0 -191.0 1
427.0 148.0 1
304.0 418.0 1
210.0 1414.0 1
-75.0 773.0 1
0.0 1255.0 1
122.0 763.0 1
56.0 436.0 1
98.0 791.0 1
327.0 277.0 1
11.0 183.0 1
365.0 1443.0 1
-47.0 -257.0 1
447.0 515.0 1
420.0 1116.0 1
-54.0 751.0 1
-30.0 793.0 1
304.0 39.0 1
388.0 205.0 1
464.0 812.0 1
6.0 950.0 1
332.0 557.0 1
355.0 -164.0 1
363.0 1433.0 1
348.0 242.0 1
483.0 1297.0 1
439.0 191.0 1
459.0 -42.0 1
13.0 609.0 1
189.0 1456.0 1
403.0 1404.0 1
-71.0 333.0 1
-39.0 -22.0 1
88.0 112.0 1
-5.0 498.0 1
-35.0 1397.0 1
235.0 767.0 1
-54.0 365.0 1
378.0 372.0 1
437.0 464.0 1
116.0 1055.0 1
69.0 9.0 1
124.0 773.0 1
-79.0 797.0 1
476.0 0.0 1
245.0 1372.0 1
434.0 -39.0 1
239.0 1472.0 1
306.0 1002.0 1
4.0 46.0 1
387.0 173.0 1
435.0 325.0 1
69.0 1093.0 1
194.0 1350.0 1
-25.0 -39.0 1
79.0 962.0 1
48.0 1128.0 1
-28.0 51.0 1
331.0 472.0 1
364.0 -15.0 1
320.0 1370.0 1
455.0 269.0 1
266.0 486.0 1
452.0 964.0 1
460.0 -87.0 1
17.0 371.0 1
38.0 -59.0 1
214.0 1468.0 1
356.0 1280.0 1
74.0 1177.0 1
27.0 629.0 1
322.0 603.0 1
201.0 1418.0 1
320.0 715.0 1
136.0 1407.0 1
-84.0 1479.0 1
330.0 171.0 1
260.0 499.0 1
460.0 955.0 1
333.0 1433.0 1
-13.0 624.0 1
171.0 1424.0 1
294.0 788.0 1
31.0 961.0 1
463.0 339.0 1
-57.0 -63.0 1
361.0 481.0 1
345.0 1458.0 1
417.0 9.0 1
402.0 948.0 1
375.0 788.0 1
408.0 -90.0 1
151.0 1434.0 1
19.0 663.0 1
216.0 1389.0 1
445.0 -143.0 1
79.0 100.0 1
448.0 -10.0 1
458.0 -216.0 1
19.0 147.0 1
93.0 772.0 1
-73.0 -73.0 1
213.0 -151.0 1
-3.0 1256.0 1
204.0 1478.0 1
39.0 352.0 1
338.0 -170.0 1
424.0 225.0 1
454.0 220.0 1
433.0 -184.0 1
338.0 443.0 1
245.0 1411.0 1
-81.0 419.0 1
220.0 1009.0 1
204.0 1062.0 1
333.0 -66.0 1
16.0 553.0 1
455.0 793.0 1
121.0 721.0 1
243.0 166.0 1
59.0 1065.0 1
429.0 150.0 1
126.0 771.0 1
11.0 1345.0 1
125.0 102.0 1
-32.0 1358.0 1
430.0 1025.0 1
293.0 1433.0 1
468.0 34.0 1
114.0 -202.0 1
-23.0 353.0 1
-80.0 -225.0 1
282.0 1010.0 1
275.0 415.0 1
146.0 745.0 1
43.0 0.0 1
4.0 -241.0 1
336.0 366.0 1
-47.0 549.0 1
456.0 408.0 1
-67.0 1226.0 1
476.0 155.0 1
13.0 729.0 1
145.0 490.0 1
235.0 170.0 1
343.0 1104.0 1
330.0 447.0 1
-9.0 922.0 1
269.0 -227.0 1
408.0 1188.0 1
472.0 517.0 1
-49.0 69.0 1
477.0 763.0 1
338.0 391.0 1
-20.0 -270.0 1
-56.0 -119.0 1
403.0 1394.0 1
264.0 1069.0 1
22.0 428.0 1
39.0 959.0 1
238.0 1398.0 1
90.0 -107.0 1
193.0 1371.0 1
327.0 1068.0 1
98.0 -172.0 1
76.0 450.0 1
422.0 -11.0 1
34.0 1263.0 1
-79.0 361.0 1
38.0 543.0 1
339.0 960.0 1
328.0 1279.0 1
443.0 384.0 1
-19.0 823.0 1
-35.0 1467.0 1
480.0 1019.0 1
270.0 1404.0 1
302.0 -225.0 1
436.0 166.0 1
380.0 100.0 1
452.0 529.0 1
248.0 708.0 1
15.0 1212.0 1
-8.0 -3.0 1
421.0 666.0 1
445.0 712.0 1
74.0 91.0 1
-22.0 893.0 1
-67.0 -11.0 1
103.0 -113.0 1
451.0 451.0 1
369.0 15.0 1
470.0 334.0 1
266.0 1333.0 1
420.0 907.0 1
440.0 1040.0 1
-64.0 196.0 1
399.0 338.0 1
73.0 662.0 1
436.0 77.0 1
424.0 1151.0 1
93.0 1420.0 1
446.0 1300.0 1
143.0 1026.0 1
436.0 516.0 1
405.0 -257.0 1
468.0 1329.0 1
-40.0 552.0 1
443.0 1228.0 1
360.0 1077.0 1
165.0 159.0 1
124.0 1341.0 1
5.0 -117.0 1
372.0 -51.0 1
476.0 1330.0 1
77.0 863.0 1
439.0 1351.0 1
-26.0 770.0 1
365.0 378.0 1
402.0 1154.0 1
90.0 1305.0 1
2.0 1057.0 1
463.0 70.0 1
-2.0 1110.0 1
305.0 1111.0 1
454.0 -49.0 1
438.0 1454.0 1
