116.0 421.0 0
288.0 868.0 0
222.0 598.0 0
119.0 211.0 0
204.0 89.0 0
114.0 1011.0 0
309.0 1207.0 0
237.0 287.0 0
166.0 756.0 0
335.0 695.0 0
363.0 1433.0 1
118.0 759.0 1
443.0 1197.0 1
269.0 -227.0 1
464.0 396.0 1
367.0 288.0 1
94.0 -180.0 1
35.0 935.0 1
-23.0 1112.0 1
457.0 348.0 1
103.0 -113.0 1
472.0 517.0 1
301.0 1353.0 1
407.0 1280.0 1
201.0 1026.0 1
325.0 705.0 1
343.0 467.0 1
-26.0 770.0 1
376.0 988.0 1
278.0 -122.0 1
-47.0 -257.0 1
338.0 391.0 1
140.0 119.0 1
-23.0 353.0 1
463.0 70.0 1
70.0 804.0 1
1.0 648.0 1
402.0 648.0 1
52.0 67.0 1
-40.0 1248.0 1
-28.0 445.0 1
460.0 569.0 1
196.0 1340.0 1
464.0 812.0 1
210.0 1414.0 1
-18.0 1422.0 1
327.0 1068.0 1
11.0 207.0 1
414.0 1157.0 1
467.0 1400.0 1
422.0 -11.0 1
429.0 150.0 1
243.0 166.0 1
-28.0 -45.0 1
432.0 -183.0 1
454.0 -49.0 1
-67.0 -11.0 1
-52.0 1043.0 1
162.0 1471.0 1
70.0 616.0 1
