224.0 427.0 0
274.0 931.0 0
201.0 510.0 0
65.0 196.0 0
199.0 38.0 0
199.0 1033.0 0
257.0 1215.0 0
354.0 136.0 0
213.0 1253.0 0
227.0 342.0 0
82.0 749.0 0
339.0 246.0 0
185.0 849.0 0
341.0 1039.0 0
107.0 671.0 0
116.0 -95.0 0
88.0 -36.0 0
316.0 727.0 0
69.0 879.0 0
150.0 1342.0 0
293.0 1433.0 1
146.0 745.0 1
443.0 1228.0 1
310.0 -227.0 1
443.0 384.0 1
327.0 277.0 1
140.0 -166.0 1
-9.0 922.0 1
48.0 1128.0 1
408.0 1188.0 1
463.0 339.0 1
99.0 -93.0 1
436.0 516.0 1
292.0 1366.0 1
328.0 1279.0 1
220.0 1009.0 1
190.0 708.0 1
330.0 447.0 1
-46.0 772.0 1
339.0 960.0 1
267.0 -141.0 1
-20.0 -270.0 1
275.0 415.0 1
152.0 116.0 1
39.0 352.0 1
436.0 77.0 1
-79.0 797.0 1
-42.0 675.0 1
389.0 632.0 1
31.0 961.0 1
51.0 81.0 1
-67.0 1226.0 1
399.0 338.0 1
437.0 464.0 1
-81.0 419.0 1
332.0 557.0 1
59.0 1065.0 1
227.0 1446.0 1
155.0 1322.0 1
-47.0 -73.0 1
455.0 793.0 1
87.0 529.0 1
260.0 499.0 1
439.0 661.0 1
328.0 809.0 1
216.0 1389.0 1
40.0 1415.0 1
303.0 1231.0 1
360.0 1077.0 1
5.0 -117.0 1
-35.0 224.0 1
391.0 508.0 1
479.0 1158.0 1
457.0 1386.0 1
8.0 753.0 1
470.0 1466.0 1
446.0 1300.0 1
364.0 -15.0 1
-47.0 549.0 1
438.0 163.0 1
73.0 652.0 1
325.0 142.0 1
9.0 -32.0 1
-65.0 336.0 1
93.0 772.0 1
388.0 -182.0 1
387.0 173.0 1
440.0 -221.0 1
440.0 -132.0 1
4.0 0.0 1
336.0 366.0 1
201.0 1413.0 1
-24.0 -165.0 1
203.0 -208.0 1
-62.0 1022.0 1
56.0 436.0 1
372.0 -51.0 1
204.0 776.0 1
430.0 1025.0 1
-32.0 596.0 1
-67.0 -11.0 1
414.0 18.0 1
63.0 1468.0 1
22.0 1194.0 1
441.0 242.0 1
60.0 1295.0 1
322.0 603.0 1
-10.0 162.0 1
4.0 46.0 1
25.0 125.0 1
-51.0 1371.0 1
-84.0 1479.0 1
438.0 918.0 1
266.0 1333.0 1
4.0 -241.0 1
304.0 39.0 1
408.0 -90.0 1
200.0 1071.0 1
70.0 804.0 1
95.0 232.0 1
