141.0 473.0 0
133.0 471.0 0
333.0 1300.0 0
69.0 879.0 0
76.0 1221.0 0
354.0 136.0 0
114.0 1011.0 0
55.0 228.0 0
288.0 1016.0 0
358.0 1233.0 0
265.0 1057.0 0
222.0 598.0 0
76.0 361.0 0
166.0 756.0 0
345.0 663.0 0
185.0 849.0 0
53.0 1176.0 0
82.0 749.0 0
255.0 738.0 0
87.0 182.0 0
-24.0 -165.0 1
325.0 1332.0 1
445.0 1422.0 1
99.0 -93.0 1
479.0 771.0 1
249.0 1452.0 1
402.0 740.0 1
466.0 80.0 1
4.0 769.0 1
210.0 1414.0 1
79.0 -9.0 1
11.0 183.0 1
369.0 -246.0 1
-30.0 793.0 1
310.0 -227.0 1
344.0 -282.0 1
464.0 812.0 1
483.0 1297.0 1
428.0 1030.0 1
189.0 1456.0 1
57.0 -219.0 1
152.0 116.0 1
-35.0 1397.0 1
235.0 767.0 1
378.0 372.0 1
437.0 464.0 1
162.0 1471.0 1
-79.0 797.0 1
245.0 1372.0 1
239.0 1472.0 1
95.0 232.0 1
369.0 607.0 1
431.0 500.0 1
-46.0 160.0 1
261.0 747.0 1
17.0 371.0 1
214.0 1468.0 1
27.0 629.0 1
260.0 499.0 1
460.0 955.0 1
-2.0 -151.0 1
171.0 1424.0 1
294.0 788.0 1
31.0 961.0 1
391.0 508.0 1
15.0 901.0 1
-59.0 -280.0 1
361.0 481.0 1
8.0 52.0 1
196.0 1340.0 1
355.0 350.0 1
305.0 291.0 1
387.0 360.0 1
448.0 -10.0 1
93.0 772.0 1
-36.0 -51.0 1
329.0 516.0 1
204.0 1478.0 1
155.0 1322.0 1
32.0 1318.0 1
312.0 1085.0 1
424.0 225.0 1
-63.0 356.0 1
301.0 1353.0 1
245.0 1411.0 1
-81.0 419.0 1
-18.0 399.0 1
16.0 553.0 1
53.0 -14.0 1
402.0 648.0 1
414.0 18.0 1
65.0 -137.0 1
455.0 272.0 1
-66.0 246.0 1
475.0 135.0 1
-32.0 1358.0 1
468.0 34.0 1
-80.0 -225.0 1
439.0 661.0 1
9.0 -32.0 1
387.0 534.0 1
4.0 -241.0 1
-47.0 549.0 1
456.0 408.0 1
-28.0 -45.0 1
441.0 326.0 1
-35.0 224.0 1
472.0 517.0 1
338.0 391.0 1
40.0 1415.0 1
-64.0 -168.0 1
283.0 122.0 1
425.0 848.0 1
327.0 1068.0 1
309.0 1352.0 1
292.0 1366.0 1
163.0 -128.0 1
-79.0 361.0 1
339.0 960.0 1
438.0 1187.0 1
