223.0 763.0 0
141.0 473.0 0
258.0 1.0 0
76.0 1221.0 0
308.0 773.0 0
238.0 1169.0 0
87.0 310.0 0
121.0 -38.0 0
316.0 727.0 0
202.0 1159.0 0
470.0 1466.0 1
445.0 1422.0 1
314.0 846.0 1
4.0 769.0 1
415.0 -235.0 1
210.0 1414.0 1
325.0 705.0 1
365.0 1443.0 1
447.0 515.0 1
57.0 -219.0 1
95.0 232.0 1
331.0 472.0 1
452.0 964.0 1
214.0 1468.0 1
201.0 1418.0 1
260.0 499.0 1
317.0 1358.0 1
-1.0 1299.0 1
201.0 1413.0 1
375.0 788.0 1
52.0 67.0 1
-2.0 30.0 1
155.0 1322.0 1
190.0 708.0 1
204.0 1062.0 1
65.0 -137.0 1
429.0 150.0 1
89.0 373.0 1
126.0 771.0 1
11.0 1345.0 1
388.0 770.0 1
293.0 1433.0 1
-23.0 353.0 1
-80.0 -225.0 1
343.0 1104.0 1
410.0 1276.0 1
-56.0 -119.0 1
309.0 1352.0 1
422.0 -11.0 1
163.0 -128.0 1
42.0 341.0 1
103.0 -113.0 1
346.0 -252.0 1
-24.0 963.0 1
-66.0 859.0 1
431.0 -141.0 1
-46.0 772.0 1
357.0 40.0 1
2.0 1057.0 1
-18.0 1387.0 1
