204.0 89.0 0
133.0 471.0 0
297.0 426.0 0
358.0 1233.0 0
335.0 695.0 0
113.0 870.0 0
82.0 749.0 0
274.0 931.0 0
290.0 1202.0 0
96.0 -108.0 0
11.0 207.0 1
35.0 935.0 1
434.0 419.0 1
306.0 1169.0 1
353.0 634.0 1
361.0 699.0 1
94.0 1439.0 1
467.0 910.0 1
-66.0 1405.0 1
85.0 -3.0 1
13.0 609.0 1
116.0 1055.0 1
413.0 1313.0 1
261.0 747.0 1
356.0 1280.0 1
74.0 1177.0 1
29.0 928.0 1
15.0 901.0 1
8.0 52.0 1
70.0 616.0 1
457.0 1386.0 1
458.0 -216.0 1
-40.0 1248.0 1
143.0 -240.0 1
220.0 1009.0 1
333.0 -66.0 1
16.0 553.0 1
243.0 166.0 1
140.0 -166.0 1
-28.0 445.0 1
-66.0 246.0 1
-32.0 1358.0 1
282.0 1020.0 1
-9.0 922.0 1
415.0 547.0 1
283.0 122.0 1
471.0 1157.0 1
292.0 1366.0 1
302.0 -225.0 1
360.0 156.0 1
-67.0 -11.0 1
-72.0 600.0 1
479.0 1310.0 1
315.0 567.0 1
399.0 338.0 1
1.0 444.0 1
376.0 988.0 1
404.0 -179.0 1
387.0 1352.0 1
31.0 556.0 1
