135.0 398.0 0
211.0 881.0 0
321.0 472.0 0
59.0 249.0 0
277.0 78.0 0
290.0 1011.0 0
344.0 1222.0 0
331.0 221.0 0
76.0 1221.0 0
55.0 402.0 0
223.0 763.0 0
84.0 -1.0 0
277.0 816.0 0
238.0 1169.0 0
295.0 714.0 0
121.0 -38.0 0
58.0 566.0 0
168.0 789.0 0
222.0 598.0 0
270.0 588.0 0
249.0 1452.0 1
121.0 721.0 1
328.0 1232.0 1
346.0 -252.0 1
472.0 403.0 1
348.0 242.0 1
53.0 -156.0 1
6.0 950.0 1
74.0 1177.0 1
424.0 1151.0 1
446.0 353.0 1
38.0 -59.0 1
452.0 529.0 1
309.0 1352.0 1
419.0 1281.0 1
306.0 1002.0 1
320.0 715.0 1
397.0 462.0 1
-63.0 786.0 1
452.0 964.0 1
305.0 -167.0 1
-82.0 -254.0 1
401.0 406.0 1
151.0 141.0 1
89.0 373.0 1
380.0 100.0 1
4.0 769.0 1
1.0 648.0 1
421.0 666.0 1
-24.0 963.0 1
79.0 100.0 1
-3.0 1256.0 1
355.0 350.0 1
332.0 485.0 1
-28.0 445.0 1
387.0 534.0 1
171.0 1068.0 1
201.0 1418.0 1
194.0 1350.0 1
-28.0 -45.0 1
479.0 771.0 1
13.0 552.0 1
145.0 490.0 1
319.0 695.0 1
379.0 829.0 1
245.0 1372.0 1
61.0 1385.0 1
310.0 1135.0 1
343.0 1104.0 1
-6.0 -168.0 1
73.0 220.0 1
342.0 602.0 1
440.0 1040.0 1
403.0 1404.0 1
-6.0 722.0 1
403.0 1433.0 1
468.0 1329.0 1
448.0 -10.0 1
22.0 576.0 1
476.0 155.0 1
-13.0 624.0 1
295.0 110.0 1
6.0 0.0 1
-79.0 361.0 1
98.0 791.0 1
338.0 -170.0 1
355.0 209.0 1
405.0 -257.0 1
460.0 -87.0 1
69.0 9.0 1
-54.0 365.0 1
136.0 1407.0 1
-80.0 -225.0 1
57.0 -219.0 1
204.0 1062.0 1
41.0 472.0 1
434.0 -39.0 1
388.0 770.0 1
460.0 955.0 1
-5.0 498.0 1
-28.0 51.0 1
476.0 0.0 1
204.0 1478.0 1
34.0 1263.0 1
455.0 269.0 1
32.0 1318.0 1
314.0 846.0 1
19.0 147.0 1
-29.0 86.0 1
165.0 159.0 1
-66.0 1405.0 1
365.0 1443.0 1
451.0 948.0 1
476.0 1330.0 1
355.0 -164.0 1
475.0 135.0 1
455.0 272.0 1
267.0 1095.0 1
425.0 848.0 1
439.0 1351.0 1
