152.0 -97.0 0
323.0 1296.0 0
59.0 249.0 0
87.0 182.0 0
284.0 1117.0 0
138.0 463.0 0
116.0 421.0 0
119.0 211.0 0
304.0 -153.0 0
178.0 934.0 0
28.0 558.0 1
305.0 -167.0 1
403.0 1433.0 1
329.0 375.0 1
427.0 148.0 1
451.0 948.0 1
56.0 436.0 1
464.0 812.0 1
355.0 -164.0 1
483.0 1297.0 1
22.0 576.0 1
88.0 112.0 1
-35.0 1397.0 1
378.0 372.0 1
455.0 269.0 1
-23.0 1112.0 1
-84.0 1479.0 1
463.0 339.0 1
218.0 760.0 1
402.0 948.0 1
267.0 -141.0 1
204.0 1478.0 1
-63.0 356.0 1
59.0 18.0 1
-81.0 419.0 1
414.0 18.0 1
236.0 741.0 1
25.0 125.0 1
443.0 1197.0 1
439.0 661.0 1
282.0 1010.0 1
4.0 -241.0 1
456.0 408.0 1
50.0 27.0 1
215.0 1430.0 1
40.0 1415.0 1
238.0 1398.0 1
-79.0 361.0 1
480.0 1019.0 1
452.0 529.0 1
445.0 712.0 1
451.0 451.0 1
-6.0 -168.0 1
319.0 695.0 1
436.0 77.0 1
475.0 -131.0 1
124.0 1341.0 1
90.0 1305.0 1
463.0 70.0 1
-23.0 271.0 1
