0.54 0.51 0.54 0.52 0.5 0.0 0.47 0.25 0
0.54 0.47 0.58 0.4 0.5 0.0 0.46 0.27 0
0.57 0.59 0.5 0.58 0.5 0.0 0.53 0.22 0
0.51 0.48 0.51 0.43 0.5 0.0 0.49 0.22 0
0.57 0.61 0.55 0.27 0.5 0.0 0.44 0.21 0
0.42 0.44 0.48 0.54 0.5 0.0 0.48 0.22 0
0.5 0.54 0.48 0.65 0.5 0.0 0.53 0.22 0
0.51 0.45 0.62 0.25 0.5 0.0 0.59 0.22 0
0.4 0.68 0.5 0.82 0.5 0.0 0.44 0.36 0
0.43 0.67 0.48 0.27 0.5 0.0 0.53 0.22 0
0.72 0.61 0.45 0.3 0.5 0.0 0.54 0.25 0
0.66 0.52 0.52 0.44 0.5 0.0 0.56 0.27 0
0.59 0.56 0.5 0.48 0.5 0.0 0.46 0.22 0
0.58 0.53 0.57 0.46 0.5 0.0 0.51 0.27 0
0.58 0.49 0.5 0.41 0.5 0.0 0.57 0.22 0
0.47 0.41 0.53 0.27 0.5 0.0 0.47 0.25 0
0.41 0.54 0.58 0.2 0.5 0.0 0.52 0.22 0
0.51 0.46 0.4 0.65 0.5 0.0 0.49 0.22 0
0.5 0.57 0.62 0.25 0.5 0.0 0.51 0.22 0
0.46 0.61 0.55 0.29 0.5 0.0 0.49 0.22 0
0.6 0.5 0.44 0.61 0.5 0.0 0.47 0.22 0
0.42 0.31 0.62 0.12 0.5 0.0 0.4 0.22 0
0.42 0.49 0.49 0.36 0.5 0.0 0.57 0.26 0
0.51 0.39 0.56 0.55 0.5 0.0 0.46 0.64 0
0.49 0.5 0.42 0.43 0.5 0.0 0.5 0.36 1
0.32 0.3 0.57 0.38 0.5 0.0 0.5 0.25 1
0.4 0.43 0.49 0.17 0.5 0.0 0.51 0.36 1
0.54 0.57 0.52 0.19 0.5 0.0 0.59 0.67 1
0.66 0.55 0.34 0.2 0.5 0.0 0.62 0.22 1
0.35 0.6 0.47 0.13 0.5 0.0 0.52 0.43 1
0.77 0.7 0.44 0.29 0.5 0.0 0.56 0.22 1
0.31 0.31 0.54 0.18 0.5 0.0 0.52 0.29 1
0.23 0.13 0.51 0.16 0.5 0.0 0.53 0.51 1
0.32 0.57 0.5 0.15 0.5 0.0 0.53 0.22 1
0.34 0.42 0.3 0.23 0.5 0.0 0.53 0.22 1
0.33 0.38 0.53 0.26 0.5 0.0 0.52 0.27 1
0.54 0.43 0.48 0.27 0.5 0.0 0.44 0.41 1
0.44 0.56 0.52 0.18 0.5 0.0 0.5 0.11 1
0.32 0.6 0.48 0.13 0.5 0.0 0.53 0.22 1
0.59 0.48 0.5 0.14 0.5 0.0 0.45 0.25 1
0.57 0.61 0.45 0.26 0.5 0.0 0.5 0.22 1
0.59 0.58 0.39 0.52 0.5 0.0 0.5 0.31 1
0.52 0.46 0.56 0.2 0.5 0.0 0.5 0.22 1
0.57 0.4 0.48 0.24 0.5 0.0 0.55 0.22 1
0.59 0.54 0.53 0.14 0.5 0.0 0.48 0.22 1
0.42 0.28 0.49 0.22 0.5 0.0 0.55 0.34 1
0.51 0.61 0.5 0.23 0.5 0.0 0.52 0.61 1
0.38 0.38 0.54 0.24 0.5 0.0 0.54 0.22 1
0.48 0.46 0.38 0.29 0.5 0.0 0.53 0.22 1
0.58 0.64 0.42 0.3 0.5 0.0 0.54 0.22 1
0.77 0.86 0.44 0.27 0.5 0.0 0.48 0.22 1
0.33 0.28 0.31 0.24 0.5 0.0 0.53 0.22 1
0.6 0.57 0.52 0.14 0.5 0.0 0.46 0.48 1
0.45 0.46 0.55 0.43 0.5 0.0 0.55 0.38 1
0.44 0.35 0.55 0.14 0.5 0.0 0.52 0.22 1
0.43 0.39 0.54 0.21 0.5 0.0 0.53 0.27 1
0.83 0.81 0.45 0.38 0.5 0.0 0.4 0.26 1
0.52 0.45 0.53 0.34 0.5 0.0 0.52 0.44 1
0.44 0.59 0.54 0.18 0.5 0.0 0.49 0.22 1
0.78 0.74 0.42 0.26 0.5 0.0 0.43 0.22 1
0.25 0.48 0.45 0.32 0.5 0.0 0.4 0.22 1
0.46 0.53 0.52 0.15 0.5 0.0 0.58 0.22 1
0.25 0.36 0.58 0.3 0.5 0.0 0.58 0.31 1
0.42 0.46 0.44 0.17 0.5 0.0 0.51 0.42 1
0.39 0.3 0.63 0.2 0.5 0.0 0.43 0.47 1
0.43 0.38 0.38 0.12 0.5 0.0 0.5 0.22 1
0.28 0.41 0.46 0.18 0.5 0.0 0.47 0.39 1
0.33 0.47 0.55 0.24 0.5 0.0 0.45 0.67 1
0.53 0.59 0.48 0.14 0.5 0.0 0.51 0.22 1
0.4 0.45 0.61 0.29 0.5 0.0 0.44 0.22 1
0.63 0.61 0.41 0.22 0.5 0.0 0.51 0.22 1
0.79 0.57 0.41 0.28 0.5 0.0 0.59 0.22 1
0.52 0.5 0.51 0.2 0.5 0.0 0.51 0.22 1
0.46 0.42 0.51 0.16 0.5 0.0 0.56 0.22 1
0.38 0.42 0.5 0.19 0.5 0.0 0.44 0.22 1
0.54 0.5 0.51 0.26 0.5 0.0 0.52 0.22 1
0.41 0.25 0.59 0.44 0.5 0.0 0.6 0.69 1
0.48 0.45 0.63 0.19 0.5 0.0 0.58 0.22 1
0.31 0.4 0.31 0.17 0.5 0.0 0.52 0.22 1
0.56 0.5 0.56 0.26 0.5 0.0 0.53 0.27 1
0.53 0.43 0.57 0.24 0.5 0.0 0.39 0.28 1
0.46 0.57 0.52 0.28 0.5 0.0 0.52 0.22 1
0.17 0.38 0.45 0.09 0.5 0.0 0.54 0.27 1
0.3 0.45 0.55 0.19 0.5 0.0 0.53 0.4 1
0.47 0.47 0.5 0.15 0.5 0.0 0.5 0.48 1
0.51 0.43 0.63 0.18 0.5 0.0 0.52 0.22 1
0.24 0.25 0.57 0.28 0.5 0.0 0.51 0.11 1
0.5 0.5 0.48 0.17 0.5 0.0 0.47 0.26 1
0.47 0.44 0.53 0.18 0.5 0.0 0.47 0.29 1
0.57 0.51 0.58 0.22 0.5 0.0 0.51 0.22 1
0.39 0.45 0.53 0.18 0.5 0.0 0.54 0.22 1
0.42 0.28 0.33 0.23 0.5 0.0 0.39 0.26 1
0.43 0.44 0.64 0.19 0.5 0.0 0.38 0.33 1
0.38 0.42 0.47 0.12 0.5 0.0 0.47 0.53 1
0.67 0.71 0.52 0.65 0.5 0.0 0.53 0.36 1
0.57 0.35 0.5 0.43 0.5 0.0 0.53 0.22 1
0.5 0.63 0.45 0.13 0.5 0.0 0.45 0.32 1
0.43 0.33 0.67 0.12 0.5 0.0 0.43 0.23 1
0.53 0.44 0.51 0.33 0.5 0.0 0.55 0.22 1
0.33 0.37 0.49 0.22 0.5 0.0 0.55 0.22 1
0.66 0.62 0.49 0.1 0.5 0.0 0.49 0.22 1
0.36 0.68 0.46 0.16 0.5 0.0 0.53 0.28 1
0.58 0.31 0.6 0.12 0.5 0.0 0.47 0.33 1
0.33 0.46 0.6 0.18 0.5 0.0 0.51 0.26 1
0.47 0.43 0.61 0.4 0.5 0.0 0.48 0.47 1
0.53 0.48 0.51 0.18 0.5 0.0 0.52 0.27 1
0.55 0.52 0.44 0.2 0.5 0.0 0.56 0.22 1
0.43 0.46 0.5 0.21 0.5 0.0 0.49 0.34 1
0.41 0.46 0.57 0.25 0.5 0.0 0.57 0.38 1
0.44 0.65 0.49 0.16 0.5 0.0 0.48 0.31 1
0.53 0.51 0.36 0.13 0.5 0.0 0.52 0.22 1
0.46 0.39 0.54 0.22 0.5 0.0 0.48 0.25 1
0.46 0.53 0.47 0.37 0.5 0.0 0.51 0.36 1
0.78 0.73 0.27 0.28 0.5 0.0 0.56 0.22 1
0.45 0.48 0.56 0.56 0.5 0.0 0.47 0.22 1
0.52 0.49 0.57 0.57 0.5 0.0 0.51 0.22 1
0.41 0.42 0.23 0.16 0.5 0.0 0.4 0.22 1
0.51 0.48 0.51 0.26 0.5 0.0 0.51 0.27 1
0.66 0.62 0.52 0.17 0.5 0.0 0.49 0.22 1
0.41 0.51 0.58 0.15 0.5 0.0 0.45 0.27 1
0.57 0.44 0.42 0.2 0.5 0.0 0.54 0.22 1
0.54 0.55 0.34 0.31 0.5 0.0 0.54 0.22 1
0.47 0.5 0.6 0.63 0.5 0.0 0.38 0.16 1
0.87 0.47 0.6 0.47 0.5 0.0 0.59 0.22 1
0.5 0.56 0.63 0.25 0.5 0.0 0.42 0.22 1
0.53 0.43 0.47 0.15 0.5 0.0 0.58 0.22 1
0.46 0.32 0.58 0.17 0.5 0.0 0.61 0.25 1
0.48 0.54 0.55 0.12 0.5 0.0 0.51 0.22 1
0.92 0.61 0.4 0.22 0.5 0.0 0.54 0.22 1
0.41 0.46 0.58 0.08 0.5 0.0 0.51 0.28 1
0.37 0.62 0.34 0.25 0.5 0.0 0.51 0.22 1
0.77 0.68 0.35 0.19 0.5 0.0 0.53 0.43 1
0.5 0.43 0.5 0.17 0.5 0.0 0.46 0.47 1
0.38 0.56 0.38 0.16 0.5 0.0 0.53 0.22 1
0.45 0.51 0.43 0.22 0.5 0.0 0.57 0.22 1
0.66 0.43 0.57 0.6 0.5 0.0 0.19 0.33 1
0.68 0.5 0.43 0.27 0.5 0.0 0.61 0.22 1
0.6 0.37 0.52 0.15 0.5 0.0 0.55 0.26 1
0.61 0.48 0.56 0.19 0.5 0.0 0.53 0.31 1
0.59 0.51 0.48 0.12 0.5 0.0 0.54 0.31 1
0.61 0.53 0.59 0.17 0.5 0.0 0.44 0.28 1
0.42 0.5 0.53 0.22 0.5 0.83 0.5 0.22 1
0.44 0.51 0.53 0.3 0.5 0.0 0.53 0.22 1
0.5 0.47 0.45 0.14 0.5 0.0 0.53 0.32 1
0.78 0.74 0.58 0.25 1.0 0.0 0.53 0.22 1
0.53 0.57 0.6 0.36 0.5 0.0 0.5 0.22 1
0.37 0.48 0.67 0.37 0.5 0.0 0.56 0.62 1
0.53 0.51 0.51 0.11 0.5 0.0 0.49 0.41 1
