@relation  yeast4
@attribute Mcg real[0.11,1.0]
@attribute Gvh real[0.13,1.0]
@attribute Alm real[0.21,1.0]
@attribute Mit real[0.0,1.0]
@attribute Erl real[0.5,1.0]
@attribute Pox real[0.0,0.83]
@attribute Vac real[0.0,0.73]
@attribute Nuc real[0.0,1.0]
@attribute Class{positive,negative}
@inputs Mcg,Gvh,Alm,Mit,Erl,Pox,Vac,Nuc
@outputs Class
@data
0.95, 0.71, 0.27, 0.39, 0.5, 0.0, 0.31, 0.22, positive
0.69, 0.48, 0.38, 0.15, 0.5, 0.0, 0.55, 0.22, positive
0.81, 0.55, 0.35, 0.34, 0.5, 0.0, 0.51, 0.22, positive
0.79, 0.62, 0.35, 0.35, 0.5, 0.0, 0.6, 0.28, positive
0.69, 0.57, 0.39, 0.19, 0.5, 0.0, 0.48, 0.39, positive
0.78, 0.75, 0.4, 0.28, 0.5, 0.0, 0.53, 0.22, negative
0.48, 0.47, 0.59, 0.41, 0.5, 0.0, 0.56, 0.27, negative
0.66, 0.55, 0.54, 0.18, 0.5, 0.0, 0.43, 0.22, negative
0.5, 0.51, 0.52, 0.09, 0.5, 0.0, 0.48, 0.25, negative
0.43, 0.57, 0.53, 0.16, 0.5, 0.0, 0.54, 0.22, negative
0.61, 0.46, 0.44, 0.47, 0.5, 0.0, 0.5, 0.37, negative
0.57, 0.37, 0.43, 0.27, 0.5, 0.0, 0.53, 0.28, negative
0.37, 0.31, 0.53, 0.16, 0.5, 0.0, 0.53, 0.44, negative
0.37, 0.47, 0.49, 0.12, 0.5, 0.0, 0.47, 0.31, negative
0.37, 0.29, 0.45, 0.15, 0.5, 0.0, 0.49, 0.22, negative
0.56, 0.71, 0.47, 0.21, 0.5, 0.0, 0.52, 0.22, negative
0.51, 0.52, 0.48, 0.5, 0.5, 0.0, 0.51, 0.22, negative
0.51, 0.46, 0.54, 0.41, 0.5, 0.0, 0.53, 0.22, negative
0.39, 0.58, 0.47, 0.18, 0.5, 0.0, 0.48, 0.22, negative
0.8, 0.82, 0.4, 0.31, 0.5, 0.0, 0.57, 0.25, negative
0.47, 0.47, 0.5, 0.19, 0.5, 0.0, 0.51, 0.26, negative
0.45, 0.48, 0.63, 0.67, 0.5, 0.0, 0.48, 0.22, negative
0.39, 0.33, 0.33, 0.23, 0.5, 0.0, 0.47, 0.22, negative
0.59, 0.56, 0.5, 0.48, 0.5, 0.0, 0.46, 0.22, negative
0.31, 0.5, 0.54, 0.32, 0.5, 0.0, 0.53, 0.31, negative
0.5, 0.45, 0.51, 0.19, 0.5, 0.0, 0.53, 0.25, negative
0.27, 0.41, 0.24, 0.2, 0.5, 0.0, 0.49, 0.22, negative
0.52, 0.45, 0.45, 0.13, 0.5, 0.0, 0.48, 0.22, negative
0.47, 0.54, 0.54, 0.48, 0.5, 0.0, 0.53, 0.26, negative
0.39, 0.39, 0.55, 0.52, 0.5, 0.0, 0.37, 0.16, negative
0.37, 0.41, 0.45, 0.14, 0.5, 0.0, 0.47, 0.22, negative
0.29, 0.46, 0.54, 0.27, 0.5, 0.0, 0.49, 0.22, negative
0.31, 0.45, 0.5, 0.17, 0.5, 0.0, 0.49, 0.22, negative
0.75, 0.6, 0.43, 0.35, 0.5, 0.0, 0.45, 0.27, negative
0.35, 0.42, 0.56, 0.28, 0.5, 0.0, 0.47, 0.22, negative
0.32, 0.47, 0.55, 0.25, 0.5, 0.0, 0.49, 0.22, negative
0.48, 0.56, 0.49, 0.32, 0.5, 0.0, 0.5, 0.22, negative
0.46, 0.52, 0.51, 0.13, 0.5, 0.0, 0.47, 0.22, negative
0.54, 0.53, 0.53, 0.17, 0.5, 0.0, 0.51, 0.39, negative
0.53, 0.45, 0.53, 0.18, 0.5, 0.0, 0.42, 0.22, negative
0.53, 0.51, 0.46, 0.28, 0.5, 0.0, 0.48, 0.22, negative
0.44, 0.51, 0.37, 0.15, 0.5, 0.0, 0.51, 0.22, negative
0.46, 0.38, 0.47, 0.22, 0.5, 0.0, 0.52, 0.27, negative
0.43, 0.44, 0.3, 0.18, 0.5, 0.0, 0.51, 0.22, negative
0.49, 0.55, 0.35, 0.23, 0.5, 0.0, 0.57, 0.22, negative
0.39, 0.37, 0.56, 0.15, 0.5, 0.0, 0.5, 0.27, negative
0.52, 0.65, 0.36, 0.26, 0.5, 0.0, 0.44, 0.22, negative
0.46, 0.54, 0.59, 0.41, 0.5, 0.0, 0.53, 0.21, negative
0.53, 0.61, 0.52, 0.21, 0.5, 0.0, 0.55, 0.3, negative
0.48, 0.58, 0.47, 0.17, 0.5, 0.0, 0.53, 0.74, negative
0.48, 0.44, 0.46, 0.37, 0.5, 0.0, 0.46, 0.36, negative
0.46, 0.39, 0.54, 0.22, 0.5, 0.0, 0.48, 0.25, negative
0.44, 0.53, 0.43, 0.17, 0.5, 0.0, 0.54, 0.75, negative
0.59, 0.58, 0.47, 0.61, 0.5, 0.0, 0.44, 0.3, negative
0.49, 0.49, 0.51, 0.29, 0.5, 0.0, 0.52, 0.71, negative
0.56, 0.45, 0.59, 0.14, 0.5, 0.0, 0.51, 0.26, negative
0.56, 0.52, 0.55, 0.19, 0.5, 0.0, 0.54, 0.22, negative
0.53, 0.51, 0.36, 0.13, 0.5, 0.0, 0.52, 0.22, negative
0.37, 0.58, 0.5, 0.22, 0.5, 0.0, 0.47, 0.22, negative
0.61, 0.46, 0.54, 0.11, 0.5, 0.0, 0.47, 0.22, negative
0.55, 0.65, 0.5, 0.28, 0.5, 0.0, 0.55, 0.22, negative
0.51, 0.46, 0.57, 0.25, 0.5, 0.0, 0.53, 0.22, negative
0.57, 0.43, 0.52, 0.3, 0.5, 0.0, 0.37, 0.11, negative
0.38, 0.4, 0.59, 0.25, 0.5, 0.0, 0.44, 0.22, negative
0.43, 0.39, 0.54, 0.14, 0.5, 0.0, 0.47, 0.22, negative
0.46, 0.43, 0.38, 0.33, 0.5, 0.0, 0.48, 0.28, negative
0.28, 0.41, 0.46, 0.18, 0.5, 0.0, 0.47, 0.39, negative
0.46, 0.43, 0.5, 0.24, 0.5, 0.0, 0.48, 0.31, negative
0.54, 0.44, 0.35, 0.19, 0.5, 0.0, 0.51, 0.27, negative
0.6, 0.46, 0.51, 0.1, 0.5, 0.0, 0.48, 0.31, negative
0.63, 0.62, 0.42, 0.12, 0.5, 0.0, 0.52, 0.25, negative
0.77, 0.7, 0.44, 0.29, 0.5, 0.0, 0.56, 0.22, negative
0.37, 0.34, 0.58, 0.24, 0.5, 0.0, 0.44, 0.18, negative
0.37, 0.36, 0.56, 0.18, 0.5, 0.0, 0.48, 0.26, negative
0.32, 0.6, 0.48, 0.13, 0.5, 0.0, 0.53, 0.22, negative
0.85, 0.69, 0.34, 0.31, 0.5, 0.0, 0.57, 0.3, negative
0.45, 0.45, 0.51, 0.3, 0.5, 0.0, 0.48, 0.44, negative
0.48, 0.45, 0.55, 0.5, 0.5, 0.0, 0.53, 0.22, negative
0.51, 0.52, 0.58, 0.17, 0.5, 0.0, 0.47, 0.28, negative
0.48, 0.54, 0.56, 0.29, 0.5, 0.0, 0.51, 0.43, negative
0.51, 0.51, 0.56, 0.28, 0.5, 0.0, 0.54, 0.27, negative
0.6, 0.59, 0.45, 0.23, 0.5, 0.0, 0.55, 0.22, negative
0.38, 0.42, 0.5, 0.19, 0.5, 0.0, 0.44, 0.22, negative
0.67, 0.46, 0.58, 0.3, 0.5, 0.0, 0.57, 0.27, negative
0.45, 0.45, 0.5, 0.6, 0.5, 0.0, 0.49, 0.22, negative
0.71, 0.64, 0.42, 0.28, 0.5, 0.0, 0.43, 0.22, negative
0.31, 0.31, 0.57, 0.15, 0.5, 0.0, 0.5, 0.22, negative
0.47, 0.59, 0.56, 0.09, 0.5, 0.0, 0.5, 0.22, negative
0.7, 0.53, 0.42, 0.22, 0.5, 0.0, 0.51, 0.28, negative
0.58, 0.51, 0.56, 0.16, 0.5, 0.0, 0.34, 0.22, negative
0.58, 0.5, 0.5, 0.12, 0.5, 0.0, 0.48, 0.25, negative
0.58, 0.56, 0.46, 0.14, 0.5, 0.0, 0.51, 0.22, negative
0.6, 0.62, 0.54, 0.11, 0.5, 0.0, 0.51, 0.22, negative
0.44, 0.68, 0.45, 0.51, 0.5, 0.0, 0.52, 0.41, negative
0.44, 0.42, 0.57, 0.22, 0.5, 0.0, 0.5, 0.25, negative
0.45, 0.38, 0.59, 0.18, 0.5, 0.0, 0.44, 0.45, negative
0.56, 0.68, 0.42, 0.36, 0.5, 0.0, 0.49, 0.22, negative
0.37, 0.22, 0.64, 0.35, 0.5, 0.0, 0.47, 0.22, negative
0.45, 0.52, 0.5, 0.12, 0.5, 0.0, 0.6, 0.22, negative
0.45, 0.4, 0.43, 0.22, 0.5, 0.0, 0.51, 0.48, negative
0.35, 0.45, 0.43, 0.11, 0.5, 0.0, 0.56, 0.22, negative
0.48, 0.51, 0.5, 0.24, 0.5, 0.0, 0.54, 0.38, negative
0.48, 0.46, 0.58, 0.26, 0.5, 0.0, 0.44, 0.22, negative
0.47, 0.43, 0.59, 0.27, 0.5, 0.0, 0.55, 0.22, negative
0.49, 0.45, 0.57, 0.24, 0.5, 0.0, 0.47, 0.38, negative
0.27, 0.6, 0.48, 0.23, 0.5, 0.0, 0.55, 0.22, negative
0.39, 0.28, 0.54, 0.14, 0.5, 0.0, 0.59, 0.22, negative
0.42, 0.5, 0.59, 0.17, 0.5, 0.0, 0.51, 0.22, negative
0.47, 0.52, 0.54, 0.25, 0.5, 0.0, 0.54, 0.29, negative
0.41, 0.49, 0.55, 0.13, 0.5, 0.0, 0.55, 0.22, negative
0.38, 0.43, 0.53, 0.22, 0.5, 0.0, 0.48, 0.11, negative
0.55, 0.49, 0.45, 0.18, 0.5, 0.0, 0.49, 0.22, negative
0.45, 0.46, 0.61, 0.2, 0.5, 0.0, 0.62, 0.22, negative
0.54, 0.6, 0.57, 0.17, 0.5, 0.0, 0.44, 0.22, negative
0.46, 0.53, 0.47, 0.37, 0.5, 0.0, 0.51, 0.36, negative
0.57, 0.61, 0.55, 0.27, 0.5, 0.0, 0.44, 0.21, negative
0.47, 0.46, 0.59, 0.49, 0.5, 0.0, 0.56, 0.22, negative
0.44, 0.44, 0.67, 0.35, 0.5, 0.0, 0.48, 0.26, negative
0.83, 0.81, 0.45, 0.38, 0.5, 0.0, 0.4, 0.26, negative
0.48, 0.62, 0.52, 0.3, 0.5, 0.0, 0.51, 0.37, negative
0.42, 0.44, 0.33, 0.17, 0.5, 0.0, 0.54, 0.27, negative
0.7, 0.65, 0.54, 0.28, 0.5, 0.0, 0.6, 0.4, negative
0.67, 0.51, 0.54, 0.21, 0.5, 0.0, 0.43, 0.3, negative
0.25, 0.41, 0.47, 0.14, 0.5, 0.0, 0.56, 0.68, negative
0.49, 0.49, 0.4, 0.2, 0.5, 0.0, 0.48, 0.26, negative
0.57, 0.52, 0.46, 0.2, 0.5, 0.83, 0.52, 0.41, negative
0.71, 0.5, 0.5, 0.18, 0.5, 0.0, 0.46, 0.22, negative
0.45, 0.76, 0.51, 0.25, 0.5, 0.0, 0.59, 0.22, negative
0.36, 0.48, 0.5, 0.13, 0.5, 0.0, 0.49, 0.6, negative
0.47, 0.41, 0.66, 0.26, 0.5, 0.0, 0.53, 0.22, negative
0.45, 0.54, 0.49, 0.29, 0.5, 0.0, 0.49, 0.25, negative
0.46, 0.47, 0.62, 0.3, 0.5, 0.0, 0.38, 0.22, negative
0.8, 0.88, 0.36, 0.39, 0.5, 0.0, 0.56, 0.33, negative
0.51, 0.5, 0.54, 0.11, 0.5, 0.0, 0.6, 0.22, negative
0.45, 0.27, 0.5, 0.33, 0.5, 0.0, 0.53, 0.26, negative
0.49, 0.37, 0.59, 0.17, 0.5, 0.0, 0.51, 0.22, negative
0.48, 0.46, 0.58, 0.16, 0.5, 0.0, 0.45, 0.22, negative
0.4, 0.45, 0.61, 0.29, 0.5, 0.0, 0.44, 0.22, negative
0.32, 0.44, 0.54, 0.21, 0.5, 0.0, 0.4, 0.19, negative
0.6, 0.46, 0.51, 0.1, 0.5, 0.0, 0.48, 0.31, negative
0.5, 0.4, 0.56, 0.7, 0.5, 0.0, 0.5, 0.22, negative
0.47, 0.49, 0.6, 0.15, 0.5, 0.0, 0.38, 0.22, negative
0.51, 0.34, 0.49, 0.16, 0.5, 0.0, 0.53, 0.21, negative
0.39, 0.34, 0.68, 0.3, 0.5, 0.0, 0.5, 0.29, negative
0.89, 0.81, 0.36, 0.71, 0.5, 0.0, 0.55, 0.63, negative
0.34, 0.25, 0.55, 0.28, 0.5, 0.0, 0.51, 0.49, negative
0.57, 0.42, 0.63, 0.22, 0.5, 0.0, 0.68, 0.32, negative
0.33, 0.28, 0.5, 0.4, 0.5, 0.0, 0.46, 0.61, negative
