0.8 0.69 0.53 0.33 0.5 0.0 0.51 0.22 0
0.43 0.38 0.38 0.12 0.5 0.0 0.5 0.22 0
0.89 0.52 0.41 0.26 0.5 0.0 0.52 0.31 0
0.67 0.57 0.36 0.19 0.5 0.0 0.56 0.22 0
0.66 0.66 0.32 0.54 0.5 0.0 0.51 0.22 0
0.78 0.73 0.27 0.28 0.5 0.0 0.56 0.22 1
0.47 0.56 0.53 0.44 0.5 0.0 0.53 0.22 1
0.64 0.56 0.56 0.22 0.5 0.0 0.45 0.22 1
0.52 0.51 0.51 0.12 0.5 0.0 0.51 0.4 1
0.4 0.56 0.53 0.15 0.5 0.0 0.49 0.22 1
0.54 0.51 0.54 0.52 0.5 0.0 0.47 0.25 1
0.51 0.35 0.46 0.15 0.5 0.0 0.51 0.42 1
0.33 0.44 0.49 0.08 0.5 0.0 0.48 0.49 1
0.38 0.48 0.51 0.13 0.5 0.0 0.5 0.32 1
0.34 0.24 0.51 0.15 0.5 0.0 0.54 0.4 1
0.6 0.56 0.47 0.2 0.5 0.0 0.5 0.38 1
0.51 0.54 0.6 0.57 0.5 0.0 0.58 0.22 1
0.61 0.52 0.5 0.44 0.5 0.0 0.53 0.22 1
0.36 0.56 0.52 0.18 0.5 0.0 0.45 0.16 1
0.82 0.78 0.49 0.23 0.5 0.0 0.46 0.22 1
0.44 0.44 0.49 0.15 0.5 0.0 0.46 0.27 1
0.45 0.56 0.51 0.64 0.5 0.0 0.54 0.22 1
0.46 0.35 0.33 0.17 0.5 0.0 0.55 0.22 1
0.58 0.53 0.5 0.53 0.5 0.0 0.47 0.31 1
0.31 0.39 0.55 0.28 0.5 0.0 0.46 0.31 1
0.56 0.48 0.5 0.17 0.5 0.0 0.51 0.26 1
0.37 0.34 0.32 0.22 0.5 0.0 0.56 0.22 1
0.49 0.45 0.46 0.18 0.5 0.0 0.49 0.31 1
0.59 0.48 0.49 0.49 0.5 0.0 0.36 0.32 1
0.39 0.4 0.53 0.67 0.5 0.0 0.47 0.22 1
0.35 0.39 0.57 0.11 0.5 0.0 0.48 0.22 1
0.35 0.5 0.44 0.27 0.5 0.0 0.51 0.22 1
0.4 0.45 0.57 0.18 0.5 0.0 0.56 0.26 1
0.62 0.59 0.54 0.47 0.5 0.0 0.46 0.22 1
0.43 0.39 0.51 0.28 0.5 0.0 0.4 0.22 1
0.32 0.47 0.55 0.12 0.5 0.0 0.52 0.22 1
0.46 0.57 0.52 0.28 0.5 0.0 0.52 0.22 1
0.49 0.43 0.51 0.13 0.5 0.0 0.47 0.22 1
0.51 0.43 0.47 0.19 0.5 0.0 0.52 0.37 1
0.51 0.34 0.5 0.19 0.5 0.0 0.5 0.22 1
0.48 0.49 0.45 0.23 0.5 0.0 0.51 0.22 1
0.43 0.51 0.48 0.14 0.5 0.0 0.5 0.22 1
0.49 0.31 0.43 0.24 0.5 0.0 0.54 0.22 1
0.37 0.46 0.4 0.27 0.5 0.0 0.45 0.22 1
0.47 0.6 0.35 0.21 0.5 0.0 0.52 0.22 1
0.43 0.33 0.67 0.12 0.5 0.0 0.45 0.23 1
0.46 0.61 0.38 0.35 0.5 0.0 0.49 0.22 1
0.57 0.58 0.58 0.35 0.5 0.0 0.49 0.22 1
0.5 0.61 0.44 0.2 0.5 0.0 0.49 0.22 1
0.6 0.57 0.52 0.14 0.5 0.0 0.46 0.48 1
0.55 0.38 0.64 0.42 0.5 0.0 0.47 0.22 1
0.46 0.41 0.43 0.18 0.5 0.0 0.54 0.22 1
0.41 0.35 0.6 0.22 0.5 0.0 0.56 0.79 1
0.57 0.61 0.55 0.67 0.5 0.0 0.48 0.22 1
0.51 0.56 0.62 0.24 0.5 0.0 0.52 0.51 1
0.6 0.46 0.59 0.16 0.5 0.0 0.49 0.22 1
0.55 0.51 0.54 0.2 0.5 0.0 0.56 0.22 1
0.56 0.59 0.45 0.15 0.5 0.0 0.54 0.22 1
0.45 0.65 0.51 0.17 0.5 0.0 0.49 0.22 1
0.62 0.42 0.47 0.16 0.5 0.0 0.52 0.22 1
0.55 0.72 0.35 0.26 0.5 0.0 0.49 0.22 1
0.55 0.45 0.58 0.25 0.5 0.0 0.49 0.22 1
0.57 0.4 0.62 0.3 0.5 0.0 0.48 0.11 1
0.38 0.47 0.47 0.18 0.5 0.0 0.44 0.26 1
0.42 0.35 0.54 0.18 0.5 0.0 0.56 0.22 1
0.49 0.46 0.45 0.45 0.5 0.0 0.52 0.22 1
0.31 0.51 0.38 0.18 0.5 0.0 0.46 0.31 1
0.49 0.4 0.58 0.23 0.5 0.0 0.47 0.27 1
0.55 0.35 0.36 0.29 0.5 0.0 0.51 0.22 1
0.52 0.38 0.62 0.12 0.5 0.0 0.41 0.28 1
0.69 0.66 0.36 0.09 0.5 0.0 0.56 0.22 1
0.74 0.71 0.52 0.3 0.5 0.0 0.27 0.22 1
0.33 0.38 0.53 0.26 0.5 0.0 0.52 0.27 1
0.32 0.32 0.52 0.18 0.5 0.0 0.48 0.34 1
0.35 0.66 0.49 0.21 0.5 0.0 0.54 0.25 1
0.85 0.66 0.49 0.18 0.5 0.0 0.51 0.22 1
0.55 0.46 0.46 0.31 0.5 0.0 0.58 0.48 1
0.47 0.53 0.48 0.51 0.5 0.0 0.54 0.22 1
0.52 0.56 0.55 0.16 0.5 0.0 0.53 0.39 1
0.33 0.46 0.53 0.29 0.5 0.0 0.5 0.55 1
0.5 0.52 0.59 0.3 0.5 0.0 0.51 0.35 1
0.63 0.6 0.5 0.27 0.5 0.0 0.55 0.22 1
0.36 0.37 0.63 0.25 0.5 0.0 0.3 0.22 1
0.59 0.53 0.43 0.44 0.5 0.0 0.5 0.22 1
0.6 0.5 0.44 0.61 0.5 0.0 0.47 0.22 1
0.67 0.68 0.46 0.29 0.5 0.0 0.46 0.22 1
0.32 0.34 0.61 0.17 0.5 0.0 0.52 0.32 1
0.42 0.71 0.45 0.15 0.5 0.0 0.48 0.22 1
0.73 0.52 0.59 0.25 0.5 0.0 0.51 0.22 1
0.61 0.48 0.56 0.19 0.5 0.0 0.53 0.31 1
0.57 0.54 0.32 0.15 0.5 0.0 0.52 0.25 1
0.56 0.55 0.57 0.15 0.5 0.0 0.54 0.25 1
0.58 0.56 0.45 0.12 0.5 0.0 0.51 0.22 1
0.51 0.68 0.49 0.59 0.5 0.0 0.54 0.27 1
0.4 0.42 0.71 0.21 0.5 0.0 0.54 0.32 1
0.29 0.4 0.5 0.16 0.5 0.0 0.51 0.34 1
0.67 0.63 0.34 0.41 0.5 0.0 0.6 0.33 1
0.45 0.27 0.57 0.36 0.5 0.0 0.52 0.18 1
0.43 0.6 0.4 0.12 0.5 0.0 0.49 0.29 1
0.47 0.43 0.61 0.4 0.5 0.0 0.48 0.47 1
0.36 0.49 0.55 0.21 0.5 0.0 0.55 0.33 1
0.59 0.51 0.48 0.12 0.5 0.0 0.54 0.31 1
0.49 0.48 0.51 0.21 0.5 0.0 0.53 0.22 1
0.45 0.39 0.46 0.29 0.5 0.0 0.42 0.22 1
0.35 0.4 0.44 0.25 0.5 0.0 0.53 0.57 1
0.27 0.56 0.56 0.18 0.5 0.0 0.52 0.22 1
0.33 0.37 0.49 0.22 0.5 0.0 0.55 0.22 1
0.41 0.54 0.58 0.2 0.5 0.0 0.52 0.22 1
0.51 0.48 0.51 0.26 0.5 0.0 0.51 0.27 1
0.48 0.48 0.56 0.18 0.5 0.0 0.58 0.22 1
0.28 0.18 0.72 0.26 0.5 0.0 0.49 0.25 1
0.56 0.46 0.51 0.25 0.5 0.0 0.54 0.22 1
0.42 0.45 0.75 0.21 0.5 0.0 0.48 0.22 1
0.35 0.52 0.48 0.22 0.5 0.0 0.26 0.22 1
0.57 0.57 0.44 0.37 0.5 0.0 0.52 0.25 1
0.56 0.62 0.53 0.24 0.5 0.0 0.57 0.22 1
0.46 0.43 0.49 0.79 0.5 0.0 0.49 0.63 1
0.4 0.44 0.49 0.47 0.5 0.0 0.49 0.27 1
0.74 0.82 0.46 0.24 0.5 0.0 0.5 0.31 1
0.49 0.62 0.65 0.18 0.5 0.0 0.46 0.43 1
0.39 0.44 0.28 0.12 0.5 0.0 0.46 0.27 1
0.77 0.73 0.49 0.46 0.5 0.0 0.38 0.22 1
0.63 0.64 0.45 0.26 0.5 0.0 0.43 0.22 1
0.26 0.36 0.47 0.34 0.5 0.0 0.53 0.72 1
0.36 0.33 0.38 0.15 0.5 0.0 0.55 0.36 1
0.4 0.4 0.43 0.19 0.5 0.83 0.48 0.22 1
0.63 0.65 0.42 0.18 0.5 0.0 0.54 0.27 1
0.37 0.62 0.34 0.25 0.5 0.0 0.51 0.22 1
0.33 0.21 0.53 0.15 1.0 0.0 0.52 0.5 1
0.48 0.41 0.54 0.39 0.5 0.0 0.51 0.22 1
0.59 0.5 0.52 0.28 0.5 0.0 0.55 0.25 1
0.42 0.49 0.49 0.36 0.5 0.0 0.57 0.26 1
0.77 0.87 0.47 0.37 0.5 0.0 0.48 0.22 1
0.48 0.49 0.49 0.26 0.5 0.0 0.39 0.27 1
0.57 0.35 0.5 0.43 0.5 0.0 0.53 0.22 1
0.46 0.35 0.69 0.18 0.5 0.0 0.3 0.25 1
0.58 0.47 0.54 0.11 0.5 0.0 0.51 0.26 1
0.5 0.53 0.45 0.44 0.5 0.0 0.49 0.22 1
0.38 0.42 0.31 0.35 0.5 0.0 0.52 0.22 1
0.64 0.53 0.45 0.13 0.5 0.0 0.53 0.22 1
0.49 0.48 0.46 0.63 0.5 0.0 0.52 0.22 1
0.32 0.29 0.29 0.08 0.5 0.0 0.52 0.22 1
0.25 0.42 0.21 0.14 0.5 0.0 0.41 0.22 1
0.38 0.49 0.54 1.0 0.5 0.0 0.5 0.27 1
0.83 0.94 0.32 0.21 0.5 0.0 0.51 0.22 1
0.52 0.4 0.6 0.12 0.5 0.0 0.55 0.22 1
0.51 0.4 0.56 0.17 0.5 0.5 0.49 0.22 1
0.47 0.32 0.64 0.3 0.5 0.0 0.63 0.22 1
