3 14 16 12 45 0.06666666666666667 0.3111111111111111 0.35555555555555557 0.26666666666666666 1266 22 1 0 1289 0.9821567106283942 0.017067494181536073 0.0007757951900698216 0.0 
3 14 13 16 46 0.06521739130434782 0.30434782608695654 0.2826086956521739 0.34782608695652173 1264 24 1 0 1289 0.9806051202482544 0.018619084561675717 0.0007757951900698216 0.0 
3 13 16 14 46 0.06521739130434782 0.2826086956521739 0.34782608695652173 0.30434782608695654 1260 28 1 0 1289 0.9775019394879751 0.021722265321955005 0.0007757951900698216 0.0 
2 15 12 17 46 0.043478260869565216 0.32608695652173914 0.2608695652173913 0.3695652173913043 1265 23 2 0 1290 0.9806201550387597 0.017829457364341085 0.0015503875968992248 0.0 
2 16 11 17 46 0.043478260869565216 0.34782608695652173 0.2391304347826087 0.3695652173913043 1268 20 2 0 1290 0.9829457364341085 0.015503875968992248 0.0015503875968992248 0.0 
3 15 14 14 46 0.06521739130434782 0.32608695652173914 0.30434782608695654 0.30434782608695654 1270 16 4 0 1290 0.9844961240310077 0.012403100775193798 0.0031007751937984496 0.0 
1 13 17 15 46 0.021739130434782608 0.2826086956521739 0.3695652173913043 0.32608695652173914 1267 21 2 0 1290 0.982170542635659 0.01627906976744186 0.0015503875968992248 0.0 
2 16 10 18 46 0.043478260869565216 0.34782608695652173 0.21739130434782608 0.391304347826087 1268 20 2 0 1290 0.9829457364341085 0.015503875968992248 0.0015503875968992248 0.0 
3 17 10 16 46 0.06521739130434782 0.3695652173913043 0.21739130434782608 0.34782608695652173 1266 22 2 0 1290 0.9813953488372092 0.017054263565891473 0.0015503875968992248 0.0 
1 12 18 15 46 0.021739130434782608 0.2608695652173913 0.391304347826087 0.32608695652173914 1265 24 1 0 1290 0.9806201550387597 0.018604651162790697 0.0007751937984496124 0.0 
