0.6 0.5 0.44 0.61 0.5 0.0 0.47 0.22 0
0.46 0.49 0.58 0.23 0.5 0.0 0.44 0.22 0
0.5 0.54 0.53 0.54 0.5 0.0 0.51 0.27 0
0.48 0.45 0.55 0.5 0.5 0.0 0.53 0.22 0
0.64 0.62 0.29 0.28 0.5 0.0 0.51 0.22 0
0.55 0.53 0.55 0.46 0.5 0.0 0.52 0.22 0
0.42 0.31 0.62 0.12 0.5 0.0 0.4 0.22 0
0.44 0.68 0.45 0.51 0.5 0.0 0.52 0.41 0
0.47 0.65 0.54 0.62 0.5 0.0 0.53 0.36 0
0.72 0.58 0.42 0.28 0.5 0.0 0.48 0.22 0
0.57 0.4 0.62 0.3 0.5 0.0 0.48 0.11 0
0.41 0.52 0.53 0.41 0.5 0.0 0.39 0.33 0
0.43 0.32 0.5 0.29 0.5 0.0 0.5 0.22 0
0.63 0.6 0.5 0.27 0.5 0.0 0.55 0.22 0
0.39 0.28 0.54 0.14 0.5 0.0 0.59 0.22 0
0.5 0.32 0.49 0.49 0.5 0.0 0.48 0.32 0
0.45 0.53 0.51 0.42 0.5 0.0 0.52 0.22 0
0.68 0.53 0.44 0.31 0.5 0.0 0.51 0.22 0
0.45 0.43 0.5 0.25 0.5 0.0 0.47 0.22 0
0.47 0.53 0.48 0.51 0.5 0.0 0.54 0.22 0
0.51 0.5 0.49 0.45 0.5 0.0 0.48 0.22 0
0.53 0.45 0.52 0.29 0.5 0.0 0.55 0.38 0
0.59 0.56 0.5 0.48 0.5 0.0 0.46 0.22 0
0.46 0.62 0.46 0.54 0.5 0.0 0.51 0.27 0
0.4 0.39 0.6 0.15 0.5 0.0 0.58 0.3 1
0.46 0.44 0.52 0.11 0.5 0.0 0.5 0.22 1
0.41 0.46 0.59 0.19 0.5 0.0 0.58 0.27 1
0.54 0.48 0.44 0.08 0.5 0.0 0.52 0.27 1
0.81 0.85 0.47 0.37 0.5 0.0 0.56 0.22 1
0.33 0.43 0.64 0.16 0.5 0.0 0.52 0.52 1
0.64 0.57 0.57 0.27 0.5 0.0 0.37 0.22 1
0.47 0.52 0.5 0.4 0.5 0.0 0.41 0.22 1
0.4 0.44 0.49 0.47 0.5 0.0 0.49 0.27 1
0.39 0.47 0.56 0.16 0.5 0.0 0.47 0.22 1
0.31 0.31 0.56 0.33 0.5 0.0 0.52 0.33 1
0.49 0.31 0.49 0.35 0.5 0.0 0.51 0.29 1
0.38 0.37 0.56 0.21 0.5 0.0 0.49 0.22 1
0.32 0.57 0.5 0.15 0.5 0.0 0.53 0.22 1
0.59 0.5 0.52 0.28 0.5 0.0 0.55 0.25 1
0.78 0.74 0.58 0.25 1.0 0.0 0.53 0.22 1
0.37 0.53 0.6 0.19 0.5 0.5 0.42 0.22 1
0.55 0.42 0.34 0.3 0.5 0.0 0.52 0.22 1
0.36 0.24 0.49 0.16 0.5 0.0 0.51 0.22 1
0.35 0.39 0.57 0.11 0.5 0.0 0.48 0.22 1
0.45 0.56 0.53 0.32 0.5 0.0 0.57 0.22 1
0.32 0.47 0.55 0.12 0.5 0.0 0.52 0.22 1
0.55 0.46 0.46 0.31 0.5 0.0 0.58 0.48 1
0.54 0.55 0.42 0.22 0.5 0.0 0.48 0.22 1
0.35 0.68 0.57 0.4 0.5 0.0 0.53 0.36 1
0.7 0.69 0.43 0.33 0.5 0.0 0.58 0.22 1
0.23 0.3 0.58 0.22 0.5 0.0 0.48 0.27 1
0.32 0.38 0.52 0.2 0.5 0.0 0.52 0.28 1
0.91 0.69 0.57 0.45 0.5 0.0 0.56 0.22 1
0.49 0.43 0.48 0.15 0.5 0.0 0.55 0.25 1
0.43 0.54 0.58 0.16 0.5 0.0 0.5 0.36 1
0.58 0.48 0.56 0.1 0.5 0.0 0.46 0.25 1
0.6 0.48 0.44 0.52 0.5 0.0 0.54 0.63 1
0.28 0.51 0.55 0.11 0.5 0.0 0.46 0.22 1
0.48 0.57 0.5 0.09 0.5 0.0 0.52 0.42 1
0.61 0.57 0.45 0.21 0.5 0.0 0.5 0.42 1
0.33 0.28 0.31 0.24 0.5 0.0 0.53 0.22 1
0.44 0.53 0.52 0.37 0.5 0.0 0.5 0.22 1
0.56 0.45 0.59 0.14 0.5 0.0 0.51 0.26 1
0.68 0.5 0.43 0.27 0.5 0.0 0.61 0.22 1
0.23 0.34 0.41 0.28 0.5 0.0 0.5 0.27 1
0.87 0.83 0.57 0.36 0.5 0.0 0.36 0.22 1
0.52 0.48 0.58 0.55 0.5 0.0 0.48 0.22 1
0.44 0.41 0.44 0.13 0.5 0.0 0.49 0.42 1
0.46 0.32 0.58 0.17 0.5 0.0 0.61 0.25 1
0.5 0.34 0.62 0.19 0.5 0.0 0.57 0.22 1
0.62 0.6 0.47 0.16 0.5 0.0 0.53 0.22 1
0.72 0.56 0.4 0.26 0.5 0.0 0.51 0.26 1
0.46 0.57 0.52 0.28 0.5 0.0 0.52 0.22 1
0.47 0.6 0.35 0.21 0.5 0.0 0.52 0.22 1
0.57 0.4 0.48 0.24 0.5 0.0 0.55 0.22 1
0.81 0.79 0.32 0.37 0.5 0.0 0.41 0.22 1
0.5 0.36 0.53 0.41 0.5 0.0 0.55 0.36 1
0.36 0.44 0.51 0.17 0.5 0.0 0.6 0.19 1
0.49 0.44 0.51 0.18 0.5 0.0 0.52 0.27 1
0.45 0.21 0.49 0.24 0.5 0.0 0.46 0.31 1
0.29 0.34 0.55 0.24 0.5 0.0 0.51 0.22 1
0.28 0.48 0.56 0.16 0.5 0.0 0.48 0.26 1
0.69 0.39 0.52 0.12 0.5 0.0 0.38 0.35 1
0.68 0.59 0.44 0.49 0.5 0.0 0.4 0.26 1
0.39 0.58 0.5 0.1 0.5 0.0 0.51 0.25 1
0.28 0.46 0.26 0.18 0.5 0.0 0.39 0.22 1
0.46 0.49 0.45 0.28 0.5 0.0 0.55 0.22 1
0.74 0.72 0.5 0.28 0.5 0.0 0.49 0.27 1
0.47 0.61 0.5 0.23 0.5 0.0 0.49 0.22 1
0.4 0.39 0.33 0.17 0.5 0.0 0.51 0.31 1
0.44 0.43 0.34 0.21 0.5 0.0 0.55 0.4 1
0.54 0.53 0.48 0.14 0.5 0.0 0.49 0.33 1
0.51 0.48 0.46 0.29 0.5 0.0 0.54 0.22 1
0.33 0.35 0.56 0.19 0.5 0.0 0.5 0.22 1
0.52 0.37 0.48 0.13 0.5 0.0 0.55 0.22 1
0.45 0.45 0.52 0.17 0.5 0.0 0.54 0.22 1
0.59 0.46 0.48 0.46 0.5 0.0 0.49 0.22 1
0.53 0.46 0.54 0.37 0.5 0.0 0.51 0.3 1
0.57 0.55 0.52 0.16 0.5 0.0 0.49 0.39 1
0.38 0.4 0.59 0.25 0.5 0.0 0.44 0.22 1
0.72 0.51 0.52 0.08 0.5 0.0 0.54 0.22 1
0.56 0.49 0.54 0.15 0.5 0.0 0.5 0.35 1
0.52 0.46 0.56 0.25 0.5 0.0 0.52 0.22 1
0.46 0.53 0.47 0.37 0.5 0.0 0.51 0.36 1
0.43 0.22 0.79 0.79 0.5 0.0 0.22 0.0 1
0.35 0.39 0.56 0.2 0.5 0.0 0.49 0.41 1
0.52 0.43 0.61 0.22 0.5 0.0 0.45 0.22 1
0.52 0.43 0.61 0.22 0.5 0.0 0.45 0.22 1
0.57 0.5 0.4 0.08 0.5 0.0 0.47 0.22 1
0.85 0.66 0.49 0.18 0.5 0.0 0.51 0.22 1
0.54 0.51 0.56 0.15 0.5 0.0 0.54 0.31 1
0.48 0.5 0.47 0.29 0.5 0.0 0.46 0.27 1
0.49 0.49 0.52 0.18 0.5 0.0 0.51 0.25 1
0.53 0.49 0.47 0.21 0.5 0.0 0.53 0.22 1
0.46 0.56 0.56 0.25 0.5 0.0 0.43 0.22 1
0.4 0.75 0.44 0.12 0.5 0.0 0.49 0.22 1
0.6 0.64 0.56 0.36 0.5 0.0 0.46 0.27 1
0.37 0.4 0.38 0.18 0.5 0.0 0.51 0.22 1
0.4 0.39 0.6 0.23 0.5 0.0 0.52 0.31 1
0.66 0.65 0.54 0.4 0.5 0.0 0.51 0.22 1
0.27 0.46 0.52 0.17 0.5 0.0 0.49 0.44 1
0.37 0.29 0.45 0.15 0.5 0.0 0.49 0.22 1
0.5 0.43 0.5 0.17 0.5 0.0 0.46 0.47 1
0.41 0.42 0.23 0.16 0.5 0.0 0.4 0.22 1
0.49 0.31 0.43 0.24 0.5 0.0 0.54 0.22 1
0.46 0.41 0.43 0.18 0.5 0.0 0.54 0.22 1
0.41 0.35 0.6 0.22 0.5 0.0 0.56 0.79 1
0.58 0.51 0.63 0.2 0.5 0.0 0.5 0.42 1
0.38 0.42 0.5 0.19 0.5 0.0 0.44 0.22 1
0.28 0.27 0.5 0.14 0.5 0.0 0.5 0.28 1
0.8 0.83 0.43 0.24 0.5 0.0 0.54 0.22 1
0.54 0.43 0.48 0.27 0.5 0.0 0.44 0.41 1
0.45 0.76 0.51 0.25 0.5 0.0 0.59 0.22 1
0.47 0.46 0.49 0.27 0.5 0.0 0.59 0.22 1
0.19 0.41 0.55 0.13 0.5 0.0 0.52 0.25 1
0.46 0.52 0.51 0.13 0.5 0.0 0.47 0.22 1
0.49 0.49 0.4 0.2 0.5 0.0 0.48 0.26 1
0.4 0.44 0.47 0.25 0.5 0.0 0.54 0.56 1
0.71 0.51 0.49 0.23 0.5 0.0 0.3 0.32 1
0.69 0.57 0.39 0.19 0.5 0.0 0.48 0.39 1
0.39 0.56 0.34 0.18 0.5 0.0 0.49 0.22 1
0.48 0.58 0.47 0.17 0.5 0.0 0.53 0.74 1
0.63 0.65 0.42 0.18 0.5 0.0 0.54 0.27 1
0.4 0.43 0.49 0.17 0.5 0.0 0.51 0.36 1
0.52 0.46 0.34 0.2 0.5 0.0 0.51 0.25 1
0.34 0.24 0.51 0.15 0.5 0.0 0.54 0.4 1
0.47 0.38 0.58 0.19 0.5 0.0 0.57 0.22 1
0.47 0.43 0.61 0.4 0.5 0.0 0.48 0.47 1
