17 3 3 2 25 0.68 0.12 0.12 0.08 109 10 3 2 124 0.8790322580645161 0.08064516129032258 0.024193548387096774 0.016129032258064516 
10 8 3 4 25 0.4 0.32 0.12 0.16 105 15 3 1 124 0.8467741935483871 0.12096774193548387 0.024193548387096774 0.008064516129032258 
12 5 4 4 25 0.48 0.2 0.16 0.16 106 11 4 3 124 0.8548387096774194 0.08870967741935484 0.03225806451612903 0.024193548387096774 
12 3 3 7 25 0.48 0.12 0.12 0.28 113 8 2 1 124 0.9112903225806451 0.06451612903225806 0.016129032258064516 0.008064516129032258 
8 8 4 4 24 0.3333333333333333 0.3333333333333333 0.16666666666666666 0.16666666666666666 107 14 2 1 124 0.8629032258064516 0.11290322580645161 0.016129032258064516 0.008064516129032258 
6 10 3 5 24 0.25 0.4166666666666667 0.125 0.20833333333333334 101 20 3 0 124 0.8145161290322581 0.16129032258064516 0.024193548387096774 0.0 
9 4 7 4 24 0.375 0.16666666666666666 0.2916666666666667 0.16666666666666666 104 18 2 0 124 0.8387096774193549 0.14516129032258066 0.016129032258064516 0.0 
6 5 9 4 24 0.25 0.20833333333333334 0.375 0.16666666666666666 112 10 1 1 124 0.9032258064516129 0.08064516129032258 0.008064516129032258 0.008064516129032258 
6 9 6 3 24 0.25 0.375 0.25 0.125 104 17 2 1 124 0.8387096774193549 0.13709677419354838 0.016129032258064516 0.008064516129032258 
5 6 5 8 24 0.20833333333333334 0.25 0.20833333333333334 0.3333333333333333 112 10 1 1 124 0.9032258064516129 0.08064516129032258 0.008064516129032258 0.008064516129032258 
