415.0 294.0 0
509.0 848.0 0
542.0 331.0 0
438.0 844.0 0
287.0 383.0 0
263.0 553.0 0
501.0 497.0 0
307.0 515.0 0
291.0 260.0 0
349.0 757.0 0
69.0 433.0 1
734.0 220.0 1
539.0 412.0 1
453.0 506.0 1
557.0 526.0 1
-44.0 389.0 1
669.0 886.0 1
228.0 768.0 1
240.0 620.0 1
691.0 194.0 1
-45.0 529.0 1
57.0 92.0 1
563.0 82.0 1
603.0 602.0 1
99.0 545.0 1
585.0 467.0 1
661.0 821.0 1
321.0 882.0 1
345.0 917.0 1
251.0 843.0 1
1.0 504.0 1
221.0 856.0 1
711.0 209.0 1
264.0 277.0 1
87.0 292.0 1
689.0 938.0 1
286.0 908.0 1
750.0 145.0 1
-32.0 401.0 1
390.0 197.0 1
484.0 847.0 1
722.0 423.0 1
76.0 920.0 1
264.0 127.0 1
18.0 448.0 1
720.0 357.0 1
622.0 495.0 1
213.0 775.0 1
756.0 822.0 1
657.0 427.0 1
744.0 821.0 1
484.0 931.0 1
406.0 526.0 1
693.0 302.0 1
590.0 894.0 1
584.0 928.0 1
439.0 854.0 1
594.0 731.0 1
-47.0 384.0 1
372.0 222.0 1
231.0 228.0 1
441.0 472.0 1
752.0 427.0 1
713.0 171.0 1
197.0 969.0 1
682.0 755.0 1
331.0 679.0 1
433.0 459.0 1
-7.0 299.0 1
588.0 206.0 1
537.0 485.0 1
-58.0 434.0 1
137.0 207.0 1
752.0 912.0 1
539.0 449.0 1
29.0 72.0 1
753.0 943.0 1
267.0 938.0 1
709.0 558.0 1
35.0 183.0 1
