399.0 335.0 0
338.0 524.0 0
433.0 684.0 0
459.0 489.0 0
487.0 276.0 0
538.0 648.0 0
430.0 575.0 0
316.0 366.0 0
623.0 660.0 0
259.0 656.0 0
224.0 622.0 0
366.0 493.0 0
274.0 410.0 0
438.0 844.0 0
175.0 563.0 0
200.0 526.0 0
613.0 734.0 0
291.0 260.0 0
125.0 408.0 0
349.0 757.0 0
406.0 526.0 1
433.0 459.0 1
653.0 838.0 1
400.0 816.0 1
545.0 736.0 1
-35.0 391.0 1
591.0 413.0 1
686.0 477.0 1
95.0 890.0 1
390.0 192.0 1
8.0 821.0 1
452.0 573.0 1
164.0 121.0 1
373.0 112.0 1
435.0 213.0 1
62.0 756.0 1
185.0 846.0 1
360.0 236.0 1
273.0 691.0 1
729.0 715.0 1
649.0 989.0 1
-7.0 299.0 1
264.0 277.0 1
607.0 938.0 1
709.0 414.0 1
481.0 545.0 1
134.0 257.0 1
0.0 869.0 1
372.0 964.0 1
91.0 297.0 1
-37.0 665.0 1
236.0 615.0 1
135.0 407.0 1
728.0 169.0 1
703.0 859.0 1
209.0 182.0 1
295.0 930.0 1
408.0 788.0 1
624.0 618.0 1
550.0 447.0 1
232.0 735.0 1
755.0 902.0 1
88.0 562.0 1
720.0 189.0 1
32.0 925.0 1
686.0 140.0 1
655.0 489.0 1
717.0 209.0 1
160.0 788.0 1
640.0 392.0 1
279.0 222.0 1
405.0 947.0 1
525.0 832.0 1
738.0 257.0 1
669.0 886.0 1
55.0 135.0 1
-19.0 361.0 1
139.0 155.0 1
551.0 420.0 1
-32.0 401.0 1
203.0 347.0 1
305.0 687.0 1
73.0 197.0 1
509.0 923.0 1
115.0 499.0 1
251.0 843.0 1
734.0 543.0 1
450.0 95.0 1
-37.0 951.0 1
665.0 738.0 1
40.0 542.0 1
146.0 424.0 1
483.0 201.0 1
160.0 220.0 1
226.0 635.0 1
365.0 216.0 1
286.0 845.0 1
501.0 466.0 1
166.0 562.0 1
242.0 808.0 1
268.0 168.0 1
118.0 956.0 1
45.0 698.0 1
544.0 966.0 1
-27.0 71.0 1
644.0 711.0 1
375.0 876.0 1
484.0 847.0 1
623.0 305.0 1
624.0 180.0 1
17.0 190.0 1
527.0 531.0 1
1.0 504.0 1
596.0 85.0 1
336.0 609.0 1
220.0 195.0 1
513.0 783.0 1
-7.0 620.0 1
625.0 128.0 1
701.0 342.0 1
175.0 719.0 1
738.0 806.0 1
1.0 203.0 1
697.0 561.0 1
308.0 775.0 1
687.0 641.0 1
460.0 481.0 1
321.0 882.0 1
502.0 235.0 1
733.0 393.0 1
625.0 546.0 1
117.0 705.0 1
48.0 103.0 1
18.0 448.0 1
297.0 655.0 1
71.0 610.0 1
4.0 582.0 1
345.0 917.0 1
25.0 797.0 1
577.0 886.0 1
164.0 327.0 1
600.0 187.0 1
474.0 254.0 1
693.0 255.0 1
605.0 356.0 1
123.0 214.0 1
323.0 196.0 1
-54.0 132.0 1
-8.0 503.0 1
446.0 913.0 1
439.0 234.0 1
488.0 478.0 1
684.0 293.0 1
415.0 934.0 1
300.0 298.0 1
752.0 427.0 1
316.0 634.0 1
-60.0 176.0 1
296.0 986.0 1
738.0 692.0 1
