358.0 400.0 0
415.0 294.0 0
422.0 495.0 0
373.0 563.0 0
347.0 386.0 0
399.0 335.0 0
179.0 607.0 0
433.0 684.0 0
301.0 632.0 0
517.0 630.0 0
463.0 778.0 0
287.0 383.0 0
313.0 731.0 0
234.0 433.0 0
393.0 798.0 0
307.0 515.0 0
291.0 260.0 0
111.0 601.0 0
192.0 576.0 0
338.0 524.0 0
510.0 810.0 1
69.0 433.0 1
252.0 854.0 1
665.0 738.0 1
687.0 641.0 1
539.0 412.0 1
696.0 300.0 1
662.0 91.0 1
556.0 379.0 1
391.0 795.0 1
354.0 105.0 1
364.0 956.0 1
316.0 634.0 1
596.0 85.0 1
183.0 212.0 1
510.0 95.0 1
492.0 199.0 1
463.0 578.0 1
502.0 235.0 1
733.0 641.0 1
542.0 507.0 1
762.0 895.0 1
92.0 517.0 1
646.0 951.0 1
695.0 458.0 1
228.0 768.0 1
29.0 354.0 1
752.0 214.0 1
-45.0 529.0 1
623.0 305.0 1
367.0 251.0 1
18.0 242.0 1
467.0 581.0 1
603.0 602.0 1
696.0 696.0 1
397.0 172.0 1
305.0 687.0 1
446.0 469.0 1
716.0 720.0 1
23.0 719.0 1
524.0 590.0 1
729.0 715.0 1
40.0 542.0 1
703.0 398.0 1
105.0 718.0 1
474.0 254.0 1
346.0 232.0 1
261.0 841.0 1
520.0 927.0 1
194.0 959.0 1
390.0 973.0 1
585.0 467.0 1
666.0 220.0 1
352.0 956.0 1
724.0 941.0 1
448.0 140.0 1
652.0 167.0 1
280.0 966.0 1
433.0 549.0 1
374.0 943.0 1
711.0 209.0 1
135.0 250.0 1
-9.0 619.0 1
5.0 187.0 1
125.0 433.0 1
689.0 938.0 1
117.0 399.0 1
750.0 145.0 1
43.0 300.0 1
719.0 330.0 1
-32.0 401.0 1
335.0 586.0 1
0.0 869.0 1
484.0 847.0 1
385.0 896.0 1
374.0 858.0 1
441.0 226.0 1
615.0 317.0 1
189.0 410.0 1
107.0 899.0 1
336.0 837.0 1
325.0 660.0 1
360.0 236.0 1
485.0 966.0 1
226.0 108.0 1
91.0 840.0 1
164.0 121.0 1
622.0 495.0 1
235.0 665.0 1
149.0 941.0 1
79.0 597.0 1
17.0 190.0 1
419.0 552.0 1
16.0 357.0 1
190.0 899.0 1
296.0 670.0 1
63.0 769.0 1
-4.0 867.0 1
340.0 934.0 1
557.0 531.0 1
509.0 923.0 1
744.0 821.0 1
434.0 890.0 1
381.0 942.0 1
109.0 877.0 1
115.0 499.0 1
536.0 885.0 1
121.0 393.0 1
563.0 819.0 1
482.0 235.0 1
105.0 506.0 1
697.0 977.0 1
-41.0 678.0 1
-19.0 361.0 1
187.0 346.0 1
-39.0 966.0 1
218.0 851.0 1
119.0 772.0 1
439.0 854.0 1
570.0 722.0 1
319.0 681.0 1
117.0 705.0 1
569.0 765.0 1
418.0 799.0 1
231.0 228.0 1
615.0 272.0 1
449.0 462.0 1
-54.0 132.0 1
8.0 174.0 1
321.0 255.0 1
-60.0 176.0 1
232.0 735.0 1
287.0 912.0 1
106.0 516.0 1
341.0 588.0 1
649.0 989.0 1
568.0 869.0 1
558.0 161.0 1
297.0 655.0 1
102.0 719.0 1
