399.0 335.0 0
338.0 524.0 0
433.0 684.0 0
459.0 489.0 0
623.0 660.0 0
259.0 656.0 0
179.0 607.0 0
551.0 295.0 0
274.0 410.0 0
438.0 844.0 0
406.0 526.0 1
653.0 838.0 1
400.0 816.0 1
545.0 736.0 1
-35.0 391.0 1
591.0 413.0 1
686.0 477.0 1
95.0 890.0 1
390.0 192.0 1
8.0 821.0 1
452.0 573.0 1
164.0 121.0 1
373.0 112.0 1
446.0 469.0 1
62.0 756.0 1
194.0 959.0 1
360.0 236.0 1
273.0 691.0 1
729.0 715.0 1
649.0 989.0 1
482.0 235.0 1
-7.0 299.0 1
264.0 277.0 1
607.0 938.0 1
700.0 385.0 1
134.0 257.0 1
372.0 964.0 1
87.0 292.0 1
-37.0 665.0 1
236.0 615.0 1
135.0 407.0 1
728.0 169.0 1
753.0 849.0 1
295.0 930.0 1
351.0 776.0 1
624.0 618.0 1
550.0 447.0 1
88.0 562.0 1
720.0 189.0 1
32.0 925.0 1
699.0 98.0 1
655.0 489.0 1
160.0 788.0 1
761.0 424.0 1
325.0 208.0 1
568.0 869.0 1
738.0 257.0 1
55.0 135.0 1
16.0 357.0 1
154.0 143.0 1
203.0 347.0 1
305.0 687.0 1
746.0 486.0 1
511.0 143.0 1
118.0 956.0 1
50.0 593.0 1
318.0 423.0 1
698.0 315.0 1
228.0 666.0 1
313.0 836.0 1
544.0 966.0 1
-27.0 71.0 1
375.0 876.0 1
527.0 531.0 1
51.0 476.0 1
57.0 92.0 1
670.0 690.0 1
544.0 180.0 1
484.0 847.0 1
623.0 305.0 1
