623.0 660.0 0
613.0 734.0 0
366.0 493.0 0
403.0 352.0 0
315.0 732.0 0
514.0 233.0 0
125.0 408.0 0
441.0 358.0 0
435.0 629.0 0
476.0 702.0 0
538.0 648.0 0
543.0 469.0 0
461.0 661.0 0
443.0 807.0 0
360.0 523.0 0
541.0 646.0 0
590.0 722.0 0
200.0 526.0 0
373.0 751.0 0
430.0 575.0 0
422.0 976.0 1
573.0 547.0 1
308.0 876.0 1
212.0 332.0 1
236.0 615.0 1
-31.0 751.0 1
202.0 629.0 1
-37.0 951.0 1
-8.0 79.0 1
439.0 234.0 1
671.0 800.0 1
559.0 66.0 1
69.0 713.0 1
557.0 526.0 1
566.0 342.0 1
27.0 683.0 1
335.0 978.0 1
188.0 273.0 1
669.0 886.0 1
8.0 947.0 1
209.0 155.0 1
-19.0 406.0 1
240.0 620.0 1
415.0 934.0 1
743.0 390.0 1
423.0 826.0 1
341.0 922.0 1
129.0 806.0 1
523.0 579.0 1
563.0 82.0 1
518.0 512.0 1
699.0 760.0 1
721.0 356.0 1
84.0 409.0 1
577.0 886.0 1
336.0 609.0 1
167.0 832.0 1
25.0 797.0 1
99.0 545.0 1
693.0 255.0 1
257.0 952.0 1
55.0 135.0 1
575.0 324.0 1
156.0 567.0 1
728.0 513.0 1
365.0 216.0 1
-27.0 821.0 1
152.0 985.0 1
-27.0 67.0 1
321.0 882.0 1
707.0 896.0 1
390.0 192.0 1
62.0 447.0 1
268.0 753.0 1
623.0 404.0 1
420.0 100.0 1
1.0 504.0 1
221.0 856.0 1
91.0 297.0 1
52.0 307.0 1
174.0 267.0 1
435.0 213.0 1
-46.0 176.0 1
55.0 230.0 1
463.0 150.0 1
356.0 621.0 1
106.0 906.0 1
513.0 783.0 1
197.0 120.0 1
67.0 530.0 1
689.0 118.0 1
69.0 215.0 1
300.0 298.0 1
721.0 630.0 1
644.0 554.0 1
146.0 773.0 1
76.0 920.0 1
456.0 842.0 1
242.0 268.0 1
739.0 949.0 1
255.0 352.0 1
73.0 197.0 1
229.0 737.0 1
271.0 606.0 1
152.0 261.0 1
547.0 407.0 1
-38.0 857.0 1
752.0 296.0 1
700.0 385.0 1
558.0 794.0 1
45.0 698.0 1
578.0 236.0 1
73.0 519.0 1
746.0 486.0 1
372.0 964.0 1
551.0 420.0 1
325.0 208.0 1
-34.0 126.0 1
322.0 793.0 1
405.0 947.0 1
700.0 145.0 1
535.0 775.0 1
406.0 526.0 1
296.0 147.0 1
552.0 718.0 1
499.0 96.0 1
720.0 189.0 1
612.0 267.0 1
607.0 938.0 1
512.0 307.0 1
135.0 407.0 1
103.0 624.0 1
253.0 702.0 1
19.0 940.0 1
661.0 835.0 1
425.0 583.0 1
592.0 448.0 1
292.0 199.0 1
-12.0 805.0 1
259.0 833.0 1
268.0 168.0 1
501.0 466.0 1
135.0 803.0 1
614.0 331.0 1
413.0 506.0 1
193.0 169.0 1
550.0 367.0 1
291.0 92.0 1
709.0 414.0 1
603.0 103.0 1
441.0 472.0 1
203.0 347.0 1
506.0 188.0 1
604.0 410.0 1
228.0 666.0 1
728.0 939.0 1
273.0 691.0 1
373.0 112.0 1
667.0 653.0 1
609.0 933.0 1
