613.0 734.0 0
415.0 294.0 0
298.0 485.0 0
422.0 495.0 0
509.0 848.0 0
606.0 633.0 0
615.0 609.0 0
286.0 645.0 0
403.0 352.0 0
301.0 479.0 0
514.0 233.0 0
399.0 335.0 0
179.0 607.0 0
594.0 387.0 0
433.0 684.0 0
588.0 652.0 0
487.0 276.0 0
390.0 626.0 0
435.0 629.0 0
318.0 627.0 0
411.0 757.0 0
476.0 702.0 0
459.0 489.0 0
551.0 295.0 0
463.0 778.0 0
342.0 463.0 0
313.0 731.0 0
252.0 459.0 0
175.0 563.0 0
234.0 433.0 0
263.0 553.0 0
393.0 798.0 0
307.0 515.0 0
156.0 540.0 0
291.0 260.0 0
140.0 617.0 0
322.0 567.0 0
200.0 526.0 0
192.0 576.0 0
253.0 516.0 0
338.0 524.0 0
430.0 575.0 0
502.0 350.0 0
349.0 339.0 0
359.0 484.0 0
455.0 526.0 0
456.0 825.0 0
180.0 407.0 0
386.0 836.0 0
301.0 267.0 0
538.0 808.0 0
492.0 846.0 0
282.0 501.0 0
510.0 810.0 1
756.0 619.0 1
672.0 564.0 1
69.0 433.0 1
665.0 738.0 1
687.0 641.0 1
545.0 736.0 1
212.0 332.0 1
539.0 412.0 1
378.0 195.0 1
738.0 692.0 1
354.0 105.0 1
502.0 434.0 1
364.0 956.0 1
532.0 584.0 1
-49.0 620.0 1
598.0 165.0 1
316.0 634.0 1
202.0 629.0 1
-37.0 951.0 1
279.0 274.0 1
352.0 753.0 1
453.0 506.0 1
-8.0 79.0 1
709.0 485.0 1
183.0 212.0 1
167.0 263.0 1
15.0 630.0 1
492.0 199.0 1
559.0 66.0 1
463.0 578.0 1
733.0 641.0 1
69.0 713.0 1
587.0 966.0 1
566.0 342.0 1
92.0 517.0 1
727.0 192.0 1
27.0 683.0 1
646.0 951.0 1
188.0 273.0 1
143.0 99.0 1
-38.0 208.0 1
281.0 276.0 1
209.0 155.0 1
-19.0 406.0 1
695.0 458.0 1
29.0 354.0 1
-55.0 632.0 1
752.0 214.0 1
460.0 481.0 1
415.0 934.0 1
691.0 194.0 1
-45.0 529.0 1
755.0 902.0 1
743.0 390.0 1
423.0 826.0 1
623.0 305.0 1
746.0 426.0 1
197.0 337.0 1
341.0 922.0 1
367.0 251.0 1
446.0 913.0 1
175.0 719.0 1
229.0 848.0 1
670.0 690.0 1
129.0 806.0 1
623.0 119.0 1
18.0 242.0 1
523.0 579.0 1
701.0 342.0 1
518.0 512.0 1
222.0 709.0 1
603.0 602.0 1
397.0 172.0 1
232.0 613.0 1
-33.0 318.0 1
524.0 933.0 1
305.0 687.0 1
446.0 469.0 1
728.0 169.0 1
84.0 409.0 1
23.0 719.0 1
370.0 984.0 1
577.0 886.0 1
167.0 832.0 1
25.0 797.0 1
99.0 545.0 1
527.0 531.0 1
524.0 590.0 1
540.0 304.0 1
131.0 618.0 1
729.0 715.0 1
55.0 135.0 1
575.0 324.0 1
105.0 718.0 1
733.0 393.0 1
346.0 232.0 1
-24.0 181.0 1
-27.0 821.0 1
-27.0 67.0 1
390.0 973.0 1
661.0 821.0 1
637.0 457.0 1
707.0 896.0 1
686.0 140.0 1
250.0 711.0 1
62.0 447.0 1
268.0 753.0 1
694.0 485.0 1
251.0 843.0 1
740.0 911.0 1
352.0 956.0 1
724.0 941.0 1
221.0 856.0 1
448.0 140.0 1
652.0 167.0 1
280.0 966.0 1
625.0 546.0 1
433.0 549.0 1
532.0 289.0 1
435.0 213.0 1
148.0 894.0 1
698.0 336.0 1
87.0 292.0 1
611.0 650.0 1
-46.0 176.0 1
-27.0 71.0 1
708.0 400.0 1
-9.0 619.0 1
125.0 433.0 1
405.0 783.0 1
286.0 908.0 1
117.0 399.0 1
500.0 860.0 1
106.0 906.0 1
513.0 783.0 1
750.0 145.0 1
43.0 300.0 1
67.0 530.0 1
719.0 330.0 1
689.0 118.0 1
-32.0 401.0 1
550.0 447.0 1
335.0 586.0 1
146.0 224.0 1
69.0 215.0 1
484.0 847.0 1
83.0 505.0 1
721.0 630.0 1
78.0 504.0 1
-47.0 285.0 1
240.0 918.0 1
374.0 858.0 1
146.0 773.0 1
67.0 153.0 1
684.0 293.0 1
615.0 317.0 1
243.0 619.0 1
76.0 920.0 1
456.0 842.0 1
244.0 818.0 1
-7.0 620.0 1
264.0 127.0 1
720.0 357.0 1
336.0 837.0 1
750.0 285.0 1
704.0 842.0 1
-60.0 81.0 1
359.0 182.0 1
485.0 966.0 1
91.0 840.0 1
-56.0 96.0 1
697.0 561.0 1
372.0 519.0 1
73.0 197.0 1
698.0 923.0 1
622.0 495.0 1
235.0 665.0 1
-8.0 503.0 1
439.0 812.0 1
537.0 861.0 1
79.0 597.0 1
419.0 552.0 1
227.0 944.0 1
213.0 775.0 1
16.0 357.0 1
45.0 698.0 1
578.0 236.0 1
190.0 899.0 1
359.0 257.0 1
551.0 420.0 1
63.0 769.0 1
656.0 884.0 1
472.0 279.0 1
116.0 717.0 1
405.0 947.0 1
340.0 934.0 1
485.0 831.0 1
-16.0 761.0 1
557.0 531.0 1
744.0 821.0 1
302.0 237.0 1
33.0 942.0 1
296.0 147.0 1
115.0 499.0 1
504.0 797.0 1
563.0 819.0 1
482.0 235.0 1
693.0 302.0 1
612.0 267.0 1
124.0 305.0 1
584.0 928.0 1
607.0 938.0 1
-41.0 678.0 1
622.0 390.0 1
337.0 889.0 1
396.0 773.0 1
233.0 758.0 1
112.0 139.0 1
187.0 346.0 1
761.0 424.0 1
218.0 851.0 1
607.0 611.0 1
119.0 772.0 1
738.0 806.0 1
394.0 442.0 1
643.0 161.0 1
103.0 624.0 1
253.0 702.0 1
394.0 177.0 1
661.0 835.0 1
425.0 583.0 1
298.0 771.0 1
319.0 681.0 1
154.0 385.0 1
592.0 448.0 1
372.0 222.0 1
-2.0 219.0 1
117.0 705.0 1
418.0 799.0 1
231.0 228.0 1
615.0 272.0 1
292.0 199.0 1
558.0 975.0 1
719.0 496.0 1
-12.0 805.0 1
744.0 718.0 1
62.0 756.0 1
17.0 282.0 1
259.0 833.0 1
-54.0 132.0 1
268.0 168.0 1
501.0 466.0 1
135.0 803.0 1
610.0 381.0 1
8.0 174.0 1
291.0 92.0 1
505.0 983.0 1
709.0 414.0 1
166.0 92.0 1
353.0 124.0 1
603.0 103.0 1
483.0 201.0 1
321.0 255.0 1
286.0 845.0 1
269.0 151.0 1
-60.0 176.0 1
624.0 180.0 1
61.0 227.0 1
14.0 770.0 1
596.0 532.0 1
341.0 588.0 1
203.0 347.0 1
671.0 974.0 1
750.0 163.0 1
604.0 410.0 1
568.0 869.0 1
228.0 666.0 1
605.0 356.0 1
728.0 939.0 1
102.0 719.0 1
46.0 233.0 1
373.0 112.0 1
609.0 933.0 1
445.0 577.0 1
584.0 581.0 1
197.0 969.0 1
247.0 373.0 1
728.0 172.0 1
681.0 292.0 1
706.0 588.0 1
716.0 711.0 1
59.0 873.0 1
61.0 555.0 1
682.0 755.0 1
331.0 679.0 1
595.0 223.0 1
313.0 836.0 1
490.0 175.0 1
400.0 816.0 1
433.0 459.0 1
-7.0 299.0 1
588.0 206.0 1
279.0 222.0 1
242.0 808.0 1
308.0 961.0 1
628.0 481.0 1
375.0 876.0 1
644.0 711.0 1
605.0 628.0 1
431.0 502.0 1
537.0 485.0 1
699.0 98.0 1
356.0 990.0 1
497.0 924.0 1
488.0 478.0 1
268.0 88.0 1
-58.0 434.0 1
647.0 120.0 1
137.0 207.0 1
752.0 912.0 1
366.0 196.0 1
25.0 400.0 1
539.0 449.0 1
134.0 257.0 1
645.0 820.0 1
226.0 635.0 1
29.0 72.0 1
733.0 251.0 1
92.0 439.0 1
191.0 158.0 1
202.0 124.0 1
26.0 357.0 1
703.0 416.0 1
8.0 984.0 1
257.0 605.0 1
166.0 344.0 1
267.0 938.0 1
709.0 558.0 1
623.0 682.0 1
48.0 103.0 1
582.0 230.0 1
541.0 874.0 1
314.0 413.0 1
621.0 783.0 1
35.0 183.0 1
717.0 209.0 1
