623.0 660.0 0
298.0 485.0 0
259.0 656.0 0
179.0 607.0 0
301.0 632.0 0
435.0 629.0 0
459.0 489.0 0
443.0 807.0 0
268.0 309.0 0
456.0 825.0 0
422.0 976.0 1
308.0 876.0 1
66.0 618.0 1
316.0 634.0 1
596.0 85.0 1
279.0 274.0 1
492.0 199.0 1
335.0 978.0 1
8.0 947.0 1
752.0 214.0 1
523.0 579.0 1
167.0 832.0 1
438.0 476.0 1
40.0 542.0 1
520.0 927.0 1
152.0 985.0 1
62.0 447.0 1
52.0 307.0 1
707.0 139.0 1
117.0 399.0 1
719.0 330.0 1
146.0 224.0 1
78.0 504.0 1
-47.0 285.0 1
347.0 636.0 1
242.0 268.0 1
73.0 197.0 1
20.0 618.0 1
123.0 214.0 1
235.0 665.0 1
687.0 518.0 1
149.0 941.0 1
63.0 617.0 1
578.0 236.0 1
-12.0 251.0 1
646.0 946.0 1
116.0 717.0 1
700.0 145.0 1
395.0 888.0 1
552.0 718.0 1
-63.0 933.0 1
607.0 938.0 1
-41.0 678.0 1
319.0 681.0 1
117.0 705.0 1
603.0 103.0 1
483.0 201.0 1
321.0 255.0 1
506.0 188.0 1
373.0 112.0 1
738.0 257.0 1
51.0 476.0 1
1.0 959.0 1
-62.0 990.0 1
268.0 671.0 1
644.0 711.0 1
88.0 562.0 1
55.0 873.0 1
544.0 180.0 1
220.0 195.0 1
172.0 667.0 1
366.0 196.0 1
345.0 888.0 1
17.0 260.0 1
416.0 190.0 1
655.0 489.0 1
242.0 281.0 1
164.0 327.0 1
-32.0 677.0 1
328.0 791.0 1
