441.0 358.0 0
307.0 515.0 0
476.0 702.0 0
543.0 469.0 0
542.0 331.0 0
517.0 630.0 0
458.0 540.0 0
349.0 339.0 0
588.0 652.0 0
286.0 645.0 0
194.0 614.0 0
342.0 463.0 0
255.0 412.0 0
456.0 825.0 0
111.0 601.0 0
253.0 516.0 0
538.0 808.0 0
399.0 280.0 0
287.0 383.0 0
313.0 731.0 0
356.0 519.0 1
382.0 461.0 1
645.0 820.0 1
423.0 826.0 1
552.0 718.0 1
-47.0 384.0 1
604.0 410.0 1
695.0 458.0 1
109.0 877.0 1
394.0 177.0 1
-27.0 821.0 1
425.0 583.0 1
197.0 120.0 1
354.0 105.0 1
423.0 197.0 1
66.0 775.0 1
190.0 899.0 1
386.0 238.0 1
253.0 702.0 1
757.0 749.0 1
671.0 974.0 1
17.0 282.0 1
279.0 274.0 1
584.0 928.0 1
708.0 400.0 1
467.0 581.0 1
152.0 261.0 1
55.0 873.0 1
370.0 984.0 1
76.0 311.0 1
-32.0 677.0 1
243.0 619.0 1
117.0 399.0 1
750.0 145.0 1
704.0 842.0 1
209.0 155.0 1
267.0 938.0 1
396.0 773.0 1
605.0 628.0 1
558.0 460.0 1
277.0 736.0 1
740.0 911.0 1
99.0 545.0 1
691.0 194.0 1
11.0 927.0 1
688.0 118.0 1
622.0 495.0 1
728.0 172.0 1
167.0 832.0 1
657.0 427.0 1
293.0 216.0 1
374.0 943.0 1
563.0 819.0 1
750.0 285.0 1
660.0 903.0 1
67.0 153.0 1
-37.0 344.0 1
137.0 132.0 1
547.0 407.0 1
-19.0 406.0 1
255.0 352.0 1
319.0 681.0 1
69.0 215.0 1
524.0 933.0 1
106.0 516.0 1
252.0 888.0 1
728.0 513.0 1
499.0 96.0 1
-58.0 886.0 1
685.0 752.0 1
55.0 556.0 1
189.0 410.0 1
492.0 199.0 1
174.0 210.0 1
202.0 629.0 1
346.0 232.0 1
261.0 841.0 1
527.0 441.0 1
165.0 554.0 1
218.0 851.0 1
296.0 147.0 1
8.0 984.0 1
69.0 713.0 1
505.0 983.0 1
-60.0 81.0 1
607.0 732.0 1
395.0 888.0 1
463.0 850.0 1
624.0 322.0 1
652.0 167.0 1
32.0 180.0 1
557.0 531.0 1
78.0 504.0 1
648.0 79.0 1
341.0 588.0 1
216.0 243.0 1
510.0 810.0 1
15.0 630.0 1
576.0 128.0 1
676.0 333.0 1
146.0 773.0 1
756.0 822.0 1
-12.0 251.0 1
698.0 584.0 1
328.0 791.0 1
667.0 653.0 1
453.0 506.0 1
374.0 858.0 1
515.0 210.0 1
720.0 357.0 1
643.0 603.0 1
172.0 667.0 1
57.0 92.0 1
29.0 430.0 1
233.0 758.0 1
66.0 618.0 1
-49.0 620.0 1
340.0 934.0 1
14.0 770.0 1
591.0 972.0 1
166.0 344.0 1
544.0 180.0 1
488.0 272.0 1
661.0 224.0 1
566.0 342.0 1
97.0 280.0 1
359.0 182.0 1
-39.0 116.0 1
11.0 527.0 1
541.0 874.0 1
463.0 150.0 1
518.0 512.0 1
693.0 302.0 1
452.0 951.0 1
268.0 88.0 1
734.0 422.0 1
318.0 423.0 1
29.0 354.0 1
287.0 912.0 1
756.0 619.0 1
