224.0 622.0 0
509.0 848.0 0
606.0 633.0 0
399.0 280.0 0
121.0 552.0 0
286.0 645.0 0
301.0 479.0 0
594.0 387.0 0
588.0 652.0 0
438.0 844.0 0
487.0 276.0 0
390.0 626.0 0
459.0 489.0 0
268.0 309.0 0
518.0 638.0 0
342.0 463.0 0
488.0 649.0 0
501.0 497.0 0
241.0 673.0 0
458.0 540.0 0
734.0 220.0 1
545.0 736.0 1
66.0 618.0 1
111.0 727.0 1
502.0 434.0 1
532.0 584.0 1
-49.0 620.0 1
753.0 849.0 1
279.0 274.0 1
352.0 753.0 1
453.0 506.0 1
15.0 630.0 1
576.0 128.0 1
1.0 203.0 1
609.0 410.0 1
296.0 986.0 1
716.0 451.0 1
57.0 158.0 1
50.0 126.0 1
460.0 481.0 1
660.0 903.0 1
691.0 194.0 1
71.0 610.0 1
65.0 239.0 1
692.0 385.0 1
746.0 426.0 1
160.0 788.0 1
216.0 243.0 1
209.0 182.0 1
21.0 194.0 1
175.0 719.0 1
95.0 890.0 1
452.0 573.0 1
596.0 533.0 1
308.0 775.0 1
222.0 709.0 1
232.0 613.0 1
524.0 933.0 1
640.0 392.0 1
370.0 984.0 1
185.0 846.0 1
527.0 531.0 1
438.0 476.0 1
-37.0 665.0 1
733.0 393.0 1
71.0 242.0 1
637.0 457.0 1
561.0 979.0 1
57.0 896.0 1
686.0 140.0 1
576.0 398.0 1
694.0 485.0 1
648.0 79.0 1
251.0 843.0 1
625.0 546.0 1
698.0 336.0 1
-27.0 71.0 1
708.0 400.0 1
500.0 860.0 1
287.0 92.0 1
676.0 333.0 1
306.0 874.0 1
146.0 224.0 1
582.0 779.0 1
78.0 504.0 1
-47.0 285.0 1
661.0 224.0 1
722.0 423.0 1
67.0 153.0 1
684.0 293.0 1
18.0 448.0 1
-37.0 344.0 1
11.0 927.0 1
359.0 182.0 1
-56.0 96.0 1
697.0 561.0 1
372.0 519.0 1
698.0 923.0 1
20.0 618.0 1
476.0 550.0 1
439.0 812.0 1
622.0 923.0 1
63.0 617.0 1
213.0 775.0 1
450.0 95.0 1
734.0 422.0 1
386.0 238.0 1
238.0 625.0 1
481.0 545.0 1
657.0 427.0 1
359.0 257.0 1
656.0 884.0 1
-35.0 391.0 1
55.0 796.0 1
472.0 279.0 1
677.0 659.0 1
646.0 946.0 1
488.0 272.0 1
485.0 831.0 1
302.0 237.0 1
674.0 208.0 1
484.0 931.0 1
31.0 646.0 1
504.0 797.0 1
356.0 519.0 1
-63.0 933.0 1
124.0 305.0 1
512.0 809.0 1
91.0 180.0 1
64.0 363.0 1
622.0 390.0 1
337.0 889.0 1
396.0 773.0 1
233.0 758.0 1
112.0 139.0 1
-25.0 408.0 1
761.0 424.0 1
607.0 611.0 1
-37.0 363.0 1
734.0 543.0 1
154.0 385.0 1
372.0 222.0 1
-2.0 219.0 1
558.0 975.0 1
719.0 496.0 1
744.0 718.0 1
62.0 756.0 1
5.0 329.0 1
17.0 282.0 1
483.0 201.0 1
624.0 180.0 1
61.0 227.0 1
752.0 427.0 1
14.0 770.0 1
596.0 532.0 1
671.0 974.0 1
629.0 733.0 1
66.0 775.0 1
750.0 163.0 1
-58.0 886.0 1
