347.0 386.0 0
322.0 567.0 0
435.0 629.0 0
541.0 646.0 0
430.0 575.0 0
315.0 732.0 0
159.0 507.0 0
268.0 325.0 0
249.0 410.0 0
349.0 757.0 0
335.0 586.0 1
651.0 886.0 1
391.0 795.0 1
535.0 775.0 1
-19.0 406.0 1
640.0 392.0 1
709.0 414.0 1
57.0 896.0 1
423.0 197.0 1
-31.0 751.0 1
523.0 579.0 1
193.0 169.0 1
268.0 88.0 1
501.0 466.0 1
129.0 806.0 1
197.0 969.0 1
439.0 234.0 1
277.0 736.0 1
738.0 692.0 1
724.0 941.0 1
496.0 202.0 1
7.0 332.0 1
302.0 237.0 1
524.0 933.0 1
721.0 356.0 1
133.0 229.0 1
352.0 956.0 1
29.0 354.0 1
-19.0 609.0 1
271.0 606.0 1
81.0 432.0 1
686.0 140.0 1
755.0 902.0 1
296.0 986.0 1
374.0 858.0 1
667.0 653.0 1
542.0 507.0 1
105.0 506.0 1
652.0 167.0 1
-63.0 933.0 1
643.0 161.0 1
687.0 518.0 1
251.0 843.0 1
614.0 331.0 1
216.0 243.0 1
504.0 797.0 1
681.0 292.0 1
35.0 183.0 1
18.0 448.0 1
48.0 103.0 1
165.0 330.0 1
336.0 609.0 1
721.0 630.0 1
448.0 140.0 1
111.0 727.0 1
11.0 527.0 1
166.0 562.0 1
600.0 187.0 1
117.0 705.0 1
228.0 768.0 1
422.0 976.0 1
29.0 72.0 1
405.0 947.0 1
550.0 367.0 1
82.0 687.0 1
17.0 190.0 1
733.0 641.0 1
540.0 304.0 1
5.0 187.0 1
739.0 949.0 1
