358.0 400.0 0
613.0 734.0 0
224.0 622.0 0
145.0 499.0 0
366.0 493.0 0
509.0 848.0 0
606.0 633.0 0
399.0 280.0 0
615.0 609.0 0
286.0 645.0 0
315.0 732.0 0
514.0 233.0 0
179.0 607.0 0
301.0 632.0 0
438.0 844.0 0
318.0 627.0 0
411.0 757.0 0
543.0 469.0 0
517.0 630.0 0
443.0 807.0 0
268.0 309.0 0
518.0 638.0 0
342.0 463.0 0
488.0 649.0 0
287.0 383.0 0
252.0 459.0 0
175.0 563.0 0
234.0 433.0 0
393.0 798.0 0
307.0 515.0 0
159.0 507.0 0
156.0 540.0 0
291.0 260.0 0
111.0 601.0 0
458.0 540.0 0
322.0 567.0 0
373.0 751.0 0
220.0 479.0 0
338.0 524.0 0
194.0 614.0 0
455.0 526.0 0
456.0 825.0 0
180.0 407.0 0
492.0 846.0 0
282.0 501.0 0
69.0 433.0 1
573.0 547.0 1
277.0 736.0 1
545.0 736.0 1
66.0 618.0 1
696.0 300.0 1
662.0 91.0 1
738.0 692.0 1
718.0 114.0 1
502.0 434.0 1
364.0 956.0 1
532.0 584.0 1
-37.0 951.0 1
596.0 85.0 1
352.0 753.0 1
591.0 972.0 1
709.0 485.0 1
439.0 234.0 1
671.0 800.0 1
167.0 263.0 1
510.0 95.0 1
559.0 66.0 1
463.0 578.0 1
733.0 641.0 1
542.0 507.0 1
557.0 526.0 1
762.0 895.0 1
27.0 683.0 1
335.0 978.0 1
1.0 203.0 1
143.0 99.0 1
281.0 276.0 1
165.0 330.0 1
209.0 155.0 1
695.0 458.0 1
29.0 354.0 1
716.0 451.0 1
240.0 620.0 1
50.0 126.0 1
460.0 481.0 1
660.0 903.0 1
415.0 934.0 1
691.0 194.0 1
71.0 610.0 1
743.0 390.0 1
643.0 428.0 1
65.0 239.0 1
423.0 826.0 1
746.0 426.0 1
341.0 922.0 1
216.0 243.0 1
367.0 251.0 1
21.0 194.0 1
175.0 719.0 1
95.0 890.0 1
229.0 848.0 1
129.0 806.0 1
452.0 573.0 1
623.0 119.0 1
57.0 92.0 1
596.0 533.0 1
563.0 82.0 1
699.0 760.0 1
222.0 709.0 1
558.0 460.0 1
524.0 933.0 1
305.0 687.0 1
446.0 469.0 1
716.0 720.0 1
728.0 169.0 1
640.0 392.0 1
23.0 719.0 1
336.0 609.0 1
185.0 846.0 1
25.0 797.0 1
527.0 531.0 1
693.0 255.0 1
524.0 590.0 1
257.0 952.0 1
55.0 135.0 1
575.0 324.0 1
105.0 718.0 1
733.0 393.0 1
365.0 216.0 1
194.0 959.0 1
-27.0 67.0 1
661.0 821.0 1
637.0 457.0 1
666.0 220.0 1
345.0 917.0 1
707.0 896.0 1
250.0 711.0 1
576.0 398.0 1
62.0 447.0 1
268.0 753.0 1
694.0 485.0 1
251.0 843.0 1
724.0 941.0 1
280.0 966.0 1
707.0 139.0 1
532.0 289.0 1
435.0 213.0 1
148.0 894.0 1
711.0 209.0 1
87.0 292.0 1
135.0 250.0 1
-9.0 619.0 1
370.0 135.0 1
5.0 187.0 1
125.0 433.0 1
405.0 783.0 1
551.0 125.0 1
356.0 621.0 1
106.0 906.0 1
513.0 783.0 1
43.0 300.0 1
197.0 120.0 1
287.0 92.0 1
719.0 330.0 1
-32.0 401.0 1
550.0 447.0 1
335.0 586.0 1
703.0 859.0 1
313.0 240.0 1
416.0 955.0 1
484.0 847.0 1
351.0 776.0 1
300.0 298.0 1
721.0 630.0 1
385.0 896.0 1
698.0 584.0 1
644.0 554.0 1
78.0 504.0 1
661.0 224.0 1
154.0 143.0 1
722.0 423.0 1
374.0 858.0 1
146.0 773.0 1
600.0 187.0 1
107.0 899.0 1
456.0 842.0 1
244.0 818.0 1
-7.0 620.0 1
720.0 357.0 1
336.0 837.0 1
-37.0 344.0 1
325.0 660.0 1
704.0 842.0 1
739.0 949.0 1
-60.0 81.0 1
360.0 236.0 1
359.0 182.0 1
91.0 840.0 1
164.0 121.0 1
697.0 561.0 1
622.0 495.0 1
123.0 214.0 1
235.0 665.0 1
-8.0 503.0 1
687.0 518.0 1
723.0 429.0 1
439.0 812.0 1
149.0 941.0 1
419.0 552.0 1
227.0 944.0 1
7.0 332.0 1
213.0 775.0 1
450.0 95.0 1
578.0 236.0 1
50.0 593.0 1
238.0 625.0 1
746.0 486.0 1
481.0 545.0 1
657.0 427.0 1
753.0 615.0 1
296.0 670.0 1
359.0 257.0 1
63.0 769.0 1
118.0 956.0 1
325.0 208.0 1
-34.0 126.0 1
-21.0 152.0 1
-35.0 391.0 1
322.0 793.0 1
55.0 796.0 1
677.0 659.0 1
488.0 272.0 1
405.0 947.0 1
700.0 145.0 1
485.0 831.0 1
535.0 775.0 1
509.0 923.0 1
744.0 821.0 1
674.0 208.0 1
381.0 942.0 1
406.0 526.0 1
-1.0 569.0 1
296.0 147.0 1
115.0 499.0 1
536.0 885.0 1
504.0 797.0 1
323.0 196.0 1
693.0 302.0 1
590.0 894.0 1
91.0 180.0 1
607.0 938.0 1
-41.0 678.0 1
515.0 210.0 1
396.0 773.0 1
233.0 758.0 1
408.0 788.0 1
-19.0 361.0 1
187.0 346.0 1
-39.0 966.0 1
-25.0 408.0 1
761.0 424.0 1
218.0 851.0 1
607.0 611.0 1
496.0 202.0 1
439.0 854.0 1
394.0 442.0 1
643.0 161.0 1
594.0 731.0 1
8.0 821.0 1
570.0 722.0 1
19.0 940.0 1
394.0 177.0 1
661.0 835.0 1
298.0 771.0 1
319.0 681.0 1
592.0 448.0 1
117.0 705.0 1
569.0 765.0 1
418.0 799.0 1
615.0 272.0 1
292.0 199.0 1
558.0 975.0 1
719.0 496.0 1
449.0 462.0 1
62.0 756.0 1
259.0 833.0 1
-54.0 132.0 1
268.0 168.0 1
193.0 169.0 1
610.0 381.0 1
8.0 174.0 1
291.0 92.0 1
505.0 983.0 1
166.0 92.0 1
353.0 124.0 1
-60.0 176.0 1
624.0 180.0 1
287.0 912.0 1
441.0 472.0 1
61.0 227.0 1
752.0 427.0 1
14.0 770.0 1
106.0 516.0 1
596.0 532.0 1
341.0 588.0 1
203.0 347.0 1
671.0 974.0 1
629.0 733.0 1
66.0 775.0 1
649.0 989.0 1
506.0 188.0 1
750.0 163.0 1
604.0 410.0 1
568.0 869.0 1
228.0 666.0 1
605.0 356.0 1
558.0 161.0 1
297.0 655.0 1
252.0 888.0 1
102.0 719.0 1
46.0 233.0 1
373.0 112.0 1
667.0 653.0 1
609.0 933.0 1
584.0 581.0 1
738.0 257.0 1
197.0 969.0 1
247.0 373.0 1
716.0 711.0 1
651.0 886.0 1
61.0 555.0 1
51.0 476.0 1
160.0 220.0 1
433.0 459.0 1
541.0 462.0 1
-7.0 299.0 1
115.0 183.0 1
166.0 562.0 1
165.0 556.0 1
-62.0 990.0 1
677.0 818.0 1
242.0 808.0 1
11.0 527.0 1
308.0 961.0 1
82.0 687.0 1
644.0 711.0 1
-6.0 386.0 1
463.0 850.0 1
726.0 101.0 1
55.0 873.0 1
537.0 485.0 1
699.0 98.0 1
497.0 924.0 1
488.0 478.0 1
688.0 118.0 1
357.0 772.0 1
544.0 180.0 1
647.0 120.0 1
366.0 196.0 1
685.0 752.0 1
740.0 233.0 1
134.0 257.0 1
345.0 888.0 1
542.0 780.0 1
645.0 820.0 1
133.0 229.0 1
547.0 189.0 1
137.0 132.0 1
733.0 251.0 1
92.0 439.0 1
327.0 245.0 1
26.0 357.0 1
17.0 260.0 1
703.0 416.0 1
416.0 190.0 1
8.0 984.0 1
293.0 216.0 1
32.0 925.0 1
655.0 489.0 1
168.0 946.0 1
193.0 399.0 1
527.0 441.0 1
295.0 930.0 1
95.0 810.0 1
166.0 344.0 1
267.0 938.0 1
709.0 558.0 1
242.0 281.0 1
197.0 184.0 1
186.0 148.0 1
623.0 682.0 1
48.0 103.0 1
55.0 556.0 1
165.0 554.0 1
582.0 230.0 1
541.0 874.0 1
314.0 413.0 1
621.0 783.0 1
106.0 546.0 1
35.0 183.0 1
