358.0 400.0 0
224.0 622.0 0
347.0 386.0 0
121.0 552.0 0
433.0 684.0 0
156.0 540.0 0
140.0 617.0 0
316.0 366.0 0
502.0 350.0 0
249.0 410.0 0
510.0 810.0 1
252.0 854.0 1
573.0 547.0 1
696.0 300.0 1
391.0 795.0 1
532.0 584.0 1
-49.0 620.0 1
202.0 629.0 1
-8.0 79.0 1
542.0 507.0 1
79.0 534.0 1
27.0 683.0 1
646.0 951.0 1
643.0 428.0 1
367.0 251.0 1
452.0 573.0 1
23.0 719.0 1
540.0 304.0 1
729.0 715.0 1
-37.0 665.0 1
105.0 718.0 1
733.0 393.0 1
268.0 753.0 1
740.0 911.0 1
352.0 956.0 1
652.0 167.0 1
433.0 549.0 1
174.0 267.0 1
435.0 213.0 1
698.0 336.0 1
676.0 333.0 1
703.0 859.0 1
721.0 630.0 1
684.0 293.0 1
244.0 818.0 1
-37.0 344.0 1
-60.0 81.0 1
485.0 966.0 1
164.0 121.0 1
152.0 261.0 1
622.0 923.0 1
7.0 332.0 1
734.0 422.0 1
386.0 238.0 1
663.0 501.0 1
55.0 796.0 1
485.0 831.0 1
535.0 775.0 1
109.0 877.0 1
124.0 305.0 1
218.0 851.0 1
570.0 722.0 1
292.0 199.0 1
550.0 367.0 1
32.0 180.0 1
14.0 770.0 1
596.0 532.0 1
102.0 719.0 1
408.0 986.0 1
166.0 562.0 1
11.0 527.0 1
101.0 701.0 1
82.0 687.0 1
726.0 101.0 1
591.0 413.0 1
392.0 246.0 1
527.0 441.0 1
728.0 659.0 1
29.0 430.0 1
274.0 682.0 1
