441.0 358.0 0
307.0 515.0 0
476.0 702.0 0
543.0 469.0 0
588.0 652.0 0
286.0 645.0 0
192.0 576.0 0
514.0 233.0 0
342.0 463.0 0
456.0 825.0 0
356.0 519.0 1
645.0 820.0 1
423.0 826.0 1
552.0 718.0 1
-47.0 384.0 1
604.0 410.0 1
695.0 458.0 1
109.0 877.0 1
394.0 177.0 1
-27.0 821.0 1
425.0 583.0 1
197.0 120.0 1
354.0 105.0 1
441.0 472.0 1
66.0 775.0 1
190.0 899.0 1
386.0 238.0 1
253.0 702.0 1
757.0 749.0 1
671.0 974.0 1
441.0 226.0 1
17.0 282.0 1
279.0 274.0 1
584.0 928.0 1
708.0 400.0 1
152.0 261.0 1
370.0 984.0 1
76.0 311.0 1
-32.0 677.0 1
243.0 619.0 1
117.0 399.0 1
750.0 145.0 1
704.0 842.0 1
267.0 938.0 1
396.0 773.0 1
605.0 628.0 1
558.0 460.0 1
99.0 545.0 1
691.0 194.0 1
11.0 927.0 1
688.0 118.0 1
622.0 495.0 1
167.0 832.0 1
657.0 427.0 1
293.0 216.0 1
563.0 819.0 1
750.0 285.0 1
67.0 153.0 1
-37.0 344.0 1
137.0 132.0 1
255.0 352.0 1
319.0 681.0 1
728.0 513.0 1
499.0 96.0 1
-58.0 886.0 1
55.0 556.0 1
189.0 410.0 1
734.0 220.0 1
202.0 629.0 1
261.0 841.0 1
505.0 983.0 1
-60.0 81.0 1
395.0 888.0 1
557.0 531.0 1
78.0 504.0 1
264.0 127.0 1
644.0 711.0 1
515.0 210.0 1
116.0 717.0 1
575.0 324.0 1
