145.0 499.0 0
399.0 280.0 0
301.0 479.0 0
514.0 233.0 0
538.0 648.0 0
551.0 295.0 0
517.0 630.0 0
313.0 731.0 0
343.0 662.0 0
359.0 484.0 0
378.0 195.0 1
183.0 212.0 1
510.0 95.0 1
57.0 158.0 1
692.0 385.0 1
197.0 337.0 1
341.0 922.0 1
446.0 913.0 1
699.0 760.0 1
-33.0 318.0 1
305.0 687.0 1
640.0 392.0 1
25.0 797.0 1
156.0 567.0 1
637.0 457.0 1
576.0 398.0 1
420.0 100.0 1
-27.0 71.0 1
708.0 400.0 1
55.0 230.0 1
405.0 783.0 1
356.0 621.0 1
43.0 300.0 1
0.0 869.0 1
374.0 858.0 1
750.0 285.0 1
704.0 842.0 1
11.0 927.0 1
79.0 597.0 1
17.0 190.0 1
227.0 944.0 1
558.0 794.0 1
551.0 420.0 1
325.0 208.0 1
472.0 279.0 1
677.0 659.0 1
-16.0 761.0 1
557.0 531.0 1
509.0 923.0 1
302.0 237.0 1
674.0 208.0 1
115.0 499.0 1
696.0 837.0 1
323.0 196.0 1
512.0 809.0 1
622.0 390.0 1
187.0 346.0 1
625.0 128.0 1
287.0 912.0 1
629.0 733.0 1
649.0 989.0 1
750.0 163.0 1
228.0 666.0 1
728.0 939.0 1
643.0 603.0 1
160.0 220.0 1
165.0 556.0 1
677.0 818.0 1
487.0 182.0 1
463.0 850.0 1
688.0 118.0 1
137.0 132.0 1
327.0 245.0 1
452.0 951.0 1
603.0 204.0 1
293.0 216.0 1
193.0 399.0 1
295.0 930.0 1
95.0 810.0 1
439.0 122.0 1
