502.0 350.0 0
298.0 485.0 0
488.0 649.0 0
594.0 387.0 0
514.0 233.0 0
541.0 646.0 0
373.0 563.0 0
358.0 400.0 0
615.0 609.0 0
318.0 627.0 0
192.0 576.0 0
301.0 479.0 0
234.0 433.0 0
492.0 846.0 0
156.0 540.0 0
220.0 479.0 0
386.0 836.0 0
386.0 409.0 0
322.0 567.0 0
373.0 751.0 0
413.0 506.0 1
449.0 462.0 1
661.0 835.0 1
418.0 799.0 1
571.0 694.0 1
-56.0 404.0 1
623.0 404.0 1
694.0 485.0 1
106.0 906.0 1
390.0 197.0 1
-38.0 857.0 1
419.0 552.0 1
186.0 148.0 1
370.0 135.0 1
441.0 226.0 1
55.0 796.0 1
194.0 959.0 1
372.0 222.0 1
222.0 709.0 1
699.0 760.0 1
646.0 951.0 1
18.0 242.0 1
242.0 268.0 1
622.0 923.0 1
703.0 416.0 1
523.0 579.0 1
174.0 267.0 1
91.0 840.0 1
390.0 973.0 1
87.0 292.0 1
27.0 683.0 1
238.0 625.0 1
84.0 409.0 1
707.0 139.0 1
753.0 849.0 1
193.0 169.0 1
280.0 966.0 1
391.0 795.0 1
611.0 650.0 1
539.0 449.0 1
229.0 737.0 1
762.0 895.0 1
79.0 534.0 1
711.0 209.0 1
8.0 947.0 1
699.0 98.0 1
663.0 501.0 1
734.0 220.0 1
135.0 803.0 1
723.0 429.0 1
302.0 237.0 1
352.0 956.0 1
568.0 869.0 1
733.0 251.0 1
651.0 886.0 1
50.0 126.0 1
7.0 332.0 1
154.0 143.0 1
576.0 398.0 1
-6.0 386.0 1
212.0 332.0 1
325.0 660.0 1
55.0 230.0 1
497.0 924.0 1
83.0 505.0 1
286.0 908.0 1
687.0 518.0 1
511.0 143.0 1
-39.0 966.0 1
671.0 800.0 1
67.0 530.0 1
154.0 385.0 1
488.0 192.0 1
137.0 207.0 1
162.0 636.0 1
359.0 257.0 1
229.0 848.0 1
537.0 485.0 1
156.0 567.0 1
213.0 775.0 1
264.0 127.0 1
152.0 985.0 1
105.0 718.0 1
561.0 979.0 1
-27.0 67.0 1
621.0 783.0 1
434.0 890.0 1
485.0 831.0 1
614.0 331.0 1
598.0 165.0 1
21.0 194.0 1
573.0 547.0 1
62.0 447.0 1
623.0 119.0 1
356.0 621.0 1
188.0 273.0 1
535.0 775.0 1
31.0 646.0 1
558.0 161.0 1
698.0 315.0 1
95.0 810.0 1
753.0 943.0 1
-47.0 285.0 1
709.0 558.0 1
351.0 776.0 1
670.0 690.0 1
446.0 469.0 1
313.0 836.0 1
547.0 189.0 1
692.0 385.0 1
584.0 581.0 1
268.0 671.0 1
29.0 72.0 1
69.0 433.0 1
257.0 605.0 1
79.0 597.0 1
-1.0 569.0 1
335.0 978.0 1
23.0 719.0 1
689.0 938.0 1
197.0 337.0 1
588.0 206.0 1
532.0 289.0 1
595.0 223.0 1
540.0 304.0 1
46.0 233.0 1
321.0 255.0 1
-21.0 152.0 1
-58.0 434.0 1
582.0 779.0 1
578.0 236.0 1
532.0 584.0 1
681.0 292.0 1
422.0 976.0 1
5.0 187.0 1
761.0 424.0 1
271.0 606.0 1
612.0 267.0 1
197.0 969.0 1
716.0 711.0 1
