403.0 352.0 0
282.0 501.0 0
461.0 661.0 0
501.0 497.0 0
551.0 295.0 0
518.0 638.0 0
455.0 526.0 0
347.0 386.0 0
606.0 633.0 0
301.0 632.0 0
179.0 607.0 0
359.0 484.0 0
249.0 410.0 0
443.0 807.0 0
121.0 552.0 0
263.0 553.0 0
393.0 798.0 0
301.0 267.0 0
180.0 407.0 0
315.0 732.0 0
372.0 519.0 1
394.0 442.0 1
661.0 821.0 1
439.0 812.0 1
570.0 722.0 1
-44.0 389.0 1
609.0 410.0 1
716.0 451.0 1
107.0 899.0 1
397.0 172.0 1
-12.0 805.0 1
445.0 577.0 1
202.0 124.0 1
353.0 124.0 1
416.0 190.0 1
63.0 769.0 1
148.0 894.0 1
392.0 246.0 1
250.0 711.0 1
744.0 718.0 1
697.0 977.0 1
17.0 260.0 1
281.0 276.0 1
609.0 933.0 1
703.0 398.0 1
476.0 550.0 1
167.0 263.0 1
57.0 896.0 1
356.0 990.0 1
52.0 307.0 1
-41.0 678.0 1
240.0 620.0 1
121.0 393.0 1
750.0 163.0 1
696.0 837.0 1
191.0 158.0 1
257.0 952.0 1
405.0 783.0 1
607.0 611.0 1
541.0 462.0 1
268.0 753.0 1
752.0 912.0 1
106.0 546.0 1
674.0 208.0 1
19.0 940.0 1
689.0 118.0 1
628.0 481.0 1
713.0 171.0 1
217.0 830.0 1
643.0 428.0 1
292.0 199.0 1
381.0 942.0 1
558.0 794.0 1
752.0 296.0 1
656.0 884.0 1
57.0 158.0 1
-33.0 318.0 1
147.0 117.0 1
539.0 412.0 1
-25.0 408.0 1
247.0 373.0 1
331.0 679.0 1
61.0 227.0 1
520.0 927.0 1
105.0 506.0 1
252.0 854.0 1
719.0 496.0 1
510.0 95.0 1
-63.0 933.0 1
682.0 755.0 1
61.0 555.0 1
193.0 399.0 1
496.0 202.0 1
183.0 212.0 1
195.0 619.0 1
327.0 245.0 1
259.0 833.0 1
502.0 434.0 1
165.0 556.0 1
221.0 856.0 1
269.0 151.0 1
1.0 959.0 1
102.0 719.0 1
485.0 966.0 1
-56.0 96.0 1
629.0 733.0 1
385.0 896.0 1
456.0 842.0 1
615.0 317.0 1
643.0 161.0 1
35.0 183.0 1
557.0 526.0 1
51.0 476.0 1
662.0 91.0 1
335.0 586.0 1
231.0 228.0 1
504.0 797.0 1
20.0 618.0 1
551.0 125.0 1
698.0 336.0 1
111.0 727.0 1
744.0 821.0 1
-2.0 219.0 1
706.0 588.0 1
322.0 793.0 1
677.0 659.0 1
431.0 502.0 1
337.0 889.0 1
506.0 188.0 1
721.0 356.0 1
644.0 554.0 1
235.0 665.0 1
66.0 88.0 1
32.0 424.0 1
352.0 753.0 1
63.0 617.0 1
-19.0 609.0 1
341.0 922.0 1
-16.0 761.0 1
587.0 966.0 1
165.0 330.0 1
490.0 175.0 1
472.0 279.0 1
666.0 220.0 1
550.0 367.0 1
71.0 242.0 1
366.0 196.0 1
-34.0 126.0 1
6.0 541.0 1
537.0 861.0 1
439.0 122.0 1
542.0 507.0 1
696.0 300.0 1
416.0 955.0 1
166.0 92.0 1
746.0 426.0 1
314.0 413.0 1
26.0 357.0 1
308.0 876.0 1
733.0 641.0 1
