415.0 294.0 0
301.0 479.0 0
518.0 638.0 0
455.0 526.0 0
613.0 734.0 0
224.0 622.0 0
140.0 617.0 0
268.0 309.0 0
229.0 437.0 0
386.0 836.0 0
382.0 461.0 1
671.0 800.0 1
456.0 842.0 1
569.0 765.0 1
-32.0 401.0 1
622.0 390.0 1
703.0 416.0 1
148.0 894.0 1
416.0 190.0 1
-16.0 761.0 1
433.0 549.0 1
191.0 158.0 1
287.0 92.0 1
460.0 481.0 1
95.0 810.0 1
168.0 946.0 1
365.0 216.0 1
268.0 671.0 1
685.0 752.0 1
689.0 938.0 1
483.0 201.0 1
52.0 307.0 1
300.0 298.0 1
587.0 966.0 1
743.0 390.0 1
146.0 224.0 1
408.0 986.0 1
64.0 363.0 1
-49.0 620.0 1
257.0 605.0 1
154.0 385.0 1
728.0 172.0 1
669.0 886.0 1
286.0 908.0 1
308.0 775.0 1
643.0 603.0 1
537.0 485.0 1
106.0 516.0 1
717.0 209.0 1
1.0 959.0 1
623.0 119.0 1
596.0 532.0 1
248.0 841.0 1
539.0 412.0 1
268.0 168.0 1
582.0 779.0 1
696.0 300.0 1
73.0 197.0 1
-38.0 208.0 1
123.0 214.0 1
197.0 337.0 1
297.0 655.0 1
706.0 588.0 1
559.0 66.0 1
45.0 698.0 1
-1.0 569.0 1
115.0 499.0 1
624.0 180.0 1
103.0 624.0 1
308.0 876.0 1
497.0 924.0 1
-39.0 116.0 1
337.0 889.0 1
532.0 584.0 1
-45.0 529.0 1
-21.0 152.0 1
716.0 711.0 1
532.0 289.0 1
536.0 885.0 1
596.0 85.0 1
