502.0 350.0 0
298.0 485.0 0
488.0 649.0 0
594.0 387.0 0
615.0 609.0 0
318.0 627.0 0
200.0 526.0 0
301.0 267.0 0
220.0 479.0 0
492.0 846.0 0
413.0 506.0 1
661.0 835.0 1
418.0 799.0 1
571.0 694.0 1
-56.0 404.0 1
623.0 404.0 1
694.0 485.0 1
106.0 906.0 1
390.0 197.0 1
-38.0 857.0 1
463.0 578.0 1
186.0 148.0 1
420.0 100.0 1
449.0 462.0 1
55.0 796.0 1
240.0 918.0 1
372.0 222.0 1
222.0 709.0 1
699.0 760.0 1
646.0 951.0 1
474.0 254.0 1
18.0 242.0 1
242.0 268.0 1
622.0 923.0 1
692.0 385.0 1
174.0 267.0 1
390.0 973.0 1
124.0 305.0 1
27.0 683.0 1
238.0 625.0 1
84.0 409.0 1
707.0 139.0 1
707.0 896.0 1
280.0 966.0 1
352.0 753.0 1
611.0 650.0 1
539.0 449.0 1
79.0 534.0 1
711.0 209.0 1
8.0 947.0 1
647.0 120.0 1
663.0 501.0 1
135.0 803.0 1
676.0 333.0 1
323.0 196.0 1
512.0 809.0 1
733.0 251.0 1
50.0 126.0 1
-58.0 434.0 1
143.0 99.0 1
212.0 332.0 1
325.0 660.0 1
709.0 558.0 1
563.0 82.0 1
23.0 719.0 1
6.0 541.0 1
69.0 433.0 1
595.0 223.0 1
172.0 667.0 1
336.0 837.0 1
561.0 979.0 1
-27.0 67.0 1
434.0 890.0 1
573.0 547.0 1
1.0 504.0 1
8.0 174.0 1
665.0 738.0 1
488.0 272.0 1
500.0 860.0 1
615.0 272.0 1
