606.0 633.0 0
487.0 276.0 0
476.0 702.0 0
543.0 469.0 0
234.0 433.0 0
274.0 410.0 0
322.0 567.0 0
373.0 751.0 0
192.0 576.0 0
538.0 808.0 0
277.0 736.0 1
545.0 736.0 1
354.0 105.0 1
162.0 636.0 1
15.0 630.0 1
92.0 517.0 1
698.0 315.0 1
1.0 203.0 1
281.0 276.0 1
165.0 330.0 1
296.0 986.0 1
65.0 239.0 1
423.0 826.0 1
308.0 775.0 1
397.0 172.0 1
511.0 143.0 1
346.0 232.0 1
365.0 216.0 1
57.0 896.0 1
448.0 140.0 1
611.0 650.0 1
195.0 619.0 1
370.0 135.0 1
287.0 92.0 1
550.0 447.0 1
335.0 586.0 1
607.0 732.0 1
69.0 215.0 1
146.0 773.0 1
189.0 410.0 1
243.0 619.0 1
600.0 187.0 1
336.0 837.0 1
359.0 182.0 1
450.0 95.0 1
656.0 884.0 1
-34.0 126.0 1
405.0 947.0 1
340.0 934.0 1
33.0 942.0 1
571.0 694.0 1
356.0 519.0 1
499.0 96.0 1
482.0 235.0 1
607.0 611.0 1
-37.0 363.0 1
569.0 765.0 1
558.0 975.0 1
719.0 496.0 1
17.0 282.0 1
-54.0 132.0 1
501.0 466.0 1
269.0 151.0 1
318.0 423.0 1
61.0 227.0 1
81.0 432.0 1
609.0 933.0 1
445.0 577.0 1
247.0 373.0 1
681.0 292.0 1
716.0 711.0 1
308.0 961.0 1
628.0 481.0 1
32.0 424.0 1
733.0 251.0 1
202.0 124.0 1
703.0 416.0 1
32.0 925.0 1
582.0 230.0 1
314.0 413.0 1
