422.0 495.0 0
315.0 732.0 0
390.0 626.0 0
461.0 661.0 0
175.0 563.0 0
111.0 601.0 0
220.0 479.0 0
253.0 516.0 0
386.0 836.0 0
282.0 501.0 0
687.0 641.0 1
662.0 91.0 1
502.0 434.0 1
598.0 165.0 1
174.0 210.0 1
709.0 485.0 1
609.0 410.0 1
755.0 902.0 1
623.0 305.0 1
216.0 243.0 1
21.0 194.0 1
229.0 848.0 1
670.0 690.0 1
129.0 806.0 1
185.0 846.0 1
693.0 255.0 1
575.0 324.0 1
71.0 242.0 1
561.0 979.0 1
707.0 896.0 1
686.0 140.0 1
648.0 79.0 1
724.0 941.0 1
91.0 297.0 1
625.0 546.0 1
148.0 894.0 1
67.0 530.0 1
313.0 240.0 1
582.0 779.0 1
615.0 317.0 1
456.0 842.0 1
372.0 519.0 1
229.0 737.0 1
66.0 88.0 1
-8.0 503.0 1
118.0 956.0 1
91.0 180.0 1
64.0 363.0 1
337.0 889.0 1
233.0 758.0 1
408.0 788.0 1
103.0 624.0 1
253.0 702.0 1
8.0 821.0 1
19.0 940.0 1
449.0 462.0 1
-12.0 805.0 1
268.0 168.0 1
135.0 803.0 1
252.0 600.0 1
709.0 414.0 1
166.0 92.0 1
624.0 180.0 1
568.0 869.0 1
-58.0 886.0 1
273.0 691.0 1
595.0 223.0 1
313.0 836.0 1
400.0 816.0 1
605.0 628.0 1
431.0 502.0 1
497.0 924.0 1
488.0 478.0 1
647.0 120.0 1
8.0 984.0 1
257.0 605.0 1
48.0 103.0 1
541.0 874.0 1
621.0 783.0 1
717.0 209.0 1
