399.0 280.0 0
366.0 493.0 0
411.0 757.0 0
359.0 484.0 0
343.0 662.0 0
194.0 614.0 0
145.0 499.0 0
287.0 383.0 0
180.0 407.0 0
125.0 408.0 0
419.0 552.0 1
656.0 884.0 1
463.0 850.0 1
558.0 794.0 1
-19.0 361.0 1
643.0 428.0 1
722.0 423.0 1
76.0 920.0 1
370.0 135.0 1
14.0 770.0 1
524.0 590.0 1
166.0 92.0 1
450.0 95.0 1
394.0 442.0 1
102.0 719.0 1
227.0 944.0 1
327.0 245.0 1
229.0 737.0 1
738.0 806.0 1
660.0 903.0 1
488.0 192.0 1
-47.0 285.0 1
313.0 240.0 1
558.0 975.0 1
746.0 426.0 1
137.0 207.0 1
374.0 943.0 1
26.0 357.0 1
31.0 646.0 1
195.0 619.0 1
141.0 443.0 1
726.0 101.0 1
752.0 912.0 1
341.0 922.0 1
513.0 783.0 1
687.0 641.0 1
547.0 407.0 1
73.0 519.0 1
693.0 255.0 1
-39.0 966.0 1
603.0 103.0 1
719.0 496.0 1
242.0 808.0 1
624.0 322.0 1
183.0 212.0 1
485.0 831.0 1
752.0 214.0 1
69.0 215.0 1
-2.0 219.0 1
174.0 210.0 1
164.0 327.0 1
356.0 621.0 1
753.0 615.0 1
487.0 182.0 1
105.0 718.0 1
4.0 582.0 1
156.0 567.0 1
578.0 236.0 1
213.0 775.0 1
233.0 758.0 1
416.0 955.0 1
-60.0 176.0 1
446.0 913.0 1
566.0 342.0 1
101.0 701.0 1
21.0 194.0 1
756.0 619.0 1
598.0 165.0 1
-24.0 181.0 1
753.0 943.0 1
