175.0 87.0 0
117.0 116.0 0
-130.0 -69.0 0
117.0 -7.0 0
153.0 195.0 0
-164.0 -253.0 0
-109.0 -306.0 0
-89.0 -295.0 0
148.0 -127.0 0
264.0 266.0 0
-498.0 -86.0 1
504.0 217.0 1
518.0 297.0 1
-185.0 155.0 1
413.0 -120.0 1
-39.0 350.0 1
180.0 208.0 1
73.0 372.0 1
-162.0 -234.0 1
343.0 -324.0 1
494.0 344.0 1
457.0 26.0 1
526.0 -377.0 1
520.0 317.0 1
-452.0 -69.0 1
91.0 -243.0 1
431.0 163.0 1
-478.0 -306.0 1
-17.0 370.0 1
143.0 -280.0 1
361.0 7.0 1
271.0 1.0 1
-481.0 373.0 1
273.0 -282.0 1
-381.0 73.0 1
355.0 -107.0 1
-115.0 371.0 1
483.0 -410.0 1
-373.0 -123.0 1
87.0 121.0 1
-340.0 -283.0 1
478.0 351.0 1
329.0 -299.0 1
-141.0 131.0 1
118.0 404.0 1
83.0 -158.0 1
-478.0 -158.0 1
407.0 347.0 1
464.0 -225.0 1
-287.0 241.0 1
28.0 294.0 1
476.0 -54.0 1
212.0 -330.0 1
-98.0 -106.0 1
-431.0 -163.0 1
-258.0 -331.0 1
-346.0 -62.0 1
-281.0 -117.0 1
-158.0 364.0 1
-426.0 401.0 1
-135.0 -121.0 1
-189.0 216.0 1
-160.0 -412.0 1
369.0 -377.0 1
486.0 -394.0 1
-542.0 352.0 1
-272.0 53.0 1
-393.0 -154.0 1
-105.0 -52.0 1
-484.0 28.0 1
341.0 -104.0 1
-395.0 -114.0 1
474.0 272.0 1
-378.0 198.0 1
349.0 354.0 1
-401.0 -12.0 1
439.0 -75.0 1
130.0 -268.0 1
-4.0 379.0 1
-316.0 173.0 1
