329.0 210.0 0
-173.0 -240.0 0
-32.0 -226.0 0
234.0 249.0 0
-78.0 -189.0 0
32.0 -96.0 0
133.0 114.0 0
120.0 -20.0 0
-199.0 -62.0 0
-73.0 -144.0 0
-266.0 384.0 1
-322.0 -183.0 1
-501.0 246.0 1
263.0 403.0 1
528.0 394.0 1
336.0 274.0 1
-191.0 397.0 1
-427.0 18.0 1
-420.0 97.0 1
362.0 321.0 1
196.0 254.0 1
-405.0 -383.0 1
464.0 -43.0 1
-450.0 291.0 1
-256.0 -182.0 1
403.0 288.0 1
-422.0 295.0 1
-212.0 345.0 1
474.0 -356.0 1
-320.0 -202.0 1
471.0 -293.0 1
393.0 -382.0 1
-365.0 258.0 1
-79.0 41.0 1
-418.0 295.0 1
-161.0 -105.0 1
327.0 54.0 1
-24.0 -270.0 1
-87.0 52.0 1
-288.0 70.0 1
0.0 -362.0 1
-50.0 407.0 1
297.0 -294.0 1
342.0 186.0 1
-503.0 -21.0 1
-168.0 -234.0 1
-332.0 348.0 1
316.0 235.0 1
411.0 46.0 1
254.0 305.0 1
472.0 45.0 1
346.0 76.0 1
163.0 -195.0 1
-379.0 172.0 1
230.0 -58.0 1
-156.0 -183.0 1
-442.0 274.0 1
225.0 -283.0 1
145.0 -408.0 1
-457.0 7.0 1
-561.0 174.0 1
530.0 -78.0 1
-466.0 394.0 1
211.0 207.0 1
-380.0 77.0 1
-228.0 -189.0 1
-77.0 -348.0 1
-18.0 406.0 1
28.0 -139.0 1
-510.0 -331.0 1
13.0 -249.0 1
-175.0 41.0 1
136.0 297.0 1
244.0 103.0 1
-417.0 213.0 1
-100.0 165.0 1
-163.0 412.0 1
79.0 -230.0 1
-239.0 221.0 1
120.0 200.0 1
