-186.0 82.0 0
-139.0 113.0 0
-72.0 223.0 0
27.0 76.0 0
-226.0 75.0 0
-147.0 264.0 0
-73.0 -47.0 0
-87.0 -39.0 0
-136.0 172.0 0
-22.0 265.0 0
-409.0 -161.0 1
427.0 -277.0 1
-286.0 343.0 1
-142.0 -151.0 1
-433.0 -328.0 1
208.0 -254.0 1
40.0 -292.0 1
-294.0 -127.0 1
-226.0 97.0 1
408.0 -183.0 1
53.0 -92.0 1
143.0 -294.0 1
187.0 -244.0 1
-169.0 71.0 1
491.0 375.0 1
-434.0 83.0 1
4.0 -297.0 1
88.0 20.0 1
285.0 77.0 1
434.0 -232.0 1
-502.0 151.0 1
-541.0 327.0 1
-48.0 -397.0 1
-469.0 -116.0 1
-428.0 -82.0 1
146.0 -387.0 1
137.0 401.0 1
356.0 390.0 1
-230.0 136.0 1
504.0 391.0 1
-139.0 89.0 1
-367.0 -276.0 1
-344.0 201.0 1
405.0 -231.0 1
-403.0 -383.0 1
-207.0 85.0 1
412.0 135.0 1
-225.0 57.0 1
-291.0 263.0 1
-220.0 -236.0 1
-174.0 -214.0 1
-2.0 404.0 1
-440.0 -397.0 1
-386.0 -352.0 1
-467.0 90.0 1
514.0 370.0 1
308.0 265.0 1
65.0 233.0 1
-529.0 134.0 1
-436.0 86.0 1
-457.0 255.0 1
444.0 -173.0 1
-203.0 -43.0 1
81.0 -250.0 1
231.0 325.0 1
-204.0 -163.0 1
20.0 276.0 1
490.0 -408.0 1
-547.0 198.0 1
-538.0 229.0 1
-470.0 -212.0 1
-351.0 -385.0 1
178.0 28.0 1
-537.0 117.0 1
192.0 220.0 1
-433.0 23.0 1
368.0 -1.0 1
-234.0 302.0 1
52.0 -313.0 1
344.0 -116.0 1
