363.0 -242.0 0
-50.0 -311.0 0
-186.0 82.0 0
175.0 87.0 0
31.0 187.0 0
335.0 170.0 0
244.0 250.0 0
329.0 210.0 0
334.0 152.0 0
117.0 116.0 0
116.0 136.0 0
60.0 60.0 0
158.0 192.0 0
309.0 -146.0 0
33.0 129.0 0
-18.0 135.0 0
-90.0 99.0 0
-138.0 -63.0 0
-68.0 157.0 0
-37.0 105.0 0
-173.0 -240.0 0
-139.0 113.0 0
-72.0 223.0 0
-109.0 267.0 0
234.0 -237.0 0
-130.0 -69.0 0
-332.0 -61.0 0
27.0 76.0 0
314.0 193.0 0
117.0 -7.0 0
101.0 186.0 0
-86.0 21.0 0
223.0 96.0 0
189.0 35.0 0
-305.0 -74.0 0
-391.0 53.0 0
83.0 173.0 0
105.0 24.0 0
259.0 -133.0 0
-327.0 19.0 0
-222.0 7.0 0
-170.0 76.0 0
-127.0 -196.0 0
334.0 258.0 0
-226.0 75.0 0
-32.0 -226.0 0
234.0 249.0 0
-147.0 264.0 0
153.0 195.0 0
-73.0 -47.0 0
-135.0 -239.0 0
-78.0 -189.0 0
-115.0 185.0 0
8.0 -255.0 0
-164.0 -253.0 0
-109.0 -306.0 0
160.0 9.0 0
-89.0 -295.0 0
-102.0 110.0 0
8.0 -250.0 0
154.0 195.0 0
-163.0 212.0 0
61.0 -63.0 0
148.0 -127.0 0
-299.0 79.0 0
32.0 -29.0 0
32.0 -96.0 0
275.0 -214.0 0
98.0 -53.0 0
222.0 -141.0 0
19.0 -203.0 0
-120.0 94.0 0
171.0 -116.0 0
303.0 -208.0 0
133.0 114.0 0
-87.0 -39.0 0
120.0 -20.0 0
-99.0 -384.0 0
135.0 29.0 0
-176.0 -268.0 0
-199.0 -62.0 0
-96.0 -18.0 0
264.0 266.0 0
-373.0 13.0 0
-136.0 172.0 0
218.0 -59.0 0
-73.0 -144.0 0
-230.0 67.0 0
-22.0 265.0 0
-132.0 357.0 0
40.0 152.0 1
-266.0 384.0 1
200.0 193.0 1
-498.0 -86.0 1
112.0 208.0 1
-22.0 238.0 1
504.0 217.0 1
418.0 -257.0 1
-249.0 349.0 1
-275.0 378.0 1
-422.0 333.0 1
251.0 -270.0 1
518.0 297.0 1
-186.0 -348.0 1
-409.0 -161.0 1
-325.0 -206.0 1
-533.0 -388.0 1
-403.0 -298.0 1
-322.0 -183.0 1
481.0 52.0 1
86.0 -139.0 1
-466.0 -17.0 1
160.0 -369.0 1
-161.0 346.0 1
266.0 -320.0 1
528.0 367.0 1
109.0 -292.0 1
-501.0 246.0 1
-385.0 -405.0 1
263.0 403.0 1
-396.0 110.0 1
496.0 311.0 1
428.0 66.0 1
465.0 342.0 1
-420.0 -36.0 1
348.0 141.0 1
-442.0 51.0 1
324.0 -395.0 1
427.0 -277.0 1
528.0 394.0 1
-185.0 155.0 1
233.0 294.0 1
-140.0 -284.0 1
-366.0 73.0 1
336.0 274.0 1
-286.0 343.0 1
-191.0 397.0 1
-142.0 -151.0 1
-249.0 -189.0 1
291.0 -7.0 1
452.0 -133.0 1
-361.0 116.0 1
-427.0 18.0 1
-351.0 -42.0 1
-433.0 -328.0 1
-420.0 97.0 1
441.0 -174.0 1
208.0 -254.0 1
413.0 -120.0 1
362.0 321.0 1
312.0 102.0 1
34.0 274.0 1
-363.0 174.0 1
40.0 -292.0 1
-243.0 84.0 1
-14.0 214.0 1
-554.0 -41.0 1
275.0 337.0 1
-39.0 350.0 1
257.0 118.0 1
43.0 -357.0 1
-294.0 -127.0 1
196.0 254.0 1
180.0 208.0 1
-102.0 48.0 1
-446.0 -117.0 1
81.0 239.0 1
-405.0 -383.0 1
-386.0 175.0 1
464.0 -43.0 1
73.0 372.0 1
-226.0 97.0 1
209.0 379.0 1
-450.0 291.0 1
-183.0 -264.0 1
-162.0 -234.0 1
526.0 228.0 1
408.0 -183.0 1
-256.0 -182.0 1
343.0 -324.0 1
494.0 344.0 1
-346.0 175.0 1
53.0 -92.0 1
533.0 54.0 1
211.0 328.0 1
327.0 190.0 1
-287.0 89.0 1
315.0 380.0 1
-480.0 -337.0 1
-21.0 195.0 1
504.0 -387.0 1
143.0 -294.0 1
-490.0 -309.0 1
-3.0 353.0 1
498.0 226.0 1
-264.0 138.0 1
99.0 -193.0 1
26.0 -247.0 1
187.0 -244.0 1
-348.0 384.0 1
-182.0 -81.0 1
150.0 -2.0 1
-374.0 279.0 1
-76.0 -374.0 1
-226.0 -267.0 1
354.0 379.0 1
457.0 26.0 1
330.0 -197.0 1
526.0 -377.0 1
-571.0 40.0 1
330.0 -278.0 1
-362.0 -27.0 1
403.0 288.0 1
23.0 212.0 1
520.0 317.0 1
-389.0 -291.0 1
445.0 358.0 1
420.0 337.0 1
198.0 227.0 1
-422.0 295.0 1
199.0 -287.0 1
-116.0 -81.0 1
-212.0 345.0 1
-169.0 71.0 1
-532.0 -97.0 1
-8.0 3.0 1
491.0 375.0 1
474.0 -356.0 1
372.0 -258.0 1
-297.0 99.0 1
-484.0 18.0 1
-452.0 -69.0 1
504.0 -261.0 1
1.0 138.0 1
-434.0 83.0 1
4.0 -297.0 1
-332.0 183.0 1
-306.0 113.0 1
365.0 86.0 1
417.0 362.0 1
-402.0 349.0 1
-320.0 -202.0 1
-512.0 377.0 1
-531.0 81.0 1
-302.0 261.0 1
-442.0 -377.0 1
-567.0 -214.0 1
-173.0 -359.0 1
88.0 20.0 1
-491.0 -294.0 1
-428.0 -224.0 1
471.0 -293.0 1
-472.0 55.0 1
285.0 77.0 1
137.0 350.0 1
532.0 116.0 1
-208.0 -63.0 1
434.0 -232.0 1
-174.0 202.0 1
-502.0 151.0 1
377.0 6.0 1
91.0 -243.0 1
431.0 163.0 1
285.0 401.0 1
-478.0 -306.0 1
-293.0 124.0 1
-509.0 154.0 1
-541.0 327.0 1
-254.0 -282.0 1
-17.0 370.0 1
-257.0 340.0 1
-511.0 -43.0 1
393.0 -382.0 1
-171.0 201.0 1
-384.0 -349.0 1
388.0 -36.0 1
-365.0 258.0 1
453.0 138.0 1
-79.0 41.0 1
-416.0 110.0 1
143.0 -280.0 1
-395.0 -81.0 1
-546.0 339.0 1
-510.0 67.0 1
361.0 7.0 1
271.0 1.0 1
-437.0 298.0 1
-508.0 233.0 1
280.0 -266.0 1
-48.0 -48.0 1
57.0 -212.0 1
420.0 349.0 1
46.0 -128.0 1
-418.0 295.0 1
11.0 63.0 1
-291.0 -271.0 1
-48.0 -397.0 1
446.0 312.0 1
-384.0 -195.0 1
-481.0 373.0 1
374.0 -203.0 1
273.0 -282.0 1
-469.0 -116.0 1
-381.0 73.0 1
-417.0 266.0 1
-272.0 -159.0 1
-161.0 -105.0 1
88.0 251.0 1
-428.0 -82.0 1
423.0 -1.0 1
108.0 -272.0 1
449.0 53.0 1
-317.0 403.0 1
355.0 -107.0 1
-331.0 -131.0 1
327.0 54.0 1
-229.0 -357.0 1
-115.0 371.0 1
349.0 -177.0 1
146.0 -387.0 1
137.0 401.0 1
-310.0 -162.0 1
-63.0 355.0 1
356.0 390.0 1
483.0 -410.0 1
-555.0 11.0 1
457.0 10.0 1
-434.0 17.0 1
-417.0 336.0 1
247.0 -94.0 1
-230.0 136.0 1
504.0 391.0 1
-373.0 -123.0 1
-522.0 -258.0 1
353.0 -185.0 1
-507.0 -324.0 1
-173.0 -406.0 1
-537.0 348.0 1
238.0 -276.0 1
-416.0 348.0 1
87.0 121.0 1
245.0 111.0 1
-340.0 -283.0 1
-158.0 374.0 1
-139.0 89.0 1
374.0 -200.0 1
453.0 187.0 1
-24.0 -270.0 1
62.0 -332.0 1
-424.0 -77.0 1
-87.0 52.0 1
-288.0 70.0 1
478.0 351.0 1
-190.0 142.0 1
-175.0 209.0 1
297.0 -342.0 1
-254.0 -136.0 1
-370.0 -215.0 1
411.0 304.0 1
350.0 193.0 1
281.0 385.0 1
-367.0 -276.0 1
-31.0 295.0 1
329.0 -299.0 1
-426.0 314.0 1
95.0 397.0 1
0.0 -362.0 1
-352.0 -35.0 1
-50.0 407.0 1
331.0 308.0 1
-141.0 131.0 1
118.0 404.0 1
83.0 -158.0 1
424.0 -53.0 1
502.0 9.0 1
-344.0 201.0 1
-149.0 -286.0 1
268.0 307.0 1
405.0 -231.0 1
492.0 -23.0 1
-403.0 -383.0 1
-501.0 -122.0 1
107.0 -320.0 1
385.0 384.0 1
297.0 -294.0 1
301.0 122.0 1
-264.0 328.0 1
-126.0 -233.0 1
-326.0 56.0 1
-478.0 -158.0 1
-462.0 -9.0 1
465.0 136.0 1
342.0 186.0 1
275.0 45.0 1
410.0 -366.0 1
453.0 395.0 1
331.0 -147.0 1
-503.0 -21.0 1
-358.0 -47.0 1
-368.0 64.0 1
199.0 -316.0 1
-207.0 85.0 1
412.0 135.0 1
462.0 32.0 1
475.0 42.0 1
397.0 -323.0 1
-225.0 57.0 1
-166.0 -351.0 1
28.0 139.0 1
-476.0 -406.0 1
-168.0 -234.0 1
-54.0 -332.0 1
-341.0 203.0 1
407.0 347.0 1
-154.0 66.0 1
-424.0 -318.0 1
121.0 -341.0 1
525.0 408.0 1
-181.0 154.0 1
302.0 254.0 1
-426.0 -244.0 1
-291.0 263.0 1
-332.0 348.0 1
517.0 -413.0 1
464.0 -225.0 1
-287.0 241.0 1
316.0 235.0 1
-217.0 258.0 1
71.0 -391.0 1
159.0 273.0 1
-185.0 -317.0 1
455.0 33.0 1
411.0 46.0 1
254.0 305.0 1
-220.0 -236.0 1
480.0 162.0 1
-285.0 -162.0 1
-238.0 -389.0 1
504.0 -375.0 1
-144.0 -156.0 1
-174.0 -214.0 1
-165.0 -131.0 1
366.0 258.0 1
271.0 147.0 1
-410.0 90.0 1
370.0 -387.0 1
-217.0 389.0 1
312.0 -9.0 1
-191.0 44.0 1
-123.0 -62.0 1
28.0 294.0 1
94.0 177.0 1
-124.0 -95.0 1
188.0 385.0 1
-2.0 404.0 1
476.0 -54.0 1
330.0 -183.0 1
212.0 -330.0 1
472.0 45.0 1
-440.0 -397.0 1
346.0 76.0 1
45.0 276.0 1
270.0 -29.0 1
163.0 -195.0 1
-191.0 243.0 1
-386.0 -352.0 1
303.0 -81.0 1
470.0 -118.0 1
-379.0 172.0 1
-327.0 -209.0 1
-467.0 90.0 1
-506.0 -57.0 1
-414.0 360.0 1
15.0 -320.0 1
514.0 370.0 1
-98.0 -106.0 1
-261.0 -362.0 1
311.0 395.0 1
207.0 -287.0 1
-431.0 -163.0 1
-474.0 -344.0 1
-258.0 -331.0 1
-314.0 -90.0 1
-493.0 -81.0 1
-451.0 274.0 1
-529.0 151.0 1
-144.0 169.0 1
0.0 -213.0 1
308.0 265.0 1
-255.0 -294.0 1
-169.0 63.0 1
-207.0 260.0 1
-443.0 201.0 1
65.0 233.0 1
-377.0 97.0 1
230.0 -58.0 1
-436.0 156.0 1
-156.0 -183.0 1
-542.0 4.0 1
-503.0 254.0 1
-529.0 134.0 1
-412.0 -27.0 1
-346.0 -62.0 1
359.0 -79.0 1
-472.0 -410.0 1
-442.0 274.0 1
-436.0 86.0 1
-281.0 -117.0 1
227.0 -31.0 1
393.0 -30.0 1
-381.0 -170.0 1
-140.0 -335.0 1
269.0 -100.0 1
354.0 -243.0 1
-158.0 364.0 1
-447.0 247.0 1
52.0 -145.0 1
-237.0 322.0 1
513.0 93.0 1
239.0 280.0 1
225.0 -283.0 1
275.0 300.0 1
-426.0 401.0 1
-457.0 255.0 1
-160.0 218.0 1
388.0 60.0 1
-52.0 -382.0 1
-135.0 -121.0 1
145.0 -408.0 1
-226.0 -343.0 1
-459.0 272.0 1
285.0 140.0 1
186.0 79.0 1
-231.0 -302.0 1
-372.0 -18.0 1
-518.0 318.0 1
129.0 260.0 1
464.0 368.0 1
-402.0 -40.0 1
112.0 311.0 1
268.0 -111.0 1
-148.0 102.0 1
444.0 -173.0 1
-203.0 -43.0 1
330.0 379.0 1
-230.0 334.0 1
81.0 -250.0 1
-341.0 182.0 1
-457.0 7.0 1
398.0 331.0 1
-168.0 40.0 1
-490.0 57.0 1
-543.0 66.0 1
-542.0 -34.0 1
-154.0 -55.0 1
-499.0 294.0 1
225.0 -22.0 1
333.0 -72.0 1
-180.0 -153.0 1
225.0 397.0 1
-189.0 216.0 1
-202.0 104.0 1
-160.0 -412.0 1
-241.0 -139.0 1
369.0 -377.0 1
186.0 -63.0 1
-388.0 -44.0 1
486.0 157.0 1
-561.0 174.0 1
-139.0 97.0 1
530.0 -78.0 1
-555.0 315.0 1
-187.0 -402.0 1
95.0 -162.0 1
231.0 325.0 1
-236.0 -411.0 1
172.0 -68.0 1
-507.0 -131.0 1
27.0 233.0 1
-466.0 394.0 1
211.0 207.0 1
131.0 359.0 1
-213.0 189.0 1
-432.0 -55.0 1
491.0 302.0 1
-380.0 77.0 1
420.0 200.0 1
210.0 -382.0 1
-511.0 -243.0 1
-204.0 -163.0 1
-368.0 100.0 1
114.0 -280.0 1
-243.0 413.0 1
-33.0 -288.0 1
165.0 -14.0 1
486.0 -394.0 1
-257.0 -341.0 1
-166.0 260.0 1
-104.0 -121.0 1
-228.0 -189.0 1
-462.0 -108.0 1
89.0 -299.0 1
-77.0 -348.0 1
-18.0 406.0 1
28.0 -139.0 1
-510.0 -331.0 1
-542.0 352.0 1
68.0 347.0 1
-272.0 53.0 1
-90.0 367.0 1
35.0 -326.0 1
76.0 -164.0 1
302.0 -183.0 1
13.0 -249.0 1
0.0 178.0 1
488.0 -412.0 1
-393.0 -154.0 1
-105.0 -52.0 1
-484.0 28.0 1
-175.0 41.0 1
-189.0 256.0 1
-227.0 303.0 1
20.0 276.0 1
476.0 358.0 1
-485.0 -175.0 1
-397.0 -201.0 1
-250.0 -85.0 1
89.0 -396.0 1
-353.0 358.0 1
392.0 -343.0 1
-134.0 340.0 1
-376.0 188.0 1
375.0 -203.0 1
490.0 -408.0 1
-132.0 -317.0 1
-295.0 372.0 1
-404.0 36.0 1
-311.0 114.0 1
-6.0 334.0 1
-301.0 92.0 1
70.0 -252.0 1
341.0 -104.0 1
89.0 275.0 1
-500.0 -331.0 1
452.0 273.0 1
-60.0 -329.0 1
-134.0 -119.0 1
229.0 -77.0 1
-395.0 -114.0 1
144.0 -196.0 1
-547.0 198.0 1
-50.0 338.0 1
6.0 242.0 1
474.0 272.0 1
86.0 403.0 1
-538.0 229.0 1
-378.0 198.0 1
149.0 23.0 1
-565.0 -371.0 1
-470.0 -212.0 1
-351.0 -385.0 1
136.0 297.0 1
475.0 -179.0 1
349.0 354.0 1
244.0 103.0 1
486.0 222.0 1
178.0 28.0 1
-417.0 213.0 1
-537.0 117.0 1
-100.0 165.0 1
-401.0 -12.0 1
272.0 -116.0 1
290.0 -369.0 1
-163.0 412.0 1
79.0 -230.0 1
-460.0 245.0 1
223.0 -246.0 1
317.0 -341.0 1
-239.0 221.0 1
-499.0 -50.0 1
-115.0 379.0 1
136.0 22.0 1
-390.0 -231.0 1
192.0 220.0 1
263.0 69.0 1
213.0 266.0 1
345.0 -404.0 1
164.0 -300.0 1
109.0 133.0 1
-450.0 180.0 1
525.0 360.0 1
-145.0 192.0 1
439.0 -75.0 1
164.0 -389.0 1
-513.0 152.0 1
-125.0 403.0 1
532.0 157.0 1
130.0 -268.0 1
294.0 256.0 1
-4.0 379.0 1
472.0 209.0 1
410.0 -247.0 1
208.0 -14.0 1
-433.0 23.0 1
46.0 350.0 1
360.0 227.0 1
120.0 200.0 1
368.0 -1.0 1
363.0 135.0 1
-509.0 86.0 1
362.0 -71.0 1
-234.0 302.0 1
12.0 -316.0 1
-419.0 187.0 1
404.0 150.0 1
53.0 -128.0 1
52.0 -313.0 1
344.0 -116.0 1
-316.0 173.0 1
-129.0 282.0 1
