-109.0 267.0 0
-99.0 -384.0 0
-199.0 -62.0 0
31.0 187.0 0
334.0 258.0 0
-87.0 -39.0 0
-86.0 21.0 0
32.0 -96.0 0
299.0 -109.0 0
-90.0 99.0 0
153.0 195.0 0
-186.0 82.0 0
105.0 24.0 0
-147.0 264.0 0
-127.0 -196.0 0
158.0 192.0 0
218.0 -59.0 0
234.0 -237.0 0
-32.0 -226.0 0
8.0 -250.0 0
-498.0 -86.0 1
26.0 -247.0 1
-417.0 266.0 1
-297.0 99.0 1
227.0 -31.0 1
-163.0 412.0 1
254.0 305.0 1
492.0 -23.0 1
353.0 -185.0 1
330.0 -278.0 1
410.0 -247.0 1
28.0 -139.0 1
-367.0 -276.0 1
-484.0 18.0 1
-501.0 246.0 1
-191.0 243.0 1
502.0 9.0 1
294.0 256.0 1
396.0 16.0 1
200.0 193.0 1
-513.0 152.0 1
-226.0 -343.0 1
88.0 251.0 1
317.0 -341.0 1
-254.0 -282.0 1
424.0 -53.0 1
398.0 331.0 1
476.0 358.0 1
79.0 -230.0 1
514.0 370.0 1
-402.0 -40.0 1
348.0 141.0 1
486.0 -394.0 1
331.0 308.0 1
-442.0 -377.0 1
108.0 -272.0 1
-149.0 -286.0 1
-63.0 355.0 1
-286.0 343.0 1
-424.0 -77.0 1
-446.0 -117.0 1
397.0 -323.0 1
477.0 119.0 1
-484.0 28.0 1
-493.0 -81.0 1
187.0 -70.0 1
-470.0 -212.0 1
-207.0 260.0 1
-239.0 221.0 1
-426.0 314.0 1
-420.0 97.0 1
388.0 60.0 1
303.0 -81.0 1
-460.0 245.0 1
328.0 7.0 1
462.0 32.0 1
-474.0 -344.0 1
263.0 69.0 1
137.0 401.0 1
120.0 200.0 1
-377.0 97.0 1
-134.0 -119.0 1
285.0 140.0 1
-404.0 36.0 1
-422.0 333.0 1
208.0 -254.0 1
496.0 -377.0 1
34.0 274.0 1
-542.0 352.0 1
-466.0 394.0 1
413.0 -120.0 1
486.0 222.0 1
475.0 42.0 1
-129.0 282.0 1
-397.0 -201.0 1
28.0 139.0 1
-542.0 -34.0 1
149.0 23.0 1
-234.0 302.0 1
-166.0 -351.0 1
-509.0 154.0 1
43.0 -357.0 1
-230.0 334.0 1
-326.0 56.0 1
251.0 -270.0 1
330.0 379.0 1
-341.0 203.0 1
-123.0 -62.0 1
0.0 176.0 1
341.0 -104.0 1
-222.0 49.0 1
-396.0 110.0 1
417.0 163.0 1
533.0 54.0 1
52.0 -313.0 1
349.0 354.0 1
-351.0 -42.0 1
-2.0 404.0 1
-254.0 -136.0 1
99.0 -193.0 1
-126.0 -233.0 1
-317.0 403.0 1
374.0 -200.0 1
-225.0 57.0 1
137.0 350.0 1
163.0 -195.0 1
-165.0 -131.0 1
-376.0 188.0 1
-213.0 189.0 1
496.0 311.0 1
266.0 -320.0 1
-478.0 -306.0 1
417.0 362.0 1
45.0 276.0 1
-384.0 -195.0 1
-346.0 -62.0 1
-322.0 -183.0 1
160.0 -369.0 1
-48.0 -397.0 1
-436.0 156.0 1
-507.0 -324.0 1
-125.0 403.0 1
-154.0 66.0 1
121.0 -341.0 1
-24.0 -270.0 1
525.0 360.0 1
-208.0 -63.0 1
-124.0 -95.0 1
459.0 -258.0 1
-98.0 -106.0 1
-451.0 274.0 1
-424.0 -318.0 1
-357.0 -240.0 1
-100.0 165.0 1
-173.0 -406.0 1
-18.0 406.0 1
-217.0 258.0 1
4.0 -297.0 1
263.0 403.0 1
302.0 -183.0 1
