-163.0 212.0 0
-164.0 -253.0 0
-222.0 7.0 0
153.0 195.0 0
223.0 96.0 0
-18.0 135.0 0
8.0 -250.0 0
259.0 -133.0 0
-87.0 -39.0 0
-186.0 82.0 0
-542.0 -34.0 1
4.0 -297.0 1
-447.0 247.0 1
-272.0 53.0 1
312.0 -9.0 1
-115.0 379.0 1
275.0 337.0 1
439.0 -75.0 1
374.0 -200.0 1
343.0 -314.0 1
441.0 -174.0 1
53.0 -92.0 1
-393.0 -285.0 1
-452.0 -69.0 1
-561.0 174.0 1
-189.0 256.0 1
408.0 -67.0 1
360.0 227.0 1
368.0 -1.0 1
159.0 273.0 1
-254.0 -282.0 1
369.0 -377.0 1
452.0 273.0 1
504.0 391.0 1
40.0 -292.0 1
504.0 -387.0 1
-476.0 -406.0 1
121.0 -341.0 1
-126.0 -233.0 1
-3.0 353.0 1
-264.0 328.0 1
-402.0 -40.0 1
453.0 187.0 1
-543.0 66.0 1
272.0 -116.0 1
-462.0 -108.0 1
-145.0 192.0 1
-344.0 201.0 1
-450.0 291.0 1
411.0 46.0 1
404.0 150.0 1
301.0 122.0 1
281.0 385.0 1
87.0 121.0 1
-368.0 100.0 1
-180.0 -153.0 1
-420.0 97.0 1
-466.0 394.0 1
238.0 -276.0 1
-555.0 315.0 1
518.0 297.0 1
-542.0 -317.0 1
-357.0 -240.0 1
-513.0 152.0 1
-8.0 3.0 1
-261.0 -362.0 1
145.0 -408.0 1
392.0 -343.0 1
349.0 354.0 1
-98.0 -106.0 1
-225.0 57.0 1
34.0 274.0 1
-230.0 136.0 1
-285.0 -162.0 1
-175.0 -40.0 1
-352.0 -35.0 1
-320.0 -202.0 1
12.0 -316.0 1
-14.0 214.0 1
-230.0 334.0 1
