31.0 187.0 0
117.0 116.0 0
116.0 136.0 0
158.0 192.0 0
33.0 129.0 0
-18.0 135.0 0
-68.0 157.0 0
234.0 -237.0 0
27.0 76.0 0
117.0 -7.0 0
101.0 186.0 0
-86.0 21.0 0
105.0 24.0 0
-127.0 -196.0 0
-226.0 75.0 0
234.0 249.0 0
-147.0 264.0 0
-109.0 -306.0 0
-102.0 110.0 0
-14.0 13.0 0
504.0 217.0 1
251.0 -270.0 1
-325.0 -206.0 1
-322.0 -183.0 1
266.0 -320.0 1
528.0 367.0 1
109.0 -292.0 1
496.0 311.0 1
324.0 -395.0 1
427.0 -277.0 1
-185.0 155.0 1
-249.0 -189.0 1
208.0 -254.0 1
257.0 118.0 1
-386.0 175.0 1
209.0 379.0 1
-450.0 291.0 1
-183.0 -264.0 1
-433.0 -107.0 1
408.0 -183.0 1
360.0 67.0 1
343.0 -324.0 1
53.0 -92.0 1
327.0 190.0 1
-480.0 -337.0 1
-21.0 195.0 1
143.0 -294.0 1
-3.0 353.0 1
-264.0 138.0 1
99.0 -193.0 1
187.0 -244.0 1
-348.0 384.0 1
-76.0 -374.0 1
330.0 -197.0 1
-571.0 40.0 1
23.0 212.0 1
420.0 337.0 1
-422.0 295.0 1
-532.0 -97.0 1
491.0 375.0 1
372.0 -258.0 1
504.0 -261.0 1
-306.0 113.0 1
-512.0 377.0 1
-491.0 -294.0 1
285.0 401.0 1
-293.0 124.0 1
-509.0 154.0 1
-254.0 -282.0 1
-511.0 -43.0 1
-171.0 201.0 1
-365.0 258.0 1
453.0 138.0 1
143.0 -280.0 1
57.0 -212.0 1
374.0 -203.0 1
88.0 251.0 1
423.0 -1.0 1
137.0 401.0 1
457.0 10.0 1
-434.0 17.0 1
504.0 391.0 1
-173.0 -406.0 1
-158.0 374.0 1
62.0 -332.0 1
-424.0 -77.0 1
-288.0 70.0 1
478.0 351.0 1
297.0 -342.0 1
-254.0 -136.0 1
118.0 404.0 1
502.0 9.0 1
-501.0 -122.0 1
107.0 -320.0 1
479.0 94.0 1
275.0 -257.0 1
-126.0 -233.0 1
482.0 351.0 1
-462.0 -9.0 1
199.0 -316.0 1
-207.0 85.0 1
475.0 42.0 1
397.0 -323.0 1
407.0 347.0 1
121.0 -341.0 1
-181.0 154.0 1
302.0 254.0 1
-46.0 344.0 1
-332.0 348.0 1
-287.0 241.0 1
-393.0 -285.0 1
71.0 -391.0 1
-220.0 -236.0 1
480.0 162.0 1
-285.0 -162.0 1
-238.0 -389.0 1
504.0 -375.0 1
-174.0 -214.0 1
-410.0 90.0 1
94.0 177.0 1
188.0 385.0 1
476.0 -54.0 1
-386.0 -352.0 1
-379.0 172.0 1
-506.0 -57.0 1
311.0 395.0 1
207.0 -287.0 1
-474.0 -344.0 1
-314.0 -90.0 1
-493.0 -81.0 1
-144.0 169.0 1
-255.0 -294.0 1
13.0 -184.0 1
-169.0 63.0 1
-443.0 201.0 1
-542.0 -317.0 1
-436.0 156.0 1
-503.0 254.0 1
359.0 -79.0 1
-136.0 -61.0 1
225.0 -283.0 1
-426.0 401.0 1
-457.0 255.0 1
-459.0 272.0 1
285.0 140.0 1
-372.0 -18.0 1
0.0 176.0 1
-518.0 318.0 1
129.0 260.0 1
-542.0 -34.0 1
333.0 -72.0 1
-202.0 104.0 1
-160.0 -412.0 1
-241.0 -139.0 1
186.0 -63.0 1
-561.0 174.0 1
-139.0 97.0 1
530.0 -78.0 1
95.0 -162.0 1
27.0 233.0 1
