-68.0 157.0 0
-109.0 -306.0 0
-332.0 -61.0 0
101.0 186.0 0
234.0 249.0 0
-138.0 -63.0 0
50.0 17.0 0
19.0 -203.0 0
275.0 -214.0 0
-37.0 105.0 0
175.0 87.0 0
-230.0 67.0 0
117.0 -7.0 0
-132.0 357.0 0
-164.0 -253.0 0
189.0 35.0 0
193.0 -53.0 0
335.0 170.0 0
-73.0 -144.0 0
-391.0 53.0 0
-499.0 -50.0 1
13.0 -184.0 1
-419.0 187.0 1
-288.0 70.0 1
271.0 1.0 1
-158.0 374.0 1
211.0 328.0 1
476.0 -54.0 1
330.0 -197.0 1
372.0 -258.0 1
405.0 -231.0 1
53.0 -128.0 1
-384.0 -349.0 1
-462.0 -9.0 1
-547.0 198.0 1
-175.0 209.0 1
525.0 -191.0 1
302.0 254.0 1
388.0 -36.0 1
198.0 227.0 1
-529.0 151.0 1
-231.0 -302.0 1
136.0 297.0 1
320.0 -388.0 1
-257.0 -341.0 1
420.0 -4.0 1
411.0 304.0 1
464.0 368.0 1
81.0 -250.0 1
504.0 391.0 1
-412.0 -27.0 1
342.0 186.0 1
488.0 -412.0 1
275.0 300.0 1
-403.0 -383.0 1
143.0 -280.0 1
-140.0 -335.0 1
-50.0 338.0 1
-266.0 384.0 1
-395.0 -114.0 1
-432.0 -55.0 1
343.0 -314.0 1
486.0 157.0 1
-472.0 55.0 1
-507.0 -131.0 1
230.0 -58.0 1
-485.0 -175.0 1
-189.0 256.0 1
-291.0 263.0 1
-422.0 295.0 1
-436.0 86.0 1
365.0 86.0 1
268.0 -111.0 1
-499.0 294.0 1
368.0 -1.0 1
455.0 33.0 1
-500.0 -331.0 1
244.0 103.0 1
209.0 379.0 1
94.0 177.0 1
-381.0 73.0 1
-144.0 -156.0 1
275.0 45.0 1
-434.0 17.0 1
-416.0 348.0 1
199.0 -287.0 1
504.0 -375.0 1
23.0 212.0 1
-481.0 373.0 1
-541.0 327.0 1
444.0 -173.0 1
498.0 226.0 1
439.0 107.0 1
-145.0 192.0 1
-426.0 -244.0 1
87.0 121.0 1
-534.0 6.0 1
150.0 -2.0 1
-227.0 303.0 1
-186.0 -348.0 1
-543.0 66.0 1
89.0 -396.0 1
-191.0 397.0 1
-306.0 113.0 1
275.0 -257.0 1
315.0 380.0 1
-332.0 183.0 1
-105.0 -52.0 1
1.0 138.0 1
355.0 -107.0 1
-175.0 41.0 1
-416.0 110.0 1
453.0 187.0 1
513.0 93.0 1
109.0 -292.0 1
336.0 274.0 1
-358.0 -47.0 1
-4.0 379.0 1
-256.0 -182.0 1
83.0 -158.0 1
-168.0 -234.0 1
-353.0 358.0 1
427.0 -277.0 1
-226.0 97.0 1
213.0 266.0 1
208.0 21.0 1
-180.0 -153.0 1
-370.0 274.0 1
-181.0 154.0 1
452.0 273.0 1
223.0 -246.0 1
-472.0 -410.0 1
357.0 391.0 1
68.0 347.0 1
-409.0 -161.0 1
-331.0 -131.0 1
-327.0 -209.0 1
164.0 -300.0 1
-77.0 -348.0 1
-450.0 180.0 1
-522.0 -258.0 1
-115.0 379.0 1
-139.0 89.0 1
145.0 -408.0 1
-13.0 -322.0 1
525.0 408.0 1
-175.0 -40.0 1
-250.0 -85.0 1
461.0 -254.0 1
8.0 -122.0 1
-379.0 172.0 1
-542.0 -317.0 1
-340.0 -283.0 1
-87.0 52.0 1
-238.0 -389.0 1
86.0 403.0 1
-22.0 238.0 1
-393.0 -285.0 1
478.0 351.0 1
393.0 -382.0 1
