-109.0 267.0 0
-99.0 -384.0 0
-199.0 -62.0 0
31.0 187.0 0
334.0 258.0 0
-86.0 21.0 0
32.0 -96.0 0
299.0 -109.0 0
135.0 29.0 0
-150.0 144.0 0
-498.0 -86.0 1
26.0 -247.0 1
-417.0 266.0 1
-297.0 99.0 1
227.0 -31.0 1
-163.0 412.0 1
254.0 305.0 1
492.0 -23.0 1
353.0 -185.0 1
378.0 -286.0 1
427.0 -277.0 1
28.0 -139.0 1
-367.0 -276.0 1
-484.0 18.0 1
-501.0 246.0 1
-191.0 243.0 1
502.0 9.0 1
294.0 256.0 1
396.0 16.0 1
200.0 193.0 1
-226.0 -343.0 1
317.0 -341.0 1
398.0 331.0 1
476.0 358.0 1
91.0 -243.0 1
486.0 -394.0 1
-424.0 -318.0 1
109.0 -292.0 1
-149.0 -286.0 1
-63.0 355.0 1
-286.0 343.0 1
-424.0 -77.0 1
477.0 119.0 1
-467.0 90.0 1
186.0 -63.0 1
-469.0 -116.0 1
-129.0 282.0 1
-239.0 221.0 1
-426.0 314.0 1
388.0 60.0 1
439.0 107.0 1
263.0 69.0 1
137.0 350.0 1
88.0 251.0 1
-377.0 97.0 1
-134.0 -119.0 1
-401.0 -12.0 1
-371.0 371.0 1
208.0 -254.0 1
-518.0 318.0 1
526.0 228.0 1
-490.0 -309.0 1
-397.0 -201.0 1
-554.0 -41.0 1
136.0 22.0 1
-183.0 -264.0 1
99.0 -348.0 1
266.0 -320.0 1
356.0 390.0 1
504.0 -261.0 1
-222.0 49.0 1
45.0 276.0 1
-139.0 89.0 1
-254.0 -136.0 1
-154.0 -55.0 1
-346.0 175.0 1
-281.0 -117.0 1
-60.0 -329.0 1
0.0 176.0 1
525.0 360.0 1
