309.0 -146.0 0
-18.0 135.0 0
234.0 -237.0 0
189.0 35.0 0
334.0 258.0 0
160.0 9.0 0
-102.0 110.0 0
154.0 195.0 0
-163.0 212.0 0
303.0 -208.0 0
418.0 -257.0 1
481.0 52.0 1
-161.0 346.0 1
496.0 311.0 1
-420.0 -36.0 1
348.0 141.0 1
-361.0 116.0 1
-351.0 -42.0 1
312.0 102.0 1
43.0 -357.0 1
533.0 54.0 1
-21.0 195.0 1
-264.0 138.0 1
-348.0 384.0 1
-226.0 -267.0 1
330.0 -197.0 1
330.0 -278.0 1
23.0 212.0 1
-389.0 -291.0 1
420.0 337.0 1
-116.0 -81.0 1
504.0 -261.0 1
365.0 86.0 1
-531.0 81.0 1
-472.0 55.0 1
-208.0 -63.0 1
377.0 6.0 1
-48.0 -48.0 1
108.0 -272.0 1
-317.0 403.0 1
-63.0 355.0 1
453.0 187.0 1
297.0 -342.0 1
331.0 308.0 1
301.0 122.0 1
199.0 -316.0 1
-154.0 66.0 1
-424.0 -318.0 1
470.0 -118.0 1
-261.0 -362.0 1
0.0 -213.0 1
-443.0 201.0 1
-436.0 156.0 1
-412.0 -27.0 1
-472.0 -410.0 1
354.0 -243.0 1
-447.0 247.0 1
52.0 -145.0 1
513.0 93.0 1
275.0 300.0 1
-52.0 -382.0 1
-372.0 -18.0 1
-518.0 318.0 1
464.0 368.0 1
-490.0 57.0 1
225.0 -22.0 1
-388.0 -44.0 1
486.0 157.0 1
-213.0 189.0 1
-432.0 -55.0 1
210.0 -382.0 1
-33.0 -288.0 1
-166.0 260.0 1
89.0 -299.0 1
-397.0 -201.0 1
89.0 275.0 1
-500.0 -331.0 1
-134.0 -119.0 1
-125.0 403.0 1
46.0 350.0 1
