133.0 114.0 0
-87.0 -39.0 0
120.0 -20.0 0
-99.0 -384.0 0
135.0 29.0 0
67.0 -164.0 0
-150.0 144.0 0
-176.0 -268.0 0
-199.0 -62.0 0
-96.0 -18.0 0
264.0 266.0 0
299.0 -109.0 0
-373.0 13.0 0
-136.0 172.0 0
218.0 -59.0 0
-73.0 -144.0 0
193.0 -53.0 0
-230.0 67.0 0
-22.0 265.0 0
-132.0 357.0 0
114.0 -280.0 1
-243.0 413.0 1
-33.0 -288.0 1
165.0 -14.0 1
486.0 -394.0 1
-257.0 -341.0 1
-166.0 260.0 1
-104.0 -121.0 1
-228.0 -189.0 1
-462.0 -108.0 1
89.0 -299.0 1
-77.0 -348.0 1
-18.0 406.0 1
28.0 -139.0 1
-510.0 -331.0 1
-542.0 352.0 1
68.0 347.0 1
-272.0 53.0 1
-90.0 367.0 1
35.0 -326.0 1
76.0 -164.0 1
302.0 -183.0 1
13.0 -249.0 1
0.0 178.0 1
488.0 -412.0 1
-393.0 -154.0 1
496.0 -377.0 1
512.0 235.0 1
-105.0 -52.0 1
-484.0 28.0 1
-175.0 41.0 1
438.0 -187.0 1
-189.0 256.0 1
-227.0 303.0 1
20.0 276.0 1
476.0 358.0 1
-485.0 -175.0 1
-397.0 -201.0 1
-250.0 -85.0 1
89.0 -396.0 1
-353.0 358.0 1
392.0 -343.0 1
-134.0 340.0 1
-376.0 188.0 1
-534.0 6.0 1
375.0 -203.0 1
490.0 -408.0 1
-132.0 -317.0 1
-295.0 372.0 1
-404.0 36.0 1
-311.0 114.0 1
-6.0 334.0 1
-301.0 92.0 1
70.0 -252.0 1
341.0 -104.0 1
89.0 275.0 1
-500.0 -331.0 1
452.0 273.0 1
-60.0 -329.0 1
-134.0 -119.0 1
229.0 -77.0 1
-395.0 -114.0 1
144.0 -196.0 1
-547.0 198.0 1
-50.0 338.0 1
6.0 242.0 1
474.0 272.0 1
86.0 403.0 1
-538.0 229.0 1
-378.0 198.0 1
149.0 23.0 1
-565.0 -371.0 1
-470.0 -212.0 1
-351.0 -385.0 1
136.0 297.0 1
475.0 -179.0 1
349.0 354.0 1
244.0 103.0 1
486.0 222.0 1
178.0 28.0 1
221.0 -228.0 1
-417.0 213.0 1
-537.0 117.0 1
-371.0 371.0 1
-100.0 165.0 1
-401.0 -12.0 1
272.0 -116.0 1
290.0 -369.0 1
-163.0 412.0 1
79.0 -230.0 1
-460.0 245.0 1
223.0 -246.0 1
317.0 -341.0 1
-239.0 221.0 1
-499.0 -50.0 1
-115.0 379.0 1
136.0 22.0 1
-390.0 -231.0 1
192.0 220.0 1
263.0 69.0 1
213.0 266.0 1
345.0 -404.0 1
164.0 -300.0 1
109.0 133.0 1
-450.0 180.0 1
-212.0 -96.0 1
525.0 360.0 1
-145.0 192.0 1
439.0 -75.0 1
164.0 -389.0 1
-513.0 152.0 1
-125.0 403.0 1
532.0 157.0 1
130.0 -268.0 1
294.0 256.0 1
-4.0 379.0 1
472.0 209.0 1
410.0 -247.0 1
208.0 -14.0 1
343.0 -314.0 1
-433.0 23.0 1
46.0 350.0 1
360.0 227.0 1
-222.0 49.0 1
120.0 200.0 1
368.0 -1.0 1
363.0 135.0 1
-509.0 86.0 1
362.0 -71.0 1
-234.0 302.0 1
-199.0 232.0 1
12.0 -316.0 1
-57.0 67.0 1
-419.0 187.0 1
404.0 150.0 1
53.0 -128.0 1
52.0 -313.0 1
344.0 -116.0 1
-316.0 173.0 1
-129.0 282.0 1
