-50.0 166.0 0
-50.0 -311.0 0
-327.0 19.0 0
116.0 136.0 0
264.0 266.0 0
-127.0 -31.0 0
32.0 -29.0 0
61.0 -63.0 0
309.0 -146.0 0
33.0 129.0 0
135.0 29.0 0
-226.0 75.0 0
98.0 -53.0 0
-167.0 403.0 0
-173.0 -240.0 0
223.0 96.0 0
222.0 -141.0 0
334.0 152.0 0
-120.0 94.0 0
-373.0 13.0 0
-511.0 -43.0 1
13.0 -249.0 1
-443.0 201.0 1
-301.0 92.0 1
291.0 -7.0 1
-161.0 346.0 1
233.0 294.0 1
470.0 -92.0 1
349.0 -177.0 1
374.0 -203.0 1
418.0 -257.0 1
46.0 -128.0 1
-386.0 -352.0 1
-457.0 7.0 1
-508.0 233.0 1
-199.0 232.0 1
470.0 -118.0 1
308.0 265.0 1
408.0 -21.0 1
180.0 208.0 1
-529.0 134.0 1
-226.0 -267.0 1
159.0 273.0 1
345.0 -404.0 1
-261.0 -362.0 1
429.0 -11.0 1
383.0 293.0 1
445.0 358.0 1
72.0 -226.0 1
494.0 344.0 1
-423.0 -52.0 1
360.0 227.0 1
490.0 -408.0 1
275.0 337.0 1
-385.0 -405.0 1
114.0 -280.0 1
-140.0 -284.0 1
-39.0 350.0 1
-295.0 372.0 1
-389.0 -53.0 1
-462.0 -108.0 1
329.0 -299.0 1
465.0 136.0 1
-510.0 67.0 1
-469.0 -116.0 1
247.0 -94.0 1
-486.0 -181.0 1
-160.0 218.0 1
-302.0 261.0 1
-437.0 298.0 1
-434.0 83.0 1
346.0 76.0 1
269.0 -100.0 1
-457.0 255.0 1
361.0 7.0 1
457.0 26.0 1
-480.0 -337.0 1
257.0 118.0 1
225.0 397.0 1
112.0 208.0 1
-366.0 73.0 1
-135.0 -121.0 1
312.0 102.0 1
-427.0 18.0 1
-402.0 349.0 1
225.0 -283.0 1
504.0 -387.0 1
6.0 242.0 1
-537.0 348.0 1
-555.0 315.0 1
441.0 -174.0 1
512.0 235.0 1
481.0 52.0 1
-144.0 169.0 1
-390.0 -231.0 1
40.0 152.0 1
-555.0 11.0 1
208.0 -14.0 1
-212.0 345.0 1
-173.0 -359.0 1
-571.0 40.0 1
62.0 -332.0 1
-243.0 413.0 1
-361.0 116.0 1
273.0 -282.0 1
285.0 401.0 1
-346.0 175.0 1
-8.0 3.0 1
-57.0 67.0 1
333.0 -72.0 1
-168.0 40.0 1
-402.0 72.0 1
431.0 163.0 1
532.0 116.0 1
107.0 -320.0 1
362.0 321.0 1
-372.0 -18.0 1
-17.0 370.0 1
-228.0 -189.0 1
86.0 -139.0 1
-174.0 -214.0 1
-348.0 384.0 1
392.0 -343.0 1
-207.0 85.0 1
112.0 311.0 1
136.0 22.0 1
-212.0 -96.0 1
-365.0 258.0 1
-190.0 142.0 1
420.0 337.0 1
221.0 -228.0 1
-533.0 -388.0 1
354.0 379.0 1
73.0 372.0 1
-381.0 -170.0 1
-294.0 -127.0 1
-320.0 -202.0 1
144.0 -196.0 1
-52.0 -382.0 1
-436.0 161.0 1
-491.0 -294.0 1
-90.0 367.0 1
-148.0 102.0 1
164.0 -389.0 1
-33.0 -288.0 1
528.0 367.0 1
-161.0 -105.0 1
-136.0 -61.0 1
408.0 -183.0 1
57.0 -216.0 1
-386.0 175.0 1
-433.0 -328.0 1
-285.0 -162.0 1
-79.0 41.0 1
-187.0 -402.0 1
118.0 404.0 1
-14.0 214.0 1
-272.0 -159.0 1
518.0 297.0 1
410.0 -366.0 1
