465.000 691.000
270.000 -194.000
-56.000 665.000
373.000 -19.000
29.000 275.000
-42.000 469.000
-35.000 504.000
401.000 -154.000
400.000 151.000
421.000 354.000
198.000 -193.000
59.000 830.000
473.000 252.000
65.000 925.000
-63.000 211.000
36.000 1272.000
116.000 421.000
209.000 747.000
450.000 815.000
201.000 1340.000
71.000 1313.000
388.000 850.000
429.000 1254.000
262.000 1481.000
114.000 776.000
196.000 -205.000
315.000 451.000
-30.000 498.000
73.000 545.000
313.000 36.000
-17.000 429.000
398.000 883.000
331.000 -172.000
367.000 1088.000
169.000 -176.000
461.000 1093.000
275.000 1319.000
82.000 679.000
288.000 -101.000
88.000 1342.000
222.000 -238.000
417.000 665.000
377.000 -202.000
30.000 745.000
-58.000 1126.000
5.000 178.000
181.000 775.000
-63.000 199.000
270.000 1095.000
35.000 848.000
42.000 644.000
24.000 1013.000
378.000 397.000
329.000 92.000
386.000 90.000
243.000 -170.000
408.000 -23.000
482.000 815.000
16.000 303.000
65.000 196.000
439.000 454.000
387.000 630.000
12.000 872.000
26.000 906.000
47.000 -262.000
455.000 122.000
423.000 1105.000
353.000 -14.000
9.000 1134.000
446.000 -166.000
443.000 -116.000
226.000 1439.000
156.000 -270.000
137.000 408.000
52.000 439.000
-5.000 343.000
299.000 1081.000
50.000 494.000
360.000 409.000
334.000 441.000
-42.000 890.000
201.000 733.000
396.000 211.000
469.000 1043.000
97.000 192.000
0.000 593.000
382.000 280.000
-28.000 -281.000
390.000 439.000
208.000 -200.000
-19.000 688.000
-50.000 81.000
38.000 418.000
-81.000 1327.000
466.000 1075.000
321.000 472.000
3.000 -204.000
-84.000 726.000
-24.000 749.000
119.000 419.000
-37.000 1358.000
309.000 1207.000
321.000 1104.000
241.000 130.000
-2.000 -194.000
377.000 -126.000
339.000 246.000
57.000 880.000
257.000 168.000
54.000 616.000
-53.000 -211.000
361.000 -175.000
92.000 925.000
262.000 1049.000
399.000 668.000
9.000 1417.000
467.000 884.000
-13.000 63.000
469.000 772.000
42.000 -233.000
475.000 119.000
33.000 -4.000
368.000 329.000
150.000 1342.000
276.000 1419.000
18.000 -267.000
388.000 914.000
171.000 498.000
79.000 -182.000
361.000 795.000
338.000 225.000
196.000 434.000
304.000 -153.000
419.000 595.000
155.000 1303.000
394.000 1319.000
321.000 1459.000
422.000 204.000
316.000 727.000
56.000 1404.000
397.000 651.000
220.000 195.000
-13.000 20.000
306.000 675.000
82.000 749.000
359.000 435.000
481.000 240.000
188.000 -194.000
308.000 773.000
157.000 1478.000
401.000 -173.000
230.000 121.000
115.000 773.000
422.000 25.000
95.000 343.000
66.000 621.000
393.000 955.000
274.000 774.000
454.000 679.000
388.000 1156.000
332.000 485.000
267.000 1095.000
11.000 207.000
35.000 935.000
434.000 419.000
-24.000 -165.000
306.000 1169.000
248.000 708.000
325.000 1332.000
15.000 1212.000
28.000 558.000
-63.000 786.000
-51.000 1014.000
414.000 57.000
360.000 156.000
326.000 1213.000
470.000 1466.000
305.000 -167.000
445.000 1422.000
-8.000 -3.000
-18.000 1422.000
99.000 -93.000
41.000 472.000
-47.000 -73.000
403.000 1433.000
-51.000 1371.000
191.000 423.000
151.000 141.000
310.000 1135.000
479.000 771.000
249.000 1452.000
6.000 416.000
353.000 634.000
402.000 740.000
417.000 999.000
361.000 699.000
432.000 813.000
334.000 993.000
466.000 80.000
329.000 375.000
94.000 1439.000
4.000 769.000
438.000 163.000
415.000 -235.000
467.000 910.000
460.000 -81.000
304.000 418.000
445.000 712.000
210.000 1414.000
325.000 705.000
-75.000 773.000
0.000 1255.000
122.000 763.000
371.000 -94.000
-62.000 1022.000
56.000 436.000
477.000 1210.000
79.000 -9.000
98.000 791.000
327.000 277.000
11.000 183.000
369.000 -246.000
151.000 113.000
407.000 1280.000
201.000 1026.000
-47.000 -257.000
447.000 515.000
85.000 -3.000
420.000 1116.000
-54.000 751.000
74.000 91.000
-30.000 793.000
310.000 -227.000
344.000 -282.000
304.000 39.000
388.000 205.000
464.000 812.000
6.000 950.000
332.000 557.000
355.000 -164.000
328.000 809.000
342.000 595.000
348.000 242.000
483.000 1297.000
22.000 576.000
1.000 648.000
439.000 191.000
459.000 -42.000
428.000 1030.000
13.000 609.000
-22.000 893.000
403.000 1404.000
-71.000 333.000
-39.000 -22.000
88.000 112.000
57.000 -219.000
-67.000 -11.000
-5.000 498.000
419.000 1281.000
152.000 116.000
73.000 220.000
-35.000 1397.000
103.000 -113.000
-54.000 365.000
437.000 464.000
116.000 1055.000
-20.000 266.000
162.000 1471.000
451.000 451.000
-1.000 -106.000
124.000 773.000
-6.000 -168.000
-79.000 797.000
-39.000 1420.000
245.000 1372.000
434.000 -39.000
-72.000 600.000
479.000 1310.000
8.000 753.000
239.000 1472.000
470.000 334.000
306.000 1002.000
4.000 46.000
387.000 173.000
472.000 403.000
69.000 1093.000
-25.000 -39.000
266.000 1333.000
24.000 1289.000
420.000 907.000
48.000 1128.000
388.000 -182.000
319.000 695.000
441.000 242.000
257.000 465.000
331.000 472.000
369.000 607.000
171.000 1068.000
431.000 500.000
440.000 1040.000
-46.000 160.000
374.000 739.000
438.000 918.000
343.000 467.000
118.000 759.000
364.000 -15.000
-64.000 196.000
320.000 1370.000
261.000 747.000
455.000 269.000
266.000 486.000
452.000 964.000
460.000 -87.000
399.000 338.000
38.000 -59.000
214.000 1468.000
356.000 1280.000
73.000 662.000
190.000 752.000
74.000 1177.000
-23.000 1112.000
73.000 652.000
201.000 1418.000
436.000 77.000
320.000 715.000
-84.000 1479.000
424.000 1151.000
330.000 171.000
260.000 499.000
49.000 769.000
460.000 955.000
311.000 -135.000
-32.000 596.000
333.000 1433.000
-66.000 859.000
-2.000 -151.000
-13.000 624.000
442.000 350.000
171.000 1424.000
355.000 209.000
294.000 788.000
31.000 961.000
463.000 339.000
460.000 569.000
317.000 1358.000
93.000 1420.000
-60.000 1156.000
63.000 1468.000
-59.000 -280.000
227.000 1446.000
361.000 481.000
414.000 1157.000
8.000 52.000
345.000 1458.000
417.000 9.000
196.000 1340.000
446.000 1300.000
431.000 -141.000
218.000 760.000
355.000 350.000
402.000 948.000
405.000 -257.000
387.000 360.000
248.000 -217.000
468.000 1329.000
70.000 616.000
201.000 1413.000
-45.000 328.000
-40.000 552.000
22.000 157.000
267.000 -141.000
408.000 -90.000
151.000 1434.000
19.000 663.000
389.000 632.000
-4.000 176.000
445.000 -143.000
79.000 100.000
325.000 142.000
60.000 1295.000
448.000 -10.000
60.000 -185.000
458.000 -216.000
19.000 147.000
379.000 829.000
93.000 772.000
-73.000 -73.000
-59.000 -273.000
52.000 67.000
446.000 353.000
-47.000 770.000
213.000 -151.000
-3.000 1256.000
-36.000 -51.000
45.000 416.000
-2.000 30.000
329.000 516.000
278.000 -122.000
204.000 1478.000
155.000 1322.000
430.000 161.000
427.000 22.000
-80.000 1015.000
341.000 1039.000
-11.000 -36.000
213.000 -169.000
14.000 439.000
158.000 -221.000
38.000 28.000
58.000 566.000
106.000 465.000
113.000 451.000
293.000 -235.000
215.000 1367.000
449.000 896.000
3.000 1336.000
420.000 468.000
477.000 306.000
-43.000 838.000
464.000 -102.000
234.000 124.000
124.000 1458.000
448.000 269.000
33.000 155.000
385.000 300.000
82.000 1391.000
-50.000 978.000
468.000 170.000
127.000 410.000
101.000 -279.000
352.000 1263.000
176.000 -220.000
426.000 638.000
-81.000 957.000
57.000 1224.000
147.000 445.000
451.000 525.000
387.000 1237.000
457.000 348.000
452.000 529.000
437.000 800.000
367.000 288.000
4.000 0.000
421.000 666.000
464.000 10.000
314.000 846.000
-37.000 701.000
342.000 314.000
36.000 978.000
203.000 -208.000
70.000 804.000
453.000 -191.000
427.000 148.000
451.000 948.000
-66.000 1405.000
365.000 1443.000
363.000 1433.000
189.000 1456.000
235.000 767.000
378.000 372.000
69.000 9.000
369.000 15.000
260.000 1049.000
476.000 0.000
413.000 1313.000
401.000 406.000
435.000 325.000
95.000 232.000
194.000 1350.000
79.000 962.000
-28.000 51.000
-1.000 -233.000
346.000 -252.000
315.000 567.000
17.000 371.000
-24.000 963.000
86.000 1204.000
27.000 629.000
322.000 603.000
136.000 1407.000
66.000 672.000
29.000 928.000
391.000 508.000
-57.000 -63.000
15.000 901.000
397.000 462.000
-1.000 1299.000
1.000 444.000
143.000 1026.000
305.000 291.000
436.000 516.000
457.000 1386.000
375.000 788.000
216.000 1389.000
439.000 231.000
140.000 119.000
433.000 1380.000
237.000 1084.000
440.000 -221.000
39.000 352.000
