388.000 1156.000
457.000 348.000
332.000 485.000
11.000 207.000
35.000 935.000
434.000 419.000
-24.000 -165.000
452.000 529.000
248.000 708.000
437.000 800.000
15.000 1212.000
28.000 558.000
-63.000 786.000
-51.000 1014.000
367.000 288.000
4.000 0.000
326.000 1213.000
470.000 1466.000
305.000 -167.000
445.000 1422.000
-8.000 -3.000
-18.000 1422.000
41.000 472.000
-47.000 -73.000
403.000 1433.000
-51.000 1371.000
151.000 141.000
479.000 771.000
249.000 1452.000
6.000 416.000
353.000 634.000
417.000 999.000
361.000 699.000
432.000 813.000
334.000 993.000
329.000 375.000
94.000 1439.000
314.000 846.000
-37.000 701.000
4.000 769.000
438.000 163.000
415.000 -235.000
36.000 978.000
467.000 910.000
203.000 -208.000
70.000 804.000
460.000 -81.000
453.000 -191.000
427.000 148.000
304.000 418.000
445.000 712.000
210.000 1414.000
325.000 705.000
-75.000 773.000
451.000 948.000
0.000 1255.000
122.000 763.000
371.000 -94.000
56.000 436.000
477.000 1210.000
79.000 -9.000
98.000 791.000
327.000 277.000
11.000 183.000
-66.000 1405.000
369.000 -246.000
151.000 113.000
201.000 1026.000
365.000 1443.000
447.000 515.000
85.000 -3.000
420.000 1116.000
-54.000 751.000
74.000 91.000
-30.000 793.000
310.000 -227.000
344.000 -282.000
304.000 39.000
464.000 812.000
6.000 950.000
332.000 557.000
355.000 -164.000
328.000 809.000
363.000 1433.000
348.000 242.000
483.000 1297.000
22.000 576.000
1.000 648.000
459.000 -42.000
428.000 1030.000
13.000 609.000
-22.000 893.000
189.000 1456.000
-71.000 333.000
-39.000 -22.000
88.000 112.000
-67.000 -11.000
-5.000 498.000
419.000 1281.000
235.000 767.000
103.000 -113.000
-54.000 365.000
437.000 464.000
116.000 1055.000
-20.000 266.000
69.000 9.000
162.000 1471.000
451.000 451.000
-1.000 -106.000
124.000 773.000
-6.000 -168.000
369.000 15.000
-79.000 797.000
260.000 1049.000
476.000 0.000
-39.000 1420.000
413.000 1313.000
245.000 1372.000
434.000 -39.000
-72.000 600.000
479.000 1310.000
8.000 753.000
239.000 1472.000
470.000 334.000
306.000 1002.000
401.000 406.000
4.000 46.000
387.000 173.000
435.000 325.000
69.000 1093.000
194.000 1350.000
-25.000 -39.000
79.000 962.000
24.000 1289.000
420.000 907.000
388.000 -182.000
-28.000 51.000
319.000 695.000
-1.000 -233.000
441.000 242.000
257.000 465.000
369.000 607.000
171.000 1068.000
431.000 500.000
315.000 567.000
440.000 1040.000
-46.000 160.000
374.000 739.000
438.000 918.000
343.000 467.000
364.000 -15.000
-64.000 196.000
320.000 1370.000
455.000 269.000
266.000 486.000
452.000 964.000
460.000 -87.000
17.000 371.000
38.000 -59.000
214.000 1468.000
356.000 1280.000
73.000 662.000
74.000 1177.000
-23.000 1112.000
73.000 652.000
322.000 603.000
201.000 1418.000
320.000 715.000
136.000 1407.000
-84.000 1479.000
424.000 1151.000
330.000 171.000
49.000 769.000
460.000 955.000
-32.000 596.000
333.000 1433.000
-66.000 859.000
-13.000 624.000
171.000 1424.000
294.000 788.000
66.000 672.000
29.000 928.000
463.000 339.000
391.000 508.000
-57.000 -63.000
15.000 901.000
460.000 569.000
317.000 1358.000
93.000 1420.000
-60.000 1156.000
63.000 1468.000
-59.000 -280.000
227.000 1446.000
361.000 481.000
414.000 1157.000
8.000 52.000
397.000 462.000
345.000 1458.000
417.000 9.000
-1.000 1299.000
196.000 1340.000
446.000 1300.000
218.000 760.000
355.000 350.000
402.000 948.000
1.000 444.000
143.000 1026.000
305.000 291.000
436.000 516.000
405.000 -257.000
387.000 360.000
248.000 -217.000
201.000 1413.000
457.000 1386.000
-45.000 328.000
375.000 788.000
-40.000 552.000
22.000 157.000
408.000 -90.000
19.000 663.000
389.000 632.000
-4.000 176.000
216.000 1389.000
445.000 -143.000
79.000 100.000
60.000 1295.000
448.000 -10.000
439.000 231.000
140.000 119.000
60.000 -185.000
458.000 -216.000
93.000 772.000
-73.000 -73.000
-59.000 -273.000
52.000 67.000
446.000 353.000
-47.000 770.000
213.000 -151.000
-3.000 1256.000
-36.000 -51.000
433.000 1380.000
-2.000 30.000
329.000 516.000
278.000 -122.000
440.000 -221.000
204.000 1478.000
338.000 -170.000
303.000 1231.000
204.000 776.000
32.000 1318.000
312.000 1085.000
475.000 -131.000
-10.000 162.000
94.000 -180.000
305.000 798.000
156.000 -232.000
424.000 225.000
5.000 602.000
454.000 220.000
433.000 -184.000
-63.000 356.000
338.000 443.000
190.000 708.000
443.000 1228.000
59.000 18.000
-40.000 1248.000
376.000 988.000
301.000 1353.000
6.000 0.000
143.000 -240.000
-81.000 419.000
-18.000 399.000
200.000 1071.000
360.000 1077.000
165.000 159.000
53.000 -14.000
439.000 704.000
402.000 648.000
243.000 166.000
-73.000 133.000
124.000 1341.000
65.000 -137.000
455.000 398.000
59.000 1065.000
5.000 -117.000
429.000 150.000
382.000 195.000
89.000 373.000
126.000 771.000
372.000 -51.000
33.000 1305.000
11.000 1345.000
236.000 741.000
476.000 1330.000
125.000 102.000
-46.000 772.000
388.000 770.000
140.000 -166.000
-28.000 445.000
455.000 272.000
77.000 863.000
475.000 135.000
87.000 529.000
443.000 1197.000
467.000 1400.000
-82.000 -254.000
-32.000 1358.000
430.000 1025.000
293.000 1433.000
468.000 34.000
114.000 -202.000
71.000 -178.000
-23.000 353.000
-80.000 -225.000
439.000 661.000
282.000 1010.000
9.000 -32.000
439.000 1351.000
387.000 534.000
-26.000 770.000
146.000 745.000
43.000 0.000
4.000 -241.000
336.000 366.000
-47.000 549.000
365.000 378.000
456.000 408.000
-67.000 1226.000
61.000 1385.000
387.000 1352.000
328.000 1232.000
2.000 768.000
476.000 155.000
13.000 729.000
-28.000 -45.000
145.000 490.000
235.000 170.000
115.000 1392.000
441.000 326.000
343.000 1104.000
-35.000 224.000
105.000 1069.000
-29.000 271.000
-9.000 922.000
269.000 -227.000
357.000 40.000
51.000 81.000
408.000 1188.000
332.000 1078.000
464.000 396.000
9.000 580.000
402.000 1154.000
-6.000 722.000
50.000 27.000
335.000 -48.000
415.000 547.000
122.000 782.000
472.000 517.000
479.000 1158.000
411.000 405.000
477.000 763.000
90.000 1305.000
40.000 1415.000
-64.000 -168.000
-20.000 -270.000
53.000 -156.000
-65.000 336.000
-2.000 1110.000
283.000 122.000
425.000 848.000
403.000 1394.000
264.000 1069.000
22.000 428.000
39.000 959.000
295.000 110.000
238.000 1398.000
440.000 -132.000
90.000 -107.000
193.000 1371.000
327.000 1068.000
-52.000 1043.000
342.000 602.000
309.000 1352.000
471.000 1157.000
76.000 450.000
292.000 1366.000
34.000 1263.000
-23.000 271.000
-42.000 675.000
163.000 -128.000
-79.000 361.000
38.000 543.000
339.000 960.000
328.000 1279.000
438.000 1187.000
443.000 384.000
-35.000 1467.000
480.000 1019.000
270.000 1404.000
352.000 914.000
42.000 341.000
305.000 1111.000
374.000 -19.000
346.000 1153.000
31.000 556.000
436.000 166.000
380.000 100.000
438.000 1454.000
-84.000 1369.000
44.000 172.000
311.000 1133.000
21.000 -65.000
310.000 780.000
3.000 284.000
377.000 1379.000
136.000 744.000
-69.000 883.000
-18.000 1355.000
222.000 470.000
313.000 -8.000
409.000 524.000
36.000 -144.000
74.000 1395.000
311.000 175.000
-67.000 1433.000
-58.000 369.000
482.000 399.000
92.000 352.000
52.000 367.000
376.000 756.000
40.000 1062.000
-66.000 284.000
467.000 1128.000
230.000 434.000
402.000 -102.000
368.000 985.000
30.000 780.000
321.000 431.000
464.000 626.000
477.000 1388.000
24.000 1136.000
-35.000 1156.000
351.000 968.000
-27.000 1383.000
414.000 1182.000
251.000 702.000
389.000 -165.000
164.000 1060.000
65.000 325.000
459.000 847.000
-42.000 8.000
40.000 936.000
143.000 1379.000
318.000 969.000
382.000 109.000
55.000 -113.000
261.000 -176.000
-20.000 412.000
343.000 1450.000
454.000 537.000
268.000 473.000
126.000 126.000
72.000 214.000
-49.000 1127.000
471.000 960.000
1.000 1033.000
323.000 928.000
94.000 -57.000
87.000 -125.000
-28.000 129.000
-78.000 -156.000
59.000 400.000
291.000 793.000
52.000 1122.000
381.000 222.000
-3.000 652.000
72.000 647.000
92.000 -86.000
323.000 300.000
378.000 317.000
-35.000 -76.000
337.000 291.000
133.000 734.000
159.000 -234.000
-18.000 -65.000
306.000 1466.000
447.000 380.000
73.000 -233.000
374.000 -212.000
144.000 -121.000
-82.000 -73.000
258.000 181.000
157.000 1329.000
-67.000 -187.000
304.000 812.000
82.000 430.000
476.000 405.000
-30.000 1060.000
369.000 605.000
193.000 713.000
99.000 252.000
420.000 1447.000
263.000 1011.000
405.000 1478.000
475.000 -97.000
374.000 373.000
15.000 414.000
-81.000 1281.000
184.000 1099.000
375.000 269.000
-36.000 622.000
460.000 1382.000
386.000 1085.000
254.000 749.000
29.000 962.000
-8.000 36.000
32.000 631.000
320.000 1178.000
-16.000 -59.000
215.000 -195.000
418.000 835.000
378.000 1369.000
452.000 -11.000
413.000 703.000
440.000 1204.000
356.000 1057.000
270.000 1338.000
337.000 1217.000
401.000 1156.000
460.000 262.000
429.000 1209.000
292.000 760.000
324.000 -99.000
227.000 -151.000
239.000 -236.000
245.000 -233.000
161.000 1391.000
281.000 -164.000
401.000 835.000
149.000 762.000
329.000 342.000
93.000 -180.000
472.000 813.000
407.000 328.000
348.000 307.000
359.000 771.000
338.000 649.000
-17.000 1218.000
168.000 1405.000
307.000 -264.000
319.000 408.000
266.000 1475.000
416.000 347.000
-77.000 782.000
87.000 999.000
422.000 253.000
-82.000 538.000
302.000 -112.000
470.000 966.000
341.000 839.000
267.000 1095.000
306.000 1169.000
325.000 1332.000
414.000 57.000
360.000 156.000
99.000 -93.000
191.000 423.000
310.000 1135.000
421.000 666.000
464.000 10.000
402.000 740.000
466.000 80.000
342.000 314.000
-62.000 1022.000
407.000 1280.000
-47.000 -257.000
388.000 205.000
342.000 595.000
439.000 191.000
403.000 1404.000
57.000 -219.000
152.000 116.000
73.000 220.000
-35.000 1397.000
378.000 372.000
472.000 403.000
95.000 232.000
266.000 1333.000
48.000 1128.000
331.000 472.000
346.000 -252.000
118.000 759.000
261.000 747.000
399.000 338.000
-24.000 963.000
190.000 752.000
86.000 1204.000
27.000 629.000
436.000 77.000
260.000 499.000
311.000 -135.000
-2.000 -151.000
442.000 350.000
355.000 209.000
31.000 961.000
431.000 -141.000
468.000 1329.000
70.000 616.000
267.000 -141.000
151.000 1434.000
325.000 142.000
19.000 147.000
379.000 829.000
45.000 416.000
237.000 1084.000
155.000 1322.000
39.000 352.000
432.000 -183.000
245.000 1411.000
220.000 1009.000
204.000 1062.000
333.000 -66.000
404.000 -179.000
16.000 553.000
455.000 793.000
121.000 721.000
13.000 552.000
414.000 18.000
25.000 125.000
-66.000 246.000
22.000 1194.000
282.000 1020.000
275.000 415.000
64.000 88.000
432.000 578.000
330.000 447.000
-49.000 69.000
215.000 1430.000
338.000 391.000
2.000 1057.000
410.000 1276.000
-56.000 -119.000
-44.000 1244.000
463.000 70.000
98.000 -172.000
-18.000 1387.000
422.000 -11.000
221.000 1387.000
-29.000 86.000
-19.000 823.000
302.000 -225.000
454.000 -49.000
365.000 1295.000
361.000 1361.000
387.000 335.000
231.000 1065.000
119.000 1036.000
282.000 766.000
240.000 1093.000
-54.000 279.000
88.000 250.000
162.000 1365.000
73.000 248.000
-73.000 322.000
366.000 445.000
350.000 1050.000
447.000 654.000
-37.000 218.000
387.000 892.000
-7.000 -212.000
303.000 479.000
316.000 804.000
359.000 29.000
202.000 -172.000
388.000 -64.000
331.000 1257.000
178.000 412.000
262.000 491.000
1.000 23.000
32.000 575.000
450.000 -82.000
392.000 989.000
4.000 1068.000
307.000 -49.000
349.000 1248.000
-63.000 881.000
343.000 -102.000
79.000 822.000
144.000 1466.000
68.000 1313.000
27.000 699.000
427.000 362.000
-84.000 488.000
352.000 246.000
-60.000 927.000
145.000 -253.000
328.000 905.000
152.000 -178.000
360.000 1274.000
446.000 290.000
