148.000 50.000
199.000 38.000
174.000 33.000
133.000 34.000
180.000 61.000
139.000 332.000
201.000 354.000
203.000 251.000
165.000 238.000
189.000 224.000
186.000 290.000
237.000 287.000
184.000 340.000
153.000 307.000
182.000 269.000
227.000 342.000
218.000 598.000
246.000 651.000
222.000 598.000
183.000 604.000
184.000 600.000
145.000 647.000
245.000 690.000
291.000 867.000
140.000 846.000
185.000 849.000
226.000 922.000
267.000 898.000
171.000 886.000
267.000 850.000
211.000 881.000
274.000 931.000
268.000 858.000
272.000 1211.000
238.000 1169.000
250.000 1182.000
172.000 1245.000
184.000 1133.000
213.000 1253.000
266.000 1177.000
242.000 1245.000
257.000 1215.000
179.000 1137.000
187.000 34.000
201.000 -17.000
188.000 227.000
141.000 274.000
171.000 662.000
155.000 586.000
150.000 603.000
288.000 868.000
178.000 934.000
202.000 1159.000
