12.000 533.000
-64.000 1306.000
247.000 1098.000
146.000 1476.000
83.000 564.000
-56.000 779.000
222.000 -273.000
112.000 159.000
400.000 829.000
482.000 1228.000
-49.000 695.000
45.000 338.000
14.000 443.000
0.000 276.000
149.000 752.000
265.000 187.000
313.000 1383.000
255.000 738.000
86.000 883.000
404.000 1188.000
378.000 1403.000
118.000 1013.000
73.000 359.000
23.000 91.000
307.000 1329.000
-47.000 1387.000
-12.000 931.000
382.000 752.000
-14.000 990.000
435.000 1338.000
323.000 28.000
396.000 68.000
186.000 -217.000
259.000 -179.000
332.000 1268.000
25.000 1123.000
99.000 310.000
178.000 1099.000
56.000 -5.000
6.000 994.000
396.000 1441.000
478.000 819.000
327.000 929.000
-47.000 1365.000
464.000 303.000
95.000 -46.000
5.000 -76.000
464.000 288.000
394.000 -165.000
-17.000 1234.000
467.000 -180.000
447.000 575.000
52.000 944.000
371.000 1469.000
228.000 755.000
473.000 1.000
398.000 1079.000
210.000 1423.000
327.000 1102.000
231.000 1323.000
268.000 446.000
326.000 512.000
412.000 1018.000
326.000 307.000
78.000 1430.000
32.000 1005.000
469.000 956.000
-5.000 -137.000
58.000 1270.000
-69.000 1043.000
321.000 381.000
103.000 1431.000
362.000 611.000
-60.000 199.000
265.000 1410.000
-55.000 1308.000
54.000 927.000
141.000 1363.000
461.000 990.000
233.000 -253.000
255.000 1383.000
311.000 -20.000
410.000 359.000
-24.000 -213.000
335.000 529.000
146.000 1462.000
396.000 226.000
3.000 285.000
95.000 17.000
65.000 -226.000
458.000 536.000
-72.000 450.000
42.000 1245.000
418.000 605.000
471.000 822.000
185.000 -166.000
-76.000 1370.000
5.000 792.000
18.000 571.000
365.000 -188.000
-66.000 712.000
76.000 905.000
-3.000 1049.000
-84.000 720.000
19.000 1187.000
72.000 1421.000
185.000 1085.000
-46.000 415.000
266.000 1044.000
467.000 1064.000
84.000 1483.000
423.000 51.000
81.000 1345.000
-7.000 1311.000
337.000 23.000
113.000 -143.000
42.000 159.000
-64.000 -230.000
2.000 -37.000
418.000 454.000
43.000 207.000
-30.000 561.000
291.000 -189.000
345.000 -83.000
92.000 194.000
9.000 486.000
479.000 1383.000
-27.000 367.000
11.000 -265.000
262.000 788.000
344.000 1461.000
6.000 836.000
463.000 1265.000
429.000 742.000
-6.000 522.000
387.000 901.000
-17.000 710.000
199.000 1468.000
428.000 6.000
248.000 725.000
480.000 1442.000
329.000 1228.000
381.000 1185.000
62.000 1333.000
358.000 583.000
440.000 315.000
24.000 849.000
-9.000 639.000
-13.000 -100.000
435.000 227.000
316.000 56.000
421.000 343.000
395.000 1287.000
298.000 130.000
369.000 819.000
23.000 972.000
-68.000 1352.000
156.000 1011.000
201.000 1057.000
350.000 1320.000
341.000 852.000
231.000 -163.000
58.000 328.000
309.000 1142.000
244.000 1342.000
302.000 1046.000
-19.000 349.000
1.000 -219.000
69.000 714.000
10.000 974.000
447.000 506.000
296.000 791.000
246.000 1395.000
93.000 807.000
316.000 1410.000
-12.000 370.000
316.000 645.000
478.000 1087.000
418.000 207.000
393.000 743.000
77.000 210.000
385.000 -93.000
364.000 207.000
462.000 1335.000
31.000 974.000
236.000 402.000
459.000 -281.000
482.000 717.000
317.000 1300.000
376.000 1007.000
167.000 133.000
370.000 1411.000
313.000 947.000
198.000 1017.000
467.000 -226.000
-42.000 -60.000
207.000 1355.000
464.000 1083.000
73.000 895.000
260.000 187.000
305.000 77.000
115.000 426.000
17.000 1196.000
169.000 -199.000
296.000 411.000
412.000 634.000
378.000 178.000
479.000 -206.000
-83.000 687.000
472.000 1103.000
378.000 6.000
415.000 1216.000
155.000 487.000
221.000 1052.000
475.000 1278.000
9.000 -23.000
424.000 590.000
437.000 1366.000
424.000 1319.000
-39.000 660.000
311.000 1085.000
311.000 -13.000
149.000 426.000
336.000 930.000
100.000 1337.000
122.000 752.000
-63.000 391.000
392.000 1436.000
434.000 198.000
461.000 1401.000
452.000 -160.000
260.000 -144.000
400.000 48.000
56.000 812.000
-39.000 639.000
92.000 1248.000
-22.000 452.000
467.000 41.000
-13.000 778.000
63.000 652.000
453.000 1365.000
-39.000 225.000
52.000 843.000
396.000 784.000
5.000 169.000
423.000 1374.000
2.000 1345.000
80.000 417.000
45.000 167.000
-53.000 1405.000
-63.000 774.000
254.000 -247.000
-17.000 -205.000
-81.000 142.000
28.000 1366.000
120.000 -166.000
-42.000 -29.000
410.000 -134.000
-10.000 120.000
140.000 1327.000
450.000 -27.000
16.000 1002.000
355.000 765.000
279.000 1347.000
482.000 849.000
102.000 464.000
432.000 103.000
-48.000 923.000
402.000 614.000
430.000 949.000
355.000 1457.000
-36.000 -53.000
326.000 274.000
-68.000 1298.000
200.000 1391.000
77.000 1327.000
-52.000 507.000
410.000 -216.000
121.000 1030.000
234.000 1356.000
401.000 166.000
12.000 -146.000
21.000 1151.000
324.000 916.000
-4.000 835.000
-70.000 1324.000
460.000 -273.000
331.000 888.000
348.000 604.000
351.000 1017.000
-14.000 1237.000
-51.000 1099.000
184.000 495.000
238.000 147.000
1.000 677.000
425.000 1346.000
-5.000 1231.000
60.000 20.000
184.000 -249.000
317.000 366.000
438.000 1266.000
12.000 182.000
-37.000 1396.000
401.000 165.000
349.000 -3.000
-31.000 352.000
205.000 1315.000
54.000 797.000
13.000 757.000
-4.000 1168.000
69.000 258.000
-10.000 422.000
426.000 596.000
439.000 713.000
434.000 829.000
39.000 318.000
384.000 375.000
376.000 716.000
91.000 -163.000
-47.000 -107.000
149.000 1394.000
94.000 572.000
85.000 549.000
279.000 1457.000
49.000 253.000
391.000 1433.000
457.000 -275.000
-75.000 623.000
19.000 -122.000
443.000 622.000
-13.000 637.000
-4.000 1319.000
336.000 398.000
90.000 891.000
467.000 1434.000
17.000 336.000
-58.000 48.000
390.000 203.000
-51.000 -93.000
120.000 -268.000
-66.000 1344.000
441.000 1183.000
178.000 -102.000
6.000 356.000
283.000 179.000
34.000 -5.000
-71.000 1024.000
124.000 -166.000
183.000 1322.000
128.000 1400.000
137.000 791.000
373.000 -230.000
401.000 171.000
441.000 1001.000
403.000 -12.000
56.000 575.000
241.000 -109.000
-8.000 433.000
164.000 712.000
61.000 750.000
454.000 1351.000
150.000 -111.000
93.000 -49.000
303.000 816.000
-66.000 1090.000
19.000 140.000
32.000 591.000
389.000 1013.000
20.000 9.000
378.000 -39.000
238.000 137.000
15.000 1023.000
-9.000 1271.000
258.000 1448.000
209.000 -174.000
28.000 523.000
379.000 1259.000
269.000 1463.000
426.000 486.000
466.000 621.000
32.000 1031.000
461.000 549.000
2.000 -219.000
-47.000 338.000
-80.000 -194.000
-32.000 147.000
-43.000 -157.000
406.000 1420.000
29.000 -223.000
361.000 -29.000
363.000 862.000
45.000 615.000
73.000 1301.000
455.000 801.000
350.000 51.000
315.000 897.000
41.000 719.000
456.000 1349.000
447.000 890.000
384.000 998.000
69.000 1074.000
413.000 -63.000
392.000 734.000
314.000 940.000
38.000 468.000
117.000 439.000
120.000 1393.000
358.000 14.000
179.000 494.000
-23.000 108.000
178.000 787.000
142.000 451.000
9.000 1229.000
254.000 1341.000
-19.000 1388.000
264.000 156.000
336.000 1116.000
35.000 -114.000
312.000 1012.000
67.000 1408.000
475.000 1234.000
458.000 -242.000
0.000 256.000
77.000 -128.000
456.000 713.000
126.000 1339.000
-47.000 1126.000
169.000 -144.000
448.000 1331.000
375.000 -243.000
21.000 757.000
111.000 1448.000
81.000 195.000
28.000 508.000
-6.000 807.000
-52.000 -108.000
84.000 779.000
-74.000 511.000
188.000 1348.000
156.000 702.000
305.000 450.000
162.000 1385.000
-21.000 1222.000
61.000 790.000
-37.000 -121.000
315.000 866.000
30.000 1421.000
-13.000 511.000
93.000 29.000
391.000 1411.000
443.000 656.000
7.000 269.000
463.000 -206.000
23.000 541.000
-7.000 1231.000
-76.000 1185.000
38.000 991.000
54.000 1159.000
-32.000 719.000
-64.000 614.000
119.000 1031.000
58.000 865.000
-51.000 929.000
263.000 466.000
78.000 -2.000
408.000 523.000
441.000 896.000
6.000 425.000
-52.000 743.000
394.000 616.000
353.000 30.000
57.000 1394.000
215.000 736.000
49.000 844.000
46.000 1461.000
391.000 370.000
254.000 418.000
388.000 220.000
284.000 -227.000
176.000 1359.000
331.000 10.000
-4.000 1345.000
334.000 837.000
327.000 434.000
246.000 116.000
452.000 1182.000
253.000 1460.000
119.000 1046.000
361.000 -130.000
78.000 308.000
350.000 1006.000
420.000 1249.000
353.000 1422.000
183.000 1470.000
346.000 1256.000
417.000 105.000
144.000 102.000
-36.000 261.000
-28.000 580.000
350.000 697.000
