59.000 -67.000
141.000 473.000
199.000 38.000
58.000 566.000
332.000 485.000
133.000 471.000
168.000 789.000
76.000 1221.000
354.000 136.000
189.000 224.000
86.000 1171.000
227.000 342.000
191.000 423.000
79.000 566.000
76.000 361.000
166.000 756.000
121.000 948.000
321.000 472.000
335.000 695.000
177.000 825.000
309.000 1207.000
344.000 140.000
213.000 1298.000
290.000 1202.000
295.000 714.000
83.000 564.000
87.000 182.000
95.000 -46.000
213.000 1253.000
179.000 494.000
138.000 463.000
187.000 34.000
201.000 733.000
116.000 -95.000
121.000 -38.000
316.000 727.000
119.000 211.000
135.000 398.000
88.000 -36.000
150.000 603.000
360.000 156.000
178.000 934.000
202.000 1159.000
