223.000 763.000
204.000 89.000
289.000 4.000
58.000 566.000
168.000 789.000
354.000 136.000
292.000 238.000
358.000 91.000
290.000 1011.000
297.000 426.000
288.000 1016.000
79.000 566.000
65.000 196.000
76.000 361.000
107.000 671.000
235.000 147.000
112.000 673.000
321.000 472.000
277.000 816.000
113.000 870.000
274.000 931.000
213.000 1298.000
295.000 714.000
87.000 182.000
125.000 1263.000
201.000 733.000
121.000 -38.000
116.000 56.000
116.000 421.000
119.000 211.000
135.000 398.000
215.000 149.000
96.000 -108.000
233.000 1102.000
