290.000 -57.000
204.000 89.000
141.000 473.000
152.000 -97.000
133.000 471.000
258.000 1.000
168.000 789.000
290.000 1011.000
189.000 224.000
153.000 307.000
288.000 1016.000
227.000 342.000
76.000 361.000
270.000 588.000
166.000 756.000
121.000 948.000
291.000 867.000
321.000 472.000
335.000 695.000
315.000 451.000
344.000 1222.000
177.000 825.000
277.000 816.000
151.000 978.000
295.000 714.000
125.000 1263.000
138.000 463.000
187.000 34.000
201.000 733.000
116.000 -95.000
121.000 -38.000
316.000 727.000
88.000 -36.000
150.000 603.000
265.000 671.000
288.000 868.000
202.000 1159.000
276.000 741.000
