59.000 -67.000
152.000 -97.000
333.000 1300.000
69.000 879.000
76.000 1221.000
323.000 1296.000
358.000 91.000
339.000 246.000
290.000 1011.000
297.000 426.000
288.000 1016.000
358.000 1233.000
59.000 249.000
270.000 588.000
235.000 147.000
166.000 756.000
345.000 663.000
321.000 472.000
335.000 695.000
315.000 451.000
344.000 1222.000
309.000 1207.000
82.000 749.000
274.000 931.000
255.000 738.000
55.000 768.000
87.000 310.000
223.000 1331.000
116.000 -95.000
119.000 211.000
135.000 398.000
215.000 149.000
331.000 221.000
276.000 741.000
