71.000 76.000
116.000 136.000
158.000 192.000
-45.000 202.000
-27.000 180.000
-79.000 259.000
-37.000 105.000
-109.000 267.000
27.000 76.000
-325.000 -28.000
-86.000 21.000
-367.000 12.000
-145.000 5.000
-342.000 -12.000
-118.000 -308.000
-32.000 -226.000
153.000 195.000
-128.000 -350.000
-28.000 -146.000
5.000 -63.000
-109.000 -306.000
-70.000 -273.000
-89.000 -295.000
-112.000 -360.000
8.000 -250.000
154.000 195.000
239.000 -209.000
61.000 -63.000
148.000 -127.000
275.000 -214.000
222.000 -141.000
171.000 -116.000
303.000 -208.000
-87.000 -39.000
-99.000 -384.000
270.000 190.000
-17.000 87.000
-60.000 19.000
-51.000 -19.000
-373.000 13.000
-35.000 11.000
-73.000 -144.000
-128.000 -330.000
