71.000 76.000
172.000 85.000
148.000 152.000
175.000 87.000
52.000 55.000
251.000 183.000
283.000 210.000
117.000 116.000
166.000 164.000
60.000 60.000
161.000 81.000
-45.000 202.000
-109.000 267.000
-95.000 170.000
-28.000 203.000
-325.000 -28.000
-140.000 35.000
-127.000 -31.000
-249.000 -9.000
-367.000 12.000
-156.000 29.000
-222.000 7.000
-3.000 -112.000
-114.000 -353.000
-28.000 -146.000
-77.000 -153.000
-49.000 -221.000
-70.000 -273.000
-112.000 -360.000
239.000 -209.000
61.000 -63.000
250.000 -157.000
258.000 -213.000
275.000 -214.000
98.000 -53.000
222.000 -141.000
91.000 -29.000
112.000 -92.000
303.000 -208.000
298.000 219.000
115.000 100.000
270.000 190.000
-17.000 87.000
-96.000 -18.000
-60.000 19.000
-51.000 -19.000
-35.000 11.000
-73.000 -144.000
140.000 -146.000
149.000 -151.000
212.000 -154.000
