71.000 76.000
-186.000 82.000
335.000 170.000
251.000 183.000
334.000 152.000
117.000 116.000
116.000 136.000
158.000 192.000
33.000 129.000
-27.000 180.000
-37.000 105.000
-139.000 113.000
-72.000 223.000
-109.000 267.000
-332.000 -61.000
27.000 76.000
314.000 193.000
-325.000 -28.000
-86.000 21.000
223.000 96.000
-127.000 -31.000
-305.000 -74.000
-145.000 5.000
-222.000 7.000
-342.000 -12.000
-127.000 -196.000
-226.000 75.000
-32.000 -226.000
153.000 195.000
-73.000 -47.000
-135.000 -239.000
-78.000 -189.000
5.000 -63.000
-164.000 -253.000
-70.000 -273.000
-89.000 -295.000
-102.000 110.000
8.000 -250.000
154.000 195.000
239.000 -209.000
61.000 -63.000
-14.000 13.000
275.000 -214.000
98.000 -53.000
222.000 -141.000
-120.000 94.000
171.000 -116.000
-87.000 -39.000
270.000 190.000
-150.000 144.000
-60.000 19.000
-373.000 13.000
-136.000 172.000
-73.000 -144.000
-230.000 67.000
