71.000 76.000
175.000 87.000
335.000 170.000
334.000 152.000
50.000 17.000
117.000 116.000
116.000 136.000
158.000 192.000
-90.000 99.000
-50.000 166.000
-138.000 -63.000
-139.000 113.000
-72.000 223.000
-130.000 -69.000
-332.000 -61.000
27.000 76.000
314.000 193.000
-86.000 21.000
105.000 24.000
-145.000 5.000
-222.000 7.000
-127.000 -196.000
-226.000 75.000
153.000 195.000
-135.000 -239.000
-78.000 -189.000
-115.000 185.000
-164.000 -253.000
-109.000 -306.000
160.000 9.000
-89.000 -295.000
-102.000 110.000
154.000 195.000
61.000 -63.000
148.000 -127.000
-299.000 79.000
32.000 -29.000
-14.000 13.000
275.000 -214.000
98.000 -53.000
222.000 -141.000
-120.000 94.000
-150.000 144.000
-176.000 -268.000
-199.000 -62.000
-60.000 19.000
-136.000 172.000
-73.000 -144.000
-230.000 67.000
212.000 -154.000
