71.000 76.000
172.000 85.000
175.000 87.000
168.000 114.000
152.000 130.000
52.000 55.000
50.000 17.000
117.000 116.000
116.000 136.000
60.000 60.000
161.000 81.000
-18.000 135.000
-50.000 166.000
-79.000 259.000
-68.000 157.000
-40.000 162.000
-72.000 223.000
-95.000 170.000
-54.000 159.000
223.000 96.000
-367.000 12.000
-327.000 0.000
-327.000 19.000
-32.000 -226.000
-78.000 -189.000
-70.000 -273.000
239.000 -209.000
32.000 -29.000
250.000 -157.000
258.000 -213.000
275.000 -214.000
92.000 -54.000
98.000 -53.000
112.000 -92.000
57.000 -51.000
133.000 114.000
115.000 100.000
-30.000 111.000
-96.000 -18.000
212.000 -154.000
