175.000 87.000
335.000 170.000
244.000 250.000
50.000 17.000
117.000 116.000
116.000 136.000
60.000 60.000
158.000 192.000
33.000 129.000
-18.000 135.000
-90.000 99.000
-50.000 166.000
-37.000 105.000
-72.000 223.000
-109.000 267.000
27.000 76.000
314.000 193.000
117.000 -7.000
-127.000 -31.000
105.000 24.000
-32.000 -226.000
234.000 249.000
153.000 195.000
-73.000 -47.000
-135.000 -239.000
-78.000 -189.000
-164.000 -253.000
-89.000 -295.000
-102.000 110.000
154.000 195.000
61.000 -63.000
32.000 -29.000
-14.000 13.000
275.000 -214.000
222.000 -141.000
-120.000 94.000
171.000 -116.000
133.000 114.000
-87.000 -39.000
120.000 -20.000
135.000 29.000
-150.000 144.000
-176.000 -268.000
264.000 266.000
-136.000 172.000
