-50.000 -311.000
-186.000 82.000
329.000 210.000
334.000 152.000
309.000 -146.000
-138.000 -63.000
-173.000 -240.000
-139.000 113.000
-130.000 -69.000
-332.000 -61.000
101.000 186.000
-86.000 21.000
189.000 35.000
-305.000 -74.000
83.000 173.000
259.000 -133.000
-327.000 19.000
-170.000 76.000
-127.000 -196.000
-226.000 75.000
-147.000 264.000
-115.000 185.000
8.000 -255.000
-109.000 -306.000
8.000 -250.000
148.000 -127.000
303.000 -208.000
-123.000 391.000
299.000 -109.000
-373.000 13.000
218.000 -59.000
-73.000 -144.000
193.000 -53.000
-230.000 67.000
