494.000 362.000
-226.000 75.000
164.000 390.000
-356.000 393.000
89.000 -228.000
-542.000 401.000
-320.000 -241.000
-164.000 270.000
-398.000 245.000
477.000 -71.000
447.000 -71.000
-430.000 111.000
495.000 -263.000
-563.000 275.000
-82.000 73.000
218.000 -18.000
410.000 -174.000
-510.000 236.000
103.000 202.000
-123.000 391.000
-288.000 153.000
-492.000 -87.000
122.000 -2.000
206.000 320.000
-138.000 -63.000
422.000 283.000
520.000 -142.000
-148.000 120.000
-267.000 106.000
335.000 170.000
60.000 -207.000
397.000 -310.000
-382.000 -31.000
-533.000 330.000
5.000 -169.000
-122.000 410.000
-517.000 83.000
356.000 62.000
25.000 -408.000
-188.000 -206.000
373.000 107.000
-332.000 -61.000
-504.000 44.000
-319.000 -122.000
89.000 323.000
-379.000 -73.000
-408.000 -151.000
-179.000 -75.000
-115.000 71.000
109.000 -193.000
-5.000 282.000
203.000 366.000
-239.000 132.000
-173.000 371.000
30.000 274.000
381.000 275.000
330.000 376.000
-176.000 193.000
292.000 -273.000
-265.000 -112.000
-165.000 -98.000
-361.000 -238.000
191.000 341.000
-132.000 -325.000
-499.000 368.000
-432.000 155.000
338.000 71.000
-58.000 -49.000
-436.000 182.000
222.000 -267.000
365.000 -248.000
-45.000 -382.000
98.000 -364.000
241.000 313.000
-359.000 245.000
-214.000 -135.000
-297.000 -283.000
-395.000 184.000
524.000 102.000
-501.000 358.000
497.000 -139.000
-222.000 -302.000
-397.000 -317.000
-454.000 -230.000
361.000 -358.000
-441.000 297.000
504.000 -365.000
465.000 -11.000
-306.000 161.000
317.000 407.000
88.000 323.000
22.000 96.000
38.000 72.000
-134.000 -96.000
369.000 224.000
2.000 385.000
69.000 316.000
231.000 235.000
43.000 338.000
-345.000 189.000
-159.000 -152.000
508.000 166.000
-419.000 -345.000
44.000 -283.000
87.000 347.000
-293.000 313.000
-543.000 207.000
-198.000 -237.000
218.000 -102.000
-205.000 389.000
175.000 41.000
299.000 5.000
-526.000 -187.000
109.000 379.000
-446.000 369.000
-516.000 331.000
-302.000 153.000
-132.000 357.000
492.000 183.000
47.000 -399.000
90.000 367.000
199.000 -290.000
392.000 -112.000
83.000 249.000
-455.000 -381.000
246.000 -32.000
107.000 -207.000
-121.000 404.000
364.000 -175.000
-221.000 -273.000
-280.000 -387.000
486.000 -29.000
-324.000 302.000
407.000 2.000
248.000 242.000
-46.000 -358.000
-557.000 360.000
-398.000 90.000
-2.000 322.000
305.000 -369.000
76.000 -181.000
102.000 160.000
-258.000 143.000
-414.000 210.000
-573.000 56.000
-145.000 114.000
40.000 152.000
-370.000 274.000
-266.000 384.000
114.000 -280.000
-498.000 -86.000
112.000 208.000
-22.000 238.000
-243.000 413.000
418.000 -257.000
-33.000 -288.000
-249.000 349.000
-422.000 333.000
251.000 -270.000
165.000 -14.000
518.000 297.000
486.000 -394.000
-325.000 -206.000
-533.000 -388.000
-403.000 -298.000
-322.000 -183.000
-257.000 -341.000
86.000 -139.000
-466.000 -17.000
160.000 -369.000
-166.000 260.000
-161.000 346.000
266.000 -320.000
-228.000 -189.000
528.000 367.000
109.000 -292.000
-462.000 -108.000
-501.000 246.000
263.000 403.000
-77.000 -348.000
496.000 311.000
428.000 66.000
-420.000 -36.000
348.000 141.000
-442.000 51.000
324.000 -395.000
-18.000 406.000
427.000 -277.000
528.000 394.000
-185.000 155.000
233.000 294.000
-140.000 -284.000
-366.000 73.000
336.000 274.000
-286.000 343.000
-191.000 397.000
-142.000 -151.000
-249.000 -189.000
291.000 -7.000
452.000 -133.000
-361.000 116.000
-427.000 18.000
28.000 -139.000
-433.000 -328.000
-420.000 97.000
441.000 -174.000
208.000 -254.000
413.000 -120.000
362.000 321.000
174.000 -220.000
312.000 102.000
34.000 274.000
40.000 -292.000
-542.000 352.000
-243.000 84.000
-14.000 214.000
-554.000 -41.000
275.000 337.000
257.000 118.000
-294.000 -127.000
196.000 254.000
68.000 347.000
180.000 208.000
-102.000 48.000
-446.000 -117.000
-405.000 -383.000
-272.000 53.000
187.000 -70.000
-386.000 175.000
464.000 -43.000
73.000 372.000
209.000 379.000
-450.000 291.000
-183.000 -264.000
-162.000 -234.000
-433.000 -107.000
35.000 -326.000
208.000 21.000
526.000 228.000
408.000 -183.000
360.000 67.000
-256.000 -182.000
343.000 -324.000
302.000 -183.000
0.000 178.000
494.000 344.000
488.000 -412.000
533.000 54.000
211.000 328.000
327.000 190.000
-287.000 89.000
315.000 380.000
-480.000 -337.000
-21.000 195.000
504.000 -387.000
143.000 -294.000
-490.000 -309.000
-3.000 353.000
-175.000 -40.000
498.000 226.000
-264.000 138.000
99.000 -193.000
26.000 -247.000
187.000 -244.000
-348.000 384.000
-182.000 -81.000
150.000 -2.000
-374.000 279.000
-76.000 -374.000
-435.000 -41.000
457.000 26.000
396.000 16.000
330.000 -197.000
512.000 235.000
-362.000 -27.000
23.000 212.000
520.000 317.000
-389.000 -291.000
420.000 -4.000
420.000 337.000
-484.000 28.000
-175.000 41.000
-422.000 295.000
199.000 -287.000
-116.000 -81.000
-212.000 345.000
-557.000 273.000
-169.000 71.000
-532.000 -97.000
357.000 391.000
438.000 -187.000
-8.000 3.000
491.000 375.000
-189.000 256.000
99.000 -348.000
372.000 -258.000
-297.000 99.000
-484.000 18.000
-227.000 303.000
-452.000 -69.000
504.000 -261.000
1.000 138.000
-434.000 83.000
4.000 -297.000
476.000 358.000
-485.000 -175.000
-332.000 183.000
-306.000 113.000
365.000 86.000
-397.000 -201.000
417.000 362.000
-250.000 -85.000
-320.000 -202.000
-512.000 377.000
-531.000 81.000
-302.000 261.000
125.000 -154.000
89.000 -396.000
-442.000 -377.000
-567.000 -214.000
88.000 20.000
-491.000 -294.000
-428.000 -224.000
-134.000 340.000
471.000 -293.000
-472.000 55.000
285.000 77.000
137.000 350.000
-534.000 6.000
532.000 116.000
-208.000 -63.000
434.000 -232.000
-174.000 202.000
-502.000 151.000
377.000 6.000
91.000 -243.000
431.000 163.000
285.000 401.000
-478.000 -306.000
-293.000 124.000
-509.000 154.000
-541.000 327.000
-17.000 370.000
-257.000 340.000
-511.000 -43.000
393.000 -382.000
-171.000 201.000
49.000 354.000
375.000 -203.000
-384.000 -349.000
388.000 -36.000
-365.000 258.000
453.000 138.000
-79.000 41.000
-416.000 110.000
143.000 -280.000
-395.000 -81.000
-546.000 339.000
490.000 -408.000
-132.000 -317.000
361.000 7.000
271.000 1.000
-295.000 372.000
57.000 -212.000
-404.000 36.000
46.000 -128.000
-291.000 -271.000
-48.000 -397.000
-311.000 114.000
446.000 312.000
-384.000 -195.000
-481.000 373.000
374.000 -203.000
273.000 -282.000
-469.000 -116.000
-6.000 334.000
-301.000 92.000
-381.000 73.000
-417.000 266.000
-272.000 -159.000
-161.000 -105.000
88.000 251.000
-428.000 -82.000
423.000 -1.000
70.000 -252.000
439.000 107.000
-331.000 -131.000
341.000 -104.000
327.000 54.000
-229.000 -357.000
89.000 275.000
-500.000 -331.000
349.000 -177.000
146.000 -387.000
137.000 401.000
-310.000 -162.000
356.000 390.000
483.000 -410.000
-555.000 11.000
-369.000 -338.000
457.000 10.000
-434.000 17.000
-417.000 336.000
247.000 -94.000
-373.000 -123.000
-522.000 -258.000
353.000 -185.000
-507.000 -324.000
-173.000 -406.000
-537.000 348.000
-416.000 348.000
-60.000 -329.000
87.000 121.000
245.000 111.000
-134.000 -119.000
229.000 -77.000
72.000 -226.000
144.000 -196.000
-340.000 -283.000
-547.000 198.000
6.000 242.000
374.000 -200.000
474.000 272.000
453.000 187.000
86.000 403.000
-24.000 -270.000
62.000 -332.000
-424.000 -77.000
-87.000 52.000
-288.000 70.000
8.000 -122.000
478.000 351.000
-190.000 142.000
-175.000 209.000
297.000 -342.000
-254.000 -136.000
-224.000 -304.000
-538.000 229.000
-370.000 -215.000
411.000 304.000
281.000 385.000
-367.000 -276.000
329.000 -299.000
57.000 -216.000
-426.000 314.000
95.000 397.000
0.000 -362.000
-352.000 -35.000
-50.000 407.000
-141.000 131.000
118.000 404.000
83.000 -158.000
149.000 23.000
502.000 9.000
-344.000 201.000
-149.000 -286.000
268.000 307.000
492.000 -23.000
-403.000 -383.000
-501.000 -122.000
107.000 -320.000
-565.000 -371.000
-470.000 -212.000
-493.000 -354.000
385.000 384.000
-351.000 -385.000
297.000 -294.000
301.000 122.000
-264.000 328.000
479.000 94.000
275.000 -257.000
-478.000 -158.000
465.000 136.000
342.000 186.000
275.000 45.000
410.000 -366.000
453.000 395.000
331.000 -147.000
-503.000 -21.000
-358.000 -47.000
-368.000 64.000
199.000 -316.000
475.000 -179.000
-207.000 85.000
412.000 135.000
462.000 32.000
475.000 42.000
-357.000 -240.000
-225.000 57.000
-166.000 -351.000
28.000 139.000
-476.000 -406.000
-341.000 203.000
407.000 347.000
349.000 354.000
121.000 -341.000
525.000 408.000
244.000 103.000
221.000 -228.000
-181.000 154.000
302.000 254.000
-407.000 -25.000
-417.000 213.000
-371.000 371.000
-46.000 344.000
-291.000 263.000
464.000 -225.000
-287.000 241.000
417.000 163.000
316.000 235.000
459.000 -258.000
-436.000 161.000
-217.000 258.000
470.000 -92.000
71.000 -391.000
159.000 273.000
-185.000 -317.000
455.000 33.000
-100.000 165.000
-401.000 -12.000
411.000 46.000
272.000 -116.000
254.000 305.000
290.000 -369.000
-220.000 -236.000
-486.000 -181.000
480.000 162.000
-238.000 -389.000
-144.000 -156.000
-174.000 -214.000
-165.000 -131.000
366.000 258.000
271.000 147.000
370.000 -387.000
-217.000 389.000
312.000 -9.000
-191.000 44.000
-123.000 -62.000
28.000 294.000
-460.000 245.000
223.000 -246.000
94.000 177.000
-124.000 -95.000
188.000 385.000
-2.000 404.000
317.000 -341.000
330.000 -183.000
-239.000 221.000
472.000 45.000
-440.000 -397.000
-193.000 312.000
346.000 76.000
-499.000 -50.000
270.000 -29.000
163.000 -195.000
-191.000 243.000
-115.000 379.000
192.000 220.000
263.000 69.000
303.000 -81.000
159.000 -309.000
-207.000 -241.000
-188.000 -169.000
178.000 -40.000
-234.000 -363.000
-340.000 143.000
432.000 177.000
-570.000 38.000
-159.000 324.000
486.000 288.000
-272.000 222.000
74.000 233.000
532.000 294.000
-90.000 99.000
49.000 -94.000
440.000 345.000
366.000 394.000
497.000 -145.000
-130.000 -69.000
516.000 -280.000
-389.000 294.000
229.000 -40.000
396.000 196.000
-254.000 389.000
135.000 29.000
-401.000 -147.000
101.000 186.000
-550.000 -70.000
510.000 103.000
-338.000 -334.000
-538.000 52.000
200.000 193.000
504.000 217.000
-275.000 378.000
-13.000 -322.000
-186.000 -348.000
-409.000 -161.000
408.000 -67.000
481.000 52.000
-104.000 -121.000
-389.000 -53.000
89.000 -299.000
-385.000 -405.000
-396.000 110.000
465.000 342.000
-351.000 -42.000
-510.000 -331.000
-363.000 174.000
-39.000 350.000
43.000 -357.000
81.000 239.000
-226.000 97.000
-90.000 367.000
76.000 -164.000
13.000 -249.000
-346.000 175.000
53.000 -92.000
-226.000 -267.000
354.000 379.000
-393.000 -154.000
496.000 -377.000
526.000 -377.000
-571.000 40.000
330.000 -278.000
403.000 288.000
-105.000 -52.000
445.000 358.000
198.000 227.000
474.000 -356.000
20.000 276.000
-402.000 349.000
-353.000 358.000
-173.000 -359.000
392.000 -343.000
-376.000 188.000
-254.000 -282.000
-510.000 67.000
-437.000 298.000
-508.000 233.000
280.000 -266.000
-48.000 -48.000
420.000 349.000
-418.000 295.000
11.000 63.000
108.000 -272.000
449.000 53.000
-317.000 403.000
355.000 -107.000
-115.000 371.000
-63.000 355.000
-230.000 136.000
504.000 391.000
238.000 -276.000
452.000 273.000
-395.000 -114.000
-165.000 -358.000
-50.000 338.000
-158.000 374.000
-139.000 89.000
320.000 -388.000
378.000 -286.000
350.000 193.000
-31.000 295.000
-378.000 198.000
331.000 308.000
424.000 -53.000
405.000 -231.000
136.000 297.000
-126.000 -233.000
-326.000 56.000
482.000 351.000
-462.000 -9.000
-402.000 72.000
397.000 -323.000
-423.000 -52.000
-168.000 -234.000
-54.000 -332.000
-154.000 66.000
-424.000 -318.000
486.000 222.000
178.000 28.000
328.000 7.000
-537.000 117.000
-426.000 -244.000
-332.000 348.000
517.000 -413.000
-393.000 -285.000
-285.000 -162.000
504.000 -375.000
-163.000 412.000
79.000 -230.000
-410.000 90.000
476.000 -54.000
461.000 -254.000
212.000 -330.000
45.000 276.000
136.000 22.000
-386.000 -352.000
-390.000 -231.000
470.000 -118.000
