510.000 810.000
756.000 619.000
672.000 564.000
422.000 976.000
69.000 433.000
252.000 854.000
573.000 547.000
734.000 220.000
665.000 738.000
687.000 641.000
277.000 736.000
308.000 876.000
545.000 736.000
212.000 332.000
539.000 412.000
378.000 195.000
4.000 582.000
66.000 618.000
696.000 300.000
662.000 91.000
556.000 379.000
111.000 727.000
738.000 692.000
391.000 795.000
354.000 105.000
162.000 636.000
718.000 114.000
502.000 434.000
364.000 956.000
532.000 584.000
-49.000 620.000
236.000 615.000
598.000 165.000
-31.000 751.000
316.000 634.000
753.000 849.000
174.000 210.000
202.000 629.000
76.000 311.000
-37.000 951.000
596.000 85.000
279.000 274.000
352.000 753.000
591.000 972.000
453.000 506.000
-8.000 79.000
709.000 485.000
183.000 212.000
439.000 234.000
671.000 800.000
-19.000 609.000
167.000 263.000
15.000 630.000
510.000 95.000
492.000 199.000
559.000 66.000
463.000 578.000
502.000 235.000
733.000 641.000
69.000 713.000
542.000 507.000
576.000 128.000
557.000 526.000
587.000 966.000
566.000 342.000
762.000 895.000
92.000 517.000
698.000 315.000
727.000 192.000
79.000 534.000
27.000 683.000
335.000 978.000
646.000 951.000
-44.000 389.000
1.000 203.000
188.000 273.000
143.000 99.000
-38.000 208.000
669.000 886.000
281.000 276.000
165.000 330.000
8.000 947.000
209.000 155.000
-19.000 406.000
609.000 410.000
695.000 458.000
228.000 768.000
29.000 354.000
296.000 986.000
716.000 451.000
57.000 158.000
240.000 620.000
50.000 126.000
-55.000 632.000
752.000 214.000
460.000 481.000
660.000 903.000
415.000 934.000
691.000 194.000
-45.000 529.000
755.000 902.000
71.000 610.000
743.000 390.000
643.000 428.000
65.000 239.000
423.000 826.000
623.000 305.000
692.000 385.000
746.000 426.000
197.000 337.000
160.000 788.000
341.000 922.000
216.000 243.000
466.000 188.000
367.000 251.000
209.000 182.000
21.000 194.000
446.000 913.000
175.000 719.000
95.000 890.000
229.000 848.000
670.000 690.000
129.000 806.000
452.000 573.000
623.000 119.000
18.000 242.000
523.000 579.000
57.000 92.000
701.000 342.000
596.000 533.000
563.000 82.000
308.000 775.000
518.000 512.000
699.000 760.000
467.000 581.000
222.000 709.000
603.000 602.000
696.000 696.000
558.000 460.000
397.000 172.000
232.000 613.000
-33.000 318.000
524.000 933.000
305.000 687.000
721.000 356.000
446.000 469.000
716.000 720.000
728.000 169.000
640.000 392.000
84.000 409.000
23.000 719.000
370.000 984.000
577.000 886.000
336.000 609.000
185.000 846.000
167.000 832.000
25.000 797.000
99.000 545.000
527.000 531.000
693.000 255.000
524.000 590.000
257.000 952.000
540.000 304.000
438.000 476.000
131.000 618.000
729.000 715.000
511.000 143.000
544.000 966.000
-37.000 665.000
55.000 135.000
40.000 542.000
703.000 398.000
575.000 324.000
156.000 567.000
105.000 718.000
474.000 254.000
733.000 393.000
346.000 232.000
-24.000 181.000
261.000 841.000
728.000 513.000
520.000 927.000
365.000 216.000
194.000 959.000
-27.000 821.000
152.000 985.000
-27.000 67.000
390.000 973.000
585.000 467.000
661.000 821.000
71.000 242.000
321.000 882.000
637.000 457.000
561.000 979.000
666.000 220.000
57.000 896.000
345.000 917.000
707.000 896.000
686.000 140.000
250.000 711.000
576.000 398.000
390.000 192.000
62.000 447.000
268.000 753.000
694.000 485.000
648.000 79.000
623.000 404.000
420.000 100.000
251.000 843.000
740.000 911.000
352.000 956.000
724.000 941.000
1.000 504.000
221.000 856.000
91.000 297.000
448.000 140.000
652.000 167.000
280.000 966.000
625.000 546.000
433.000 549.000
52.000 307.000
374.000 943.000
707.000 139.000
174.000 267.000
532.000 289.000
435.000 213.000
148.000 894.000
711.000 209.000
698.000 336.000
264.000 277.000
147.000 117.000
87.000 292.000
611.000 650.000
195.000 619.000
-46.000 176.000
-27.000 71.000
135.000 250.000
708.000 400.000
-9.000 619.000
370.000 135.000
5.000 187.000
125.000 433.000
689.000 938.000
55.000 230.000
463.000 150.000
405.000 783.000
286.000 908.000
117.000 399.000
551.000 125.000
500.000 860.000
356.000 621.000
106.000 906.000
513.000 783.000
750.000 145.000
43.000 300.000
197.000 120.000
287.000 92.000
676.000 333.000
67.000 530.000
719.000 330.000
689.000 118.000
306.000 874.000
-32.000 401.000
550.000 447.000
335.000 586.000
703.000 859.000
146.000 224.000
0.000 869.000
313.000 240.000
607.000 732.000
390.000 197.000
69.000 215.000
416.000 955.000
484.000 847.000
351.000 776.000
582.000 779.000
83.000 505.000
300.000 298.000
721.000 630.000
385.000 896.000
698.000 584.000
644.000 554.000
78.000 504.000
-47.000 285.000
240.000 918.000
661.000 224.000
154.000 143.000
722.000 423.000
374.000 858.000
146.000 773.000
67.000 153.000
684.000 293.000
441.000 226.000
615.000 317.000
189.000 410.000
243.000 619.000
600.000 187.000
107.000 899.000
347.000 636.000
76.000 920.000
97.000 280.000
456.000 842.000
242.000 268.000
217.000 830.000
244.000 818.000
-7.000 620.000
624.000 618.000
264.000 127.000
18.000 448.000
720.000 357.000
336.000 837.000
-37.000 344.000
325.000 660.000
750.000 285.000
704.000 842.000
739.000 949.000
-60.000 81.000
360.000 236.000
11.000 927.000
359.000 182.000
255.000 352.000
485.000 966.000
226.000 108.000
91.000 840.000
164.000 121.000
-56.000 96.000
697.000 561.000
372.000 519.000
73.000 197.000
698.000 923.000
622.000 495.000
20.000 618.000
229.000 737.000
271.000 606.000
123.000 214.000
235.000 665.000
152.000 261.000
66.000 88.000
547.000 407.000
-8.000 503.000
687.000 518.000
476.000 550.000
723.000 429.000
439.000 812.000
-38.000 857.000
149.000 941.000
622.000 923.000
537.000 861.000
63.000 617.000
752.000 296.000
79.000 597.000
17.000 190.000
419.000 552.000
227.000 944.000
700.000 385.000
558.000 794.000
7.000 332.000
213.000 775.000
16.000 357.000
45.000 698.000
450.000 95.000
578.000 236.000
734.000 422.000
386.000 238.000
73.000 519.000
50.000 593.000
663.000 501.000
238.000 625.000
746.000 486.000
481.000 545.000
-12.000 251.000
756.000 822.000
657.000 427.000
753.000 615.000
190.000 899.000
296.000 670.000
372.000 964.000
359.000 257.000
551.000 420.000
63.000 769.000
656.000 884.000
118.000 956.000
325.000 208.000
-34.000 126.000
-21.000 152.000
-4.000 867.000
-35.000 391.000
322.000 793.000
55.000 796.000
472.000 279.000
677.000 659.000
646.000 946.000
116.000 717.000
488.000 272.000
405.000 947.000
700.000 145.000
340.000 934.000
485.000 831.000
535.000 775.000
395.000 888.000
-16.000 761.000
557.000 531.000
509.000 923.000
744.000 821.000
302.000 237.000
33.000 942.000
674.000 208.000
434.000 890.000
484.000 931.000
381.000 942.000
109.000 877.000
406.000 526.000
-1.000 569.000
488.000 192.000
296.000 147.000
-56.000 404.000
115.000 499.000
552.000 718.000
536.000 885.000
696.000 837.000
31.000 646.000
571.000 694.000
121.000 393.000
504.000 797.000
323.000 196.000
563.000 819.000
356.000 519.000
499.000 96.000
482.000 235.000
720.000 189.000
105.000 506.000
693.000 302.000
612.000 267.000
697.000 977.000
-63.000 933.000
124.000 305.000
590.000 894.000
512.000 809.000
584.000 928.000
91.000 180.000
64.000 363.000
607.000 938.000
-41.000 678.000
622.000 390.000
382.000 461.000
515.000 210.000
337.000 889.000
396.000 773.000
233.000 758.000
408.000 788.000
-19.000 361.000
112.000 139.000
512.000 307.000
187.000 346.000
-39.000 966.000
-25.000 408.000
761.000 424.000
135.000 407.000
218.000 851.000
607.000 611.000
119.000 772.000
496.000 202.000
439.000 854.000
-37.000 363.000
738.000 806.000
394.000 442.000
643.000 161.000
594.000 731.000
103.000 624.000
253.000 702.000
734.000 543.000
8.000 821.000
570.000 722.000
19.000 940.000
394.000 177.000
-47.000 384.000
661.000 835.000
425.000 583.000
625.000 128.000
298.000 771.000
319.000 681.000
154.000 385.000
592.000 448.000
372.000 222.000
-2.000 219.000
117.000 705.000
569.000 765.000
418.000 799.000
231.000 228.000
615.000 272.000
139.000 155.000
292.000 199.000
558.000 975.000
719.000 496.000
449.000 462.000
-12.000 805.000
744.000 718.000
62.000 756.000
5.000 329.000
17.000 282.000
259.000 833.000
-54.000 132.000
268.000 168.000
501.000 466.000
135.000 803.000
614.000 331.000
413.000 506.000
193.000 169.000
610.000 381.000
8.000 174.000
550.000 367.000
252.000 600.000
291.000 92.000
32.000 180.000
505.000 983.000
709.000 414.000
166.000 92.000
353.000 124.000
603.000 103.000
483.000 201.000
321.000 255.000
286.000 845.000
269.000 151.000
-60.000 176.000
624.000 180.000
232.000 735.000
318.000 423.000
287.000 912.000
441.000 472.000
61.000 227.000
752.000 427.000
14.000 770.000
106.000 516.000
713.000 171.000
596.000 532.000
341.000 588.000
203.000 347.000
671.000 974.000
629.000 733.000
66.000 775.000
649.000 989.000
506.000 188.000
750.000 163.000
604.000 410.000
568.000 869.000
81.000 432.000
228.000 666.000
-58.000 886.000
605.000 356.000
6.000 541.000
728.000 939.000
558.000 161.000
297.000 655.000
273.000 691.000
252.000 888.000
102.000 719.000
46.000 233.000
373.000 112.000
667.000 653.000
609.000 933.000
445.000 577.000
643.000 603.000
584.000 581.000
738.000 257.000
197.000 969.000
247.000 373.000
728.000 172.000
681.000 292.000
706.000 588.000
716.000 711.000
59.000 873.000
141.000 443.000
651.000 886.000
624.000 322.000
61.000 555.000
682.000 755.000
51.000 476.000
331.000 679.000
160.000 220.000
595.000 223.000
1.000 959.000
313.000 836.000
490.000 175.000
400.000 816.000
408.000 986.000
433.000 459.000
541.000 462.000
686.000 477.000
-7.000 299.000
588.000 206.000
279.000 222.000
115.000 183.000
166.000 562.000
165.000 556.000
352.000 958.000
-62.000 990.000
677.000 818.000
242.000 808.000
11.000 527.000
308.000 961.000
101.000 701.000
268.000 671.000
628.000 481.000
82.000 687.000
375.000 876.000
644.000 711.000
-6.000 386.000
605.000 628.000
88.000 562.000
487.000 182.000
463.000 850.000
726.000 101.000
431.000 502.000
55.000 873.000
537.000 485.000
699.000 98.000
356.000 990.000
497.000 924.000
488.000 478.000
268.000 88.000
688.000 118.000
-58.000 434.000
32.000 424.000
357.000 772.000
544.000 180.000
647.000 120.000
137.000 207.000
220.000 195.000
423.000 197.000
752.000 912.000
172.000 667.000
366.000 196.000
685.000 752.000
740.000 233.000
25.000 400.000
591.000 413.000
539.000 449.000
134.000 257.000
345.000 888.000
653.000 838.000
542.000 780.000
645.000 820.000
133.000 229.000
547.000 189.000
226.000 635.000
29.000 72.000
137.000 132.000
733.000 251.000
92.000 439.000
191.000 158.000
202.000 124.000
327.000 245.000
392.000 246.000
26.000 357.000
17.000 260.000
703.000 416.000
416.000 190.000
8.000 984.000
757.000 749.000
452.000 951.000
603.000 204.000
293.000 216.000
257.000 605.000
32.000 925.000
655.000 489.000
168.000 946.000
193.000 399.000
527.000 441.000
753.000 943.000
295.000 930.000
95.000 810.000
166.000 344.000
728.000 659.000
267.000 938.000
439.000 122.000
709.000 558.000
29.000 430.000
242.000 281.000
164.000 327.000
197.000 184.000
186.000 148.000
623.000 682.000
48.000 103.000
146.000 424.000
55.000 556.000
165.000 554.000
582.000 230.000
541.000 874.000
274.000 682.000
-39.000 116.000
248.000 841.000
314.000 413.000
409.000 501.000
-32.000 677.000
328.000 791.000
621.000 783.000
106.000 546.000
525.000 832.000
35.000 183.000
717.000 209.000
