358.000 400.000
623.000 660.000
415.000 294.000
145.000 499.000
366.000 493.000
347.000 386.000
286.000 645.000
259.000 656.000
315.000 732.000
179.000 607.000
588.000 652.000
301.000 632.000
435.000 629.000
443.000 807.000
360.000 523.000
463.000 778.000
342.000 463.000
287.000 383.000
313.000 731.000
263.000 553.000
274.000 410.000
159.000 507.000
140.000 617.000
322.000 567.000
200.000 526.000
192.000 576.000
338.000 524.000
194.000 614.000
527.000 363.000
502.000 350.000
386.000 409.000
359.000 484.000
456.000 825.000
