623.000 660.000
415.000 294.000
145.000 499.000
373.000 563.000
606.000 633.000
399.000 280.000
286.000 645.000
259.000 656.000
315.000 732.000
179.000 607.000
542.000 331.000
588.000 652.000
301.000 632.000
390.000 626.000
411.000 757.000
443.000 807.000
463.000 778.000
287.000 383.000
313.000 731.000
175.000 563.000
159.000 507.000
156.000 540.000
140.000 617.000
322.000 567.000
200.000 526.000
373.000 751.000
192.000 576.000
194.000 614.000
527.000 363.000
502.000 350.000
456.000 825.000
349.000 757.000
180.000 407.000
