313.000 219.000
731.000 934.000
194.000 614.000
486.000 966.000
482.000 182.000
98.000 969.000
-40.000 979.000
141.000 505.000
241.000 832.000
66.000 804.000
222.000 339.000
719.000 449.000
696.000 448.000
43.000 654.000
-56.000 837.000
496.000 484.000
302.000 611.000
188.000 122.000
526.000 508.000
-16.000 793.000
272.000 967.000
148.000 701.000
110.000 690.000
455.000 526.000
517.000 888.000
678.000 847.000
686.000 728.000
751.000 369.000
253.000 664.000
244.000 892.000
164.000 649.000
613.000 720.000
725.000 852.000
373.000 563.000
160.000 778.000
659.000 181.000
78.000 494.000
384.000 491.000
-34.000 900.000
419.000 790.000
272.000 989.000
-22.000 623.000
629.000 599.000
382.000 71.000
430.000 575.000
223.000 298.000
641.000 649.000
115.000 460.000
125.000 392.000
430.000 892.000
80.000 447.000
58.000 359.000
359.000 846.000
515.000 940.000
314.000 651.000
185.000 677.000
234.000 945.000
386.000 836.000
609.000 950.000
231.000 746.000
296.000 640.000
581.000 222.000
165.000 403.000
94.000 263.000
506.000 911.000
265.000 164.000
-8.000 942.000
41.000 703.000
38.000 734.000
692.000 916.000
443.000 488.000
529.000 229.000
635.000 250.000
330.000 101.000
436.000 120.000
95.000 803.000
203.000 377.000
319.000 791.000
142.000 212.000
68.000 736.000
636.000 970.000
754.000 644.000
-9.000 931.000
734.000 373.000
197.000 190.000
734.000 366.000
24.000 271.000
318.000 627.000
632.000 127.000
34.000 862.000
739.000 120.000
710.000 516.000
135.000 710.000
600.000 985.000
748.000 215.000
639.000 780.000
365.000 961.000
73.000 859.000
415.000 884.000
536.000 793.000
449.000 448.000
534.000 483.000
659.000 749.000
174.000 965.000
106.000 742.000
244.000 359.000
464.000 562.000
51.000 142.000
396.000 212.000
428.000 918.000
145.000 880.000
-41.000 761.000
216.000 263.000
210.000 965.000
494.000 576.000
445.000 954.000
-20.000 901.000
138.000 700.000
264.000 930.000
402.000 546.000
730.000 734.000
512.000 203.000
656.000 403.000
24.000 102.000
547.000 492.000
272.000 981.000
635.000 333.000
64.000 364.000
154.000 96.000
726.000 496.000
329.000 806.000
-46.000 450.000
667.000 532.000
549.000 800.000
329.000 127.000
-51.000 933.000
67.000 630.000
362.000 890.000
591.000 115.000
111.000 155.000
-37.000 588.000
171.000 689.000
-63.000 592.000
255.000 657.000
449.000 215.000
329.000 783.000
-8.000 432.000
335.000 739.000
739.000 773.000
675.000 241.000
338.000 206.000
372.000 543.000
177.000 920.000
158.000 953.000
48.000 902.000
353.000 168.000
486.000 513.000
725.000 87.000
224.000 139.000
121.000 298.000
63.000 195.000
302.000 888.000
668.000 453.000
123.000 323.000
171.000 147.000
722.000 588.000
483.000 115.000
239.000 821.000
243.000 917.000
562.000 171.000
193.000 317.000
73.000 469.000
757.000 940.000
445.000 201.000
430.000 194.000
76.000 75.000
559.000 981.000
68.000 653.000
306.000 139.000
733.000 878.000
683.000 604.000
710.000 912.000
50.000 488.000
623.000 687.000
33.000 587.000
605.000 87.000
349.000 984.000
681.000 218.000
757.000 971.000
225.000 703.000
259.000 211.000
90.000 612.000
614.000 836.000
221.000 974.000
257.000 359.000
177.000 317.000
580.000 520.000
700.000 380.000
94.000 660.000
45.000 549.000
101.000 481.000
692.000 334.000
518.000 244.000
671.000 395.000
596.000 644.000
93.000 725.000
182.000 623.000
286.000 745.000
289.000 806.000
352.000 769.000
-49.000 483.000
302.000 719.000
334.000 922.000
555.000 662.000
396.000 129.000
143.000 386.000
509.000 814.000
414.000 919.000
30.000 398.000
424.000 797.000
61.000 100.000
503.000 450.000
75.000 726.000
709.000 480.000
418.000 946.000
296.000 941.000
519.000 954.000
27.000 855.000
227.000 232.000
242.000 266.000
40.000 409.000
389.000 164.000
519.000 553.000
755.000 784.000
667.000 323.000
378.000 514.000
632.000 604.000
172.000 325.000
619.000 166.000
589.000 323.000
373.000 249.000
351.000 532.000
105.000 726.000
727.000 67.000
760.000 590.000
521.000 896.000
607.000 743.000
149.000 629.000
302.000 284.000
598.000 954.000
5.000 151.000
739.000 96.000
470.000 200.000
-2.000 183.000
360.000 925.000
735.000 783.000
166.000 684.000
383.000 251.000
503.000 255.000
103.000 960.000
475.000 526.000
84.000 842.000
39.000 483.000
195.000 230.000
627.000 954.000
335.000 721.000
704.000 558.000
70.000 356.000
733.000 106.000
609.000 308.000
755.000 106.000
-62.000 575.000
293.000 879.000
664.000 852.000
751.000 885.000
73.000 202.000
676.000 524.000
695.000 931.000
677.000 906.000
2.000 561.000
511.000 784.000
48.000 860.000
548.000 702.000
205.000 916.000
-51.000 836.000
-32.000 420.000
690.000 319.000
357.000 532.000
717.000 130.000
222.000 816.000
437.000 138.000
641.000 240.000
2.000 550.000
26.000 452.000
739.000 236.000
379.000 838.000
40.000 623.000
151.000 557.000
718.000 930.000
115.000 734.000
135.000 657.000
636.000 626.000
67.000 303.000
674.000 935.000
63.000 920.000
124.000 302.000
-17.000 951.000
-32.000 620.000
325.000 236.000
138.000 822.000
430.000 85.000
34.000 107.000
-59.000 289.000
100.000 931.000
429.000 552.000
656.000 144.000
44.000 278.000
263.000 910.000
714.000 200.000
310.000 657.000
11.000 592.000
576.000 616.000
760.000 660.000
687.000 269.000
233.000 755.000
645.000 537.000
431.000 257.000
685.000 712.000
576.000 979.000
7.000 186.000
144.000 668.000
-15.000 702.000
442.000 459.000
-39.000 895.000
174.000 213.000
350.000 944.000
171.000 910.000
-17.000 480.000
656.000 101.000
235.000 755.000
400.000 926.000
652.000 489.000
91.000 818.000
68.000 438.000
-43.000 909.000
-17.000 604.000
729.000 71.000
264.000 173.000
633.000 538.000
565.000 531.000
570.000 748.000
37.000 863.000
-15.000 791.000
143.000 946.000
62.000 570.000
51.000 860.000
372.000 601.000
146.000 225.000
327.000 84.000
131.000 657.000
521.000 407.000
567.000 212.000
14.000 399.000
358.000 904.000
139.000 632.000
79.000 612.000
52.000 827.000
429.000 810.000
318.000 258.000
679.000 527.000
444.000 223.000
698.000 589.000
415.000 246.000
127.000 981.000
691.000 649.000
628.000 409.000
618.000 412.000
607.000 590.000
192.000 129.000
430.000 838.000
-9.000 158.000
472.000 95.000
465.000 979.000
132.000 347.000
316.000 927.000
629.000 966.000
723.000 70.000
-50.000 541.000
88.000 150.000
704.000 541.000
39.000 549.000
52.000 906.000
548.000 423.000
191.000 682.000
739.000 967.000
-25.000 240.000
627.000 321.000
-14.000 165.000
378.000 554.000
340.000 664.000
180.000 407.000
751.000 637.000
430.000 273.000
124.000 259.000
209.000 259.000
732.000 234.000
669.000 334.000
-2.000 431.000
-61.000 572.000
760.000 858.000
-12.000 579.000
277.000 609.000
647.000 837.000
615.000 609.000
543.000 880.000
67.000 174.000
429.000 891.000
395.000 908.000
742.000 716.000
526.000 414.000
586.000 535.000
-28.000 319.000
30.000 943.000
398.000 81.000
430.000 940.000
426.000 809.000
198.000 223.000
121.000 867.000
744.000 645.000
86.000 514.000
54.000 765.000
87.000 837.000
165.000 960.000
347.000 796.000
182.000 992.000
550.000 227.000
750.000 862.000
58.000 349.000
-33.000 94.000
15.000 509.000
286.000 393.000
18.000 407.000
-9.000 805.000
537.000 858.000
150.000 914.000
40.000 162.000
50.000 638.000
634.000 889.000
493.000 283.000
389.000 836.000
-16.000 158.000
394.000 202.000
-40.000 924.000
568.000 907.000
160.000 589.000
194.000 638.000
732.000 915.000
347.000 748.000
306.000 110.000
490.000 430.000
659.000 547.000
745.000 793.000
610.000 218.000
93.000 498.000
381.000 766.000
512.000 207.000
310.000 864.000
237.000 609.000
629.000 968.000
730.000 949.000
142.000 640.000
193.000 869.000
367.000 196.000
1.000 333.000
234.000 127.000
-2.000 199.000
82.000 740.000
466.000 921.000
-34.000 537.000
-11.000 698.000
643.000 302.000
77.000 138.000
701.000 685.000
53.000 652.000
470.000 215.000
572.000 231.000
677.000 921.000
696.000 879.000
77.000 310.000
4.000 947.000
643.000 301.000
160.000 350.000
44.000 436.000
116.000 381.000
277.000 945.000
624.000 330.000
85.000 391.000
234.000 73.000
-36.000 919.000
541.000 220.000
