358.000 400.000
298.000 485.000
366.000 493.000
347.000 386.000
403.000 352.000
301.000 479.000
399.000 335.000
441.000 358.000
433.000 684.000
435.000 629.000
476.000 702.000
538.000 648.000
517.000 630.000
461.000 661.000
360.000 523.000
518.000 638.000
342.000 463.000
488.000 649.000
541.000 646.000
252.000 459.000
234.000 433.000
263.000 553.000
307.000 515.000
274.000 410.000
299.000 549.000
220.000 479.000
253.000 516.000
338.000 524.000
316.000 366.000
349.000 339.000
386.000 409.000
359.000 484.000
229.000 437.000
249.000 410.000
255.000 412.000
282.000 501.000
