623.000 660.000
415.000 294.000
366.000 493.000
422.000 495.000
509.000 848.000
606.000 633.000
286.000 645.000
259.000 656.000
556.000 379.000
588.000 652.000
301.000 632.000
390.000 626.000
318.000 627.000
604.000 679.000
538.000 648.000
459.000 489.000
244.000 359.000
268.000 309.000
510.000 810.000
463.000 778.000
287.000 383.000
541.000 646.000
175.000 563.000
263.000 553.000
501.000 497.000
263.000 421.000
274.000 410.000
156.000 540.000
291.000 260.000
458.000 540.000
322.000 567.000
200.000 526.000
286.000 267.000
430.000 575.000
527.000 363.000
268.000 325.000
359.000 484.000
455.000 526.000
456.000 825.000
180.000 407.000
301.000 267.000
492.000 846.000
