613.000 734.000
224.000 622.000
145.000 499.000
422.000 495.000
509.000 848.000
399.000 280.000
615.000 609.000
121.000 552.000
259.000 656.000
315.000 732.000
179.000 607.000
594.000 387.000
438.000 844.000
604.000 679.000
538.000 648.000
551.000 295.000
443.000 807.000
268.000 309.000
510.000 810.000
463.000 778.000
284.000 707.000
541.000 646.000
313.000 731.000
175.000 563.000
241.000 673.000
483.000 540.000
590.000 722.000
111.000 601.000
343.000 662.000
373.000 751.000
348.000 667.000
338.000 524.000
430.000 575.000
194.000 614.000
268.000 325.000
349.000 757.000
180.000 407.000
386.000 836.000
538.000 808.000
492.000 846.000
