353.000 917.000
164.000 903.000
623.000 660.000
683.000 872.000
441.000 991.000
225.000 622.000
345.000 107.000
518.000 451.000
115.000 229.000
34.000 440.000
638.000 677.000
541.000 124.000
593.000 785.000
461.000 509.000
729.000 788.000
447.000 506.000
178.000 571.000
479.000 161.000
188.000 918.000
383.000 89.000
266.000 250.000
666.000 564.000
608.000 108.000
103.000 605.000
-25.000 805.000
66.000 308.000
-33.000 319.000
452.000 789.000
121.000 552.000
94.000 746.000
609.000 423.000
413.000 125.000
652.000 202.000
761.000 642.000
485.000 91.000
268.000 325.000
154.000 317.000
698.000 453.000
622.000 545.000
78.000 672.000
490.000 479.000
438.000 485.000
128.000 77.000
721.000 278.000
241.000 245.000
674.000 794.000
573.000 207.000
372.000 931.000
73.000 809.000
708.000 127.000
704.000 154.000
389.000 969.000
343.000 662.000
287.000 72.000
462.000 549.000
400.000 888.000
135.000 445.000
446.000 242.000
228.000 645.000
51.000 394.000
494.000 781.000
132.000 474.000
583.000 429.000
546.000 446.000
208.000 870.000
-2.000 681.000
352.000 599.000
741.000 762.000
201.000 316.000
293.000 854.000
58.000 526.000
614.000 361.000
17.000 67.000
627.000 445.000
362.000 109.000
31.000 575.000
-14.000 257.000
115.000 434.000
671.000 460.000
218.000 367.000
737.000 778.000
526.000 462.000
64.000 107.000
24.000 608.000
290.000 403.000
753.000 375.000
4.000 927.000
509.000 848.000
55.000 113.000
608.000 148.000
-3.000 654.000
432.000 874.000
552.000 343.000
138.000 537.000
-18.000 103.000
585.000 122.000
735.000 161.000
640.000 565.000
399.000 280.000
459.000 489.000
73.000 958.000
711.000 356.000
40.000 247.000
742.000 619.000
121.000 92.000
750.000 277.000
108.000 296.000
620.000 372.000
108.000 212.000
594.000 387.000
179.000 944.000
278.000 918.000
277.000 186.000
460.000 959.000
86.000 74.000
624.000 694.000
-13.000 728.000
330.000 887.000
175.000 119.000
585.000 632.000
551.000 333.000
345.000 442.000
740.000 304.000
502.000 134.000
262.000 261.000
346.000 718.000
669.000 527.000
285.000 898.000
632.000 906.000
673.000 322.000
456.000 825.000
519.000 596.000
637.000 556.000
571.000 877.000
39.000 225.000
504.000 569.000
315.000 99.000
680.000 549.000
179.000 607.000
582.000 443.000
759.000 341.000
433.000 843.000
-58.000 717.000
143.000 856.000
456.000 267.000
288.000 990.000
643.000 123.000
393.000 278.000
227.000 620.000
673.000 228.000
198.000 395.000
156.000 540.000
632.000 715.000
720.000 570.000
623.000 863.000
624.000 821.000
725.000 397.000
448.000 789.000
75.000 323.000
111.000 705.000
690.000 434.000
23.000 127.000
504.000 828.000
300.000 180.000
531.000 913.000
313.000 731.000
82.000 850.000
-32.000 627.000
-15.000 746.000
662.000 245.000
594.000 365.000
583.000 297.000
534.000 851.000
743.000 983.000
707.000 960.000
210.000 359.000
47.000 213.000
203.000 165.000
437.000 847.000
646.000 966.000
-15.000 933.000
337.000 436.000
510.000 810.000
756.000 619.000
672.000 564.000
445.000 577.000
422.000 976.000
69.000 433.000
252.000 854.000
573.000 547.000
734.000 220.000
643.000 603.000
665.000 738.000
584.000 581.000
687.000 641.000
277.000 736.000
308.000 876.000
545.000 736.000
212.000 332.000
738.000 257.000
539.000 412.000
197.000 969.000
4.000 582.000
66.000 618.000
696.000 300.000
662.000 91.000
556.000 379.000
111.000 727.000
247.000 373.000
738.000 692.000
391.000 795.000
354.000 105.000
718.000 114.000
681.000 292.000
502.000 434.000
706.000 588.000
364.000 956.000
532.000 584.000
716.000 711.000
236.000 615.000
598.000 165.000
-31.000 751.000
316.000 634.000
141.000 443.000
753.000 849.000
202.000 629.000
76.000 311.000
-37.000 951.000
596.000 85.000
279.000 274.000
651.000 886.000
453.000 506.000
-8.000 79.000
709.000 485.000
183.000 212.000
439.000 234.000
671.000 800.000
-19.000 609.000
167.000 263.000
15.000 630.000
492.000 199.000
559.000 66.000
463.000 578.000
502.000 235.000
733.000 641.000
69.000 713.000
557.000 526.000
587.000 966.000
566.000 342.000
762.000 895.000
92.000 517.000
61.000 555.000
698.000 315.000
727.000 192.000
682.000 755.000
79.000 534.000
27.000 683.000
335.000 978.000
646.000 951.000
-44.000 389.000
1.000 203.000
188.000 273.000
143.000 99.000
-38.000 208.000
51.000 476.000
669.000 886.000
281.000 276.000
165.000 330.000
8.000 947.000
209.000 155.000
609.000 410.000
695.000 458.000
160.000 220.000
57.000 158.000
50.000 126.000
752.000 214.000
460.000 481.000
1.000 959.000
660.000 903.000
691.000 194.000
313.000 836.000
400.000 816.000
-45.000 529.000
755.000 902.000
71.000 610.000
408.000 986.000
743.000 390.000
643.000 428.000
65.000 239.000
423.000 826.000
623.000 305.000
692.000 385.000
746.000 426.000
160.000 788.000
341.000 922.000
216.000 243.000
466.000 188.000
367.000 251.000
209.000 182.000
21.000 194.000
446.000 913.000
95.000 890.000
229.000 848.000
670.000 690.000
129.000 806.000
452.000 573.000
623.000 119.000
18.000 242.000
523.000 579.000
57.000 92.000
701.000 342.000
541.000 462.000
596.000 533.000
563.000 82.000
308.000 775.000
686.000 477.000
518.000 512.000
699.000 760.000
467.000 581.000
-7.000 299.000
696.000 696.000
558.000 460.000
232.000 613.000
588.000 206.000
-33.000 318.000
524.000 933.000
305.000 687.000
721.000 356.000
446.000 469.000
716.000 720.000
728.000 169.000
640.000 392.000
84.000 409.000
115.000 183.000
23.000 719.000
370.000 984.000
577.000 886.000
166.000 562.000
336.000 609.000
185.000 846.000
167.000 832.000
25.000 797.000
99.000 545.000
527.000 531.000
352.000 958.000
693.000 255.000
524.000 590.000
257.000 952.000
-62.000 990.000
677.000 818.000
540.000 304.000
438.000 476.000
131.000 618.000
242.000 808.000
729.000 715.000
511.000 143.000
11.000 527.000
544.000 966.000
55.000 135.000
40.000 542.000
703.000 398.000
308.000 961.000
474.000 254.000
733.000 393.000
268.000 671.000
628.000 481.000
261.000 841.000
728.000 513.000
520.000 927.000
375.000 876.000
365.000 216.000
194.000 959.000
-27.000 821.000
152.000 985.000
-27.000 67.000
390.000 973.000
585.000 467.000
661.000 821.000
71.000 242.000
321.000 882.000
637.000 457.000
561.000 979.000
666.000 220.000
57.000 896.000
686.000 140.000
576.000 398.000
644.000 711.000
62.000 447.000
268.000 753.000
694.000 485.000
648.000 79.000
623.000 404.000
251.000 843.000
740.000 911.000
352.000 956.000
724.000 941.000
605.000 628.000
1.000 504.000
221.000 856.000
91.000 297.000
448.000 140.000
652.000 167.000
280.000 966.000
88.000 562.000
433.000 549.000
52.000 307.000
374.000 943.000
707.000 139.000
174.000 267.000
532.000 289.000
435.000 213.000
711.000 209.000
698.000 336.000
264.000 277.000
147.000 117.000
726.000 101.000
431.000 502.000
611.000 650.000
195.000 619.000
-46.000 176.000
708.000 400.000
5.000 187.000
125.000 433.000
689.000 938.000
537.000 485.000
463.000 150.000
405.000 783.000
699.000 98.000
356.000 990.000
286.000 908.000
117.000 399.000
551.000 125.000
500.000 860.000
356.000 621.000
106.000 906.000
513.000 783.000
750.000 145.000
43.000 300.000
197.000 120.000
287.000 92.000
67.000 530.000
719.000 330.000
306.000 874.000
-32.000 401.000
335.000 586.000
703.000 859.000
146.000 224.000
0.000 869.000
313.000 240.000
497.000 924.000
488.000 478.000
390.000 197.000
268.000 88.000
688.000 118.000
416.000 955.000
-58.000 434.000
32.000 424.000
357.000 772.000
351.000 776.000
544.000 180.000
647.000 120.000
582.000 779.000
83.000 505.000
300.000 298.000
721.000 630.000
137.000 207.000
385.000 896.000
698.000 584.000
220.000 195.000
78.000 504.000
-47.000 285.000
722.000 423.000
146.000 773.000
67.000 153.000
684.000 293.000
441.000 226.000
423.000 197.000
615.000 317.000
189.000 410.000
243.000 619.000
600.000 187.000
107.000 899.000
347.000 636.000
97.000 280.000
752.000 912.000
456.000 842.000
242.000 268.000
217.000 830.000
-7.000 620.000
624.000 618.000
264.000 127.000
720.000 357.000
-37.000 344.000
325.000 660.000
750.000 285.000
-60.000 81.000
360.000 236.000
11.000 927.000
685.000 752.000
255.000 352.000
485.000 966.000
740.000 233.000
226.000 108.000
25.000 400.000
697.000 561.000
372.000 519.000
622.000 495.000
20.000 618.000
229.000 737.000
271.000 606.000
123.000 214.000
235.000 665.000
66.000 88.000
547.000 407.000
-8.000 503.000
687.000 518.000
476.000 550.000
591.000 413.000
723.000 429.000
439.000 812.000
-38.000 857.000
149.000 941.000
622.000 923.000
537.000 861.000
63.000 617.000
752.000 296.000
79.000 597.000
419.000 552.000
558.000 794.000
7.000 332.000
213.000 775.000
539.000 449.000
45.000 698.000
578.000 236.000
134.000 257.000
345.000 888.000
653.000 838.000
542.000 780.000
734.000 422.000
386.000 238.000
73.000 519.000
645.000 820.000
50.000 593.000
133.000 229.000
547.000 189.000
746.000 486.000
481.000 545.000
-12.000 251.000
657.000 427.000
753.000 615.000
190.000 899.000
296.000 670.000
359.000 257.000
551.000 420.000
63.000 769.000
656.000 884.000
118.000 956.000
29.000 72.000
-21.000 152.000
137.000 132.000
289.000 98.000
14.000 476.000
514.000 233.000
306.000 122.000
459.000 906.000
344.000 223.000
322.000 621.000
143.000 512.000
111.000 660.000
538.000 263.000
620.000 262.000
82.000 374.000
98.000 690.000
712.000 685.000
636.000 325.000
64.000 915.000
-59.000 911.000
-63.000 596.000
526.000 794.000
143.000 676.000
193.000 700.000
313.000 639.000
370.000 249.000
240.000 979.000
739.000 678.000
527.000 980.000
207.000 68.000
142.000 951.000
318.000 682.000
333.000 112.000
453.000 566.000
276.000 203.000
715.000 490.000
543.000 469.000
251.000 243.000
717.000 492.000
342.000 184.000
694.000 634.000
100.000 507.000
66.000 214.000
503.000 126.000
32.000 960.000
119.000 462.000
-8.000 176.000
279.000 289.000
378.000 195.000
162.000 636.000
728.000 172.000
-49.000 620.000
59.000 873.000
174.000 210.000
352.000 753.000
591.000 972.000
510.000 95.000
624.000 322.000
542.000 507.000
576.000 128.000
331.000 679.000
-19.000 406.000
228.000 768.000
29.000 354.000
296.000 986.000
716.000 451.000
240.000 620.000
595.000 223.000
-55.000 632.000
415.000 934.000
490.000 175.000
197.000 337.000
175.000 719.000
433.000 459.000
222.000 709.000
603.000 602.000
397.000 172.000
279.000 222.000
165.000 556.000
-37.000 665.000
575.000 324.000
156.000 567.000
101.000 701.000
105.000 718.000
346.000 232.000
-24.000 181.000
82.000 687.000
345.000 917.000
707.000 896.000
250.000 711.000
390.000 192.000
420.000 100.000
-6.000 386.000
625.000 546.000
487.000 182.000
463.000 850.000
148.000 894.000
87.000 292.000
-27.000 71.000
135.000 250.000
-9.000 619.000
370.000 135.000
55.000 873.000
55.000 230.000
676.000 333.000
689.000 118.000
550.000 447.000
607.000 732.000
69.000 215.000
484.000 847.000
644.000 554.000
240.000 918.000
661.000 224.000
154.000 143.000
374.000 858.000
76.000 920.000
244.000 818.000
18.000 448.000
336.000 837.000
172.000 667.000
704.000 842.000
739.000 949.000
359.000 182.000
366.000 196.000
91.000 840.000
164.000 121.000
-56.000 96.000
73.000 197.000
698.000 923.000
152.000 261.000
17.000 190.000
227.000 944.000
700.000 385.000
16.000 357.000
450.000 95.000
663.000 501.000
238.000 625.000
756.000 822.000
372.000 964.000
325.000 208.000
-34.000 126.000
226.000 635.000
-4.000 867.000
