358.000 400.000
425.000 431.000
422.000 345.000
419.000 390.000
340.000 387.000
490.000 360.000
325.000 329.000
396.000 409.000
347.000 386.000
421.000 403.000
406.000 302.000
424.000 321.000
403.000 352.000
465.000 350.000
401.000 392.000
364.000 366.000
399.000 335.000
452.000 394.000
441.000 358.000
475.000 401.000
472.000 678.000
433.000 684.000
434.000 680.000
520.000 668.000
390.000 626.000
435.000 629.000
411.000 757.000
476.000 702.000
538.000 648.000
517.000 678.000
421.000 666.000
517.000 630.000
461.000 661.000
524.000 711.000
428.000 714.000
401.000 758.000
518.000 638.000
522.000 691.000
488.000 649.000
540.000 682.000
541.000 646.000
222.000 545.000
252.000 459.000
234.000 433.000
263.000 553.000
316.000 477.000
292.000 545.000
307.000 515.000
343.000 510.000
190.000 463.000
247.000 461.000
164.000 485.000
167.000 489.000
299.000 549.000
328.000 472.000
200.000 526.000
202.000 536.000
283.000 541.000
220.000 479.000
253.000 516.000
338.000 524.000
185.000 481.000
404.000 387.000
389.000 387.000
316.000 366.000
502.000 350.000
349.000 339.000
386.000 409.000
366.000 348.000
400.000 683.000
395.000 727.000
541.000 647.000
300.000 482.000
229.000 437.000
249.000 410.000
255.000 412.000
282.000 501.000
