441.0 358.0 0
307.0 515.0 0
476.0 702.0 0
340.0 387.0 0
445.0 775.0 0
517.0 630.0 0
320.0 449.0 0
378.0 310.0 0
192.0 576.0 0
164.0 485.0 0
405.0 783.0 1
335.0 586.0 1
346.0 232.0 1
750.0 277.0 1
611.0 650.0 1
441.0 226.0 1
133.0 229.0 1
753.0 375.0 1
684.0 293.0 1
672.0 564.0 1
615.0 317.0 1
79.0 534.0 1
-25.0 805.0 1
197.0 337.0 1
558.0 794.0 1
-27.0 67.0 1
370.0 135.0 1
438.0 485.0 1
197.0 120.0 1
-19.0 609.0 1
39.0 225.0 1
577.0 886.0 1
510.0 95.0 1
156.0 540.0 1
622.0 545.0 1
238.0 625.0 1
216.0 243.0 1
587.0 966.0 1
727.0 192.0 1
308.0 775.0 1
64.0 107.0 1
244.0 818.0 1
179.0 607.0 1
728.0 513.0 1
598.0 165.0 1
738.0 692.0 1
399.0 280.0 1
591.0 413.0 1
467.0 581.0 1
29.0 354.0 1
624.0 821.0 1
463.0 150.0 1
541.0 462.0 1
84.0 409.0 1
250.0 711.0 1
463.0 850.0 1
374.0 943.0 1
-58.0 717.0 1
63.0 769.0 1
-15.0 933.0 1
699.0 98.0 1
-12.0 251.0 1
73.0 197.0 1
341.0 922.0 1
227.0 944.0 1
698.0 923.0 1
-8.0 503.0 1
488.0 478.0 1
637.0 457.0 1
106.0 906.0 1
532.0 584.0 1
289.0 98.0 1
279.0 222.0 1
343.0 662.0 1
50.0 593.0 1
552.0 343.0 1
666.0 220.0 1
756.0 822.0 1
285.0 898.0 1
408.0 986.0 1
