490.0 360.0 0
399.0 335.0 0
463.0 778.0 0
522.0 691.0 0
252.0 459.0 0
299.0 549.0 0
404.0 387.0 0
389.0 387.0 0
400.0 683.0 0
229.0 437.0 0
623.0 660.0 1
666.0 564.0 1
413.0 125.0 1
761.0 642.0 1
721.0 278.0 1
73.0 809.0 1
704.0 154.0 1
135.0 445.0 1
51.0 394.0 1
546.0 446.0 1
115.0 434.0 1
64.0 107.0 1
753.0 375.0 1
608.0 148.0 1
640.0 565.0 1
39.0 225.0 1
-58.0 717.0 1
288.0 990.0 1
632.0 715.0 1
-32.0 627.0 1
437.0 847.0 1
738.0 257.0 1
696.0 300.0 1
556.0 379.0 1
-31.0 751.0 1
183.0 212.0 1
733.0 641.0 1
400.0 816.0 1
71.0 610.0 1
408.0 986.0 1
670.0 690.0 1
452.0 573.0 1
232.0 613.0 1
115.0 183.0 1
336.0 609.0 1
729.0 715.0 1
375.0 876.0 1
-27.0 67.0 1
686.0 140.0 1
576.0 398.0 1
698.0 336.0 1
726.0 101.0 1
195.0 619.0 1
689.0 938.0 1
416.0 955.0 1
357.0 772.0 1
137.0 207.0 1
107.0 899.0 1
624.0 618.0 1
-8.0 503.0 1
542.0 780.0 1
386.0 238.0 1
657.0 427.0 1
753.0 615.0 1
63.0 769.0 1
111.0 660.0 1
82.0 374.0 1
98.0 690.0 1
712.0 685.0 1
636.0 325.0 1
370.0 249.0 1
453.0 566.0 1
279.0 222.0 1
575.0 324.0 1
346.0 232.0 1
345.0 917.0 1
420.0 100.0 1
-6.0 386.0 1
148.0 894.0 1
73.0 197.0 1
