452.0 394.0 0
300.0 482.0 0
461.0 661.0 0
316.0 366.0 0
515.0 751.0 0
541.0 647.0 0
252.0 459.0 0
415.0 294.0 0
222.0 545.0 0
418.0 591.0 0
452.0 789.0 1
356.0 621.0 1
359.0 257.0 1
738.0 257.0 1
624.0 618.0 1
423.0 197.0 1
123.0 214.0 1
725.0 397.0 1
693.0 255.0 1
640.0 565.0 1
614.0 361.0 1
92.0 517.0 1
-38.0 857.0 1
165.0 330.0 1
593.0 785.0 1
-60.0 81.0 1
345.0 107.0 1
431.0 502.0 1
209.0 155.0 1
-49.0 620.0 1
66.0 214.0 1
651.0 886.0 1
511.0 143.0 1
166.0 562.0 1
622.0 495.0 1
225.0 622.0 1
220.0 195.0 1
646.0 966.0 1
691.0 194.0 1
277.0 736.0 1
50.0 126.0 1
261.0 841.0 1
172.0 667.0 1
709.0 485.0 1
652.0 167.0 1
716.0 711.0 1
378.0 195.0 1
576.0 398.0 1
453.0 566.0 1
51.0 394.0 1
677.0 818.0 1
487.0 182.0 1
558.0 460.0 1
62.0 447.0 1
235.0 665.0 1
456.0 825.0 1
352.0 956.0 1
-55.0 632.0 1
91.0 840.0 1
-37.0 951.0 1
718.0 114.0 1
-47.0 285.0 1
97.0 280.0 1
321.0 882.0 1
194.0 959.0 1
707.0 960.0 1
-45.0 529.0 1
542.0 507.0 1
657.0 427.0 1
57.0 896.0 1
372.0 519.0 1
268.0 88.0 1
290.0 403.0 1
375.0 876.0 1
-58.0 434.0 1
578.0 236.0 1
596.0 85.0 1
741.0 762.0 1
296.0 986.0 1
497.0 924.0 1
