358.0 400.0 0
415.0 294.0 0
516.0 365.0 0
325.0 329.0 0
347.0 386.0 0
399.0 335.0 0
475.0 401.0 0
433.0 684.0 0
451.0 590.0 0
517.0 630.0 0
463.0 778.0 0
540.0 682.0 0
222.0 545.0 0
234.0 433.0 0
292.0 545.0 0
307.0 515.0 0
247.0 461.0 0
164.0 485.0 0
192.0 576.0 0
338.0 524.0 0
353.0 917.0 1
441.0 991.0 1
225.0 622.0 1
115.0 229.0 1
34.0 440.0 1
729.0 788.0 1
188.0 918.0 1
383.0 89.0 1
266.0 250.0 1
103.0 605.0 1
-25.0 805.0 1
121.0 552.0 1
485.0 91.0 1
490.0 479.0 1
372.0 931.0 1
287.0 72.0 1
462.0 549.0 1
135.0 445.0 1
446.0 242.0 1
228.0 645.0 1
494.0 781.0 1
-2.0 681.0 1
352.0 599.0 1
17.0 67.0 1
753.0 375.0 1
4.0 927.0 1
509.0 848.0 1
-18.0 103.0 1
459.0 489.0 1
108.0 296.0 1
86.0 74.0 1
346.0 718.0 1
39.0 225.0 1
315.0 99.0 1
680.0 549.0 1
582.0 443.0 1
143.0 856.0 1
288.0 990.0 1
643.0 123.0 1
198.0 395.0 1
690.0 434.0 1
313.0 731.0 1
594.0 365.0 1
583.0 297.0 1
707.0 960.0 1
210.0 359.0 1
203.0 165.0 1
646.0 966.0 1
337.0 436.0 1
756.0 619.0 1
69.0 433.0 1
252.0 854.0 1
687.0 641.0 1
391.0 795.0 1
354.0 105.0 1
706.0 588.0 1
364.0 956.0 1
532.0 584.0 1
236.0 615.0 1
-31.0 751.0 1
-37.0 951.0 1
671.0 800.0 1
167.0 263.0 1
492.0 199.0 1
559.0 66.0 1
463.0 578.0 1
587.0 966.0 1
727.0 192.0 1
682.0 755.0 1
-44.0 389.0 1
143.0 99.0 1
51.0 476.0 1
165.0 330.0 1
57.0 158.0 1
691.0 194.0 1
65.0 239.0 1
746.0 426.0 1
160.0 788.0 1
341.0 922.0 1
367.0 251.0 1
701.0 342.0 1
596.0 533.0 1
699.0 760.0 1
558.0 460.0 1
232.0 613.0 1
588.0 206.0 1
-33.0 318.0 1
728.0 169.0 1
370.0 984.0 1
693.0 255.0 1
540.0 304.0 1
438.0 476.0 1
131.0 618.0 1
55.0 135.0 1
-27.0 67.0 1
390.0 973.0 1
321.0 882.0 1
576.0 398.0 1
605.0 628.0 1
652.0 167.0 1
280.0 966.0 1
88.0 562.0 1
707.0 139.0 1
532.0 289.0 1
435.0 213.0 1
431.0 502.0 1
195.0 619.0 1
125.0 433.0 1
463.0 150.0 1
356.0 990.0 1
117.0 399.0 1
356.0 621.0 1
306.0 874.0 1
488.0 478.0 1
688.0 118.0 1
416.0 955.0 1
351.0 776.0 1
647.0 120.0 1
83.0 505.0 1
146.0 773.0 1
600.0 187.0 1
456.0 842.0 1
242.0 268.0 1
217.0 830.0 1
-7.0 620.0 1
624.0 618.0 1
750.0 285.0 1
740.0 233.0 1
271.0 606.0 1
-38.0 857.0 1
537.0 861.0 1
752.0 296.0 1
419.0 552.0 1
45.0 698.0 1
345.0 888.0 1
73.0 519.0 1
547.0 189.0 1
296.0 670.0 1
359.0 257.0 1
656.0 884.0 1
