419.0 390.0 0
340.0 387.0 0
406.0 302.0 0
407.0 299.0 0
445.0 775.0 0
418.0 591.0 0
411.0 757.0 0
421.0 666.0 0
252.0 459.0 0
175.0 563.0 0
263.0 553.0 0
274.0 410.0 0
159.0 507.0 0
190.0 463.0 0
167.0 489.0 0
299.0 549.0 0
328.0 472.0 0
202.0 536.0 0
220.0 479.0 0
253.0 516.0 0
164.0 903.0 1
623.0 660.0 1
638.0 677.0 1
447.0 506.0 1
178.0 571.0 1
608.0 108.0 1
66.0 308.0 1
-33.0 319.0 1
652.0 202.0 1
154.0 317.0 1
622.0 545.0 1
721.0 278.0 1
573.0 207.0 1
704.0 154.0 1
389.0 969.0 1
546.0 446.0 1
741.0 762.0 1
201.0 316.0 1
293.0 854.0 1
627.0 445.0 1
-14.0 257.0 1
115.0 434.0 1
218.0 367.0 1
737.0 778.0 1
138.0 537.0 1
73.0 958.0 1
742.0 619.0 1
594.0 387.0 1
460.0 959.0 1
330.0 887.0 1
551.0 333.0 1
345.0 442.0 1
262.0 261.0 1
285.0 898.0 1
632.0 906.0 1
179.0 607.0 1
433.0 843.0 1
393.0 278.0 1
504.0 828.0 1
531.0 913.0 1
82.0 850.0 1
-32.0 627.0 1
437.0 847.0 1
573.0 547.0 1
308.0 876.0 1
738.0 257.0 1
738.0 692.0 1
316.0 634.0 1
753.0 849.0 1
76.0 311.0 1
279.0 274.0 1
651.0 886.0 1
453.0 506.0 1
-8.0 79.0 1
709.0 485.0 1
15.0 630.0 1
69.0 713.0 1
557.0 526.0 1
566.0 342.0 1
-38.0 208.0 1
669.0 886.0 1
8.0 947.0 1
209.0 155.0 1
609.0 410.0 1
160.0 220.0 1
50.0 126.0 1
460.0 481.0 1
313.0 836.0 1
71.0 610.0 1
743.0 390.0 1
216.0 243.0 1
466.0 188.0 1
209.0 182.0 1
446.0 913.0 1
670.0 690.0 1
129.0 806.0 1
452.0 573.0 1
623.0 119.0 1
18.0 242.0 1
57.0 92.0 1
563.0 82.0 1
308.0 775.0 1
518.0 512.0 1
23.0 719.0 1
166.0 562.0 1
185.0 846.0 1
167.0 832.0 1
99.0 545.0 1
257.0 952.0 1
242.0 808.0 1
11.0 527.0 1
628.0 481.0 1
261.0 841.0 1
365.0 216.0 1
194.0 959.0 1
152.0 985.0 1
561.0 979.0 1
686.0 140.0 1
251.0 843.0 1
91.0 297.0 1
448.0 140.0 1
52.0 307.0 1
698.0 336.0 1
264.0 277.0 1
726.0 101.0 1
-46.0 176.0 1
5.0 187.0 1
537.0 485.0 1
551.0 125.0 1
750.0 145.0 1
197.0 120.0 1
335.0 586.0 1
703.0 859.0 1
497.0 924.0 1
582.0 779.0 1
721.0 630.0 1
137.0 207.0 1
385.0 896.0 1
698.0 584.0 1
722.0 423.0 1
684.0 293.0 1
441.0 226.0 1
189.0 410.0 1
243.0 619.0 1
264.0 127.0 1
229.0 737.0 1
235.0 665.0 1
547.0 407.0 1
-8.0 503.0 1
476.0 550.0 1
591.0 413.0 1
149.0 941.0 1
622.0 923.0 1
79.0 597.0 1
578.0 236.0 1
746.0 486.0 1
657.0 427.0 1
753.0 615.0 1
63.0 769.0 1
118.0 956.0 1
