399.0 335.0 0
283.0 541.0 0
517.0 678.0 0
366.0 348.0 0
400.0 683.0 0
427.0 605.0 0
229.0 437.0 0
502.0 350.0 0
167.0 489.0 0
516.0 365.0 0
439.0 812.0 1
271.0 606.0 1
386.0 238.0 1
734.0 220.0 1
643.0 603.0 1
502.0 235.0 1
108.0 212.0 1
746.0 426.0 1
623.0 305.0 1
698.0 584.0 1
594.0 365.0 1
88.0 562.0 1
-13.0 728.0 1
255.0 352.0 1
494.0 781.0 1
-34.0 126.0 1
397.0 172.0 1
453.0 506.0 1
154.0 143.0 1
15.0 630.0 1
71.0 242.0 1
622.0 923.0 1
551.0 125.0 1
100.0 507.0 1
663.0 501.0 1
228.0 645.0 1
174.0 267.0 1
485.0 966.0 1
707.0 139.0 1
305.0 687.0 1
23.0 127.0 1
293.0 854.0 1
143.0 676.0 1
695.0 458.0 1
544.0 180.0 1
670.0 690.0 1
279.0 289.0 1
551.0 420.0 1
481.0 545.0 1
52.0 307.0 1
683.0 872.0 1
342.0 184.0 1
518.0 451.0 1
135.0 445.0 1
331.0 679.0 1
432.0 874.0 1
370.0 984.0 1
69.0 713.0 1
101.0 701.0 1
64.0 915.0 1
648.0 79.0 1
-24.0 181.0 1
66.0 308.0 1
385.0 896.0 1
280.0 966.0 1
739.0 949.0 1
-19.0 406.0 1
419.0 552.0 1
722.0 423.0 1
142.0 951.0 1
556.0 379.0 1
276.0 203.0 1
121.0 92.0 1
98.0 690.0 1
143.0 856.0 1
661.0 224.0 1
665.0 738.0 1
682.0 755.0 1
459.0 906.0 1
128.0 77.0 1
