403.0 352.0 0
343.0 510.0 0
522.0 691.0 0
518.0 638.0 0
364.0 366.0 0
401.0 758.0 0
328.0 472.0 0
399.0 335.0 0
400.0 683.0 0
419.0 390.0 0
200.0 526.0 0
390.0 626.0 0
234.0 433.0 0
167.0 489.0 0
541.0 646.0 0
527.0 363.0 0
252.0 459.0 0
439.0 429.0 0
415.0 294.0 0
292.0 545.0 0
448.0 789.0 1
322.0 621.0 1
365.0 216.0 1
721.0 278.0 1
585.0 632.0 1
446.0 242.0 1
135.0 250.0 1
759.0 341.0 1
698.0 315.0 1
697.0 561.0 1
636.0 325.0 1
58.0 526.0 1
-31.0 751.0 1
210.0 359.0 1
582.0 779.0 1
390.0 197.0 1
17.0 67.0 1
51.0 476.0 1
413.0 125.0 1
722.0 423.0 1
218.0 367.0 1
446.0 469.0 1
226.0 108.0 1
-32.0 627.0 1
40.0 247.0 1
623.0 863.0 1
502.0 134.0 1
156.0 567.0 1
644.0 554.0 1
236.0 615.0 1
242.0 268.0 1
544.0 966.0 1
711.0 209.0 1
313.0 731.0 1
57.0 92.0 1
217.0 830.0 1
59.0 873.0 1
202.0 629.0 1
687.0 518.0 1
670.0 690.0 1
588.0 206.0 1
729.0 715.0 1
390.0 192.0 1
609.0 423.0 1
445.0 577.0 1
25.0 400.0 1
653.0 838.0 1
719.0 330.0 1
466.0 188.0 1
551.0 125.0 1
707.0 139.0 1
692.0 385.0 1
539.0 449.0 1
117.0 399.0 1
277.0 736.0 1
437.0 847.0 1
-32.0 401.0 1
487.0 182.0 1
-3.0 654.0 1
694.0 634.0 1
686.0 477.0 1
372.0 964.0 1
-37.0 665.0 1
82.0 687.0 1
146.0 773.0 1
408.0 986.0 1
-37.0 951.0 1
325.0 208.0 1
688.0 118.0 1
504.0 828.0 1
-7.0 299.0 1
519.0 596.0 1
119.0 462.0 1
71.0 242.0 1
345.0 888.0 1
433.0 549.0 1
550.0 447.0 1
439.0 812.0 1
167.0 263.0 1
179.0 944.0 1
308.0 876.0 1
154.0 143.0 1
128.0 77.0 1
724.0 941.0 1
660.0 903.0 1
289.0 98.0 1
115.0 183.0 1
106.0 906.0 1
76.0 311.0 1
14.0 476.0 1
453.0 506.0 1
666.0 220.0 1
643.0 428.0 1
556.0 379.0 1
325.0 660.0 1
279.0 274.0 1
643.0 123.0 1
266.0 250.0 1
31.0 575.0 1
497.0 924.0 1
583.0 297.0 1
372.0 519.0 1
346.0 718.0 1
185.0 846.0 1
252.0 854.0 1
308.0 961.0 1
540.0 304.0 1
164.0 903.0 1
321.0 882.0 1
213.0 775.0 1
737.0 778.0 1
-34.0 126.0 1
614.0 361.0 1
691.0 194.0 1
32.0 424.0 1
740.0 911.0 1
71.0 610.0 1
188.0 273.0 1
188.0 918.0 1
143.0 676.0 1
43.0 300.0 1
198.0 395.0 1
149.0 941.0 1
235.0 665.0 1
674.0 794.0 1
669.0 527.0 1
55.0 135.0 1
523.0 579.0 1
706.0 588.0 1
721.0 630.0 1
415.0 934.0 1
500.0 860.0 1
98.0 690.0 1
739.0 949.0 1
585.0 122.0 1
-38.0 208.0 1
226.0 635.0 1
502.0 235.0 1
337.0 436.0 1
607.0 732.0 1
