419.0 390.0 0
292.0 545.0 0
433.0 684.0 0
349.0 339.0 0
371.0 728.0 0
540.0 682.0 0
274.0 410.0 0
396.0 409.0 0
159.0 507.0 0
363.0 650.0 0
351.0 776.0 1
316.0 634.0 1
367.0 251.0 1
740.0 233.0 1
603.0 602.0 1
474.0 254.0 1
134.0 257.0 1
721.0 356.0 1
698.0 336.0 1
637.0 556.0 1
620.0 372.0 1
78.0 504.0 1
-4.0 867.0 1
154.0 317.0 1
510.0 810.0 1
-56.0 96.0 1
359.0 182.0 1
447.0 506.0 1
203.0 165.0 1
20.0 618.0 1
69.0 215.0 1
632.0 906.0 1
541.0 124.0 1
121.0 552.0 1
584.0 581.0 1
232.0 613.0 1
262.0 261.0 1
646.0 951.0 1
704.0 154.0 1
213.0 775.0 1
67.0 153.0 1
229.0 848.0 1
79.0 597.0 1
716.0 451.0 1
576.0 128.0 1
716.0 720.0 1
281.0 276.0 1
623.0 404.0 1
476.0 550.0 1
43.0 300.0 1
674.0 794.0 1
420.0 100.0 1
550.0 447.0 1
32.0 424.0 1
296.0 670.0 1
500.0 860.0 1
389.0 969.0 1
45.0 698.0 1
82.0 850.0 1
-59.0 911.0 1
662.0 91.0 1
-8.0 176.0 1
91.0 297.0 1
335.0 978.0 1
197.0 969.0 1
660.0 903.0 1
51.0 476.0 1
539.0 412.0 1
690.0 434.0 1
118.0 956.0 1
632.0 715.0 1
300.0 180.0 1
337.0 436.0 1
308.0 876.0 1
-44.0 389.0 1
692.0 385.0 1
753.0 615.0 1
755.0 902.0 1
356.0 990.0 1
73.0 958.0 1
