325.0 329.0 0
403.0 352.0 0
411.0 757.0 0
320.0 449.0 0
200.0 526.0 0
185.0 481.0 0
349.0 339.0 0
386.0 409.0 0
371.0 728.0 0
331.0 450.0 0
164.0 903.0 1
461.0 509.0 1
266.0 250.0 1
121.0 552.0 1
208.0 870.0 1
24.0 608.0 1
552.0 343.0 1
138.0 537.0 1
735.0 161.0 1
460.0 959.0 1
262.0 261.0 1
632.0 906.0 1
179.0 607.0 1
643.0 123.0 1
673.0 228.0 1
720.0 570.0 1
583.0 297.0 1
197.0 969.0 1
559.0 66.0 1
79.0 534.0 1
160.0 220.0 1
50.0 126.0 1
1.0 959.0 1
313.0 836.0 1
743.0 390.0 1
746.0 426.0 1
446.0 913.0 1
696.0 696.0 1
524.0 933.0 1
305.0 687.0 1
716.0 720.0 1
99.0 545.0 1
257.0 952.0 1
131.0 618.0 1
268.0 671.0 1
628.0 481.0 1
728.0 513.0 1
152.0 985.0 1
390.0 973.0 1
585.0 467.0 1
661.0 821.0 1
321.0 882.0 1
62.0 447.0 1
532.0 289.0 1
147.0 117.0 1
286.0 908.0 1
500.0 860.0 1
0.0 869.0 1
488.0 478.0 1
-58.0 434.0 1
-47.0 285.0 1
264.0 127.0 1
11.0 927.0 1
622.0 495.0 1
20.0 618.0 1
271.0 606.0 1
149.0 941.0 1
752.0 296.0 1
45.0 698.0 1
207.0 68.0 1
142.0 951.0 1
276.0 203.0 1
279.0 289.0 1
105.0 718.0 1
82.0 687.0 1
69.0 215.0 1
359.0 182.0 1
-56.0 96.0 1
16.0 357.0 1
663.0 501.0 1
