413.0 295.0 0
425.0 431.0 0
490.0 360.0 0
403.0 352.0 0
465.0 350.0 0
364.0 366.0 0
452.0 394.0 0
441.0 358.0 0
435.0 629.0 0
476.0 702.0 0
538.0 648.0 0
517.0 678.0 0
461.0 661.0 0
524.0 711.0 0
401.0 758.0 0
541.0 646.0 0
311.0 429.0 0
200.0 526.0 0
283.0 541.0 0
185.0 481.0 0
683.0 872.0 1
345.0 107.0 1
541.0 124.0 1
461.0 509.0 1
413.0 125.0 1
761.0 642.0 1
698.0 453.0 1
78.0 672.0 1
674.0 794.0 1
73.0 809.0 1
708.0 127.0 1
400.0 888.0 1
51.0 394.0 1
583.0 429.0 1
208.0 870.0 1
58.0 526.0 1
614.0 361.0 1
31.0 575.0 1
671.0 460.0 1
526.0 462.0 1
64.0 107.0 1
24.0 608.0 1
432.0 874.0 1
640.0 565.0 1
40.0 247.0 1
750.0 277.0 1
278.0 918.0 1
740.0 304.0 1
669.0 527.0 1
456.0 825.0 1
637.0 556.0 1
571.0 877.0 1
456.0 267.0 1
673.0 228.0 1
632.0 715.0 1
720.0 570.0 1
624.0 821.0 1
725.0 397.0 1
448.0 789.0 1
111.0 705.0 1
23.0 127.0 1
662.0 245.0 1
534.0 851.0 1
743.0 983.0 1
-15.0 933.0 1
510.0 810.0 1
672.0 564.0 1
445.0 577.0 1
422.0 976.0 1
643.0 603.0 1
545.0 736.0 1
197.0 969.0 1
4.0 582.0 1
66.0 618.0 1
556.0 379.0 1
111.0 727.0 1
718.0 114.0 1
681.0 292.0 1
502.0 434.0 1
598.0 165.0 1
141.0 443.0 1
202.0 629.0 1
183.0 212.0 1
502.0 235.0 1
733.0 641.0 1
92.0 517.0 1
61.0 555.0 1
698.0 315.0 1
79.0 534.0 1
646.0 951.0 1
1.0 203.0 1
695.0 458.0 1
1.0 959.0 1
660.0 903.0 1
400.0 816.0 1
423.0 826.0 1
21.0 194.0 1
95.0 890.0 1
229.0 848.0 1
686.0 477.0 1
696.0 696.0 1
446.0 469.0 1
84.0 409.0 1
115.0 183.0 1
577.0 886.0 1
336.0 609.0 1
352.0 958.0 1
677.0 818.0 1
729.0 715.0 1
511.0 143.0 1
40.0 542.0 1
308.0 961.0 1
268.0 671.0 1
520.0 927.0 1
585.0 467.0 1
71.0 242.0 1
666.0 220.0 1
57.0 896.0 1
62.0 447.0 1
352.0 956.0 1
724.0 941.0 1
221.0 856.0 1
711.0 209.0 1
147.0 117.0 1
611.0 650.0 1
699.0 98.0 1
286.0 908.0 1
500.0 860.0 1
719.0 330.0 1
268.0 88.0 1
357.0 772.0 1
220.0 195.0 1
78.0 504.0 1
67.0 153.0 1
423.0 197.0 1
615.0 317.0 1
347.0 636.0 1
720.0 357.0 1
-60.0 81.0 1
485.0 966.0 1
226.0 108.0 1
25.0 400.0 1
697.0 561.0 1
372.0 519.0 1
622.0 495.0 1
20.0 618.0 1
123.0 214.0 1
66.0 88.0 1
687.0 518.0 1
723.0 429.0 1
558.0 794.0 1
653.0 838.0 1
645.0 820.0 1
133.0 229.0 1
481.0 545.0 1
190.0 899.0 1
551.0 420.0 1
29.0 72.0 1
-21.0 152.0 1
137.0 132.0 1
