404.0 387.0 0
527.0 363.0 0
389.0 387.0 0
316.0 366.0 0
502.0 350.0 0
349.0 339.0 0
386.0 409.0 0
366.0 348.0 0
400.0 683.0 0
395.0 727.0 0
376.0 631.0 0
371.0 728.0 0
541.0 647.0 0
363.0 650.0 0
300.0 482.0 0
229.0 437.0 0
331.0 450.0 0
249.0 410.0 0
255.0 412.0 0
282.0 501.0 0
289.0 98.0 1
14.0 476.0 1
514.0 233.0 1
306.0 122.0 1
459.0 906.0 1
344.0 223.0 1
322.0 621.0 1
143.0 512.0 1
111.0 660.0 1
538.0 263.0 1
620.0 262.0 1
82.0 374.0 1
98.0 690.0 1
712.0 685.0 1
636.0 325.0 1
64.0 915.0 1
-59.0 911.0 1
-63.0 596.0 1
526.0 794.0 1
143.0 676.0 1
193.0 700.0 1
313.0 639.0 1
370.0 249.0 1
240.0 979.0 1
739.0 678.0 1
527.0 980.0 1
207.0 68.0 1
142.0 951.0 1
318.0 682.0 1
333.0 112.0 1
453.0 566.0 1
276.0 203.0 1
715.0 490.0 1
543.0 469.0 1
251.0 243.0 1
717.0 492.0 1
342.0 184.0 1
694.0 634.0 1
100.0 507.0 1
66.0 214.0 1
503.0 126.0 1
32.0 960.0 1
119.0 462.0 1
-8.0 176.0 1
279.0 289.0 1
378.0 195.0 1
162.0 636.0 1
728.0 172.0 1
-49.0 620.0 1
59.0 873.0 1
174.0 210.0 1
352.0 753.0 1
591.0 972.0 1
510.0 95.0 1
624.0 322.0 1
542.0 507.0 1
576.0 128.0 1
331.0 679.0 1
-19.0 406.0 1
228.0 768.0 1
29.0 354.0 1
296.0 986.0 1
716.0 451.0 1
240.0 620.0 1
595.0 223.0 1
-55.0 632.0 1
415.0 934.0 1
490.0 175.0 1
197.0 337.0 1
175.0 719.0 1
433.0 459.0 1
222.0 709.0 1
603.0 602.0 1
397.0 172.0 1
279.0 222.0 1
165.0 556.0 1
-37.0 665.0 1
575.0 324.0 1
156.0 567.0 1
101.0 701.0 1
105.0 718.0 1
346.0 232.0 1
-24.0 181.0 1
82.0 687.0 1
345.0 917.0 1
707.0 896.0 1
250.0 711.0 1
390.0 192.0 1
420.0 100.0 1
-6.0 386.0 1
625.0 546.0 1
487.0 182.0 1
463.0 850.0 1
148.0 894.0 1
87.0 292.0 1
-27.0 71.0 1
135.0 250.0 1
-9.0 619.0 1
370.0 135.0 1
55.0 873.0 1
55.0 230.0 1
676.0 333.0 1
689.0 118.0 1
550.0 447.0 1
607.0 732.0 1
69.0 215.0 1
484.0 847.0 1
644.0 554.0 1
240.0 918.0 1
661.0 224.0 1
154.0 143.0 1
374.0 858.0 1
76.0 920.0 1
244.0 818.0 1
18.0 448.0 1
336.0 837.0 1
172.0 667.0 1
704.0 842.0 1
739.0 949.0 1
359.0 182.0 1
366.0 196.0 1
91.0 840.0 1
164.0 121.0 1
-56.0 96.0 1
73.0 197.0 1
698.0 923.0 1
152.0 261.0 1
17.0 190.0 1
227.0 944.0 1
700.0 385.0 1
16.0 357.0 1
450.0 95.0 1
663.0 501.0 1
238.0 625.0 1
756.0 822.0 1
372.0 964.0 1
325.0 208.0 1
-34.0 126.0 1
226.0 635.0 1
-4.0 867.0 1
