419.0 390.0 0
421.0 403.0 0
401.0 392.0 0
364.0 366.0 0
538.0 648.0 0
421.0 666.0 0
517.0 630.0 0
222.0 545.0 0
202.0 536.0 0
366.0 348.0 0
447.0 506.0 1
372.0 931.0 1
287.0 72.0 1
-3.0 654.0 1
620.0 372.0 1
594.0 387.0 1
278.0 918.0 1
330.0 887.0 1
571.0 877.0 1
433.0 843.0 1
143.0 856.0 1
227.0 620.0 1
725.0 397.0 1
743.0 983.0 1
665.0 738.0 1
539.0 412.0 1
111.0 727.0 1
439.0 234.0 1
-19.0 609.0 1
502.0 235.0 1
69.0 713.0 1
92.0 517.0 1
682.0 755.0 1
165.0 330.0 1
65.0 239.0 1
563.0 82.0 1
308.0 775.0 1
467.0 581.0 1
540.0 304.0 1
438.0 476.0 1
242.0 808.0 1
511.0 143.0 1
71.0 242.0 1
666.0 220.0 1
694.0 485.0 1
648.0 79.0 1
448.0 140.0 1
652.0 167.0 1
280.0 966.0 1
433.0 549.0 1
374.0 943.0 1
431.0 502.0 1
-46.0 176.0 1
537.0 485.0 1
43.0 300.0 1
-32.0 401.0 1
688.0 118.0 1
189.0 410.0 1
419.0 552.0 1
734.0 422.0 1
73.0 519.0 1
50.0 593.0 1
481.0 545.0 1
190.0 899.0 1
14.0 476.0 1
526.0 794.0 1
543.0 469.0 1
342.0 184.0 1
59.0 873.0 1
174.0 210.0 1
29.0 354.0 1
250.0 711.0 1
487.0 182.0 1
55.0 873.0 1
55.0 230.0 1
676.0 333.0 1
484.0 847.0 1
661.0 224.0 1
154.0 143.0 1
18.0 448.0 1
