358.0 400.0 0
413.0 295.0 0
415.0 294.0 0
419.0 390.0 0
490.0 360.0 0
396.0 409.0 0
439.0 429.0 0
347.0 386.0 0
406.0 302.0 0
424.0 321.0 0
378.0 310.0 0
465.0 350.0 0
401.0 392.0 0
441.0 358.0 0
475.0 401.0 0
472.0 678.0 0
433.0 684.0 0
434.0 680.0 0
520.0 668.0 0
515.0 751.0 0
390.0 626.0 0
435.0 629.0 0
418.0 591.0 0
476.0 702.0 0
538.0 648.0 0
517.0 678.0 0
461.0 661.0 0
518.0 638.0 0
522.0 691.0 0
488.0 649.0 0
540.0 682.0 0
222.0 545.0 0
234.0 433.0 0
263.0 553.0 0
343.0 510.0 0
159.0 507.0 0
247.0 461.0 0
167.0 489.0 0
299.0 549.0 0
328.0 472.0 0
200.0 526.0 0
202.0 536.0 0
220.0 479.0 0
253.0 516.0 0
404.0 387.0 0
389.0 387.0 0
349.0 339.0 0
386.0 409.0 0
400.0 683.0 0
371.0 728.0 0
541.0 647.0 0
300.0 482.0 0
331.0 450.0 0
353.0 917.0 1
623.0 660.0 1
683.0 872.0 1
441.0 991.0 1
345.0 107.0 1
34.0 440.0 1
541.0 124.0 1
729.0 788.0 1
447.0 506.0 1
178.0 571.0 1
188.0 918.0 1
383.0 89.0 1
266.0 250.0 1
608.0 108.0 1
103.0 605.0 1
-25.0 805.0 1
66.0 308.0 1
121.0 552.0 1
609.0 423.0 1
485.0 91.0 1
154.0 317.0 1
698.0 453.0 1
622.0 545.0 1
78.0 672.0 1
438.0 485.0 1
241.0 245.0 1
674.0 794.0 1
372.0 931.0 1
73.0 809.0 1
708.0 127.0 1
704.0 154.0 1
287.0 72.0 1
462.0 549.0 1
228.0 645.0 1
51.0 394.0 1
494.0 781.0 1
132.0 474.0 1
546.0 446.0 1
-2.0 681.0 1
352.0 599.0 1
201.0 316.0 1
614.0 361.0 1
362.0 109.0 1
31.0 575.0 1
671.0 460.0 1
737.0 778.0 1
24.0 608.0 1
55.0 113.0 1
608.0 148.0 1
-3.0 654.0 1
552.0 343.0 1
735.0 161.0 1
399.0 280.0 1
73.0 958.0 1
742.0 619.0 1
108.0 296.0 1
108.0 212.0 1
594.0 387.0 1
278.0 918.0 1
624.0 694.0 1
-13.0 728.0 1
585.0 632.0 1
502.0 134.0 1
262.0 261.0 1
669.0 527.0 1
285.0 898.0 1
673.0 322.0 1
456.0 825.0 1
519.0 596.0 1
637.0 556.0 1
504.0 569.0 1
315.0 99.0 1
680.0 549.0 1
179.0 607.0 1
759.0 341.0 1
643.0 123.0 1
393.0 278.0 1
198.0 395.0 1
632.0 715.0 1
623.0 863.0 1
725.0 397.0 1
690.0 434.0 1
504.0 828.0 1
300.0 180.0 1
531.0 913.0 1
-32.0 627.0 1
662.0 245.0 1
583.0 297.0 1
534.0 851.0 1
437.0 847.0 1
-15.0 933.0 1
337.0 436.0 1
672.0 564.0 1
445.0 577.0 1
252.0 854.0 1
643.0 603.0 1
665.0 738.0 1
687.0 641.0 1
308.0 876.0 1
545.0 736.0 1
212.0 332.0 1
738.0 257.0 1
197.0 969.0 1
696.0 300.0 1
662.0 91.0 1
111.0 727.0 1
391.0 795.0 1
354.0 105.0 1
718.0 114.0 1
681.0 292.0 1
502.0 434.0 1
706.0 588.0 1
532.0 584.0 1
716.0 711.0 1
-31.0 751.0 1
141.0 443.0 1
202.0 629.0 1
76.0 311.0 1
-37.0 951.0 1
596.0 85.0 1
279.0 274.0 1
651.0 886.0 1
-8.0 79.0 1
183.0 212.0 1
439.0 234.0 1
-19.0 609.0 1
492.0 199.0 1
559.0 66.0 1
733.0 641.0 1
69.0 713.0 1
587.0 966.0 1
566.0 342.0 1
762.0 895.0 1
61.0 555.0 1
698.0 315.0 1
682.0 755.0 1
79.0 534.0 1
335.0 978.0 1
646.0 951.0 1
160.0 220.0 1
57.0 158.0 1
1.0 959.0 1
691.0 194.0 1
400.0 816.0 1
-45.0 529.0 1
408.0 986.0 1
743.0 390.0 1
643.0 428.0 1
623.0 305.0 1
692.0 385.0 1
466.0 188.0 1
209.0 182.0 1
670.0 690.0 1
623.0 119.0 1
701.0 342.0 1
596.0 533.0 1
518.0 512.0 1
699.0 760.0 1
467.0 581.0 1
-7.0 299.0 1
558.0 460.0 1
588.0 206.0 1
-33.0 318.0 1
84.0 409.0 1
23.0 719.0 1
336.0 609.0 1
185.0 846.0 1
167.0 832.0 1
25.0 797.0 1
527.0 531.0 1
352.0 958.0 1
693.0 255.0 1
-62.0 990.0 1
540.0 304.0 1
242.0 808.0 1
729.0 715.0 1
11.0 527.0 1
544.0 966.0 1
40.0 542.0 1
703.0 398.0 1
308.0 961.0 1
474.0 254.0 1
733.0 393.0 1
261.0 841.0 1
728.0 513.0 1
194.0 959.0 1
-27.0 67.0 1
390.0 973.0 1
585.0 467.0 1
71.0 242.0 1
321.0 882.0 1
62.0 447.0 1
268.0 753.0 1
694.0 485.0 1
648.0 79.0 1
623.0 404.0 1
251.0 843.0 1
740.0 911.0 1
352.0 956.0 1
605.0 628.0 1
1.0 504.0 1
91.0 297.0 1
448.0 140.0 1
88.0 562.0 1
374.0 943.0 1
435.0 213.0 1
711.0 209.0 1
698.0 336.0 1
726.0 101.0 1
195.0 619.0 1
-46.0 176.0 1
5.0 187.0 1
689.0 938.0 1
463.0 150.0 1
405.0 783.0 1
117.0 399.0 1
551.0 125.0 1
356.0 621.0 1
106.0 906.0 1
197.0 120.0 1
287.0 92.0 1
306.0 874.0 1
-32.0 401.0 1
703.0 859.0 1
146.0 224.0 1
0.0 869.0 1
497.0 924.0 1
268.0 88.0 1
688.0 118.0 1
416.0 955.0 1
-58.0 434.0 1
32.0 424.0 1
351.0 776.0 1
582.0 779.0 1
83.0 505.0 1
721.0 630.0 1
137.0 207.0 1
78.0 504.0 1
722.0 423.0 1
67.0 153.0 1
423.0 197.0 1
615.0 317.0 1
189.0 410.0 1
243.0 619.0 1
600.0 187.0 1
107.0 899.0 1
217.0 830.0 1
624.0 618.0 1
264.0 127.0 1
360.0 236.0 1
11.0 927.0 1
255.0 352.0 1
485.0 966.0 1
740.0 233.0 1
372.0 519.0 1
20.0 618.0 1
229.0 737.0 1
235.0 665.0 1
66.0 88.0 1
547.0 407.0 1
687.0 518.0 1
476.0 550.0 1
622.0 923.0 1
537.0 861.0 1
752.0 296.0 1
7.0 332.0 1
213.0 775.0 1
134.0 257.0 1
345.0 888.0 1
734.0 422.0 1
386.0 238.0 1
50.0 593.0 1
547.0 189.0 1
657.0 427.0 1
190.0 899.0 1
137.0 132.0 1
289.0 98.0 1
14.0 476.0 1
306.0 122.0 1
459.0 906.0 1
344.0 223.0 1
322.0 621.0 1
143.0 512.0 1
620.0 262.0 1
82.0 374.0 1
98.0 690.0 1
712.0 685.0 1
-59.0 911.0 1
-63.0 596.0 1
526.0 794.0 1
143.0 676.0 1
313.0 639.0 1
370.0 249.0 1
240.0 979.0 1
739.0 678.0 1
527.0 980.0 1
207.0 68.0 1
453.0 566.0 1
276.0 203.0 1
543.0 469.0 1
66.0 214.0 1
503.0 126.0 1
119.0 462.0 1
378.0 195.0 1
59.0 873.0 1
352.0 753.0 1
-19.0 406.0 1
29.0 354.0 1
296.0 986.0 1
716.0 451.0 1
595.0 223.0 1
415.0 934.0 1
490.0 175.0 1
433.0 459.0 1
603.0 602.0 1
397.0 172.0 1
156.0 567.0 1
101.0 701.0 1
346.0 232.0 1
-24.0 181.0 1
345.0 917.0 1
390.0 192.0 1
463.0 850.0 1
87.0 292.0 1
135.0 250.0 1
370.0 135.0 1
55.0 873.0 1
55.0 230.0 1
676.0 333.0 1
550.0 447.0 1
607.0 732.0 1
69.0 215.0 1
484.0 847.0 1
374.0 858.0 1
18.0 448.0 1
359.0 182.0 1
366.0 196.0 1
91.0 840.0 1
73.0 197.0 1
152.0 261.0 1
450.0 95.0 1
663.0 501.0 1
238.0 625.0 1
756.0 822.0 1
372.0 964.0 1
-34.0 126.0 1
-4.0 867.0 1
