441.0 358.0 0
307.0 515.0 0
476.0 702.0 0
517.0 678.0 0
340.0 387.0 0
445.0 775.0 0
320.0 449.0 0
349.0 339.0 0
434.0 680.0 0
404.0 387.0 0
192.0 576.0 0
451.0 590.0 0
255.0 412.0 0
185.0 481.0 0
515.0 751.0 0
502.0 350.0 0
253.0 516.0 0
421.0 403.0 0
407.0 299.0 0
376.0 631.0 0
405.0 783.0 1
335.0 586.0 1
346.0 232.0 1
750.0 277.0 1
611.0 650.0 1
441.0 226.0 1
133.0 229.0 1
753.0 375.0 1
684.0 293.0 1
672.0 564.0 1
615.0 317.0 1
79.0 534.0 1
-25.0 805.0 1
197.0 337.0 1
558.0 794.0 1
386.0 238.0 1
-27.0 67.0 1
78.0 504.0 1
370.0 135.0 1
746.0 426.0 1
255.0 352.0 1
438.0 485.0 1
197.0 120.0 1
-19.0 609.0 1
39.0 225.0 1
577.0 886.0 1
510.0 95.0 1
156.0 540.0 1
622.0 545.0 1
238.0 625.0 1
216.0 243.0 1
587.0 966.0 1
727.0 192.0 1
308.0 775.0 1
64.0 107.0 1
244.0 818.0 1
0.0 869.0 1
179.0 607.0 1
728.0 513.0 1
638.0 677.0 1
598.0 165.0 1
738.0 692.0 1
399.0 280.0 1
591.0 413.0 1
467.0 581.0 1
29.0 354.0 1
624.0 821.0 1
676.0 333.0 1
463.0 150.0 1
563.0 82.0 1
735.0 161.0 1
720.0 357.0 1
541.0 462.0 1
84.0 409.0 1
250.0 711.0 1
463.0 850.0 1
-6.0 386.0 1
544.0 180.0 1
15.0 630.0 1
696.0 696.0 1
695.0 458.0 1
374.0 943.0 1
-58.0 717.0 1
45.0 698.0 1
63.0 769.0 1
389.0 969.0 1
-15.0 933.0 1
366.0 196.0 1
699.0 98.0 1
513.0 783.0 1
-12.0 251.0 1
603.0 602.0 1
125.0 433.0 1
73.0 197.0 1
341.0 922.0 1
462.0 549.0 1
518.0 451.0 1
433.0 843.0 1
154.0 317.0 1
227.0 944.0 1
286.0 908.0 1
203.0 165.0 1
207.0 68.0 1
698.0 923.0 1
646.0 951.0 1
306.0 122.0 1
147.0 117.0 1
64.0 915.0 1
87.0 292.0 1
-8.0 503.0 1
488.0 478.0 1
662.0 245.0 1
637.0 457.0 1
547.0 407.0 1
316.0 634.0 1
300.0 298.0 1
662.0 91.0 1
279.0 222.0 1
61.0 555.0 1
524.0 933.0 1
620.0 262.0 1
447.0 506.0 1
343.0 662.0 1
143.0 856.0 1
221.0 856.0 1
335.0 978.0 1
552.0 343.0 1
95.0 890.0 1
375.0 876.0 1
313.0 836.0 1
756.0 822.0 1
-21.0 152.0 1
640.0 392.0 1
740.0 304.0 1
62.0 447.0 1
703.0 859.0 1
4.0 582.0 1
137.0 207.0 1
197.0 969.0 1
131.0 618.0 1
-33.0 319.0 1
262.0 261.0 1
-59.0 911.0 1
172.0 667.0 1
682.0 755.0 1
622.0 495.0 1
29.0 72.0 1
557.0 526.0 1
524.0 590.0 1
742.0 619.0 1
288.0 990.0 1
446.0 913.0 1
-55.0 632.0 1
752.0 912.0 1
686.0 140.0 1
17.0 190.0 1
105.0 718.0 1
383.0 89.0 1
232.0 613.0 1
75.0 323.0 1
