425.0 431.0 0
422.0 345.0 0
340.0 387.0 0
516.0 365.0 0
325.0 329.0 0
421.0 403.0 0
407.0 299.0 0
403.0 352.0 0
364.0 366.0 0
399.0 335.0 0
452.0 394.0 0
445.0 775.0 0
451.0 590.0 0
411.0 757.0 0
427.0 605.0 0
421.0 666.0 0
517.0 630.0 0
524.0 711.0 0
428.0 714.0 0
401.0 758.0 0
463.0 778.0 0
541.0 646.0 0
252.0 459.0 0
175.0 563.0 0
316.0 477.0 0
292.0 545.0 0
307.0 515.0 0
274.0 410.0 0
311.0 429.0 0
190.0 463.0 0
164.0 485.0 0
320.0 449.0 0
283.0 541.0 0
192.0 576.0 0
338.0 524.0 0
185.0 481.0 0
527.0 363.0 0
316.0 366.0 0
502.0 350.0 0
366.0 348.0 0
395.0 727.0 0
376.0 631.0 0
363.0 650.0 0
229.0 437.0 0
249.0 410.0 0
255.0 412.0 0
282.0 501.0 0
164.0 903.0 1
225.0 622.0 1
518.0 451.0 1
115.0 229.0 1
638.0 677.0 1
593.0 785.0 1
461.0 509.0 1
479.0 161.0 1
666.0 564.0 1
-33.0 319.0 1
452.0 789.0 1
94.0 746.0 1
413.0 125.0 1
652.0 202.0 1
761.0 642.0 1
268.0 325.0 1
490.0 479.0 1
128.0 77.0 1
721.0 278.0 1
573.0 207.0 1
389.0 969.0 1
343.0 662.0 1
400.0 888.0 1
135.0 445.0 1
446.0 242.0 1
583.0 429.0 1
208.0 870.0 1
741.0 762.0 1
293.0 854.0 1
58.0 526.0 1
17.0 67.0 1
627.0 445.0 1
-14.0 257.0 1
115.0 434.0 1
218.0 367.0 1
526.0 462.0 1
64.0 107.0 1
290.0 403.0 1
753.0 375.0 1
4.0 927.0 1
509.0 848.0 1
432.0 874.0 1
138.0 537.0 1
-18.0 103.0 1
585.0 122.0 1
640.0 565.0 1
459.0 489.0 1
711.0 356.0 1
40.0 247.0 1
121.0 92.0 1
750.0 277.0 1
620.0 372.0 1
179.0 944.0 1
277.0 186.0 1
460.0 959.0 1
86.0 74.0 1
330.0 887.0 1
175.0 119.0 1
551.0 333.0 1
345.0 442.0 1
740.0 304.0 1
346.0 718.0 1
632.0 906.0 1
571.0 877.0 1
39.0 225.0 1
582.0 443.0 1
433.0 843.0 1
-58.0 717.0 1
143.0 856.0 1
456.0 267.0 1
288.0 990.0 1
227.0 620.0 1
673.0 228.0 1
156.0 540.0 1
720.0 570.0 1
624.0 821.0 1
448.0 789.0 1
75.0 323.0 1
111.0 705.0 1
23.0 127.0 1
313.0 731.0 1
82.0 850.0 1
-15.0 746.0 1
594.0 365.0 1
743.0 983.0 1
707.0 960.0 1
210.0 359.0 1
47.0 213.0 1
203.0 165.0 1
646.0 966.0 1
510.0 810.0 1
756.0 619.0 1
422.0 976.0 1
69.0 433.0 1
573.0 547.0 1
734.0 220.0 1
584.0 581.0 1
277.0 736.0 1
539.0 412.0 1
4.0 582.0 1
66.0 618.0 1
556.0 379.0 1
247.0 373.0 1
738.0 692.0 1
364.0 956.0 1
236.0 615.0 1
598.0 165.0 1
316.0 634.0 1
753.0 849.0 1
453.0 506.0 1
709.0 485.0 1
671.0 800.0 1
167.0 263.0 1
15.0 630.0 1
463.0 578.0 1
502.0 235.0 1
557.0 526.0 1
92.0 517.0 1
727.0 192.0 1
27.0 683.0 1
-44.0 389.0 1
1.0 203.0 1
188.0 273.0 1
143.0 99.0 1
-38.0 208.0 1
51.0 476.0 1
669.0 886.0 1
281.0 276.0 1
165.0 330.0 1
8.0 947.0 1
209.0 155.0 1
609.0 410.0 1
695.0 458.0 1
50.0 126.0 1
752.0 214.0 1
460.0 481.0 1
660.0 903.0 1
313.0 836.0 1
755.0 902.0 1
71.0 610.0 1
65.0 239.0 1
423.0 826.0 1
746.0 426.0 1
160.0 788.0 1
341.0 922.0 1
216.0 243.0 1
367.0 251.0 1
21.0 194.0 1
446.0 913.0 1
95.0 890.0 1
229.0 848.0 1
129.0 806.0 1
452.0 573.0 1
18.0 242.0 1
523.0 579.0 1
57.0 92.0 1
541.0 462.0 1
563.0 82.0 1
308.0 775.0 1
686.0 477.0 1
696.0 696.0 1
232.0 613.0 1
524.0 933.0 1
305.0 687.0 1
721.0 356.0 1
446.0 469.0 1
716.0 720.0 1
728.0 169.0 1
640.0 392.0 1
115.0 183.0 1
370.0 984.0 1
577.0 886.0 1
166.0 562.0 1
99.0 545.0 1
524.0 590.0 1
257.0 952.0 1
677.0 818.0 1
438.0 476.0 1
131.0 618.0 1
511.0 143.0 1
55.0 135.0 1
268.0 671.0 1
628.0 481.0 1
520.0 927.0 1
375.0 876.0 1
365.0 216.0 1
-27.0 821.0 1
152.0 985.0 1
661.0 821.0 1
637.0 457.0 1
561.0 979.0 1
666.0 220.0 1
57.0 896.0 1
686.0 140.0 1
576.0 398.0 1
644.0 711.0 1
724.0 941.0 1
221.0 856.0 1
652.0 167.0 1
280.0 966.0 1
433.0 549.0 1
52.0 307.0 1
707.0 139.0 1
174.0 267.0 1
532.0 289.0 1
264.0 277.0 1
147.0 117.0 1
431.0 502.0 1
611.0 650.0 1
708.0 400.0 1
125.0 433.0 1
537.0 485.0 1
699.0 98.0 1
356.0 990.0 1
286.0 908.0 1
500.0 860.0 1
513.0 783.0 1
750.0 145.0 1
43.0 300.0 1
67.0 530.0 1
719.0 330.0 1
335.0 586.0 1
313.0 240.0 1
488.0 478.0 1
390.0 197.0 1
357.0 772.0 1
544.0 180.0 1
647.0 120.0 1
300.0 298.0 1
385.0 896.0 1
698.0 584.0 1
220.0 195.0 1
-47.0 285.0 1
146.0 773.0 1
684.0 293.0 1
441.0 226.0 1
347.0 636.0 1
97.0 280.0 1
752.0 912.0 1
456.0 842.0 1
242.0 268.0 1
-7.0 620.0 1
720.0 357.0 1
-37.0 344.0 1
325.0 660.0 1
750.0 285.0 1
-60.0 81.0 1
685.0 752.0 1
226.0 108.0 1
25.0 400.0 1
697.0 561.0 1
622.0 495.0 1
271.0 606.0 1
123.0 214.0 1
-8.0 503.0 1
591.0 413.0 1
723.0 429.0 1
439.0 812.0 1
-38.0 857.0 1
149.0 941.0 1
63.0 617.0 1
79.0 597.0 1
419.0 552.0 1
558.0 794.0 1
539.0 449.0 1
45.0 698.0 1
578.0 236.0 1
653.0 838.0 1
542.0 780.0 1
73.0 519.0 1
645.0 820.0 1
133.0 229.0 1
746.0 486.0 1
481.0 545.0 1
-12.0 251.0 1
753.0 615.0 1
296.0 670.0 1
359.0 257.0 1
551.0 420.0 1
63.0 769.0 1
656.0 884.0 1
118.0 956.0 1
29.0 72.0 1
-21.0 152.0 1
514.0 233.0 1
111.0 660.0 1
538.0 263.0 1
636.0 325.0 1
64.0 915.0 1
193.0 700.0 1
142.0 951.0 1
318.0 682.0 1
333.0 112.0 1
715.0 490.0 1
251.0 243.0 1
717.0 492.0 1
342.0 184.0 1
694.0 634.0 1
100.0 507.0 1
32.0 960.0 1
-8.0 176.0 1
279.0 289.0 1
162.0 636.0 1
728.0 172.0 1
-49.0 620.0 1
174.0 210.0 1
591.0 972.0 1
510.0 95.0 1
624.0 322.0 1
542.0 507.0 1
576.0 128.0 1
331.0 679.0 1
228.0 768.0 1
240.0 620.0 1
-55.0 632.0 1
197.0 337.0 1
175.0 719.0 1
222.0 709.0 1
279.0 222.0 1
165.0 556.0 1
-37.0 665.0 1
575.0 324.0 1
105.0 718.0 1
82.0 687.0 1
707.0 896.0 1
250.0 711.0 1
420.0 100.0 1
-6.0 386.0 1
625.0 546.0 1
487.0 182.0 1
148.0 894.0 1
-27.0 71.0 1
-9.0 619.0 1
689.0 118.0 1
644.0 554.0 1
240.0 918.0 1
661.0 224.0 1
154.0 143.0 1
76.0 920.0 1
244.0 818.0 1
336.0 837.0 1
172.0 667.0 1
704.0 842.0 1
739.0 949.0 1
164.0 121.0 1
-56.0 96.0 1
698.0 923.0 1
17.0 190.0 1
227.0 944.0 1
700.0 385.0 1
16.0 357.0 1
325.0 208.0 1
226.0 635.0 1
