424.0 321.0 0
316.0 477.0 0
434.0 680.0 0
401.0 392.0 0
421.0 666.0 0
451.0 590.0 0
234.0 433.0 0
421.0 403.0 0
185.0 481.0 0
475.0 401.0 0
423.0 826.0 1
313.0 639.0 1
370.0 249.0 1
752.0 214.0 1
624.0 694.0 1
466.0 188.0 1
160.0 220.0 1
711.0 356.0 1
701.0 342.0 1
669.0 527.0 1
620.0 262.0 1
83.0 505.0 1
0.0 869.0 1
198.0 395.0 1
545.0 736.0 1
29.0 72.0 1
383.0 89.0 1
433.0 459.0 1
207.0 68.0 1
4.0 582.0 1
65.0 239.0 1
656.0 884.0 1
563.0 82.0 1
178.0 571.0 1
557.0 526.0 1
226.0 635.0 1
183.0 212.0 1
524.0 933.0 1
750.0 145.0 1
336.0 837.0 1
86.0 74.0 1
221.0 856.0 1
71.0 610.0 1
686.0 477.0 1
595.0 223.0 1
733.0 641.0 1
279.0 274.0 1
582.0 443.0 1
504.0 569.0 1
82.0 374.0 1
704.0 842.0 1
547.0 189.0 1
537.0 485.0 1
34.0 440.0 1
318.0 682.0 1
509.0 848.0 1
390.0 973.0 1
-3.0 654.0 1
82.0 687.0 1
32.0 960.0 1
686.0 140.0 1
5.0 187.0 1
76.0 311.0 1
286.0 908.0 1
188.0 918.0 1
752.0 912.0 1
40.0 542.0 1
433.0 549.0 1
723.0 429.0 1
59.0 873.0 1
742.0 619.0 1
277.0 186.0 1
189.0 410.0 1
78.0 672.0 1
167.0 832.0 1
708.0 400.0 1
756.0 619.0 1
699.0 760.0 1
446.0 913.0 1
-62.0 990.0 1
