82 44 72 118 52 7 152 44 19 147 174 340 177 82 2 2 180 185 0
81 43 68 148 64 7 150 45 19 144 175 330 171 80 1 2 182 185 0
85 45 70 130 58 8 151 45 19 146 171 334 187 79 2 5 181 186 0
102 45 85 193 64 6 192 33 22 146 217 570 163 76 6 7 195 193 0
81 47 69 146 64 6 151 44 19 147 171 340 195 75 5 0 183 188 0
83 46 68 139 59 6 150 44 19 146 172 336 183 74 5 3 185 191 0
85 42 64 121 55 7 149 46 19 146 167 323 172 85 1 6 179 182 0
97 43 73 173 65 6 153 42 19 143 176 361 172 66 13 1 200 204 0
84 45 68 148 64 6 146 46 19 142 168 317 180 75 5 1 183 187 0
113 57 109 194 56 6 260 26 28 175 288 982 261 85 11 21 182 183 0
100 48 95 209 68 7 199 32 23 150 216 605 200 73 7 11 192 194 0
90 38 79 185 69 6 160 40 20 130 178 393 133 66 2 14 198 205 0
82 45 66 252 126 52 148 45 19 144 237 326 185 119 1 1 181 185 0
83 44 70 166 69 5 143 46 18 143 166 306 170 69 7 6 188 193 0
103 52 103 170 52 7 236 28 26 160 254 816 250 82 3 23 183 184 0
83 46 71 156 70 6 151 44 19 147 174 338 198 80 3 11 181 186 0
84 43 70 123 54 8 151 45 19 146 173 332 176 81 1 12 181 184 0
89 41 76 183 73 7 157 42 19 136 181 373 153 74 8 12 191 195 0
102 51 92 194 60 6 220 30 25 162 247 731 209 80 7 7 188 186 0
100 50 81 197 67 6 186 34 22 158 206 531 198 74 6 1 197 198 0
104 52 94 208 66 5 208 31 24 161 227 666 218 76 11 4 193 191 0
99 41 77 197 69 6 177 36 21 139 202 485 151 72 4 10 198 199 0
95 47 73 195 70 7 167 38 20 152 184 430 185 69 9 19 200 206 0
98 40 77 171 61 6 172 37 21 139 197 457 141 72 4 17 199 201 0
86 42 65 113 50 8 152 45 19 141 169 332 171 85 4 16 179 183 0
94 39 75 184 72 8 155 42 19 133 175 365 145 70 4 5 192 200 0
109 55 96 191 57 6 241 28 26 170 267 857 242 85 8 9 184 184 0
82 41 70 155 64 7 148 45 19 138 172 328 152 72 5 17 187 195 0
93 37 73 174 68 7 151 43 19 131 175 347 135 68 1 22 196 205 0
87 44 65 124 56 6 149 46 19 144 170 321 171 87 4 12 179 182 0
81 43 68 139 62 7 149 46 19 145 172 323 171 83 1 14 180 184 0
82 44 72 150 64 7 154 44 19 144 181 350 177 80 0 16 183 187 0
94 49 79 203 71 5 174 37 21 154 196 465 206 71 6 2 197 199 0
107 55 103 167 49 7 252 27 28 172 269 904 239 83 5 30 179 186 0
96 37 74 199 74 5 165 39 20 128 188 419 136 72 1 3 196 200 0
85 43 66 123 56 6 148 46 19 145 166 319 171 85 6 11 179 182 0
107 57 106 179 51 8 257 26 28 172 275 954 232 83 2 20 181 184 0
87 39 70 148 61 7 143 46 18 136 164 307 141 69 1 2 192 199 0
88 43 70 177 74 19 152 44 19 143 180 342 168 76 1 9 186 189 0
95 43 71 159 64 6 145 45 19 141 169 322 171 67 8 4 195 200 0
86 45 70 122 56 7 148 45 19 144 170 324 186 84 9 5 180 183 0
89 40 76 188 76 7 150 44 19 136 174 342 148 72 3 8 193 197 0
84 42 76 156 64 7 151 44 19 143 179 339 157 75 0 20 187 193 0
86 45 66 126 57 8 148 46 19 145 170 321 186 86 0 7 179 182 0
89 36 72 141 56 7 138 48 18 126 163 286 130 72 1 1 187 192 1
88 45 82 155 56 8 154 43 19 149 180 357 170 69 3 0 188 193 1
92 39 91 191 62 8 176 37 21 137 196 466 151 67 3 23 192 200 1
95 43 76 142 57 10 151 44 19 149 173 339 159 71 2 23 187 200 1
87 49 86 190 64 9 177 37 21 153 197 471 209 67 11 7 192 199 1
93 36 63 139 57 8 132 50 18 136 158 260 121 67 3 27 193 201 1
86 36 70 143 61 9 133 50 18 130 153 266 127 66 2 10 194 202 1
101 51 112 201 59 11 214 32 24 162 223 667 194 65 0 36 190 206 1
104 54 101 197 64 11 213 31 24 172 218 669 222 74 14 4 187 196 1
88 38 58 137 60 5 148 46 19 131 163 319 157 86 12 0 180 183 1
103 54 107 189 56 11 223 30 25 174 225 729 200 70 0 29 187 201 1
89 42 85 144 58 10 152 44 19 144 173 345 161 72 8 13 187 197 1
88 37 63 130 58 5 125 54 18 130 141 230 145 74 14 20 184 188 1
90 47 85 161 64 10 163 42 20 160 177 389 185 73 9 0 185 195 1
112 50 104 197 58 11 208 32 24 159 223 639 186 67 15 22 191 202 1
115 53 100 205 64 11 220 30 25 166 229 710 214 71 21 11 189 199 1
89 46 74 135 59 9 157 44 20 158 170 356 177 79 12 3 184 191 1
103 51 105 174 56 11 210 32 24 163 222 650 222 73 8 9 187 196 1
93 35 78 162 60 8 150 45 19 125 172 331 137 67 2 33 191 198 1
104 55 109 230 67 12 218 30 24 174 230 706 226 67 8 22 191 202 1
100 54 102 206 65 10 198 33 23 164 224 587 240 72 4 11 187 196 1
89 41 84 141 58 9 149 45 19 145 172 330 162 72 4 18 188 200 1
96 39 77 160 62 8 140 47 18 150 161 294 124 62 15 3 201 208 1
86 41 66 133 56 6 136 49 18 136 155 274 162 74 5 14 183 189 1
84 38 60 128 56 5 132 50 18 130 148 261 141 75 8 4 185 188 1
85 36 66 123 55 5 120 56 17 128 140 212 131 73 1 18 186 190 1
93 39 63 146 58 7 128 52 18 134 149 246 158 63 9 7 198 204 1
99 43 89 195 63 8 186 35 22 144 210 521 166 68 6 13 191 199 1
83 37 49 112 55 5 122 55 17 128 144 219 146 85 8 16 180 184 1
98 38 66 130 55 7 130 51 18 138 160 251 123 69 3 12 191 194 1
93 41 75 124 51 7 140 49 18 141 164 284 149 77 5 15 184 185 1
94 48 87 162 64 10 157 43 20 161 179 363 186 75 4 15 184 195 1
86 40 66 138 59 4 137 49 18 133 162 279 151 74 6 14 186 190 1
91 36 83 162 61 8 142 47 19 128 163 298 137 63 0 31 193 200 1
93 47 85 163 66 11 156 44 20 158 172 355 178 74 7 15 183 195 1
89 41 63 134 59 6 123 55 17 137 148 223 150 76 12 3 186 188 1
89 46 77 125 52 10 156 44 20 160 171 351 177 78 7 17 183 191 1
107 54 98 203 65 11 218 31 25 167 229 696 216 72 1 28 187 199 1
89 38 80 169 59 7 161 41 20 131 186 389 137 68 5 15 192 197 1
98 38 70 125 52 8 130 53 18 139 157 243 132 74 0 13 186 185 1
108 49 103 200 62 10 206 32 23 155 227 635 215 72 6 16 189 198 1
98 58 101 208 65 12 226 30 25 182 225 748 216 71 6 1 185 196 1
99 57 100 177 54 13 224 30 25 188 223 726 213 72 4 7 185 198 1
84 37 53 121 59 5 123 55 17 125 141 221 133 82 7 1 179 183 1
88 35 60 143 59 7 128 52 18 129 147 246 109 62 1 6 202 209 1
93 44 90 166 65 10 153 44 19 156 170 348 143 66 9 17 194 203 1
85 34 53 127 58 6 116 58 17 121 137 197 127 70 3 20 185 189 1
102 51 104 217 67 10 204 32 23 162 220 621 195 68 3 19 188 197 1
93 43 76 149 57 7 149 44 19 143 172 335 176 69 14 0 189 194 1
97 46 101 210 66 8 192 35 22 151 208 546 169 66 1 32 191 200 1
94 49 82 137 56 10 159 43 20 160 176 367 186 76 10 7 183 192 1
99 53 105 219 66 11 204 32 23 165 221 623 224 68 0 6 191 201 1
102 54 98 167 53 10 217 31 24 174 228 692 223 72 0 31 187 198 1
92 38 60 130 62 5 114 58 17 132 135 194 137 72 14 5 190 194 1
90 39 57 114 48 7 135 51 18 139 155 261 151 85 12 8 183 182 1
102 55 101 213 67 12 222 30 25 177 226 719 213 71 2 21 187 199 1
88 37 57 132 62 6 135 50 18 125 151 265 144 83 16 16 180 184 1
90 48 78 142 59 11 160 43 20 160 173 370 185 76 10 11 183 192 1
85 39 68 119 52 5 128 53 18 135 148 241 142 75 8 8 182 187 1
104 55 100 201 66 10 214 31 24 173 224 680 221 74 1 1 185 194 1
101 49 103 212 67 10 201 33 23 156 215 601 174 69 4 11 189 196 1
101 52 101 197 62 9 188 35 22 162 208 527 203 67 14 15 193 202 1
107 52 101 218 64 11 202 33 23 164 219 610 192 65 17 2 197 206 1
89 40 79 154 64 9 144 46 19 139 168 311 149 71 8 7 188 197 1
93 42 64 158 68 9 134 49 18 142 163 268 170 71 7 13 192 201 1
94 45 81 166 67 9 145 46 19 147 164 313 179 66 11 14 194 202 1
102 54 98 177 56 10 219 31 25 171 219 706 223 72 5 17 186 196 1
82 38 53 125 59 5 133 51 18 128 152 259 146 87 0 0 177 183 1
91 46 101 199 65 9 196 34 23 146 219 574 199 73 5 8 186 194 1
90 43 66 157 65 9 137 48 18 146 162 281 164 67 3 3 193 202 1
110 53 104 223 66 10 211 32 24 164 223 659 210 67 5 16 190 203 1
92 46 83 154 56 6 160 41 20 148 185 382 184 71 10 5 186 191 1
101 55 101 183 57 13 225 30 25 177 225 741 204 71 5 10 186 198 1
101 48 85 191 60 11 175 38 21 153 192 458 187 62 5 22 197 210 1
99 48 104 196 63 10 201 33 23 152 221 604 199 73 8 4 188 197 1
84 37 70 150 61 7 137 49 18 140 156 278 121 64 0 23 196 205 1
101 55 108 228 69 12 215 31 24 168 229 684 214 71 2 16 188 199 1
85 45 71 150 63 8 143 46 19 147 171 307 179 72 2 3 187 196 1
88 44 77 167 59 6 151 44 19 145 175 343 177 64 9 12 202 208 1
90 42 63 144 59 7 131 50 18 142 154 259 162 65 15 3 197 204 1
97 47 81 183 64 8 168 39 20 150 193 426 182 70 11 2 192 198 1
88 39 88 194 69 8 168 40 20 133 199 416 151 74 3 22 186 192 1
106 52 108 207 64 12 221 31 25 168 229 709 200 73 22 38 190 205 1
94 46 77 169 60 8 158 42 20 148 181 373 181 67 12 2 193 199 1
100 51 109 231 70 11 220 30 25 163 238 722 206 73 11 19 189 198 1
107 55 103 213 68 11 219 30 25 172 221 709 216 70 10 7 187 197 1
79 39 72 127 53 9 142 48 19 135 165 295 144 77 7 21 181 189 1
89 38 82 156 59 8 153 43 19 129 179 351 137 70 1 1 187 192 1
88 37 51 105 52 5 119 57 17 128 135 207 125 86 8 16 179 183 1
91 41 93 197 65 9 183 36 21 137 202 504 153 66 11 24 193 200 1
111 50 103 199 60 11 211 31 24 156 223 663 188 68 9 9 190 200 1
100 46 81 187 61 9 166 40 20 154 189 415 175 63 13 9 198 207 1
109 47 96 206 64 9 198 33 23 150 219 586 191 70 4 13 190 198 1
97 45 91 161 63 10 151 45 19 148 166 334 171 65 18 20 197 205 1
110 46 100 197 61 9 193 34 22 149 209 561 160 65 11 7 194 203 1
89 44 80 191 66 6 162 40 20 143 189 396 180 66 13 11 194 199 1
92 37 86 167 60 7 158 42 20 131 181 373 144 68 9 21 190 196 1
102 54 100 163 53 10 213 31 24 173 219 669 201 76 12 27 187 195 1
104 49 105 209 61 11 207 32 24 157 217 637 168 64 0 19 193 207 1
80 34 42 110 57 3 114 59 17 119 131 191 121 87 4 7 179 183 1
91 52 98 196 62 9 193 34 22 161 216 562 244 69 3 1 190 199 1
103 49 100 194 60 10 185 35 22 160 202 518 178 62 13 8 198 208 1
93 40 62 117 49 7 131 52 18 145 160 249 156 78 8 6 184 184 1
99 46 105 209 64 11 197 34 23 152 212 575 159 65 0 33 194 205 1
90 36 74 171 60 8 157 42 19 128 177 367 123 61 6 21 197 204 1
87 39 74 152 58 6 151 44 19 136 174 337 140 70 1 33 187 196 1
93 45 83 142 56 10 157 43 20 155 180 364 188 75 1 21 184 197 1
91 39 83 170 60 8 172 38 21 134 197 445 152 72 0 10 188 194 1
96 55 98 161 54 10 215 31 24 175 226 683 221 76 3 6 185 193 1
87 38 85 177 61 8 164 40 20 129 186 402 130 63 1 25 198 205 1
98 38 78 191 65 8 169 39 20 136 197 430 141 67 9 20 192 199 1
94 47 85 333 138 49 155 43 19 155 320 354 187 135 12 9 188 196 1
95 57 104 228 74 10 212 31 24 175 224 670 223 74 0 4 186 193 1
91 41 66 131 56 9 126 53 18 144 159 237 155 72 3 10 191 194 1
98 42 90 192 61 9 178 37 21 144 189 480 138 61 3 8 199 208 1
94 45 85 163 68 10 157 44 20 156 170 357 176 73 17 11 187 195 1
87 40 81 162 68 10 146 46 19 139 167 317 157 70 0 13 189 199 1
104 51 108 193 59 11 217 31 24 163 232 694 203 72 15 22 190 201 1
97 48 94 198 63 9 181 36 21 155 200 494 189 64 20 11 199 203 1
90 46 75 133 55 11 160 43 20 161 173 369 171 77 0 16 182 192 1
85 36 78 149 55 7 147 45 19 128 168 321 134 64 10 24 197 203 1
90 46 73 137 58 11 161 43 20 158 170 373 186 76 0 9 182 193 1
88 42 77 151 58 8 140 47 18 142 165 293 158 64 10 11 198 205 1
101 56 101 231 72 10 217 31 24 171 232 698 216 72 2 6 187 197 1
93 41 79 159 63 8 144 46 19 150 165 309 134 67 4 9 195 203 1
106 55 96 196 60 12 221 30 25 173 225 717 214 72 9 13 186 196 1
