86 43 66 130 56 7 152 44 19 142 177 340 173 81 6 14 181 185 0
82 43 71 154 68 7 150 45 19 143 171 330 173 78 7 11 181 186 0
86 46 73 125 57 6 151 45 19 147 170 334 188 82 9 11 180 184 0
98 52 86 207 69 5 192 33 22 161 212 570 221 75 4 6 194 195 0
81 46 71 130 56 7 153 44 19 149 172 342 191 81 3 14 180 186 0
86 45 73 152 63 6 149 44 19 145 170 335 176 71 6 1 189 196 0
85 43 66 121 54 7 150 46 19 147 169 324 175 87 0 5 179 182 0
84 43 76 180 75 7 155 43 19 143 180 359 173 77 5 12 185 190 0
82 44 72 136 61 7 147 46 19 143 173 317 183 81 6 17 181 185 0
110 58 106 180 51 6 261 26 28 171 278 998 257 83 9 13 181 182 0
97 47 88 183 60 7 197 33 23 148 214 596 201 74 8 0 192 191 0
92 37 75 191 71 6 161 40 20 128 180 393 135 69 1 14 195 202 0
85 44 70 205 103 52 149 45 19 144 241 325 188 127 9 11 180 183 0
89 44 70 158 64 6 141 47 18 143 164 299 173 66 9 11 193 199 0
107 57 102 184 55 7 234 28 26 171 243 822 229 77 7 11 187 187 0
81 45 68 154 69 22 151 45 19 147 186 335 186 88 1 10 180 185 0
86 44 65 129 56 6 152 45 19 150 168 331 177 83 4 13 178 183 0
88 40 78 186 73 6 158 41 20 134 185 379 148 73 1 11 193 197 0
100 50 98 204 63 6 218 30 24 156 232 719 213 77 8 7 189 189 0
94 45 89 213 71 5 186 35 22 145 204 533 182 71 4 13 195 198 0
99 51 92 203 65 5 209 31 24 159 232 671 214 78 5 11 191 189 0
95 43 83 198 69 6 177 36 21 139 189 484 163 68 6 4 196 198 0
96 46 70 194 70 6 167 39 20 148 183 427 171 69 17 10 200 203 0
97 38 75 188 68 6 171 37 20 129 199 450 137 74 2 6 197 199 0
86 42 65 116 53 6 152 45 19 141 175 335 172 85 5 4 179 183 0
94 45 72 179 69 6 156 41 19 144 181 373 191 69 5 5 193 198 0
108 56 102 246 75 6 239 28 26 167 264 855 228 82 9 13 186 185 0
85 41 66 155 65 22 149 45 19 139 173 330 155 75 6 16 184 191 0
90 38 75 164 64 7 151 43 19 131 168 345 139 66 0 0 195 204 0
85 42 66 120 53 7 149 46 19 143 169 321 160 85 10 7 180 182 0
81 43 68 125 57 8 149 46 19 146 169 323 172 83 6 18 179 184 0
84 47 75 153 64 6 154 43 19 145 175 354 184 75 0 3 185 192 0
93 47 84 205 71 7 176 36 21 152 190 476 201 70 7 19 198 201 0
106 54 103 161 47 4 247 27 27 166 266 892 242 85 4 11 181 183 0
96 43 82 161 55 5 186 34 22 141 215 534 162 75 0 6 195 196 0
78 43 70 147 65 8 147 46 19 145 169 319 168 77 1 12 181 186 0
101 56 104 185 53 6 257 26 28 168 275 956 230 83 5 26 180 184 0
83 41 70 155 65 7 144 46 19 141 168 309 147 71 4 12 188 195 0
87 43 70 169 72 7 152 44 19 145 177 341 171 76 6 12 184 187 0
91 42 66 169 66 7 145 44 19 140 169 325 159 67 4 0 201 207 0
85 45 70 120 54 7 149 45 19 145 169 326 186 81 8 4 181 184 0
92 39 76 180 71 6 152 43 19 131 179 350 143 72 6 14 195 200 0
90 41 71 169 68 7 150 44 19 138 175 336 157 71 3 18 192 197 0
86 44 70 140 64 6 148 45 19 145 170 322 185 82 10 1 181 183 0
89 36 68 141 59 8 139 47 18 130 166 291 127 73 7 1 189 196 1
94 43 82 136 54 10 155 43 19 149 176 359 161 74 1 6 186 197 1
91 40 98 192 64 9 177 38 21 135 194 465 165 66 9 35 195 205 1
89 42 89 147 61 11 151 44 19 145 170 338 163 72 11 23 187 199 1
90 49 83 187 63 7 176 37 21 154 205 467 222 70 1 2 189 195 1
94 35 66 147 62 9 131 50 18 127 159 258 115 66 8 7 196 201 1
89 36 69 142 57 7 135 50 18 126 154 266 128 66 3 36 193 203 1
106 49 107 194 57 11 214 31 24 161 224 670 172 67 0 39 192 206 1
104 53 101 199 65 11 213 31 24 168 216 667 221 72 12 12 187 198 1
87 41 66 140 58 6 148 46 19 136 164 318 178 79 19 2 181 185 1
103 54 107 218 64 12 222 30 25 174 221 728 199 67 0 18 189 200 1
82 40 73 141 57 8 153 44 19 133 173 342 153 75 11 9 181 187 1
84 38 66 138 62 6 126 54 18 132 144 232 139 70 4 7 185 190 1
100 46 85 164 64 11 163 42 20 163 176 387 170 71 18 0 189 196 1
106 49 106 211 64 9 208 32 24 158 224 645 184 68 1 24 190 202 1
106 53 98 203 63 11 220 30 25 167 228 710 214 71 10 24 188 197 1
85 47 75 121 53 9 157 44 20 165 168 358 176 77 1 7 182 191 1
98 48 101 195 61 11 207 31 23 152 227 650 193 71 5 7 189 196 1
86 36 77 165 60 7 150 45 19 128 174 331 131 66 0 32 196 203 1
107 56 104 231 71 11 219 31 25 172 226 705 217 71 19 11 189 196 1
96 52 104 222 67 9 198 33 23 163 217 589 226 67 12 20 192 201 1
91 43 72 142 56 7 149 45 19 140 168 327 165 72 13 23 186 191 1
93 39 78 164 66 8 139 48 18 140 157 290 126 64 4 7 201 208 1
83 39 69 127 54 5 135 49 18 131 155 274 162 69 16 6 187 190 1
85 38 72 130 53 9 134 51 18 132 145 261 123 65 1 24 188 198 1
91 36 60 126 56 6 119 56 17 130 139 211 118 67 6 14 192 198 1
90 41 62 147 60 6 128 52 18 141 149 246 157 61 13 4 201 208 1
100 44 93 193 62 8 186 35 22 147 202 521 151 66 0 2 193 198 1
89 37 51 111 54 5 120 56 17 127 138 213 147 82 7 4 181 183 1
98 39 68 136 56 8 131 52 18 144 159 251 134 72 4 10 186 187 1
92 43 70 124 52 6 139 49 18 144 164 282 172 79 4 16 183 185 1
100 46 90 172 67 9 157 43 20 150 170 363 184 67 17 7 192 200 1
92 40 66 111 48 7 139 50 19 140 159 277 148 85 12 19 182 183 1
90 34 66 158 59 7 140 47 18 124 165 298 117 61 1 3 201 207 1
93 47 85 161 65 12 155 43 19 157 179 354 178 76 2 9 184 196 1
89 40 58 137 58 7 122 54 17 140 146 225 150 63 7 4 199 206 1
84 44 80 140 58 11 156 44 20 157 166 349 176 74 5 17 183 193 1
105 56 98 209 64 11 217 31 24 173 225 696 216 72 2 19 188 199 1
97 37 76 169 60 8 161 41 20 131 189 391 136 72 0 0 188 192 1
87 37 60 132 57 6 128 52 18 129 154 243 132 71 1 14 186 192 1
109 49 109 193 59 10 207 32 24 156 225 635 213 70 13 31 191 202 1
98 55 101 219 69 11 225 30 25 178 231 748 216 74 6 14 187 195 1
100 55 101 189 57 10 222 30 25 177 225 731 211 71 7 17 188 197 1
89 35 52 121 57 4 122 55 17 125 139 220 128 82 5 13 181 184 1
93 34 66 140 56 7 130 51 18 120 151 251 114 62 5 29 201 207 1
95 42 85 174 66 9 153 44 19 144 168 347 150 65 11 5 196 204 1
84 35 53 122 57 4 116 59 17 123 135 196 128 76 10 27 183 190 1
109 48 107 215 62 10 205 32 23 158 222 624 168 65 9 32 195 206 1
90 48 81 144 60 9 150 44 19 156 173 333 200 75 2 0 185 195 1
95 46 104 208 66 9 191 35 22 148 210 543 169 68 0 28 190 200 1
94 49 87 137 54 11 158 43 20 162 178 366 186 75 5 5 183 194 1
96 55 103 201 65 9 204 32 23 166 227 624 246 74 6 2 186 194 1
106 53 98 176 54 10 216 31 24 171 235 691 218 74 1 9 187 197 1
85 39 57 126 56 6 114 58 17 135 134 195 145 64 17 7 197 202 1
93 42 64 123 51 7 135 51 18 144 164 262 155 78 16 12 185 185 1
104 57 103 222 72 12 221 30 25 177 223 718 218 72 11 12 186 195 1
89 37 54 119 53 5 134 50 18 127 151 266 146 79 16 14 184 185 1
93 46 82 145 58 11 159 43 20 160 180 371 189 77 2 4 183 194 1
83 36 54 119 57 6 128 53 18 125 143 238 139 82 6 3 179 183 1
106 53 98 193 60 10 215 31 24 169 224 681 218 73 8 21 188 197 1
102 48 105 214 64 10 201 33 23 152 214 600 178 64 0 25 192 204 1
104 52 96 188 59 9 188 35 22 161 206 530 205 67 11 8 193 200 1
100 45 100 209 65 8 201 32 23 147 231 611 189 72 5 5 189 195 1
91 38 75 136 53 6 144 47 19 131 165 305 149 69 1 7 186 191 1
91 42 66 142 58 9 134 50 18 142 163 268 164 69 6 5 191 197 1
95 44 84 158 62 10 145 46 19 148 163 312 166 64 10 6 199 206 1
103 54 91 179 57 11 220 31 25 170 220 707 198 72 1 32 186 198 1
96 39 58 117 51 6 133 52 18 139 154 255 150 86 6 0 181 182 1
97 46 94 209 67 10 195 34 22 147 224 573 194 70 0 14 188 197 1
90 43 72 157 64 8 136 49 18 145 158 279 167 64 4 6 201 209 1
97 55 104 219 71 9 211 32 24 171 222 658 223 74 1 24 186 196 1
91 40 83 166 60 8 160 41 20 133 189 383 155 72 5 7 186 191 1
101 56 100 204 62 12 227 30 25 178 231 757 204 73 0 11 186 197 1
93 47 88 200 66 7 173 38 21 151 197 452 205 66 0 3 195 202 1
99 54 100 199 62 9 200 33 23 166 222 600 241 70 2 7 189 198 1
93 36 64 165 69 8 136 49 18 136 161 279 127 67 2 29 193 204 1
102 52 98 225 71 10 214 31 24 164 228 682 199 71 0 16 187 196 1
89 43 77 147 54 8 144 46 19 146 163 308 174 64 13 5 194 201 1
90 47 85 145 58 9 152 44 19 155 175 345 184 73 4 2 186 197 1
89 40 69 147 58 6 132 50 18 137 155 260 151 61 16 6 203 209 1
89 48 85 189 64 8 169 39 20 153 188 427 190 64 16 5 195 201 1
93 39 87 183 64 8 169 40 20 134 200 422 149 72 7 25 188 195 1
105 53 108 206 63 12 222 31 25 168 226 712 201 71 15 35 189 203 1
98 45 76 166 60 7 157 42 20 148 184 371 186 69 13 10 190 196 1
99 57 109 220 66 11 221 30 25 176 234 725 236 70 10 25 188 200 1
109 53 103 210 63 11 219 30 25 172 229 707 212 71 6 3 188 199 1
79 38 55 120 55 5 142 48 19 128 153 295 145 81 4 2 180 183 1
86 37 77 144 54 7 154 43 19 127 179 352 145 71 14 13 186 191 1
85 36 51 115 56 5 119 57 17 124 139 207 127 81 13 5 181 184 1
93 42 88 188 62 10 183 36 21 141 208 504 168 70 3 12 189 197 1
108 51 103 197 60 11 211 31 24 160 222 661 187 67 7 3 190 200 1
93 47 83 165 60 7 167 40 20 147 197 417 201 73 12 4 187 192 1
105 45 100 195 61 10 198 33 23 149 214 586 186 67 8 5 192 200 1
93 43 88 170 66 9 150 45 19 147 164 334 143 65 2 17 196 206 1
105 46 100 195 61 9 193 34 22 150 207 557 161 65 5 9 194 202 1
89 45 77 188 64 9 161 41 20 151 190 390 174 66 4 2 194 201 1
96 37 74 187 68 8 159 42 20 134 183 378 134 69 3 16 190 197 1
101 52 105 162 53 10 212 31 24 163 226 669 204 74 12 11 186 194 1
103 48 96 232 71 10 205 32 23 153 226 633 197 71 2 15 188 196 1
85 33 40 115 57 3 112 61 17 119 130 184 127 86 12 21 181 183 1
95 53 95 202 65 10 193 34 22 160 220 559 237 71 3 2 188 196 1
99 50 88 204 64 10 185 35 22 159 209 517 193 66 12 11 194 201 1
97 41 62 133 56 7 130 52 18 143 158 247 157 78 5 7 184 186 1
100 46 104 184 60 9 197 34 23 147 222 578 198 73 13 13 189 197 1
95 37 71 171 61 9 157 43 20 134 178 365 125 63 5 40 196 208 1
93 46 85 169 66 9 151 44 19 147 169 339 179 67 0 4 195 204 1
94 49 87 159 64 10 157 43 20 158 179 363 203 75 4 0 183 194 1
94 39 89 194 62 9 172 38 21 135 191 444 121 63 4 23 201 209 1
97 55 96 170 54 10 216 31 24 173 219 685 218 75 0 4 184 193 1
93 37 76 183 63 8 164 40 20 134 191 405 139 67 4 7 192 197 1
94 40 85 186 62 9 169 39 20 139 184 430 133 61 2 9 200 210 1
90 48 86 306 126 49 153 44 19 156 272 346 200 118 0 15 185 194 1
117 52 110 228 65 12 212 31 24 163 228 668 220 66 21 25 194 205 1
89 35 70 138 58 7 126 53 17 128 147 237 112 64 4 19 199 207 1
95 49 92 193 62 10 178 37 21 154 200 478 171 64 2 0 198 206 1
93 48 84 150 63 11 156 44 20 165 171 354 188 73 8 15 185 195 1
92 42 75 172 60 8 147 45 19 142 174 322 160 62 22 10 206 211 1
106 53 98 192 58 11 217 31 24 166 228 693 191 71 11 24 188 198 1
90 50 90 188 61 10 181 36 21 158 211 492 220 69 6 19 191 199 1
89 46 84 163 66 11 159 43 20 159 173 368 176 72 1 20 186 197 1
91 46 78 148 61 9 147 45 19 152 168 323 199 70 13 11 189 200 1
90 43 72 172 59 8 154 42 19 144 174 360 158 61 15 9 203 209 1
87 45 66 139 58 8 140 47 18 148 168 294 175 73 3 12 188 196 1
107 54 108 228 68 12 218 31 25 170 223 700 224 67 13 25 190 204 1
80 38 63 129 55 7 146 46 19 130 168 314 158 83 9 20 180 185 1
105 55 96 181 56 9 219 30 25 175 231 713 216 74 4 5 187 194 1
