@relation vehicle2
@attribute Compactness integer [73, 119]
@attribute Circularity integer [33, 59]
@attribute Distance_circularity integer [40, 112]
@attribute Radius_ratio integer [104, 333]
@attribute Praxis_aspect_ratio integer [47, 138]
@attribute Max_length_aspect_ratio integer [2, 55]
@attribute Scatter_ratio integer [112, 265]
@attribute Elongatedness integer [26, 61]
@attribute Praxis_rectangular integer [17, 29]
@attribute Length_rectangular integer [118, 188]
@attribute Major_variance integer [130, 320]
@attribute Minor_variance integer [184, 1018]
@attribute Gyration_radius integer [109, 268]
@attribute Major_skewness integer [59, 135]
@attribute Minor_skewness integer [0, 22]
@attribute Minor_kurtosis integer [0, 41]
@attribute Major_kurtosis integer [176, 206]
@attribute Hollows_ratio integer [181, 211]
@attribute Class {positive, negative}
@inputs Compactness, Circularity, Distance_circularity, Radius_ratio, Praxis_aspect_ratio, Max_length_aspect_ratio, Scatter_ratio, Elongatedness, Praxis_rectangular, Length_rectangular, Major_variance, Minor_variance, Gyration_radius, Major_skewness, Minor_skewness, Minor_kurtosis, Major_kurtosis, Hollows_ratio
@outputs Class
@data
90, 34, 66, 136, 55, 6, 123, 54, 17, 118, 148, 224, 118, 65, 5, 26, 196, 202, negative
89, 42, 85, 144, 58, 10, 152, 44, 19, 144, 173, 345, 161, 72, 8, 13, 187, 197, negative
99, 41, 77, 197, 69, 6, 177, 36, 21, 139, 202, 485, 151, 72, 4, 10, 198, 199, positive
90, 48, 86, 306, 126, 49, 153, 44, 19, 156, 272, 346, 200, 118, 0, 15, 185, 194, negative
119, 54, 106, 220, 65, 12, 213, 31, 24, 167, 223, 675, 232, 66, 20, 1, 192, 202, negative
94, 36, 66, 151, 61, 8, 133, 50, 18, 135, 154, 265, 119, 62, 9, 3, 201, 208, negative
103, 50, 98, 212, 63, 9, 193, 34, 22, 161, 214, 567, 185, 64, 5, 5, 198, 204, negative
89, 41, 75, 143, 56, 7, 146, 46, 19, 137, 170, 317, 156, 76, 18, 5, 184, 188, negative
86, 40, 62, 140, 62, 7, 150, 45, 19, 133, 165, 330, 173, 82, 2, 3, 180, 185, negative
89, 42, 80, 151, 62, 6, 144, 46, 19, 139, 166, 308, 170, 74, 17, 13, 185, 189, negative
86, 43, 68, 152, 62, 7, 150, 44, 19, 142, 179, 337, 164, 75, 4, 9, 188, 192, positive
80, 44, 68, 135, 59, 8, 150, 45, 19, 145, 170, 329, 173, 80, 7, 12, 180, 185, positive
99, 48, 79, 199, 68, 6, 185, 35, 22, 153, 202, 524, 171, 74, 5, 8, 195, 195, positive
90, 46, 80, 143, 62, 11, 159, 43, 20, 156, 169, 366, 186, 74, 17, 7, 185, 193, negative
97, 42, 101, 186, 59, 9, 186, 36, 22, 138, 208, 511, 168, 67, 7, 41, 194, 206, negative
91, 40, 76, 171, 67, 7, 149, 44, 19, 135, 169, 332, 144, 68, 4, 17, 192, 200, positive
107, 52, 101, 218, 64, 11, 202, 33, 23, 164, 219, 610, 192, 65, 17, 2, 197, 206, negative
98, 54, 104, 186, 59, 10, 213, 32, 24, 172, 223, 665, 217, 73, 1, 26, 186, 195, negative
108, 51, 103, 197, 60, 11, 211, 31, 24, 160, 222, 661, 187, 67, 7, 3, 190, 200, negative
102, 54, 106, 221, 68, 11, 207, 32, 24, 164, 228, 638, 238, 71, 0, 26, 189, 200, negative
101, 51, 105, 212, 68, 10, 209, 32, 24, 162, 222, 653, 224, 73, 5, 23, 186, 195, negative
87, 40, 81, 162, 68, 10, 146, 46, 19, 139, 167, 317, 157, 70, 0, 13, 189, 199, negative
86, 43, 66, 130, 56, 7, 152, 44, 19, 142, 177, 340, 173, 81, 6, 14, 181, 185, positive
83, 44, 68, 144, 61, 8, 147, 45, 19, 143, 170, 325, 180, 74, 1, 1, 185, 191, positive
95, 38, 66, 126, 52, 8, 133, 52, 18, 140, 158, 253, 140, 78, 11, 8, 184, 183, negative
93, 47, 85, 161, 65, 12, 155, 43, 19, 157, 179, 354, 178, 76, 2, 9, 184, 196, negative
83, 37, 54, 118, 55, 4, 129, 52, 18, 127, 146, 245, 140, 81, 4, 13, 180, 184, negative
89, 40, 60, 131, 56, 6, 118, 56, 17, 137, 143, 209, 153, 65, 10, 8, 193, 199, negative
86, 39, 60, 140, 60, 7, 119, 55, 17, 134, 140, 212, 141, 61, 7, 8, 200, 207, negative
91, 40, 98, 192, 64, 9, 177, 38, 21, 135, 194, 465, 165, 66, 9, 35, 195, 205, negative
94, 37, 72, 193, 72, 6, 158, 41, 19, 133, 184, 385, 127, 70, 0, 14, 200, 204, positive
90, 42, 63, 126, 55, 7, 152, 45, 19, 142, 173, 336, 173, 81, 0, 15, 180, 184, positive
89, 37, 51, 111, 54, 5, 120, 56, 17, 127, 138, 213, 147, 82, 7, 4, 181, 183, negative
98, 51, 96, 203, 66, 10, 188, 35, 22, 157, 207, 533, 231, 68, 10, 1, 191, 199, negative
89, 44, 82, 136, 54, 6, 149, 45, 19, 144, 170, 332, 168, 68, 10, 14, 188, 193, negative
93, 43, 88, 170, 66, 9, 150, 45, 19, 147, 164, 334, 143, 65, 2, 17, 196, 206, negative
86, 40, 75, 146, 62, 6, 140, 48, 18, 135, 158, 290, 162, 72, 3, 21, 183, 190, negative
87, 45, 82, 164, 60, 8, 156, 42, 19, 144, 181, 366, 174, 70, 2, 2, 190, 196, negative
101, 46, 105, 195, 61, 10, 198, 34, 23, 150, 213, 578, 195, 66, 7, 38, 192, 205, negative
89, 47, 85, 147, 58, 10, 153, 44, 19, 151, 175, 349, 186, 74, 13, 7, 186, 197, negative
108, 54, 105, 203, 62, 11, 202, 33, 23, 164, 216, 608, 235, 68, 12, 3, 190, 200, negative
104, 51, 108, 193, 59, 11, 217, 31, 24, 163, 232, 694, 203, 72, 15, 22, 190, 201, negative
90, 47, 85, 145, 58, 9, 152, 44, 19, 155, 175, 345, 184, 73, 4, 2, 186, 197, negative
85, 37, 80, 158, 59, 8, 153, 44, 19, 126, 179, 348, 136, 69, 6, 21, 191, 197, negative
91, 41, 93, 197, 65, 9, 183, 36, 21, 137, 202, 504, 153, 66, 11, 24, 193, 200, negative
86, 38, 89, 176, 59, 9, 169, 39, 20, 132, 190, 428, 148, 67, 7, 33, 193, 202, negative
84, 37, 70, 145, 62, 9, 136, 48, 18, 134, 159, 280, 140, 68, 11, 9, 194, 202, negative
102, 53, 101, 238, 72, 4, 238, 28, 26, 163, 267, 844, 242, 85, 7, 22, 184, 184, positive
91, 46, 75, 185, 75, 7, 154, 42, 19, 147, 178, 362, 192, 72, 8, 8, 192, 199, positive
98, 42, 90, 192, 61, 9, 178, 37, 21, 144, 189, 480, 138, 61, 3, 8, 199, 208, negative
78, 43, 70, 147, 65, 8, 147, 46, 19, 145, 169, 319, 168, 77, 1, 12, 181, 186, positive
89, 46, 78, 150, 63, 11, 160, 43, 20, 160, 170, 367, 176, 73, 5, 9, 185, 194, negative
115, 53, 100, 205, 64, 11, 220, 30, 25, 166, 229, 710, 214, 71, 21, 11, 189, 199, negative
89, 38, 74, 138, 59, 7, 136, 49, 18, 133, 167, 278, 128, 72, 7, 7, 189, 193, negative
88, 43, 70, 177, 74, 19, 152, 44, 19, 143, 180, 342, 168, 76, 1, 9, 186, 189, positive
108, 54, 103, 212, 65, 11, 208, 32, 24, 162, 228, 648, 240, 71, 9, 0, 189, 197, negative
91, 40, 83, 166, 60, 8, 160, 41, 20, 133, 189, 383, 155, 72, 5, 7, 186, 191, negative
97, 35, 66, 151, 64, 8, 128, 52, 18, 129, 148, 246, 112, 66, 6, 2, 195, 200, negative
92, 46, 82, 170, 58, 8, 165, 40, 20, 149, 181, 409, 164, 61, 8, 11, 200, 208, negative
85, 42, 66, 120, 53, 7, 149, 45, 19, 145, 173, 325, 163, 85, 5, 4, 180, 182, positive
84, 44, 65, 128, 55, 8, 150, 46, 19, 148, 169, 325, 176, 82, 1, 11, 179, 183, positive
79, 43, 72, 141, 62, 8, 153, 44, 19, 144, 175, 344, 174, 78, 0, 8, 182, 188, positive
97, 41, 62, 133, 56, 7, 130, 52, 18, 143, 158, 247, 157, 78, 5, 7, 184, 186, negative
91, 52, 98, 196, 62, 9, 193, 34, 22, 161, 216, 562, 244, 69, 3, 1, 190, 199, negative
88, 35, 60, 143, 59, 7, 128, 52, 18, 129, 147, 246, 109, 62, 1, 6, 202, 209, negative
94, 46, 91, 175, 70, 12, 157, 43, 20, 155, 172, 358, 192, 69, 15, 21, 190, 200, negative
105, 51, 80, 207, 71, 6, 195, 33, 22, 159, 214, 579, 188, 75, 6, 20, 194, 194, positive
96, 46, 70, 194, 70, 6, 167, 39, 20, 148, 183, 427, 171, 69, 17, 10, 200, 203, positive
110, 56, 109, 199, 57, 5, 251, 27, 27, 169, 272, 928, 268, 82, 11, 10, 183, 183, positive
90, 41, 78, 145, 55, 7, 138, 48, 18, 138, 161, 284, 158, 67, 0, 1, 192, 197, negative
91, 36, 72, 162, 60, 8, 150, 44, 19, 133, 166, 334, 121, 63, 2, 22, 196, 205, negative
90, 44, 69, 152, 64, 7, 135, 49, 18, 145, 165, 272, 162, 75, 3, 2, 187, 191, negative
91, 46, 101, 199, 65, 9, 196, 34, 23, 146, 219, 574, 199, 73, 5, 8, 186, 194, negative
87, 42, 70, 139, 59, 7, 149, 45, 19, 142, 177, 327, 156, 78, 6, 9, 185, 188, positive
94, 37, 72, 146, 60, 9, 133, 50, 18, 135, 161, 262, 128, 69, 2, 7, 192, 195, negative
86, 43, 68, 150, 64, 9, 138, 48, 18, 143, 161, 285, 174, 69, 6, 0, 192, 201, negative
100, 51, 104, 163, 52, 10, 206, 32, 23, 164, 217, 631, 193, 69, 5, 21, 188, 196, negative
83, 46, 68, 139, 59, 6, 150, 44, 19, 146, 172, 336, 183, 74, 5, 3, 185, 191, positive
81, 45, 68, 154, 69, 22, 151, 45, 19, 147, 186, 335, 186, 88, 1, 10, 180, 185, positive
105, 54, 105, 213, 67, 10, 200, 33, 23, 163, 214, 597, 214, 68, 10, 20, 190, 198, negative
92, 46, 83, 154, 56, 6, 160, 41, 20, 148, 185, 382, 184, 71, 10, 5, 186, 191, negative
95, 43, 76, 142, 57, 10, 151, 44, 19, 149, 173, 339, 159, 71, 2, 23, 187, 200, negative
93, 39, 87, 183, 64, 8, 169, 40, 20, 134, 200, 422, 149, 72, 7, 25, 188, 195, negative
89, 46, 84, 163, 66, 11, 159, 43, 20, 159, 173, 368, 176, 72, 1, 20, 186, 197, negative
106, 54, 101, 222, 67, 12, 222, 30, 25, 173, 228, 721, 200, 70, 3, 4, 187, 201, negative
