86 43 66 130 56 7 152 44 19 142 177 340 173 81 6 14 181 185 0
82 43 71 154 68 7 150 45 19 143 171 330 173 78 7 11 181 186 0
86 46 73 125 57 6 151 45 19 147 170 334 188 82 9 11 180 184 0
98 52 86 207 69 5 192 33 22 161 212 570 221 75 4 6 194 195 0
85 43 66 121 54 7 150 46 19 147 169 324 175 87 0 5 179 182 0
84 43 76 180 75 7 155 43 19 143 180 359 173 77 5 12 185 190 0
82 44 72 136 61 7 147 46 19 143 173 317 183 81 6 17 181 185 0
110 58 106 180 51 6 261 26 28 171 278 998 257 83 9 13 181 182 0
92 37 75 191 71 6 161 40 20 128 180 393 135 69 1 14 195 202 0
85 44 70 205 103 52 149 45 19 144 241 325 188 127 9 11 180 183 0
89 44 70 158 64 6 141 47 18 143 164 299 173 66 9 11 193 199 0
107 57 102 184 55 7 234 28 26 171 243 822 229 77 7 11 187 187 0
100 50 98 204 63 6 218 30 24 156 232 719 213 77 8 7 189 189 0
95 43 83 198 69 6 177 36 21 139 189 484 163 68 6 4 196 198 0
96 46 70 194 70 6 167 39 20 148 183 427 171 69 17 10 200 203 0
94 45 72 179 69 6 156 41 19 144 181 373 191 69 5 5 193 198 0
90 38 75 164 64 7 151 43 19 131 168 345 139 66 0 0 195 204 0
86 43 68 152 62 7 150 44 19 142 179 337 164 75 4 9 188 192 0
85 42 66 120 53 7 149 46 19 143 169 321 160 85 10 7 180 182 0
98 51 84 207 72 7 184 35 21 161 199 520 198 72 9 11 196 199 0
106 54 103 161 47 4 247 27 27 166 266 892 242 85 4 11 181 183 0
91 40 76 171 67 7 149 44 19 135 169 332 144 68 4 17 192 200 0
89 36 68 141 59 8 139 47 18 130 166 291 127 73 7 1 189 196 1
94 43 82 136 54 10 155 43 19 149 176 359 161 74 1 6 186 197 1
91 40 98 192 64 9 177 38 21 135 194 465 165 66 9 35 195 205 1
89 42 89 147 61 11 151 44 19 145 170 338 163 72 11 23 187 199 1
90 49 83 187 63 7 176 37 21 154 205 467 222 70 1 2 189 195 1
94 35 66 147 62 9 131 50 18 127 159 258 115 66 8 7 196 201 1
89 36 69 142 57 7 135 50 18 126 154 266 128 66 3 36 193 203 1
106 49 107 194 57 11 214 31 24 161 224 670 172 67 0 39 192 206 1
104 53 101 199 65 11 213 31 24 168 216 667 221 72 12 12 187 198 1
87 41 66 140 58 6 148 46 19 136 164 318 178 79 19 2 181 185 1
103 54 107 218 64 12 222 30 25 174 221 728 199 67 0 18 189 200 1
82 40 73 141 57 8 153 44 19 133 173 342 153 75 11 9 181 187 1
84 38 66 138 62 6 126 54 18 132 144 232 139 70 4 7 185 190 1
100 46 85 164 64 11 163 42 20 163 176 387 170 71 18 0 189 196 1
106 49 106 211 64 9 208 32 24 158 224 645 184 68 1 24 190 202 1
106 53 98 203 63 11 220 30 25 167 228 710 214 71 10 24 188 197 1
85 47 75 121 53 9 157 44 20 165 168 358 176 77 1 7 182 191 1
86 36 77 165 60 7 150 45 19 128 174 331 131 66 0 32 196 203 1
107 56 104 231 71 11 219 31 25 172 226 705 217 71 19 11 189 196 1
96 52 104 222 67 9 198 33 23 163 217 589 226 67 12 20 192 201 1
91 43 72 142 56 7 149 45 19 140 168 327 165 72 13 23 186 191 1
83 39 69 127 54 5 135 49 18 131 155 274 162 69 16 6 187 190 1
91 36 60 126 56 6 119 56 17 130 139 211 118 67 6 14 192 198 1
90 41 62 147 60 6 128 52 18 141 149 246 157 61 13 4 201 208 1
100 44 93 193 62 8 186 35 22 147 202 521 151 66 0 2 193 198 1
89 37 51 111 54 5 120 56 17 127 138 213 147 82 7 4 181 183 1
98 39 68 136 56 8 131 52 18 144 159 251 134 72 4 10 186 187 1
92 43 70 124 52 6 139 49 18 144 164 282 172 79 4 16 183 185 1
100 46 90 172 67 9 157 43 20 150 170 363 184 67 17 7 192 200 1
90 34 66 158 59 7 140 47 18 124 165 298 117 61 1 3 201 207 1
93 47 85 161 65 12 155 43 19 157 179 354 178 76 2 9 184 196 1
105 56 98 209 64 11 217 31 24 173 225 696 216 72 2 19 188 199 1
97 37 76 169 60 8 161 41 20 131 189 391 136 72 0 0 188 192 1
87 37 60 132 57 6 128 52 18 129 154 243 132 71 1 14 186 192 1
109 49 109 193 59 10 207 32 24 156 225 635 213 70 13 31 191 202 1
98 55 101 219 69 11 225 30 25 178 231 748 216 74 6 14 187 195 1
95 42 85 174 66 9 153 44 19 144 168 347 150 65 11 5 196 204 1
84 35 53 122 57 4 116 59 17 123 135 196 128 76 10 27 183 190 1
109 48 107 215 62 10 205 32 23 158 222 624 168 65 9 32 195 206 1
90 48 81 144 60 9 150 44 19 156 173 333 200 75 2 0 185 195 1
95 46 104 208 66 9 191 35 22 148 210 543 169 68 0 28 190 200 1
94 49 87 137 54 11 158 43 20 162 178 366 186 75 5 5 183 194 1
106 53 98 176 54 10 216 31 24 171 235 691 218 74 1 9 187 197 1
93 42 64 123 51 7 135 51 18 144 164 262 155 78 16 12 185 185 1
104 57 103 222 72 12 221 30 25 177 223 718 218 72 11 12 186 195 1
92 35 58 136 58 6 122 55 17 132 142 222 116 64 6 17 197 203 1
102 48 105 214 64 10 201 33 23 152 214 600 178 64 0 25 192 204 1
104 52 96 188 59 9 188 35 22 161 206 530 205 67 11 8 193 200 1
91 38 75 136 53 6 144 47 19 131 165 305 149 69 1 7 186 191 1
95 44 84 158 62 10 145 46 19 148 163 312 166 64 10 6 199 206 1
103 54 91 179 57 11 220 31 25 170 220 707 198 72 1 32 186 198 1
96 39 58 117 51 6 133 52 18 139 154 255 150 86 6 0 181 182 1
97 46 94 209 67 10 195 34 22 147 224 573 194 70 0 14 188 197 1
97 55 104 219 71 9 211 32 24 171 222 658 223 74 1 24 186 196 1
93 36 64 165 69 8 136 49 18 136 161 279 127 67 2 29 193 204 1
102 52 98 225 71 10 214 31 24 164 228 682 199 71 0 16 187 196 1
96 40 78 170 58 7 174 38 21 139 197 455 160 68 3 29 191 200 1
89 48 85 189 64 8 169 39 20 153 188 427 190 64 16 5 195 201 1
98 45 76 166 60 7 157 42 20 148 184 371 186 69 13 10 190 196 1
96 37 74 187 68 8 159 42 20 134 183 378 134 69 3 16 190 197 1
101 52 105 162 53 10 212 31 24 163 226 669 204 74 12 11 186 194 1
85 33 40 115 57 3 112 61 17 119 130 184 127 86 12 21 181 183 1
91 41 93 197 65 9 183 36 21 137 202 504 153 66 11 24 193 200 1
