@relation  vehicle2
@attribute Compactness integer[73,119]
@attribute Circularity integer[33,59]
@attribute Distance_circularity integer[40,112]
@attribute Radius_ratio integer[104,333]
@attribute Praxis_aspect_ratio integer[47,138]
@attribute Max_length_aspect_ratio integer[2,55]
@attribute Scatter_ratio integer[112,265]
@attribute Elongatedness integer[26,61]
@attribute Praxis_rectangular integer[17,29]
@attribute Length_rectangular integer[118,188]
@attribute Major_variance integer[130,320]
@attribute Minor_variance integer[184,1018]
@attribute Gyration_radius integer[109,268]
@attribute Major_skewness integer[59,135]
@attribute Minor_skewness integer[0,22]
@attribute Minor_kurtosis integer[0,41]
@attribute Major_kurtosis integer[176,206]
@attribute Hollows_ratio integer[181,211]
@attribute Class{positive,negative}
@inputs Compactness,Circularity,Distance_circularity,Radius_ratio,Praxis_aspect_ratio,Max_length_aspect_ratio,Scatter_ratio,Elongatedness,Praxis_rectangular,Length_rectangular,Major_variance,Minor_variance,Gyration_radius,Major_skewness,Minor_skewness,Minor_kurtosis,Major_kurtosis,Hollows_ratio
@outputs Class
@data
82, 43, 73, 154, 65, 7, 151, 44, 19, 143, 178, 341, 160, 76, 5, 11, 185, 189, positive
86, 45, 73, 152, 63, 6, 149, 44, 19, 145, 170, 335, 176, 71, 6, 1, 189, 196, positive
82, 44, 63, 123, 54, 7, 151, 45, 19, 147, 166, 329, 185, 81, 3, 4, 179, 182, positive
94, 45, 89, 213, 71, 5, 186, 35, 22, 145, 204, 533, 182, 71, 4, 13, 195, 198, positive
85, 43, 66, 123, 55, 7, 150, 45, 19, 146, 172, 326, 173, 83, 4, 15, 180, 183, positive
88, 46, 74, 171, 68, 6, 152, 43, 19, 148, 180, 349, 192, 71, 5, 11, 189, 195, positive
85, 42, 59, 132, 58, 7, 149, 46, 19, 144, 166, 320, 172, 83, 8, 4, 179, 182, positive
110, 56, 109, 199, 57, 5, 251, 27, 27, 169, 272, 928, 268, 82, 11, 10, 183, 183, positive
99, 38, 74, 184, 66, 6, 164, 39, 20, 131, 193, 414, 137, 71, 2, 22, 200, 202, positive
81, 43, 68, 139, 62, 7, 149, 46, 19, 145, 172, 323, 171, 83, 1, 14, 180, 184, positive
95, 43, 71, 159, 64, 6, 145, 45, 19, 141, 169, 322, 171, 67, 8, 4, 195, 200, positive
109, 55, 102, 169, 51, 6, 241, 27, 26, 165, 265, 870, 247, 84, 10, 11, 184, 183, positive
101, 53, 91, 194, 65, 6, 204, 32, 23, 161, 231, 636, 214, 78, 5, 14, 192, 192, positive
91, 42, 84, 209, 75, 6, 171, 38, 20, 138, 189, 446, 161, 69, 3, 12, 196, 201, positive
92, 45, 74, 187, 74, 7, 157, 41, 19, 143, 179, 375, 183, 70, 8, 6, 195, 201, positive
94, 43, 64, 173, 69, 7, 150, 43, 19, 142, 169, 344, 177, 68, 9, 1, 199, 206, positive
91, 45, 76, 171, 69, 7, 150, 44, 19, 144, 170, 340, 179, 69, 12, 1, 195, 201, positive
87, 42, 70, 139, 59, 7, 149, 45, 19, 142, 177, 327, 156, 78, 6, 9, 185, 188, positive
85, 45, 70, 120, 54, 7, 149, 45, 19, 145, 169, 326, 186, 81, 8, 4, 181, 184, positive
81, 46, 71, 141, 61, 7, 153, 44, 19, 148, 177, 347, 190, 80, 1, 14, 182, 187, positive
86, 42, 65, 113, 50, 8, 152, 45, 19, 141, 169, 332, 171, 85, 4, 16, 179, 183, positive
91, 38, 70, 160, 66, 25, 140, 47, 18, 139, 162, 296, 130, 67, 4, 11, 192, 202, negative
88, 43, 84, 136, 55, 11, 154, 44, 19, 150, 174, 350, 164, 73, 6, 2, 185, 196, negative
90, 40, 83, 178, 61, 8, 178, 37, 21, 132, 199, 472, 157, 71, 1, 14, 187, 193, negative
91, 45, 75, 154, 57, 6, 150, 44, 19, 146, 170, 335, 180, 66, 16, 2, 193, 198, negative
90, 50, 90, 188, 61, 10, 181, 36, 21, 158, 211, 492, 220, 69, 6, 19, 191, 199, negative
85, 40, 72, 139, 59, 5, 132, 50, 18, 135, 159, 260, 150, 68, 3, 9, 191, 195, negative
80, 38, 64, 130, 59, 8, 134, 51, 18, 126, 152, 259, 135, 76, 1, 23, 179, 188, negative
104, 53, 101, 190, 63, 10, 213, 32, 24, 166, 218, 664, 202, 74, 13, 21, 188, 198, negative
97, 55, 103, 197, 63, 11, 215, 31, 24, 172, 219, 677, 219, 75, 5, 24, 185, 194, negative
77, 38, 75, 144, 59, 6, 147, 46, 19, 132, 167, 315, 136, 80, 16, 20, 181, 187, negative
99, 55, 101, 206, 62, 13, 222, 30, 25, 180, 225, 722, 213, 71, 2, 3, 186, 196, negative
84, 44, 80, 140, 58, 11, 156, 44, 20, 157, 166, 349, 176, 74, 5, 17, 183, 193, negative
89, 40, 58, 137, 58, 7, 122, 54, 17, 140, 146, 225, 150, 63, 7, 4, 199, 206, negative
90, 39, 86, 169, 62, 7, 162, 41, 20, 131, 194, 388, 147, 74, 1, 22, 185, 191, negative
108, 54, 103, 212, 65, 11, 208, 32, 24, 162, 228, 648, 240, 71, 9, 0, 189, 197, negative
105, 53, 108, 206, 63, 12, 222, 31, 25, 168, 226, 712, 201, 71, 15, 35, 189, 203, negative
93, 48, 84, 150, 63, 11, 156, 44, 20, 165, 171, 354, 188, 73, 8, 15, 185, 195, negative
92, 43, 69, 158, 56, 7, 149, 44, 19, 143, 170, 333, 168, 63, 14, 18, 198, 203, negative
103, 57, 105, 221, 69, 11, 218, 30, 24, 173, 226, 706, 250, 73, 10, 2, 187, 195, negative
99, 54, 100, 199, 62, 9, 200, 33, 23, 166, 222, 600, 241, 70, 2, 7, 189, 198, negative
86, 41, 64, 148, 61, 5, 150, 45, 19, 138, 165, 333, 173, 80, 5, 8, 182, 185, negative
91, 42, 66, 142, 58, 9, 134, 50, 18, 142, 163, 268, 164, 69, 6, 5, 191, 197, negative
88, 37, 51, 105, 52, 5, 119, 57, 17, 128, 135, 207, 125, 86, 8, 16, 179, 183, negative
97, 35, 66, 151, 64, 8, 128, 52, 18, 129, 148, 246, 112, 66, 6, 2, 195, 200, negative
99, 50, 88, 204, 64, 10, 185, 35, 22, 159, 209, 517, 193, 66, 12, 11, 194, 201, negative
84, 37, 53, 121, 59, 5, 123, 55, 17, 125, 141, 221, 133, 82, 7, 1, 179, 183, negative
98, 38, 70, 125, 52, 8, 130, 53, 18, 139, 157, 243, 132, 74, 0, 13, 186, 185, negative
84, 38, 74, 138, 57, 8, 139, 49, 18, 127, 160, 282, 127, 72, 9, 20, 183, 191, negative
90, 46, 80, 143, 62, 11, 159, 43, 20, 156, 169, 366, 186, 74, 17, 7, 185, 193, negative
78, 38, 63, 115, 51, 6, 142, 47, 19, 130, 162, 299, 146, 77, 2, 4, 181, 185, negative
94, 43, 69, 161, 59, 7, 152, 43, 19, 143, 175, 349, 187, 67, 12, 11, 193, 198, negative
106, 53, 98, 192, 58, 11, 217, 31, 24, 166, 228, 693, 191, 71, 11, 24, 188, 198, negative
92, 46, 79, 176, 64, 8, 162, 41, 20, 149, 183, 396, 178, 67, 2, 10, 191, 198, negative
83, 40, 53, 114, 53, 6, 132, 53, 18, 140, 142, 247, 157, 86, 8, 7, 176, 183, negative
95, 48, 104, 214, 67, 9, 205, 32, 23, 151, 227, 628, 202, 74, 5, 9, 186, 193, negative
99, 57, 109, 220, 66, 11, 221, 30, 25, 176, 234, 725, 236, 70, 10, 25, 188, 200, negative
94, 45, 85, 160, 63, 10, 158, 43, 20, 157, 174, 367, 162, 68, 1, 6, 189, 199, negative
86, 39, 62, 129, 59, 6, 116, 57, 17, 135, 137, 203, 145, 64, 7, 9, 199, 204, negative
100, 45, 100, 209, 65, 8, 201, 32, 23, 147, 231, 611, 189, 72, 5, 5, 189, 195, negative
85, 45, 71, 150, 63, 8, 143, 46, 19, 147, 171, 307, 179, 72, 2, 3, 187, 196, negative
110, 46, 100, 197, 61, 9, 193, 34, 22, 149, 209, 561, 160, 65, 11, 7, 194, 203, negative
86, 48, 75, 136, 58, 10, 161, 43, 20, 163, 170, 371, 185, 75, 3, 1, 183, 192, negative
106, 53, 98, 193, 60, 10, 215, 31, 24, 169, 224, 681, 218, 73, 8, 21, 188, 197, negative
82, 38, 53, 125, 59, 5, 133, 51, 18, 128, 152, 259, 146, 87, 0, 0, 177, 183, negative
97, 53, 105, 225, 71, 12, 221, 30, 25, 167, 226, 713, 202, 70, 3, 20, 186, 200, negative
83, 40, 59, 116, 53, 7, 132, 52, 18, 137, 145, 250, 157, 84, 12, 6, 177, 183, negative
98, 47, 109, 202, 59, 11, 199, 34, 23, 154, 207, 586, 165, 61, 1, 33, 194, 208, negative
93, 42, 88, 188, 62, 10, 183, 36, 21, 141, 208, 504, 168, 70, 3, 12, 189, 197, negative
89, 38, 78, 153, 61, 7, 146, 46, 19, 127, 166, 314, 142, 69, 0, 9, 187, 194, negative
93, 43, 78, 162, 64, 8, 137, 48, 18, 145, 156, 281, 159, 63, 17, 12, 203, 210, negative
101, 53, 108, 184, 54, 12, 216, 31, 24, 172, 220, 685, 187, 68, 4, 24, 190, 201, negative
90, 43, 72, 157, 64, 8, 136, 49, 18, 145, 158, 279, 167, 64, 4, 6, 201, 209, negative
99, 46, 105, 209, 64, 11, 197, 34, 23, 152, 212, 575, 159, 65, 0, 33, 194, 205, negative
103, 56, 105, 183, 59, 10, 210, 32, 24, 173, 217, 648, 218, 72, 13, 22, 188, 196, negative
90, 37, 80, 171, 58, 9, 157, 42, 20, 132, 172, 373, 115, 60, 3, 18, 201, 209, negative
116, 53, 110, 231, 67, 12, 217, 31, 24, 165, 231, 692, 222, 67, 16, 28, 192, 206, negative
98, 38, 78, 191, 65, 8, 169, 39, 20, 136, 197, 430, 141, 67, 9, 20, 192, 199, negative
93, 47, 83, 165, 60, 7, 167, 40, 20, 147, 197, 417, 201, 73, 12, 4, 187, 192, negative
90, 46, 73, 137, 58, 11, 161, 43, 20, 158, 170, 373, 186, 76, 0, 9, 182, 193, negative
98, 39, 81, 191, 64, 9, 166, 40, 20, 138, 184, 415, 131, 62, 8, 19, 197, 205, negative
95, 53, 95, 202, 65, 10, 193, 34, 22, 160, 220, 559, 237, 71, 3, 2, 188, 196, negative
88, 39, 88, 194, 69, 8, 168, 40, 20, 133, 199, 416, 151, 74, 3, 22, 186, 192, negative
