@relation  vehicle2
@attribute Compactness integer[73,119]
@attribute Circularity integer[33,59]
@attribute Distance_circularity integer[40,112]
@attribute Radius_ratio integer[104,333]
@attribute Praxis_aspect_ratio integer[47,138]
@attribute Max_length_aspect_ratio integer[2,55]
@attribute Scatter_ratio integer[112,265]
@attribute Elongatedness integer[26,61]
@attribute Praxis_rectangular integer[17,29]
@attribute Length_rectangular integer[118,188]
@attribute Major_variance integer[130,320]
@attribute Minor_variance integer[184,1018]
@attribute Gyration_radius integer[109,268]
@attribute Major_skewness integer[59,135]
@attribute Minor_skewness integer[0,22]
@attribute Minor_kurtosis integer[0,41]
@attribute Major_kurtosis integer[176,206]
@attribute Hollows_ratio integer[181,211]
@attribute Class{positive,negative}
@inputs Compactness,Circularity,Distance_circularity,Radius_ratio,Praxis_aspect_ratio,Max_length_aspect_ratio,Scatter_ratio,Elongatedness,Praxis_rectangular,Length_rectangular,Major_variance,Minor_variance,Gyration_radius,Major_skewness,Minor_skewness,Minor_kurtosis,Major_kurtosis,Hollows_ratio
@outputs Class
@data
85, 43, 69, 141, 62, 7, 152, 44, 19, 145, 178, 341, 179, 84, 1, 4, 181, 184, positive
86, 46, 70, 149, 65, 8, 149, 45, 19, 146, 170, 331, 185, 77, 6, 6, 183, 188, positive
80, 44, 68, 120, 53, 8, 151, 45, 19, 146, 170, 333, 190, 80, 4, 16, 180, 185, positive
105, 51, 80, 207, 71, 6, 195, 33, 22, 159, 214, 579, 188, 75, 6, 20, 194, 194, positive
81, 46, 71, 141, 61, 7, 153, 44, 19, 148, 177, 347, 190, 80, 1, 14, 182, 187, positive
86, 43, 68, 152, 62, 7, 150, 44, 19, 142, 179, 337, 164, 75, 4, 9, 188, 192, positive
84, 44, 65, 128, 55, 8, 150, 46, 19, 148, 169, 325, 176, 82, 1, 11, 179, 183, positive
94, 44, 70, 186, 72, 8, 153, 42, 19, 144, 171, 361, 178, 67, 7, 2, 199, 206, positive
82, 45, 68, 139, 64, 6, 147, 46, 19, 143, 169, 320, 184, 80, 0, 1, 181, 184, positive
111, 58, 105, 183, 51, 6, 265, 26, 29, 174, 285, 1018, 255, 85, 4, 8, 181, 183, positive
100, 51, 89, 199, 65, 6, 201, 32, 23, 159, 219, 622, 205, 74, 6, 7, 193, 193, positive
94, 37, 72, 193, 72, 6, 158, 41, 19, 133, 184, 385, 127, 70, 0, 14, 200, 204, positive
87, 44, 70, 179, 75, 6, 146, 45, 19, 141, 167, 326, 178, 69, 6, 1, 194, 201, positive
88, 44, 70, 151, 61, 8, 143, 46, 18, 143, 163, 311, 173, 68, 7, 8, 196, 203, positive
101, 54, 106, 188, 57, 7, 236, 28, 26, 164, 256, 833, 253, 81, 6, 14, 185, 185, positive
81, 45, 68, 137, 60, 7, 152, 45, 19, 151, 167, 333, 179, 81, 3, 13, 179, 183, positive
80, 44, 68, 135, 59, 8, 150, 45, 19, 145, 170, 329, 173, 80, 7, 12, 180, 185, positive
95, 36, 73, 191, 73, 6, 156, 41, 19, 126, 184, 374, 124, 71, 2, 19, 199, 204, positive
105, 51, 93, 160, 51, 7, 217, 30, 24, 165, 240, 703, 208, 81, 9, 25, 188, 188, positive
93, 45, 86, 201, 69, 7, 184, 35, 22, 145, 203, 523, 183, 72, 0, 4, 194, 197, positive
104, 49, 89, 168, 54, 4, 212, 31, 24, 153, 238, 682, 198, 78, 1, 23, 190, 189, positive
96, 41, 77, 177, 64, 5, 177, 36, 21, 134, 205, 485, 148, 74, 0, 4, 196, 198, positive
96, 47, 77, 204, 72, 6, 167, 38, 20, 150, 188, 429, 182, 69, 6, 16, 199, 203, positive
91, 42, 84, 209, 75, 6, 171, 38, 20, 138, 189, 446, 161, 69, 3, 12, 196, 201, positive
86, 42, 65, 125, 54, 7, 150, 45, 19, 140, 171, 327, 172, 85, 2, 8, 180, 182, positive
98, 35, 70, 182, 68, 5, 155, 41, 19, 124, 184, 371, 117, 71, 3, 22, 202, 205, positive
107, 55, 98, 199, 59, 7, 240, 27, 26, 168, 258, 866, 245, 80, 3, 1, 186, 184, positive
87, 41, 76, 165, 67, 7, 148, 45, 19, 140, 171, 327, 152, 72, 7, 13, 188, 195, positive
97, 37, 70, 173, 66, 7, 151, 43, 19, 129, 167, 346, 119, 65, 0, 16, 201, 208, positive
85, 43, 66, 120, 54, 5, 148, 46, 19, 145, 168, 320, 174, 87, 8, 2, 179, 181, positive
85, 44, 66, 125, 58, 6, 148, 45, 19, 145, 170, 323, 185, 84, 8, 1, 180, 183, positive
89, 41, 75, 162, 66, 5, 153, 43, 19, 136, 175, 352, 154, 72, 2, 0, 188, 195, positive
100, 49, 80, 206, 70, 6, 183, 35, 21, 156, 206, 517, 198, 73, 3, 13, 198, 199, positive
110, 56, 109, 199, 57, 5, 251, 27, 27, 169, 272, 928, 268, 82, 11, 10, 183, 183, positive
99, 38, 74, 184, 66, 6, 164, 39, 20, 131, 193, 414, 137, 71, 2, 22, 200, 202, positive
85, 42, 59, 132, 58, 7, 149, 46, 19, 144, 166, 320, 172, 83, 8, 4, 179, 182, positive
107, 57, 106, 172, 50, 6, 255, 26, 28, 169, 280, 957, 264, 85, 5, 9, 181, 183, positive
84, 45, 66, 154, 65, 6, 145, 46, 19, 144, 168, 312, 177, 73, 2, 3, 184, 188, positive
82, 43, 73, 154, 65, 7, 151, 44, 19, 143, 178, 341, 160, 76, 5, 11, 185, 189, positive
89, 42, 70, 148, 62, 7, 147, 45, 19, 143, 176, 323, 153, 76, 2, 6, 186, 189, positive
80, 43, 68, 123, 53, 7, 150, 46, 19, 147, 169, 327, 176, 81, 7, 14, 179, 184, positive
96, 36, 74, 183, 70, 6, 149, 43, 19, 127, 178, 341, 127, 69, 0, 17, 201, 205, positive
87, 39, 74, 165, 66, 6, 145, 45, 19, 134, 173, 318, 139, 70, 3, 21, 195, 200, positive
102, 54, 98, 201, 61, 6, 225, 29, 25, 165, 246, 766, 231, 79, 9, 14, 188, 187, positive
84, 36, 75, 136, 55, 6, 140, 48, 18, 125, 166, 290, 138, 71, 4, 36, 189, 195, negative
86, 39, 84, 149, 57, 8, 156, 43, 20, 133, 185, 358, 157, 74, 0, 23, 183, 190, negative
88, 40, 79, 183, 62, 7, 176, 38, 21, 138, 200, 462, 150, 66, 0, 29, 189, 199, negative
85, 40, 75, 137, 56, 7, 152, 44, 19, 134, 173, 339, 160, 76, 7, 16, 182, 187, negative
91, 49, 86, 195, 63, 8, 177, 37, 21, 156, 203, 473, 201, 67, 7, 5, 192, 198, negative
91, 37, 76, 138, 55, 8, 132, 51, 18, 135, 157, 256, 124, 69, 0, 12, 191, 192, negative
89, 36, 68, 149, 60, 8, 133, 50, 18, 134, 153, 265, 119, 62, 6, 18, 201, 209, negative
110, 51, 104, 191, 57, 12, 213, 31, 24, 162, 226, 674, 190, 68, 18, 2, 191, 199, negative
103, 55, 100, 194, 62, 11, 212, 31, 24, 175, 217, 666, 219, 73, 10, 14, 187, 194, negative
89, 41, 75, 143, 56, 7, 146, 46, 19, 137, 170, 317, 156, 76, 18, 5, 184, 188, negative
102, 54, 101, 190, 58, 10, 222, 30, 25, 171, 224, 728, 203, 71, 13, 6, 189, 198, negative
86, 44, 77, 155, 60, 7, 152, 44, 19, 141, 174, 345, 161, 72, 9, 0, 187, 192, negative
85, 36, 72, 127, 56, 7, 127, 54, 18, 125, 144, 233, 123, 70, 3, 30, 184, 194, negative
95, 46, 76, 162, 66, 11, 162, 42, 20, 155, 175, 381, 172, 74, 8, 4, 184, 193, negative
103, 49, 107, 179, 54, 12, 208, 32, 24, 159, 214, 644, 183, 66, 1, 12, 191, 200, negative
108, 53, 103, 202, 64, 10, 220, 30, 25, 168, 224, 711, 214, 73, 11, 10, 188, 199, negative
89, 47, 84, 133, 55, 11, 157, 44, 20, 160, 169, 354, 176, 74, 5, 9, 182, 192, negative
101, 56, 100, 215, 69, 10, 208, 32, 24, 169, 227, 651, 223, 74, 6, 5, 186, 193, negative
85, 39, 77, 151, 59, 8, 150, 45, 19, 134, 176, 331, 133, 73, 0, 16, 184, 193, negative
108, 55, 105, 230, 68, 11, 218, 30, 24, 171, 228, 709, 210, 69, 14, 4, 190, 197, negative
104, 52, 101, 206, 62, 10, 198, 33, 23, 161, 207, 587, 204, 64, 2, 5, 195, 204, negative
91, 41, 84, 141, 57, 9, 149, 45, 19, 143, 170, 330, 158, 72, 9, 14, 189, 199, negative
88, 36, 78, 160, 62, 6, 140, 48, 18, 123, 161, 287, 129, 66, 4, 35, 194, 202, negative
92, 41, 66, 125, 52, 7, 139, 50, 18, 143, 160, 275, 161, 81, 7, 19, 182, 184, negative
80, 38, 64, 130, 59, 8, 134, 51, 18, 126, 152, 259, 135, 76, 1, 23, 179, 188, negative
86, 37, 60, 115, 54, 5, 119, 56, 17, 132, 141, 209, 129, 72, 2, 8, 186, 190, negative
94, 42, 68, 150, 64, 7, 128, 52, 18, 143, 154, 246, 159, 69, 14, 5, 192, 196, negative
95, 45, 105, 208, 64, 10, 187, 36, 22, 150, 202, 520, 158, 64, 7, 32, 198, 211, negative
86, 35, 44, 110, 54, 2, 119, 57, 17, 121, 139, 208, 137, 90, 6, 1, 180, 183, negative
95, 38, 66, 126, 52, 8, 133, 52, 18, 140, 158, 253, 140, 78, 11, 8, 184, 183, negative
91, 44, 66, 151, 63, 7, 137, 48, 18, 146, 166, 280, 167, 72, 1, 9, 188, 194, negative
97, 47, 87, 164, 64, 9, 156, 43, 20, 149, 173, 359, 182, 68, 1, 13, 192, 202, negative
80, 39, 60, 122, 56, 6, 139, 49, 18, 131, 151, 281, 142, 80, 0, 5, 179, 186, negative
93, 35, 66, 154, 59, 6, 142, 46, 18, 128, 162, 304, 120, 64, 5, 13, 197, 202, negative
89, 43, 85, 160, 64, 11, 155, 43, 19, 151, 173, 356, 174, 72, 5, 9, 185, 196, negative
88, 42, 66, 133, 57, 6, 123, 54, 17, 144, 147, 227, 160, 66, 8, 4, 193, 198, negative
89, 47, 85, 147, 58, 10, 153, 44, 19, 151, 175, 349, 186, 74, 13, 7, 186, 197, negative
107, 54, 96, 201, 62, 12, 218, 31, 24, 170, 221, 694, 217, 71, 2, 21, 187, 198, negative
94, 37, 74, 169, 59, 7, 162, 41, 20, 133, 178, 394, 130, 63, 6, 6, 198, 204, negative
80, 36, 69, 127, 56, 7, 128, 53, 18, 124, 147, 240, 133, 70, 2, 21, 183, 191, negative
106, 48, 107, 202, 61, 10, 207, 32, 24, 153, 227, 635, 200, 70, 5, 28, 190, 203, negative
100, 58, 109, 230, 70, 11, 226, 30, 25, 182, 234, 752, 207, 72, 0, 13, 187, 198, negative
111, 54, 103, 171, 50, 11, 221, 30, 25, 172, 227, 727, 201, 69, 15, 6, 190, 198, negative
78, 36, 60, 116, 56, 6, 123, 55, 17, 124, 141, 221, 121, 78, 3, 16, 178, 185, negative
97, 35, 66, 151, 64, 8, 128, 52, 18, 129, 148, 246, 112, 66, 6, 2, 195, 200, negative
96, 45, 87, 169, 67, 10, 154, 44, 19, 149, 167, 351, 174, 67, 9, 8, 192, 201, negative
87, 37, 52, 116, 54, 6, 115, 58, 17, 126, 135, 196, 144, 74, 11, 22, 186, 190, negative
107, 53, 108, 213, 64, 12, 206, 32, 23, 163, 216, 627, 202, 65, 21, 22, 194, 205, negative
91, 45, 75, 154, 57, 6, 150, 44, 19, 146, 170, 335, 180, 66, 16, 2, 193, 198, negative
105, 51, 105, 197, 60, 11, 191, 35, 22, 162, 207, 545, 194, 64, 18, 4, 196, 205, negative
95, 49, 82, 139, 56, 11, 159, 43, 20, 162, 173, 365, 185, 75, 7, 10, 182, 191, negative
98, 55, 104, 213, 67, 9, 206, 32, 23, 167, 223, 629, 220, 72, 5, 19, 187, 196, negative
108, 52, 109, 182, 55, 12, 216, 31, 24, 171, 229, 687, 214, 72, 10, 28, 189, 201, negative
86, 39, 62, 129, 59, 6, 116, 57, 17, 135, 137, 203, 145, 64, 7, 9, 199, 204, negative
86, 40, 63, 135, 56, 5, 133, 50, 18, 135, 152, 262, 166, 70, 9, 2, 187, 191, negative
108, 56, 103, 234, 73, 10, 221, 30, 25, 174, 232, 718, 214, 73, 8, 3, 187, 197, negative
82, 36, 51, 114, 53, 4, 135, 50, 18, 126, 150, 268, 144, 86, 15, 4, 181, 182, negative
86, 48, 75, 136, 58, 10, 161, 43, 20, 163, 170, 371, 185, 75, 3, 1, 183, 192, negative
83, 37, 54, 118, 55, 4, 129, 52, 18, 127, 146, 245, 140, 81, 4, 13, 180, 184, negative
103, 56, 100, 185, 59, 11, 216, 31, 24, 173, 219, 684, 219, 75, 15, 11, 186, 194, negative
97, 48, 105, 212, 64, 11, 201, 33, 23, 155, 212, 602, 162, 64, 2, 7, 193, 202, negative
104, 50, 96, 211, 65, 10, 187, 35, 22, 156, 207, 527, 195, 65, 3, 7, 195, 206, negative
103, 46, 106, 209, 66, 10, 203, 33, 23, 149, 217, 612, 210, 70, 9, 10, 191, 199, negative
91, 39, 72, 133, 55, 7, 146, 46, 19, 132, 170, 314, 149, 77, 9, 18, 184, 189, negative
87, 42, 64, 150, 64, 10, 133, 50, 18, 141, 157, 265, 159, 67, 7, 0, 193, 201, negative
96, 45, 80, 162, 63, 9, 146, 46, 19, 148, 161, 316, 161, 64, 5, 10, 199, 207, negative
104, 53, 108, 204, 64, 11, 220, 31, 25, 172, 226, 707, 203, 71, 14, 30, 189, 203, negative
83, 40, 59, 116, 53, 7, 132, 52, 18, 137, 145, 250, 157, 84, 12, 6, 177, 183, negative
108, 51, 100, 206, 63, 10, 196, 34, 23, 159, 214, 576, 201, 65, 7, 16, 194, 205, negative
93, 43, 78, 162, 64, 8, 137, 48, 18, 145, 156, 281, 159, 63, 17, 12, 203, 210, negative
101, 51, 105, 212, 68, 10, 209, 32, 24, 162, 222, 653, 224, 73, 5, 23, 186, 195, negative
90, 36, 85, 184, 64, 6, 160, 41, 20, 125, 187, 385, 139, 66, 9, 31, 195, 203, negative
104, 55, 105, 223, 70, 10, 223, 30, 25, 177, 237, 737, 218, 75, 14, 11, 188, 196, negative
103, 41, 83, 194, 63, 9, 175, 38, 21, 142, 199, 455, 138, 65, 7, 30, 197, 206, negative
95, 46, 105, 219, 68, 9, 201, 33, 23, 148, 223, 602, 201, 69, 5, 38, 191, 202, negative
89, 38, 74, 138, 59, 7, 136, 49, 18, 133, 167, 278, 128, 72, 7, 7, 189, 193, negative
106, 55, 98, 224, 68, 11, 215, 31, 24, 170, 222, 679, 214, 68, 2, 29, 189, 201, negative
85, 45, 73, 167, 69, 8, 143, 46, 18, 148, 173, 307, 176, 71, 2, 0, 190, 199, negative
94, 43, 69, 161, 59, 7, 152, 43, 19, 143, 175, 349, 187, 67, 12, 11, 193, 198, negative
88, 42, 64, 151, 62, 8, 130, 51, 18, 142, 150, 253, 161, 63, 3, 2, 203, 210, negative
95, 47, 81, 176, 59, 7, 168, 39, 20, 152, 196, 425, 185, 67, 4, 4, 191, 198, negative
91, 39, 83, 176, 59, 7, 169, 39, 20, 132, 190, 426, 142, 67, 0, 24, 192, 199, negative
109, 53, 109, 221, 69, 12, 221, 31, 25, 169, 226, 712, 212, 72, 13, 28, 188, 201, negative
97, 45, 76, 175, 60, 9, 157, 42, 20, 149, 180, 370, 169, 63, 16, 12, 198, 206, negative
99, 55, 101, 206, 62, 13, 222, 30, 25, 180, 225, 722, 213, 71, 2, 3, 186, 196, negative
104, 55, 107, 222, 68, 11, 218, 31, 24, 173, 232, 703, 229, 71, 3, 10, 188, 199, negative
78, 38, 63, 115, 51, 6, 142, 47, 19, 130, 162, 299, 146, 77, 2, 4, 181, 185, negative
92, 37, 80, 180, 67, 8, 154, 43, 19, 129, 180, 353, 144, 69, 6, 9, 190, 195, negative
89, 36, 51, 109, 52, 6, 118, 57, 17, 129, 137, 206, 125, 80, 2, 14, 181, 185, negative
93, 42, 98, 192, 63, 9, 185, 36, 22, 138, 206, 508, 173, 70, 10, 21, 189, 197, negative
104, 53, 101, 190, 63, 10, 213, 32, 24, 166, 218, 664, 202, 74, 13, 21, 188, 198, negative
89, 47, 83, 169, 61, 8, 164, 40, 20, 150, 189, 402, 190, 72, 7, 10, 187, 193, negative
98, 48, 101, 203, 65, 9, 197, 33, 23, 152, 216, 584, 174, 68, 2, 5, 189, 197, negative
91, 42, 80, 162, 66, 8, 148, 44, 19, 145, 171, 331, 147, 70, 3, 5, 189, 199, negative
109, 51, 100, 197, 59, 10, 192, 34, 22, 161, 210, 553, 195, 64, 14, 3, 196, 202, negative
92, 46, 79, 176, 64, 8, 162, 41, 20, 149, 183, 396, 178, 67, 2, 10, 191, 198, negative
90, 36, 78, 179, 64, 8, 157, 42, 19, 126, 182, 367, 142, 66, 1, 20, 192, 198, negative
107, 51, 103, 182, 56, 11, 213, 31, 24, 162, 226, 673, 217, 72, 2, 4, 188, 198, negative
109, 49, 103, 186, 57, 11, 206, 32, 23, 156, 212, 630, 186, 65, 12, 21, 192, 201, negative
85, 35, 47, 110, 55, 3, 117, 57, 17, 122, 136, 203, 139, 89, 5, 9, 180, 184, negative
101, 51, 98, 194, 60, 10, 195, 34, 22, 161, 219, 572, 219, 67, 0, 10, 192, 201, negative
97, 44, 96, 195, 63, 9, 185, 36, 22, 144, 202, 512, 165, 66, 4, 8, 191, 199, negative
77, 38, 63, 135, 59, 5, 130, 52, 18, 130, 145, 247, 139, 79, 13, 21, 183, 187, negative
104, 51, 105, 168, 54, 10, 208, 32, 24, 162, 220, 641, 221, 72, 9, 20, 187, 197, negative
89, 36, 77, 172, 62, 8, 157, 42, 19, 125, 174, 367, 126, 63, 5, 22, 198, 205, negative
96, 46, 88, 174, 68, 10, 155, 43, 19, 148, 173, 354, 182, 69, 14, 15, 194, 202, negative
89, 45, 85, 149, 59, 11, 158, 43, 20, 158, 177, 362, 173, 75, 12, 16, 183, 193, negative
100, 47, 88, 190, 60, 10, 171, 38, 21, 155, 186, 440, 169, 59, 15, 18, 201, 210, negative
101, 56, 100, 168, 55, 11, 214, 31, 24, 175, 219, 681, 224, 74, 2, 3, 185, 192, negative
91, 45, 79, 176, 59, 9, 163, 40, 20, 148, 184, 404, 179, 62, 0, 10, 199, 208, negative
94, 38, 84, 158, 55, 9, 169, 39, 20, 130, 196, 430, 155, 69, 9, 15, 190, 195, negative
89, 45, 81, 246, 102, 43, 155, 44, 20, 160, 200, 347, 177, 90, 9, 17, 183, 192, negative
109, 54, 109, 225, 68, 11, 214, 31, 24, 169, 226, 675, 212, 68, 11, 32, 189, 202, negative
86, 34, 62, 140, 61, 7, 122, 54, 17, 127, 141, 223, 112, 64, 2, 14, 200, 208, negative
97, 41, 92, 197, 63, 10, 179, 37, 21, 140, 197, 481, 136, 63, 4, 3, 197, 204, negative
93, 43, 85, 133, 54, 10, 155, 44, 19, 153, 174, 351, 165, 75, 12, 13, 184, 196, negative
92, 40, 82, 163, 63, 9, 146, 45, 19, 140, 165, 319, 137, 64, 9, 0, 199, 206, negative
113, 53, 93, 197, 62, 11, 216, 31, 24, 165, 221, 688, 196, 72, 6, 25, 188, 199, negative
106, 49, 96, 201, 61, 10, 181, 36, 21, 158, 197, 494, 180, 62, 19, 15, 202, 209, negative
89, 47, 80, 131, 54, 11, 160, 43, 20, 163, 175, 369, 174, 77, 1, 7, 182, 193, negative
86, 40, 62, 140, 62, 7, 150, 45, 19, 133, 165, 330, 173, 82, 2, 3, 180, 185, negative
90, 47, 73, 136, 58, 11, 161, 42, 20, 153, 172, 376, 185, 77, 11, 8, 183, 191, negative
86, 40, 75, 146, 62, 6, 140, 48, 18, 135, 158, 290, 162, 72, 3, 21, 183, 190, negative
116, 53, 110, 231, 67, 12, 217, 31, 24, 165, 231, 692, 222, 67, 16, 28, 192, 206, negative
93, 41, 82, 159, 63, 9, 144, 46, 19, 143, 160, 309, 127, 63, 6, 10, 199, 207, negative
90, 40, 83, 178, 61, 8, 178, 37, 21, 132, 199, 472, 157, 71, 1, 14, 187, 193, negative
