97 43 73 173 65 6 153 42 19 143 176 361 172 66 13 1 200 204 0
87 39 70 148 61 7 143 46 18 136 164 307 141 69 1 2 192 199 0
93 49 79 180 65 7 173 37 21 158 189 463 194 70 5 10 197 202 0
89 42 70 148 62 7 147 45 19 143 176 323 153 76 2 6 186 189 0
106 54 103 161 47 4 247 27 27 166 266 892 242 85 4 11 181 183 0
82 44 72 150 64 7 154 44 19 144 181 350 177 80 0 16 183 187 0
81 44 72 139 60 6 153 44 19 146 180 347 178 81 1 15 182 186 0
94 43 68 170 67 6 142 46 18 142 164 310 177 65 10 8 198 203 0
94 37 73 186 71 7 154 42 19 127 171 362 132 67 2 8 197 206 0
86 45 73 152 63 6 149 44 19 145 170 335 176 71 6 1 189 196 0
82 41 70 155 64 7 148 45 19 138 172 328 152 72 5 17 187 195 0
113 57 109 194 56 6 260 26 28 175 288 982 261 85 11 21 182 183 0
91 45 76 171 69 7 150 44 19 144 170 340 179 69 12 1 195 201 0
85 42 70 130 56 7 150 45 19 145 177 328 172 82 10 14 181 185 0
81 43 68 139 62 7 149 46 19 145 172 323 171 83 1 14 180 184 0
94 45 72 179 69 6 156 41 19 144 181 373 191 69 5 5 193 198 0
96 43 82 161 55 5 186 34 22 141 215 534 162 75 0 6 195 196 0
84 43 76 180 75 7 155 43 19 143 180 359 173 77 5 12 185 190 0
106 57 107 235 67 6 262 26 28 171 285 987 260 86 9 31 180 184 0
96 46 74 202 74 5 163 39 20 149 185 408 191 70 7 8 196 200 0
85 43 66 120 54 5 148 46 19 145 168 320 174 87 8 2 179 181 0
95 48 83 178 72 10 162 42 20 159 176 379 184 70 6 16 187 197 1
84 37 53 121 59 5 123 55 17 125 141 221 133 82 7 1 179 183 1
98 55 101 228 70 9 210 31 24 168 236 661 245 72 1 6 188 197 1
89 47 84 133 55 11 157 44 20 160 169 354 176 74 5 9 182 192 1
86 44 78 164 68 9 142 46 18 147 168 305 171 70 1 11 190 201 1
94 36 68 127 54 7 127 52 18 132 155 242 116 66 1 2 195 196 1
86 37 60 115 54 5 119 56 17 132 141 209 129 72 2 8 186 190 1
88 35 50 121 58 5 114 59 17 122 132 192 138 74 21 4 182 187 1
86 36 77 165 60 7 150 45 19 128 174 331 131 66 0 32 196 203 1
88 37 63 130 58 5 125 54 18 130 141 230 145 74 14 20 184 188 1
95 45 80 186 62 7 164 40 20 145 188 406 178 65 11 18 199 204 1
93 36 64 165 69 8 136 49 18 136 161 279 127 67 2 29 193 204 1
98 39 81 191 64 9 166 40 20 138 184 415 131 62 8 19 197 205 1
94 45 81 166 67 9 145 46 19 147 164 313 179 66 11 14 194 202 1
92 37 86 167 60 7 158 42 20 131 181 373 144 68 9 21 190 196 1
103 55 100 194 62 11 212 31 24 175 217 666 219 73 10 14 187 194 1
86 37 69 150 63 8 138 48 18 134 163 284 124 71 1 6 189 195 1
85 39 57 126 56 6 114 58 17 135 134 195 145 64 17 7 197 202 1
91 36 77 157 56 7 155 42 19 126 177 361 123 65 8 15 195 201 1
100 46 81 187 61 9 166 40 20 154 189 415 175 63 13 9 198 207 1
109 48 107 215 62 10 205 32 23 158 222 624 168 65 9 32 195 206 1
91 41 66 131 56 9 126 53 18 144 159 237 155 72 3 10 191 194 1
108 52 109 182 55 12 216 31 24 171 229 687 214 72 10 28 189 201 1
93 44 90 166 65 10 153 44 19 156 170 348 143 66 9 17 194 203 1
88 36 78 160 62 6 140 48 18 123 161 287 129 66 4 35 194 202 1
85 37 68 145 60 6 130 51 18 130 150 253 121 65 3 14 195 203 1
91 36 60 126 56 6 119 56 17 130 139 211 118 67 6 14 192 198 1
103 57 105 221 69 11 218 30 24 173 226 706 250 73 10 2 187 195 1
105 51 108 201 62 11 220 30 25 163 232 711 202 72 12 16 189 200 1
104 55 109 230 67 12 218 30 24 174 230 706 226 67 8 22 191 202 1
107 56 105 202 61 11 221 30 25 179 234 725 212 72 15 1 189 196 1
97 55 104 219 71 9 211 32 24 171 222 658 223 74 1 24 186 196 1
104 54 91 209 67 11 218 31 24 170 223 697 196 74 4 21 187 196 1
106 55 98 224 68 11 215 31 24 170 222 679 214 68 2 29 189 201 1
93 35 78 162 60 8 150 45 19 125 172 331 137 67 2 33 191 198 1
101 55 105 182 59 10 215 31 24 177 221 678 223 74 12 26 186 195 1
93 40 73 139 58 6 136 49 18 138 166 275 137 73 0 0 187 188 1
98 44 88 176 67 10 158 43 20 149 173 367 154 66 14 9 194 202 1
107 51 103 182 56 11 213 31 24 162 226 673 217 72 2 4 188 198 1
87 49 86 190 64 9 177 37 21 153 197 471 209 67 11 7 192 199 1
94 43 69 161 59 7 152 43 19 143 175 349 187 67 12 11 193 198 1
104 55 105 223 70 10 223 30 25 177 237 737 218 75 14 11 188 196 1
89 50 83 195 65 6 178 37 21 156 207 481 210 71 1 6 189 194 1
103 56 105 183 59 10 210 32 24 173 217 648 218 72 13 22 188 196 1
98 39 68 136 56 8 131 52 18 144 159 251 134 72 4 10 186 187 1
108 56 103 234 73 10 221 30 25 174 232 718 214 73 8 3 187 197 1
108 55 105 230 68 11 218 30 24 171 228 709 210 69 14 4 190 197 1
90 47 85 161 64 10 163 42 20 160 177 389 185 73 9 0 185 195 1
95 51 96 196 63 9 190 35 22 161 208 543 235 68 13 0 191 198 1
103 41 83 194 63 9 175 38 21 142 199 455 138 65 7 30 197 206 1
94 40 85 186 62 9 169 39 20 139 184 430 133 61 2 9 200 210 1
110 54 102 201 64 11 213 31 24 171 222 669 221 73 17 16 188 198 1
94 49 82 137 56 10 159 43 20 160 176 367 186 76 10 7 183 192 1
105 45 100 195 61 10 198 33 23 149 214 586 186 67 8 5 192 200 1
91 37 76 138 55 8 132 51 18 135 157 256 124 69 0 12 191 192 1
101 55 107 200 61 11 225 30 25 178 228 730 204 74 8 35 187 201 1
88 40 55 114 53 7 132 53 18 139 142 249 158 87 0 7 176 183 1
96 44 85 166 66 10 155 43 19 150 167 355 159 67 3 10 192 202 1
98 38 78 191 65 8 169 39 20 136 197 430 141 67 9 20 192 199 1
90 39 85 160 59 7 163 41 20 131 189 396 158 71 7 13 186 192 1
85 38 63 130 55 7 122 55 17 130 137 219 144 64 20 8 195 201 1
87 45 66 139 58 8 140 47 18 148 168 294 175 73 3 12 188 196 1
93 34 66 140 56 7 130 51 18 120 151 251 114 62 5 29 201 207 1
