80 45 71 128 56 7 151 45 19 147 171 337 176 79 3 16 181 187 0
83 42 71 152 64 7 149 45 19 142 172 331 158 74 2 2 184 190 0
81 44 68 120 53 6 151 45 19 147 170 333 178 86 4 5 179 183 0
98 46 88 191 63 6 192 34 22 147 215 563 174 73 2 26 194 197 0
87 46 71 159 66 6 151 44 19 146 175 343 189 73 2 0 186 190 0
81 45 68 169 73 6 151 44 19 146 173 336 186 75 7 0 183 189 0
85 43 64 128 56 8 150 46 19 144 168 324 173 82 9 14 180 184 0
86 47 75 165 68 6 154 43 19 146 176 356 190 74 7 3 188 194 0
86 43 70 126 56 6 148 46 19 145 166 317 171 86 6 9 179 182 0
114 57 102 181 52 6 257 26 28 169 287 968 261 85 2 21 182 184 0
99 51 88 188 62 5 203 32 23 158 222 625 219 77 8 26 191 190 0
97 45 72 187 71 5 161 40 20 144 178 399 186 70 7 7 196 203 0
83 44 68 144 61 8 147 45 19 143 170 325 180 74 1 1 185 191 0
89 44 72 160 66 7 144 46 19 147 166 312 169 69 11 1 191 198 0
102 53 101 238 72 4 238 28 26 163 267 844 242 85 7 22 184 184 0
85 43 66 130 57 6 151 45 19 143 173 333 168 86 4 9 180 183 0
82 44 63 123 54 7 151 45 19 147 166 329 185 81 3 4 179 182 0
96 44 68 190 70 7 155 41 19 145 179 372 166 67 5 7 202 206 0
96 49 98 187 59 6 213 31 24 152 228 680 210 77 8 28 188 189 0
99 48 79 199 68 6 185 35 22 153 202 524 171 74 5 8 195 195 0
99 47 91 226 74 5 202 32 23 148 234 629 186 79 4 11 192 191 0
100 41 75 205 71 5 176 36 21 138 204 479 151 72 7 19 197 197 0
98 38 72 192 69 5 166 38 20 131 189 427 138 70 1 3 200 202 0
93 49 79 180 65 7 173 37 21 158 189 463 194 70 5 10 197 202 0
85 42 70 130 56 7 150 45 19 145 177 328 172 82 10 14 181 185 0
92 37 75 184 70 6 154 42 19 131 184 363 127 71 0 4 198 202 0
106 54 105 164 48 5 247 27 27 165 269 891 243 84 12 1 181 182 0
88 39 70 166 66 7 148 44 19 134 167 332 143 69 5 13 193 201 0
88 40 73 173 68 7 150 44 19 137 174 341 151 69 2 20 196 200 0
81 42 63 125 55 8 149 46 19 145 166 320 172 86 7 7 179 182 0
87 42 60 116 51 6 150 46 19 141 169 324 171 85 2 14 178 182 0
88 46 74 171 68 6 152 43 19 148 180 349 192 71 5 11 189 195 0
96 46 74 202 74 5 163 39 20 149 185 408 191 70 7 8 196 200 0
110 56 103 223 64 5 250 26 27 169 280 928 239 85 4 6 184 183 0
100 47 70 185 70 7 162 40 20 153 179 406 172 68 9 6 200 205 0
82 45 68 150 69 5 148 45 19 144 169 322 184 80 5 0 181 184 0
109 52 95 189 58 4 227 29 25 158 262 776 217 82 0 19 187 186 0
89 40 72 155 63 7 146 45 19 135 175 321 145 72 4 10 192 196 0
101 42 62 175 67 6 149 43 19 139 169 341 165 65 7 11 202 209 0
91 40 76 171 67 7 149 44 19 135 169 332 144 68 4 17 192 200 0
85 42 66 120 53 7 149 45 19 145 173 325 163 85 5 4 180 182 0
94 43 64 173 69 7 150 43 19 142 169 344 177 68 9 1 199 206 0
83 46 73 137 59 6 148 45 19 146 167 327 183 75 8 0 185 191 0
91 39 77 153 59 8 139 48 18 139 159 289 123 62 8 17 201 209 1
85 45 82 133 56 11 159 43 20 156 170 362 173 76 10 21 183 193 1
84 39 90 180 60 7 177 37 21 131 209 469 145 71 4 38 190 198 1
82 39 86 140 54 7 153 45 19 134 174 338 139 71 11 18 183 189 1
88 48 90 178 60 8 175 38 21 152 200 460 198 68 13 16 192 199 1
85 37 68 145 60 6 130 51 18 130 150 253 121 65 3 14 195 203 1
94 36 66 151 61 8 133 50 18 135 154 265 119 62 9 3 201 208 1
107 52 103 186 57 11 214 31 24 162 217 676 189 66 6 5 189 198 1
108 49 109 204 61 11 212 31 24 159 229 665 215 71 16 11 190 199 1
85 38 75 132 54 7 147 46 19 131 171 318 145 75 7 25 183 188 1
106 54 101 222 67 12 222 30 25 173 228 721 200 70 3 4 187 201 1
84 44 77 150 59 5 152 44 19 143 175 344 177 77 8 2 183 187 1
80 37 57 116 55 6 125 54 18 125 142 229 132 81 8 5 178 184 1
92 45 76 162 57 7 159 41 20 147 184 381 177 69 8 10 190 195 1
101 48 107 222 68 10 208 32 24 154 232 641 204 70 5 38 190 202 1
105 51 108 201 62 11 220 30 25 163 232 711 202 72 12 16 189 200 1
89 44 76 125 54 10 156 44 20 151 163 352 176 76 12 12 184 193 1
107 53 103 221 66 11 209 32 24 163 222 653 212 66 0 1 191 201 1
91 36 72 162 60 8 150 44 19 133 166 334 121 63 2 22 196 205 1
104 57 103 216 69 11 219 30 25 176 228 708 219 73 4 3 186 196 1
104 52 100 191 59 9 197 33 23 158 218 583 234 70 10 10 191 198 1
84 40 71 131 55 7 150 45 19 134 167 330 165 80 12 1 180 186 1
91 38 70 160 66 25 140 47 18 139 162 296 130 67 4 11 192 202 1
87 38 71 123 53 8 137 49 18 127 158 277 145 75 0 9 181 186 1
85 40 72 139 59 5 132 50 18 135 159 260 150 68 3 9 191 195 1
90 36 57 130 57 6 121 56 17 127 137 216 132 68 22 23 190 195 1
91 41 64 148 61 8 129 51 18 142 161 249 153 68 6 12 194 201 1
100 49 96 206 63 9 186 35 22 156 202 519 176 62 3 5 197 205 1
86 38 58 119 56 4 118 57 17 129 140 208 152 78 9 2 184 186 1
86 36 66 128 57 8 131 52 18 127 148 252 139 76 5 27 183 187 1
86 43 68 150 64 9 138 48 18 143 161 285 174 69 6 0 192 201 1
94 46 91 175 70 12 157 43 20 155 172 358 192 69 15 21 190 200 1
93 40 73 139 58 6 136 49 18 138 166 275 137 73 0 0 187 188 1
96 41 69 153 56 7 141 47 18 141 162 297 169 61 11 8 202 209 1
94 48 83 162 64 10 156 43 19 153 177 357 187 74 4 14 185 196 1
92 35 58 136 58 6 122 55 17 132 142 222 116 64 6 17 197 203 1
94 50 84 138 57 10 156 44 20 170 171 351 187 77 5 6 182 191 1
104 53 108 206 61 11 217 31 24 168 226 694 209 67 0 9 188 201 1
88 38 77 156 56 7 163 41 20 129 184 395 140 67 1 9 192 198 1
88 34 58 140 59 6 127 52 18 130 148 243 113 63 4 10 199 206 1
111 53 108 211 61 11 207 32 23 167 217 636 216 64 21 2 196 205 1
100 57 107 207 63 11 227 30 25 180 234 756 205 72 6 19 186 198 1
97 59 108 227 70 11 224 30 25 186 225 732 218 70 10 25 186 198 1
85 38 63 130 55 7 122 55 17 130 137 219 144 64 20 8 195 201 1
82 37 66 126 54 7 132 52 18 127 148 252 142 72 17 7 183 187 1
92 36 78 165 57 8 153 43 19 128 169 349 124 60 4 19 203 211 1
88 35 50 121 58 5 114 59 17 122 132 192 138 74 21 4 182 187 1
95 48 104 214 67 9 205 32 23 151 227 628 202 74 5 9 186 193 1
89 44 82 136 54 6 149 45 19 144 170 332 168 68 10 14 188 193 1
95 43 96 202 65 10 189 35 22 143 217 534 166 71 6 27 190 197 1
90 48 78 134 56 11 160 43 20 167 169 366 185 76 1 14 182 192 1
102 54 106 221 68 11 207 32 24 164 228 638 238 71 0 26 189 200 1
109 52 104 199 60 12 215 31 24 162 220 691 212 67 11 7 189 199 1
85 35 64 129 57 6 116 57 17 125 138 200 123 65 1 23 196 203 1
96 39 64 111 48 8 134 52 18 141 160 258 139 80 7 20 183 184 1
104 56 96 231 74 11 220 30 25 172 223 713 218 73 6 16 186 195 1
83 37 54 131 61 4 135 50 18 127 152 271 141 85 3 6 180 183 1
95 47 88 162 64 11 159 43 20 157 176 371 185 71 12 13 189 198 1
82 36 54 117 53 7 125 54 18 126 146 229 128 78 1 5 180 184 1
96 54 104 175 58 10 215 31 24 175 221 682 222 75 13 23 186 194 1
96 47 103 215 69 10 200 33 23 147 220 598 200 73 6 6 187 194 1
96 50 94 215 67 9 187 35 22 158 214 525 214 67 8 6 193 201 1
102 52 101 213 64 10 203 33 23 157 214 616 186 65 0 19 193 203 1
89 42 80 151 62 6 144 46 19 139 166 308 170 74 17 13 185 189 1
87 42 64 150 64 10 133 50 18 142 157 264 159 67 7 1 193 201 1
91 39 82 164 68 10 143 46 19 137 164 308 158 68 13 9 191 201 1
108 53 104 181 56 11 220 31 25 167 226 712 214 72 15 18 189 199 1
89 42 66 125 53 7 131 51 18 144 162 254 162 73 10 17 188 191 1
115 51 100 201 60 12 196 34 23 162 207 573 184 62 22 1 198 208 1
88 39 76 155 62 8 137 48 18 137 156 281 124 63 3 6 201 209 1
98 55 101 228 70 9 210 31 24 168 236 661 245 72 1 6 188 197 1
93 45 73 164 59 7 159 42 20 146 182 379 188 65 11 15 195 201 1
100 52 109 225 68 10 222 30 25 165 241 731 207 73 7 28 188 199 1
96 48 83 177 59 8 171 39 21 152 195 438 196 67 15 0 195 201 1
103 48 101 204 62 12 200 33 23 158 215 595 164 66 8 22 192 202 1
88 34 69 152 57 5 138 48 18 122 158 284 120 62 9 29 204 210 1
97 50 108 211 65 10 214 31 24 156 232 683 218 72 7 29 188 197 1
83 45 73 161 68 8 142 46 18 144 169 305 179 71 10 3 191 199 1
93 43 78 166 59 7 151 44 19 141 182 342 174 68 15 2 193 197 1
86 36 78 146 58 7 135 50 18 124 155 270 148 66 0 25 190 195 1
86 38 89 176 59 9 169 39 20 132 190 428 148 67 7 33 193 202 1
93 39 86 180 59 9 167 39 20 134 186 418 129 63 6 17 197 204 1
107 53 108 211 63 11 219 31 25 168 228 704 198 69 10 21 190 203 1
95 46 92 159 63 11 160 42 20 157 176 372 171 70 7 21 189 200 1
104 58 103 230 69 11 219 30 25 176 231 716 246 71 7 4 187 196 1
103 57 105 221 69 11 218 30 24 173 226 706 250 73 10 2 187 195 1
88 44 71 145 56 8 142 48 19 143 159 296 174 68 7 18 188 197 1
87 45 77 153 59 7 154 44 19 145 181 350 172 75 15 14 184 189 1
88 36 53 113 57 3 118 57 17 128 137 204 136 88 7 14 180 183 1
97 42 101 186 59 9 186 36 22 138 208 511 168 67 7 41 194 206 1
98 54 104 186 59 10 213 32 24 172 223 665 217 73 1 26 186 195 1
95 45 80 186 62 7 164 40 20 145 188 406 178 65 11 18 199 204 1
101 46 105 195 61 10 198 34 23 150 213 578 195 66 7 38 192 205 1
91 43 88 157 61 9 149 45 19 157 165 326 140 64 1 26 197 207 1
103 50 98 212 63 9 193 34 22 161 214 567 185 64 5 5 198 204 1
97 37 78 181 62 8 161 41 20 131 182 389 117 62 2 28 203 211 1
95 48 83 178 72 10 162 42 20 159 176 379 184 70 6 16 187 197 1
103 53 106 172 55 10 212 32 24 168 220 660 223 73 16 24 187 197 1
100 51 104 163 52 10 206 32 23 164 217 631 193 69 5 21 188 196 1
73 37 53 111 54 6 126 55 18 128 135 227 147 82 1 15 176 184 1
92 52 93 204 67 9 189 35 22 161 214 536 240 72 2 5 188 195 1
102 43 96 197 63 10 185 36 22 142 202 513 139 65 8 12 195 204 1
93 42 70 131 56 7 127 53 18 145 156 240 152 74 5 4 189 190 1
93 51 90 209 69 8 183 36 22 156 211 506 230 70 6 1 189 196 1
92 38 71 174 66 7 154 43 19 133 181 355 130 70 4 24 189 195 1
87 47 81 149 62 9 147 45 19 152 171 325 181 72 0 6 188 198 1
94 45 85 160 63 10 158 43 20 157 174 367 162 68 1 6 189 199 1
86 38 86 175 60 9 170 39 21 134 191 433 138 68 1 28 191 199 1
101 55 105 182 59 10 215 31 24 177 221 678 223 74 12 26 186 195 1
90 39 85 160 59 7 163 41 20 131 189 396 158 71 7 13 186 192 1
90 39 89 181 62 8 175 38 21 132 200 458 154 70 11 15 189 195 1
90 43 81 231 97 46 150 45 19 149 200 332 164 91 5 9 186 196 1
103 55 103 211 65 11 212 31 24 165 229 673 249 72 5 16 188 196 1
84 38 74 138 57 8 139 49 18 127 160 282 127 72 9 20 183 191 1
89 50 83 195 65 6 178 37 21 156 207 481 210 71 1 6 189 194 1
89 46 78 150 63 11 160 43 20 160 170 367 176 73 5 9 185 194 1
91 35 66 159 59 7 147 45 19 131 169 322 123 64 1 1 197 203 1
105 52 107 207 60 11 218 31 24 167 221 701 197 66 0 20 191 203 1
96 40 100 178 58 8 181 37 21 134 205 486 160 68 5 34 192 202 1
90 48 85 157 64 11 161 43 20 167 175 375 186 74 3 16 185 195 1
89 38 78 153 61 7 146 46 19 127 166 314 142 69 0 9 187 194 1
77 38 75 144 59 6 147 46 19 132 167 315 136 80 16 20 181 187 1
90 41 78 145 55 7 138 48 18 138 161 284 158 67 0 1 192 197 1
104 52 110 172 53 10 219 30 25 166 235 711 218 74 10 28 188 198 1
89 40 89 174 58 8 177 37 21 133 202 471 155 70 7 18 189 196 1
