84 47 75 153 64 6 154 43 19 145 175 354 184 75 0 3 185 192 0
81 43 68 125 57 8 149 46 19 146 169 323 172 83 6 18 179 184 0
84 45 66 154 65 6 145 46 19 144 168 312 177 73 2 3 184 188 0
93 37 73 174 68 7 151 43 19 131 175 347 135 68 1 22 196 205 0
81 46 71 130 56 7 153 44 19 149 172 342 191 81 3 14 180 186 0
96 37 74 199 74 5 165 39 20 128 188 419 136 72 1 3 196 200 0
85 45 65 128 56 8 151 45 19 145 170 332 186 81 1 10 179 184 0
109 55 102 169 51 6 241 27 26 165 265 870 247 84 10 11 184 183 0
99 51 88 188 62 5 203 32 23 158 222 625 219 77 8 26 191 190 0
96 47 77 204 72 6 167 38 20 150 188 429 182 69 6 16 199 203 0
106 54 100 227 67 4 250 27 27 162 280 923 262 88 5 11 182 182 0
81 46 71 141 61 7 153 44 19 148 177 347 190 80 1 14 182 187 0
89 44 70 158 64 6 141 47 18 143 164 299 173 66 9 11 193 199 0
105 50 93 173 54 4 222 30 25 159 254 735 206 83 4 12 186 184 0
94 45 89 213 71 5 186 35 22 145 204 533 182 71 4 13 195 198 0
85 43 66 130 57 6 151 45 19 143 173 333 168 86 4 9 180 183 0
92 45 74 187 74 7 157 41 19 143 179 375 183 70 8 6 195 201 0
83 44 70 166 69 5 143 46 18 143 166 306 170 69 7 6 188 193 0
85 42 66 120 53 7 149 46 19 143 169 321 160 85 10 7 180 182 0
96 44 68 190 70 7 155 41 19 145 179 372 166 67 5 7 202 206 0
88 39 70 166 66 7 148 44 19 134 167 332 143 69 5 13 193 201 0
98 38 72 192 69 5 166 38 20 131 189 427 138 70 1 3 200 202 0
104 50 106 209 66 10 207 32 23 158 223 635 220 73 14 9 188 196 1
96 55 103 201 65 9 204 32 23 166 227 624 246 74 6 2 186 194 1
93 46 82 145 58 11 159 43 20 160 180 371 189 77 2 4 183 194 1
78 38 63 115 51 6 142 47 19 130 162 299 146 77 2 4 181 185 1
92 38 71 174 66 7 154 43 19 133 181 355 130 70 4 24 189 195 1
98 55 101 219 69 11 225 30 25 178 231 748 216 74 6 14 187 195 1
104 55 107 222 68 11 218 31 24 173 232 703 229 71 3 10 188 199 1
97 50 108 211 65 10 214 31 24 156 232 683 218 72 7 29 188 197 1
95 42 85 174 66 9 153 44 19 144 168 347 150 65 11 5 196 204 1
77 38 75 144 59 6 147 46 19 132 167 315 136 80 16 20 181 187 1
90 48 78 142 59 11 160 43 20 160 173 370 185 76 10 11 183 192 1
85 45 71 150 63 8 143 46 19 147 171 307 179 72 2 3 187 196 1
90 37 80 171 58 9 157 42 20 132 172 373 115 60 3 18 201 209 1
84 39 90 180 60 7 177 37 21 131 209 469 145 71 4 38 190 198 1
89 44 70 137 58 6 136 49 18 146 168 273 166 78 10 3 186 187 1
103 46 106 209 66 10 203 33 23 149 217 612 210 70 9 10 191 199 1
97 48 94 198 63 9 181 36 21 155 200 494 189 64 20 11 199 203 1
92 46 79 176 64 8 162 41 20 149 183 396 178 67 2 10 191 198 1
93 42 64 158 68 9 134 49 18 142 163 268 170 71 7 13 192 201 1
93 45 73 164 59 7 159 42 20 146 182 379 188 65 11 15 195 201 1
104 58 103 230 69 11 219 30 25 176 231 716 246 71 7 4 187 196 1
98 58 101 208 65 12 226 30 25 182 225 748 216 71 6 1 185 196 1
93 47 88 200 66 7 173 38 21 151 197 452 205 66 0 3 195 202 1
107 52 103 186 57 11 214 31 24 162 217 676 189 66 6 5 189 198 1
94 38 88 179 60 7 170 39 21 131 188 435 144 66 2 28 195 204 1
93 42 88 188 62 10 183 36 21 141 208 504 168 70 3 12 189 197 1
94 47 85 333 138 49 155 43 19 155 320 354 187 135 12 9 188 196 1
87 42 64 150 64 10 133 50 18 141 157 265 159 67 7 0 193 201 1
80 38 64 130 59 8 134 51 18 126 152 259 135 76 1 23 179 188 1
91 49 86 195 63 8 177 37 21 156 203 473 201 67 7 5 192 198 1
94 37 74 169 59 7 162 41 20 133 178 394 130 63 6 6 198 204 1
106 52 101 213 64 11 201 33 23 158 214 607 204 65 2 4 192 204 1
83 45 73 161 68 8 142 46 18 144 169 305 179 71 10 3 191 199 1
104 55 100 201 66 10 214 31 24 173 224 680 221 74 1 1 185 194 1
102 51 108 193 57 10 212 31 24 162 219 663 184 66 7 21 191 201 1
102 54 98 177 56 10 219 31 25 171 219 706 223 72 5 17 186 196 1
88 38 77 156 56 7 163 41 20 129 184 395 140 67 1 9 192 198 1
97 44 95 202 66 9 188 35 22 144 216 526 175 72 15 11 190 197 1
89 41 63 134 59 6 123 55 17 137 148 223 150 76 12 3 186 188 1
90 39 57 114 48 7 135 51 18 139 155 261 151 85 12 8 183 182 1
102 55 101 213 67 12 222 30 25 177 226 719 213 71 2 21 187 199 1
86 40 66 138 59 4 137 49 18 133 162 279 151 74 6 14 186 190 1
109 53 103 210 63 11 219 30 25 172 229 707 212 71 6 3 188 199 1
83 40 59 116 53 7 132 52 18 137 145 250 157 84 12 6 177 183 1
90 40 83 178 61 8 178 37 21 132 199 472 157 71 1 14 187 193 1
93 39 78 164 66 8 139 48 18 140 157 290 126 64 4 7 201 208 1
92 42 69 153 58 8 140 48 18 138 165 290 151 64 10 21 199 206 1
90 48 81 144 60 9 150 44 19 156 173 333 200 75 2 0 185 195 1
102 52 101 213 64 10 203 33 23 157 214 616 186 65 0 19 193 203 1
97 37 78 181 62 8 161 41 20 131 182 389 117 62 2 28 203 211 1
87 41 66 140 58 6 148 46 19 136 164 318 178 79 19 2 181 185 1
104 53 101 199 65 11 213 31 24 168 216 667 221 72 12 12 187 198 1
94 45 85 163 68 10 157 44 20 156 170 357 176 73 17 11 187 195 1
102 51 104 217 67 10 204 32 23 162 220 621 195 68 3 19 188 197 1
96 46 88 174 68 10 155 43 19 148 173 354 182 69 14 15 194 202 1
95 53 95 202 65 10 193 34 22 160 220 559 237 71 3 2 188 196 1
111 53 108 211 61 11 207 32 23 167 217 636 216 64 21 2 196 205 1
84 38 60 128 56 5 132 50 18 130 148 261 141 75 8 4 185 188 1
90 48 85 157 64 11 161 43 20 167 175 375 186 74 3 16 185 195 1
106 55 96 196 60 12 221 30 25 173 225 717 214 72 9 13 186 196 1
89 42 66 125 53 7 131 51 18 144 162 254 162 73 10 17 188 191 1
86 36 78 146 58 7 135 50 18 124 155 270 148 66 0 25 190 195 1
85 36 66 123 55 5 120 56 17 128 140 212 131 73 1 18 186 190 1
