101 56 104 185 53 6 257 26 28 168 275 956 230 83 5 26 180 184 0
104 52 94 208 66 5 208 31 24 161 227 666 218 76 11 4 193 191 0
99 51 92 203 65 5 209 31 24 159 232 671 214 78 5 11 191 189 0
82 45 66 252 126 52 148 45 19 144 237 326 185 119 1 1 181 185 0
94 44 84 216 74 6 184 35 22 145 208 525 154 73 4 22 196 197 0
100 41 75 205 71 5 176 36 21 138 204 479 151 72 7 19 197 197 0
91 42 81 193 69 5 169 38 20 137 184 434 156 68 3 23 198 204 0
81 44 68 120 53 6 151 45 19 147 170 333 178 86 4 5 179 183 0
85 42 59 132 58 7 149 46 19 144 166 320 172 83 8 4 179 182 0
107 57 106 179 51 8 257 26 28 172 275 954 232 83 2 20 181 184 0
83 46 73 137 59 6 148 45 19 146 167 327 183 75 8 0 185 191 0
85 45 70 130 58 8 151 45 19 146 171 334 187 79 2 5 181 186 0
89 40 72 155 63 7 146 45 19 135 175 321 145 72 4 10 192 196 0
80 43 71 133 60 7 150 45 19 146 170 330 176 81 6 15 180 184 0
87 43 70 169 72 7 152 44 19 145 177 341 171 76 6 12 184 187 0
99 47 91 226 74 5 202 32 23 148 234 629 186 79 4 11 192 191 0
86 43 70 126 56 6 148 46 19 145 166 317 171 86 6 9 179 182 0
100 51 89 199 65 6 201 32 23 159 219 622 205 74 6 7 193 193 0
98 46 77 199 71 7 166 39 20 150 184 422 180 69 13 9 200 203 0
95 43 83 198 69 6 177 36 21 139 189 484 163 68 6 4 196 198 0
87 39 74 165 66 6 145 45 19 134 173 318 139 70 3 21 195 200 0
93 47 84 205 71 7 176 36 21 152 190 476 201 70 7 19 198 201 0
91 41 84 141 57 9 149 45 19 143 170 330 158 72 9 14 189 199 1
90 43 66 157 65 9 137 48 18 146 162 281 164 67 3 3 193 202 1
89 36 51 109 52 6 118 57 17 129 137 206 125 80 2 14 181 185 1
80 38 63 129 55 7 146 46 19 130 168 314 158 83 9 20 180 185 1
95 48 104 214 67 9 205 32 23 151 227 628 202 74 5 9 186 193 1
93 37 76 183 63 8 164 40 20 134 191 405 139 67 4 7 192 197 1
91 43 70 133 55 8 130 51 18 146 159 253 156 70 1 8 190 194 1
97 44 96 195 63 9 185 36 22 144 202 512 165 66 4 8 191 199 1
85 39 68 119 52 5 128 53 18 135 148 241 142 75 8 8 182 187 1
104 52 100 191 59 9 197 33 23 158 218 583 234 70 10 10 191 198 1
90 36 57 130 57 6 121 56 17 127 137 216 132 68 22 23 190 195 1
89 47 83 322 133 48 158 43 20 163 229 364 176 97 0 14 184 194 1
91 42 80 162 66 8 148 44 19 145 171 331 147 70 3 5 189 199 1
106 49 107 194 57 11 214 31 24 161 224 670 172 67 0 39 192 206 1
90 43 72 172 59 8 154 42 19 144 174 360 158 61 15 9 203 209 1
93 42 70 131 56 7 127 53 18 145 156 240 152 74 5 4 189 190 1
84 35 53 122 57 4 116 59 17 123 135 196 128 76 10 27 183 190 1
93 43 76 149 57 7 149 44 19 143 172 335 176 69 14 0 189 194 1
103 55 103 211 65 11 212 31 24 165 229 673 249 72 5 16 188 196 1
85 34 53 127 58 6 116 58 17 121 137 197 127 70 3 20 185 189 1
91 39 88 189 63 9 175 38 21 132 197 457 156 69 0 23 191 198 1
83 37 62 113 53 6 122 55 17 129 143 218 135 79 0 7 181 185 1
89 46 77 125 52 10 156 44 20 160 171 351 177 78 7 17 183 191 1
109 54 103 205 63 11 222 30 25 175 229 720 213 71 6 14 187 200 1
88 44 77 167 59 6 151 44 19 145 175 343 177 64 9 12 202 208 1
95 44 84 158 62 10 145 46 19 148 163 312 166 64 10 6 199 206 1
89 40 69 147 58 6 132 50 18 137 155 260 151 61 16 6 203 209 1
97 46 101 210 66 8 192 35 22 151 208 546 169 66 1 32 191 200 1
87 36 53 117 58 4 118 57 17 125 138 205 138 85 9 15 180 183 1
97 37 76 169 60 8 161 41 20 131 189 391 136 72 0 0 188 192 1
96 39 77 160 62 8 140 47 18 150 161 294 124 62 15 3 201 208 1
106 53 98 203 63 11 220 30 25 167 228 710 214 71 10 24 188 197 1
84 38 83 141 54 7 149 45 19 132 177 327 149 74 6 29 185 191 1
92 38 74 178 62 9 161 41 20 135 181 388 132 63 7 29 197 206 1
106 52 107 211 62 8 200 33 23 161 218 602 200 67 9 17 194 201 1
101 55 101 183 57 13 225 30 25 177 225 741 204 71 5 10 186 198 1
94 46 79 181 62 8 167 40 20 148 190 418 193 67 12 15 191 198 1
76 38 58 125 58 5 133 51 18 127 152 259 145 87 0 21 177 184 1
104 55 105 216 68 11 205 32 23 169 221 623 216 71 9 18 189 196 1
104 54 101 197 64 11 213 31 24 172 218 669 222 74 14 4 187 196 1
84 38 74 138 57 8 139 49 18 127 160 282 127 72 9 20 183 191 1
93 39 63 146 58 7 128 52 18 134 149 246 158 63 9 7 198 204 1
100 51 109 231 70 11 220 30 25 163 238 722 206 73 11 19 189 198 1
85 38 75 132 54 7 147 46 19 131 171 318 145 75 7 25 183 188 1
89 45 85 149 59 11 158 43 20 158 177 362 173 75 12 16 183 193 1
110 53 104 223 66 10 211 32 24 164 223 659 210 67 5 16 190 203 1
90 46 73 137 58 11 161 43 20 158 170 373 186 76 0 9 182 193 1
89 38 82 156 59 8 153 43 19 129 179 351 137 70 1 1 187 192 1
96 48 83 177 59 8 171 39 21 152 195 438 196 67 15 0 195 201 1
104 52 110 172 53 10 219 30 25 166 235 711 218 74 10 28 188 198 1
85 36 72 127 56 7 127 54 18 125 144 233 123 70 3 30 184 194 1
93 46 85 169 66 9 151 44 19 147 169 339 179 67 0 4 195 204 1
93 51 90 209 69 8 183 36 22 156 211 506 230 70 6 1 189 196 1
91 43 72 142 56 7 149 45 19 140 168 327 165 72 13 23 186 191 1
96 45 101 201 66 9 192 34 22 143 218 552 195 73 3 19 189 197 1
107 54 96 201 62 12 218 31 24 170 221 694 217 71 2 21 187 198 1
93 37 70 126 52 9 127 53 18 137 156 238 119 71 2 13 191 190 1
115 52 100 203 62 10 217 31 24 165 229 697 214 72 14 4 188 197 1
104 52 101 206 62 10 198 33 23 161 207 587 204 64 2 5 195 204 1
103 51 105 174 56 11 210 32 24 163 222 650 222 73 8 9 187 196 1
83 39 69 127 54 5 135 49 18 131 155 274 162 69 16 6 187 190 1
104 53 108 204 64 11 220 31 25 172 226 707 203 71 14 30 189 203 1
