@relation  vehicle2
@attribute Compactness integer[73,119]
@attribute Circularity integer[33,59]
@attribute Distance_circularity integer[40,112]
@attribute Radius_ratio integer[104,333]
@attribute Praxis_aspect_ratio integer[47,138]
@attribute Max_length_aspect_ratio integer[2,55]
@attribute Scatter_ratio integer[112,265]
@attribute Elongatedness integer[26,61]
@attribute Praxis_rectangular integer[17,29]
@attribute Length_rectangular integer[118,188]
@attribute Major_variance integer[130,320]
@attribute Minor_variance integer[184,1018]
@attribute Gyration_radius integer[109,268]
@attribute Major_skewness integer[59,135]
@attribute Minor_skewness integer[0,22]
@attribute Minor_kurtosis integer[0,41]
@attribute Major_kurtosis integer[176,206]
@attribute Hollows_ratio integer[181,211]
@attribute Class{positive,negative}
@inputs Compactness,Circularity,Distance_circularity,Radius_ratio,Praxis_aspect_ratio,Max_length_aspect_ratio,Scatter_ratio,Elongatedness,Praxis_rectangular,Length_rectangular,Major_variance,Minor_variance,Gyration_radius,Major_skewness,Minor_skewness,Minor_kurtosis,Major_kurtosis,Hollows_ratio
@outputs Class
@data
80, 45, 71, 128, 56, 7, 151, 45, 19, 147, 171, 337, 176, 79, 3, 16, 181, 187, positive
83, 42, 71, 152, 64, 7, 149, 45, 19, 142, 172, 331, 158, 74, 2, 2, 184, 190, positive
81, 44, 68, 120, 53, 6, 151, 45, 19, 147, 170, 333, 178, 86, 4, 5, 179, 183, positive
98, 46, 88, 191, 63, 6, 192, 34, 22, 147, 215, 563, 174, 73, 2, 26, 194, 197, positive
85, 43, 64, 128, 56, 8, 150, 46, 19, 144, 168, 324, 173, 82, 9, 14, 180, 184, positive
86, 47, 75, 165, 68, 6, 154, 43, 19, 146, 176, 356, 190, 74, 7, 3, 188, 194, positive
86, 43, 70, 126, 56, 6, 148, 46, 19, 145, 166, 317, 171, 86, 6, 9, 179, 182, positive
114, 57, 102, 181, 52, 6, 257, 26, 28, 169, 287, 968, 261, 85, 2, 21, 182, 184, positive
97, 45, 72, 187, 71, 5, 161, 40, 20, 144, 178, 399, 186, 70, 7, 7, 196, 203, positive
83, 44, 68, 144, 61, 8, 147, 45, 19, 143, 170, 325, 180, 74, 1, 1, 185, 191, positive
89, 44, 72, 160, 66, 7, 144, 46, 19, 147, 166, 312, 169, 69, 11, 1, 191, 198, positive
102, 53, 101, 238, 72, 4, 238, 28, 26, 163, 267, 844, 242, 85, 7, 22, 184, 184, positive
96, 49, 98, 187, 59, 6, 213, 31, 24, 152, 228, 680, 210, 77, 8, 28, 188, 189, positive
100, 41, 75, 205, 71, 5, 176, 36, 21, 138, 204, 479, 151, 72, 7, 19, 197, 197, positive
98, 38, 72, 192, 69, 5, 166, 38, 20, 131, 189, 427, 138, 70, 1, 3, 200, 202, positive
92, 37, 75, 184, 70, 6, 154, 42, 19, 131, 184, 363, 127, 71, 0, 4, 198, 202, positive
88, 40, 73, 173, 68, 7, 150, 44, 19, 137, 174, 341, 151, 69, 2, 20, 196, 200, positive
83, 46, 71, 156, 70, 6, 151, 44, 19, 147, 174, 338, 198, 80, 3, 11, 181, 186, positive
81, 42, 63, 125, 55, 8, 149, 46, 19, 145, 166, 320, 172, 86, 7, 7, 179, 182, positive
94, 44, 84, 216, 74, 6, 184, 35, 22, 145, 208, 525, 154, 73, 4, 22, 196, 197, positive
110, 56, 103, 223, 64, 5, 250, 26, 27, 169, 280, 928, 239, 85, 4, 6, 184, 183, positive
87, 39, 74, 165, 66, 6, 145, 45, 19, 134, 173, 318, 139, 70, 3, 21, 195, 200, positive
91, 39, 77, 153, 59, 8, 139, 48, 18, 139, 159, 289, 123, 62, 8, 17, 201, 209, negative
85, 45, 82, 133, 56, 11, 159, 43, 20, 156, 170, 362, 173, 76, 10, 21, 183, 193, negative
84, 39, 90, 180, 60, 7, 177, 37, 21, 131, 209, 469, 145, 71, 4, 38, 190, 198, negative
82, 39, 86, 140, 54, 7, 153, 45, 19, 134, 174, 338, 139, 71, 11, 18, 183, 189, negative
88, 48, 90, 178, 60, 8, 175, 38, 21, 152, 200, 460, 198, 68, 13, 16, 192, 199, negative
85, 37, 68, 145, 60, 6, 130, 51, 18, 130, 150, 253, 121, 65, 3, 14, 195, 203, negative
82, 37, 59, 134, 63, 7, 135, 51, 18, 128, 151, 264, 143, 82, 11, 24, 179, 185, negative
107, 52, 103, 186, 57, 11, 214, 31, 24, 162, 217, 676, 189, 66, 6, 5, 189, 198, negative
98, 54, 104, 186, 59, 10, 213, 32, 24, 172, 223, 665, 217, 73, 1, 26, 186, 195, negative
85, 38, 75, 132, 54, 7, 147, 46, 19, 131, 171, 318, 145, 75, 7, 25, 183, 188, negative
106, 54, 101, 222, 67, 12, 222, 30, 25, 173, 228, 721, 200, 70, 3, 4, 187, 201, negative
93, 43, 78, 166, 59, 7, 151, 44, 19, 141, 182, 342, 174, 68, 15, 2, 193, 197, negative
80, 37, 57, 116, 55, 6, 125, 54, 18, 125, 142, 229, 132, 81, 8, 5, 178, 184, negative
92, 45, 76, 162, 57, 7, 159, 41, 20, 147, 184, 381, 177, 69, 8, 10, 190, 195, negative
101, 48, 107, 222, 68, 10, 208, 32, 24, 154, 232, 641, 204, 70, 5, 38, 190, 202, negative
105, 51, 108, 201, 62, 11, 220, 30, 25, 163, 232, 711, 202, 72, 12, 16, 189, 200, negative
89, 46, 77, 125, 52, 10, 156, 44, 20, 160, 171, 351, 177, 78, 7, 17, 183, 191, negative
91, 36, 72, 162, 60, 8, 150, 44, 19, 133, 166, 334, 121, 63, 2, 22, 196, 205, negative
104, 57, 103, 216, 69, 11, 219, 30, 25, 176, 228, 708, 219, 73, 4, 3, 186, 196, negative
104, 52, 100, 191, 59, 9, 197, 33, 23, 158, 218, 583, 234, 70, 10, 10, 191, 198, negative
84, 40, 71, 131, 55, 7, 150, 45, 19, 134, 167, 330, 165, 80, 12, 1, 180, 186, negative
87, 38, 71, 123, 53, 8, 137, 49, 18, 127, 158, 277, 145, 75, 0, 9, 181, 186, negative
90, 36, 57, 130, 57, 6, 121, 56, 17, 127, 137, 216, 132, 68, 22, 23, 190, 195, negative
91, 41, 64, 148, 61, 8, 129, 51, 18, 142, 161, 249, 153, 68, 6, 12, 194, 201, negative
100, 49, 96, 206, 63, 9, 186, 35, 22, 156, 202, 519, 176, 62, 3, 5, 197, 205, negative
83, 37, 62, 113, 53, 6, 122, 55, 17, 129, 143, 218, 135, 79, 0, 7, 181, 185, negative
86, 36, 66, 128, 57, 8, 131, 52, 18, 127, 148, 252, 139, 76, 5, 27, 183, 187, negative
86, 43, 68, 150, 64, 9, 138, 48, 18, 143, 161, 285, 174, 69, 6, 0, 192, 201, negative
94, 46, 91, 175, 70, 12, 157, 43, 20, 155, 172, 358, 192, 69, 15, 21, 190, 200, negative
96, 41, 69, 153, 56, 7, 141, 47, 18, 141, 162, 297, 169, 61, 11, 8, 202, 209, negative
96, 44, 85, 166, 66, 10, 155, 43, 19, 150, 167, 355, 159, 67, 3, 10, 192, 202, negative
104, 53, 108, 206, 61, 11, 217, 31, 24, 168, 226, 694, 209, 67, 0, 9, 188, 201, negative
92, 38, 74, 178, 62, 9, 161, 41, 20, 135, 181, 388, 132, 63, 7, 29, 197, 206, negative
83, 37, 54, 118, 55, 4, 129, 52, 18, 127, 146, 245, 140, 81, 4, 13, 180, 184, negative
109, 49, 103, 186, 57, 11, 206, 32, 23, 156, 212, 630, 186, 65, 12, 21, 192, 201, negative
100, 57, 107, 207, 63, 11, 227, 30, 25, 180, 234, 756, 205, 72, 6, 19, 186, 198, negative
89, 38, 82, 156, 59, 8, 153, 43, 19, 129, 179, 351, 137, 70, 1, 1, 187, 192, negative
88, 35, 50, 121, 58, 5, 114, 59, 17, 122, 132, 192, 138, 74, 21, 4, 182, 187, negative
102, 52, 101, 213, 64, 10, 203, 33, 23, 157, 214, 616, 186, 65, 0, 19, 193, 203, negative
90, 43, 81, 231, 97, 46, 150, 45, 19, 149, 200, 332, 164, 91, 5, 9, 186, 196, negative
95, 43, 96, 202, 65, 10, 189, 35, 22, 143, 217, 534, 166, 71, 6, 27, 190, 197, negative
93, 45, 83, 142, 56, 10, 157, 43, 20, 155, 180, 364, 188, 75, 1, 21, 184, 197, negative
97, 55, 96, 170, 54, 10, 216, 31, 24, 173, 219, 685, 218, 75, 0, 4, 184, 193, negative
84, 38, 60, 128, 56, 5, 132, 50, 18, 130, 148, 261, 141, 75, 8, 4, 185, 188, negative
104, 56, 96, 231, 74, 11, 220, 30, 25, 172, 223, 713, 218, 73, 6, 16, 186, 195, negative
85, 38, 63, 130, 55, 7, 122, 55, 17, 130, 137, 219, 144, 64, 20, 8, 195, 201, negative
95, 46, 105, 219, 68, 9, 201, 33, 23, 148, 223, 602, 201, 69, 5, 38, 191, 202, negative
96, 50, 94, 215, 67, 9, 187, 35, 22, 158, 214, 525, 214, 67, 8, 6, 193, 201, negative
89, 43, 77, 147, 54, 8, 144, 46, 19, 146, 163, 308, 174, 64, 13, 5, 194, 201, negative
88, 44, 71, 145, 56, 8, 142, 48, 19, 143, 159, 296, 174, 68, 7, 18, 188, 197, negative
107, 53, 108, 211, 63, 11, 219, 31, 25, 168, 228, 704, 198, 69, 10, 21, 190, 203, negative
87, 42, 64, 150, 64, 10, 133, 50, 18, 142, 157, 264, 159, 67, 7, 1, 193, 201, negative
115, 51, 100, 201, 60, 12, 196, 34, 23, 162, 207, 573, 184, 62, 22, 1, 198, 208, negative
101, 56, 100, 215, 69, 10, 208, 32, 24, 169, 227, 651, 223, 74, 6, 5, 186, 193, negative
82, 43, 70, 250, 105, 55, 139, 48, 18, 145, 231, 289, 172, 99, 4, 9, 190, 199, negative
97, 50, 108, 211, 65, 10, 214, 31, 24, 156, 232, 683, 218, 72, 7, 29, 188, 197, negative
100, 47, 88, 190, 60, 10, 171, 38, 21, 155, 186, 440, 169, 59, 15, 18, 201, 210, negative
86, 38, 89, 176, 59, 9, 169, 39, 20, 132, 190, 428, 148, 67, 7, 33, 193, 202, negative
95, 46, 92, 159, 63, 11, 160, 42, 20, 157, 176, 372, 171, 70, 7, 21, 189, 200, negative
89, 44, 80, 191, 66, 6, 162, 40, 20, 143, 189, 396, 180, 66, 13, 11, 194, 199, negative
103, 55, 103, 211, 65, 11, 212, 31, 24, 165, 229, 673, 249, 72, 5, 16, 188, 196, negative
89, 47, 83, 169, 61, 8, 164, 40, 20, 150, 189, 402, 190, 72, 7, 10, 187, 193, negative
106, 49, 96, 201, 61, 10, 181, 36, 21, 158, 197, 494, 180, 62, 19, 15, 202, 209, negative
