86 42 65 116 53 6 152 45 19 141 175 335 172 85 5 4 179 183 0
83 42 66 156 67 7 150 45 19 144 174 333 159 78 4 2 182 188 0
86 44 65 129 56 6 152 45 19 150 168 331 177 83 4 13 178 183 0
100 48 95 209 68 7 199 32 23 150 216 605 200 73 7 11 192 194 0
81 43 68 125 57 8 149 46 19 146 169 323 172 83 6 18 179 184 0
94 39 75 184 72 8 155 42 19 133 175 365 145 70 4 5 192 200 0
86 45 66 126 57 8 148 46 19 145 170 321 186 86 0 7 179 182 0
107 57 106 179 51 8 257 26 28 172 275 954 232 83 2 20 181 184 0
100 47 70 185 70 7 162 40 20 153 179 406 172 68 9 6 200 205 0
86 45 71 155 66 7 146 45 19 144 167 322 176 72 5 6 189 196 0
83 41 70 155 65 7 144 46 19 141 168 309 147 71 4 12 188 195 0
107 55 98 199 59 7 240 27 26 168 258 866 245 80 3 1 186 184 0
102 54 98 201 61 6 225 29 25 165 246 766 231 79 9 14 188 187 0
93 49 79 180 65 7 173 37 21 158 189 463 194 70 5 10 197 202 0
96 46 74 202 74 5 163 39 20 149 185 408 191 70 7 8 196 200 0
92 39 76 180 71 6 152 43 19 131 179 350 143 72 6 14 195 200 0
101 42 62 175 67 6 149 43 19 139 169 341 165 65 7 11 202 209 0
81 47 69 146 64 6 151 44 19 147 171 340 195 75 5 0 183 188 0
85 44 66 125 58 6 148 45 19 145 170 323 185 84 8 1 180 183 0
99 51 88 188 62 5 203 32 23 158 222 625 219 77 8 26 191 190 0
83 46 73 137 59 6 148 45 19 146 167 327 183 75 8 0 185 191 0
80 43 68 123 53 7 150 46 19 147 169 327 176 81 7 14 179 184 0
92 42 69 153 58 8 140 48 18 138 165 290 151 64 10 21 199 206 1
89 45 85 149 59 11 158 43 20 158 177 362 173 75 12 16 183 193 1
89 40 89 174 58 8 177 37 21 133 202 471 155 70 7 18 189 196 1
87 39 74 152 58 6 151 44 19 136 174 337 140 70 1 33 187 196 1
93 47 88 200 66 7 173 38 21 151 197 452 205 66 0 3 195 202 1
89 36 68 149 60 8 133 50 18 134 153 265 119 62 6 18 201 209 1
87 42 64 150 64 10 133 50 18 141 157 265 159 67 7 0 193 201 1
108 51 103 197 60 11 211 31 24 160 222 661 187 67 7 3 190 200 1
95 57 104 228 74 10 212 31 24 175 224 670 223 74 0 4 186 193 1
87 40 81 162 68 10 146 46 19 139 167 317 157 70 0 13 189 199 1
100 55 101 189 57 10 222 30 25 177 225 731 211 71 7 17 188 197 1
86 37 77 144 54 7 154 43 19 127 179 352 145 71 14 13 186 191 1
88 42 66 133 57 6 123 54 17 144 147 227 160 66 8 4 193 198 1
91 40 83 166 60 8 160 41 20 133 189 383 155 72 5 7 186 191 1
105 54 106 215 68 10 208 32 24 166 217 640 218 69 14 23 189 199 1
106 52 108 207 64 12 221 31 25 168 229 709 200 73 22 38 190 205 1
89 43 85 160 64 11 155 43 19 151 173 356 174 72 5 9 185 196 1
93 43 88 170 66 9 150 45 19 147 164 334 143 65 2 17 196 206 1
100 51 109 224 67 9 217 30 24 162 238 704 206 72 6 18 189 199 1
105 45 100 195 61 10 198 33 23 149 214 586 186 67 8 5 192 200 1
87 47 81 149 62 9 147 45 19 152 171 325 181 72 0 6 188 198 1
86 40 66 138 59 4 137 49 18 133 162 279 151 74 6 14 186 190 1
78 36 51 116 56 4 120 57 17 124 135 209 135 84 1 12 177 184 1
88 40 69 146 59 7 130 51 18 134 147 252 144 64 1 1 193 200 1
97 44 96 195 63 9 185 36 22 144 202 512 165 66 4 8 191 199 1
89 35 52 121 57 4 122 55 17 125 139 220 128 82 5 13 181 184 1
77 38 63 135 59 5 130 52 18 130 145 247 139 79 13 21 183 187 1
90 41 78 145 55 7 138 48 18 138 161 284 158 67 0 1 192 197 1
98 44 88 176 67 10 158 43 20 149 173 367 154 66 14 9 194 202 1
98 44 78 160 63 8 142 47 18 148 160 300 171 63 19 2 201 207 1
87 45 77 153 59 7 154 44 19 145 181 350 172 75 15 14 184 189 1
109 52 104 199 60 12 215 31 24 162 220 691 212 67 11 7 189 199 1
90 36 85 184 64 6 160 41 20 125 187 385 139 66 9 31 195 203 1
93 37 70 126 52 9 127 53 18 137 156 238 119 71 2 13 191 190 1
102 54 106 221 68 11 207 32 24 164 228 638 238 71 0 26 189 200 1
101 55 101 183 57 13 225 30 25 177 225 741 204 71 5 10 186 198 1
90 43 72 172 59 8 154 42 19 144 174 360 158 61 15 9 203 209 1
85 35 64 129 57 6 116 57 17 125 138 200 123 65 1 23 196 203 1
96 55 103 201 65 9 204 32 23 166 227 624 246 74 6 2 186 194 1
91 35 66 159 59 7 147 45 19 131 169 322 123 64 1 1 197 203 1
105 46 100 195 61 9 193 34 22 150 207 557 161 65 5 9 194 202 1
93 46 82 145 58 11 159 43 20 160 180 371 189 77 2 4 183 194 1
96 54 104 175 58 10 215 31 24 175 221 682 222 75 13 23 186 194 1
89 42 66 125 53 7 131 51 18 144 162 254 162 73 10 17 188 191 1
109 53 109 221 69 12 221 31 25 169 226 712 212 72 13 28 188 201 1
86 39 58 125 55 5 117 57 17 134 140 204 148 69 7 6 190 194 1
99 48 104 196 63 10 201 33 23 152 221 604 199 73 8 4 188 197 1
93 42 98 192 63 9 185 36 22 138 206 508 173 70 10 21 189 197 1
93 41 79 159 63 8 144 46 19 150 165 309 134 67 4 9 195 203 1
86 40 75 146 62 6 140 48 18 135 158 290 162 72 3 21 183 190 1
111 54 103 171 50 11 221 30 25 172 227 727 201 69 15 6 190 198 1
84 37 70 145 62 9 136 48 18 134 159 280 140 68 11 9 194 202 1
103 50 98 212 63 9 193 34 22 161 214 567 185 64 5 5 198 204 1
99 52 104 177 55 10 210 32 24 166 219 657 215 73 3 2 187 194 1
90 36 74 171 60 8 157 42 19 128 177 367 123 61 6 21 197 204 1
105 54 108 234 70 12 215 31 24 168 226 687 228 68 4 22 189 201 1
86 38 86 175 60 9 170 39 21 134 191 433 138 68 1 28 191 199 1
94 40 85 186 62 9 169 39 20 139 184 430 133 61 2 9 200 210 1
90 48 85 157 64 11 161 43 20 167 175 375 186 74 3 16 185 195 1
95 45 80 186 62 7 164 40 20 145 188 406 178 65 11 18 199 204 1
108 54 105 203 62 11 202 33 23 164 216 608 235 68 12 3 190 200 1
93 39 86 180 59 9 167 39 20 134 186 418 129 63 6 17 197 204 1
98 42 90 192 61 9 178 37 21 144 189 480 138 61 3 8 199 208 1
