125 52 15 4 196 0.6377551020408163 0.2653061224489796 0.07653061224489796 0.02040816326530612 509 47 8 1 565 0.9008849557522124 0.0831858407079646 0.01415929203539823 0.0017699115044247787 
124 50 20 2 196 0.6326530612244898 0.25510204081632654 0.10204081632653061 0.01020408163265306 507 49 8 1 565 0.8973451327433628 0.08672566371681416 0.01415929203539823 0.0017699115044247787 
120 52 22 2 196 0.6122448979591837 0.2653061224489796 0.11224489795918367 0.01020408163265306 511 44 8 2 565 0.904424778761062 0.07787610619469026 0.01415929203539823 0.0035398230088495575 
123 51 19 3 196 0.6275510204081632 0.2602040816326531 0.09693877551020408 0.015306122448979591 506 47 11 1 565 0.8955752212389381 0.0831858407079646 0.019469026548672566 0.0017699115044247787 
127 47 21 1 196 0.6479591836734694 0.23979591836734693 0.10714285714285714 0.00510204081632653 508 43 11 3 565 0.8991150442477877 0.07610619469026549 0.019469026548672566 0.005309734513274336 
126 50 15 5 196 0.6428571428571429 0.25510204081632654 0.07653061224489796 0.025510204081632654 502 54 7 2 565 0.8884955752212389 0.09557522123893805 0.012389380530973451 0.0035398230088495575 
130 46 16 4 196 0.6632653061224489 0.23469387755102042 0.08163265306122448 0.02040816326530612 501 51 12 1 565 0.8867256637168142 0.09026548672566372 0.021238938053097345 0.0017699115044247787 
121 58 14 3 196 0.6173469387755102 0.29591836734693877 0.07142857142857142 0.015306122448979591 504 52 7 2 565 0.8920353982300885 0.0920353982300885 0.012389380530973451 0.0035398230088495575 
131 49 14 3 197 0.6649746192893401 0.24873096446700507 0.07106598984771574 0.015228426395939087 507 46 9 4 566 0.8957597173144877 0.0812720848056537 0.015901060070671377 0.007067137809187279 
129 46 20 2 197 0.6548223350253807 0.233502538071066 0.10152284263959391 0.01015228426395939 515 43 7 1 566 0.9098939929328622 0.07597173144876325 0.012367491166077738 0.0017667844522968198 
