@relation  vehicle2
@attribute Compactness integer[73,119]
@attribute Circularity integer[33,59]
@attribute Distance_circularity integer[40,112]
@attribute Radius_ratio integer[104,333]
@attribute Praxis_aspect_ratio integer[47,138]
@attribute Max_length_aspect_ratio integer[2,55]
@attribute Scatter_ratio integer[112,265]
@attribute Elongatedness integer[26,61]
@attribute Praxis_rectangular integer[17,29]
@attribute Length_rectangular integer[118,188]
@attribute Major_variance integer[130,320]
@attribute Minor_variance integer[184,1018]
@attribute Gyration_radius integer[109,268]
@attribute Major_skewness integer[59,135]
@attribute Minor_skewness integer[0,22]
@attribute Minor_kurtosis integer[0,41]
@attribute Major_kurtosis integer[176,206]
@attribute Hollows_ratio integer[181,211]
@attribute Class{positive,negative}
@inputs Compactness,Circularity,Distance_circularity,Radius_ratio,Praxis_aspect_ratio,Max_length_aspect_ratio,Scatter_ratio,Elongatedness,Praxis_rectangular,Length_rectangular,Major_variance,Minor_variance,Gyration_radius,Major_skewness,Minor_skewness,Minor_kurtosis,Major_kurtosis,Hollows_ratio
@outputs Class
@data
90, 42, 63, 126, 55, 7, 152, 45, 19, 142, 173, 336, 173, 81, 0, 15, 180, 184, positive
80, 43, 71, 133, 60, 7, 150, 45, 19, 146, 170, 330, 176, 81, 6, 15, 180, 184, positive
85, 45, 65, 128, 56, 8, 151, 45, 19, 145, 170, 332, 186, 81, 1, 10, 179, 184, positive
98, 49, 84, 219, 74, 7, 190, 34, 22, 154, 208, 558, 209, 74, 4, 7, 195, 195, positive
86, 43, 69, 123, 54, 6, 150, 46, 19, 144, 174, 325, 177, 87, 3, 7, 180, 182, positive
91, 46, 75, 185, 75, 7, 154, 42, 19, 147, 178, 362, 192, 72, 8, 8, 192, 199, positive
85, 42, 66, 122, 54, 6, 148, 46, 19, 141, 172, 317, 174, 88, 6, 14, 180, 182, positive
106, 57, 107, 235, 67, 6, 262, 26, 28, 171, 285, 987, 260, 86, 9, 31, 180, 184, positive
100, 36, 73, 199, 73, 6, 162, 40, 20, 127, 189, 401, 125, 72, 6, 19, 200, 204, positive
86, 45, 71, 170, 70, 6, 146, 45, 19, 146, 172, 321, 189, 71, 10, 8, 187, 191, positive
94, 43, 68, 170, 67, 6, 142, 46, 18, 142, 164, 310, 177, 65, 10, 8, 198, 203, positive
106, 53, 98, 154, 47, 4, 237, 28, 26, 164, 263, 838, 222, 82, 4, 17, 185, 184, positive
105, 50, 93, 173, 54, 4, 222, 30, 25, 159, 254, 735, 206, 83, 4, 12, 186, 184, positive
97, 49, 76, 203, 73, 7, 178, 36, 21, 157, 194, 487, 186, 72, 0, 7, 197, 200, positive
98, 46, 77, 199, 71, 7, 166, 39, 20, 150, 184, 422, 180, 69, 13, 9, 200, 203, positive
98, 35, 70, 182, 68, 5, 155, 41, 19, 124, 184, 371, 117, 71, 3, 22, 202, 205, positive
87, 41, 73, 158, 64, 7, 151, 44, 19, 138, 175, 341, 152, 73, 3, 8, 190, 194, positive
87, 43, 70, 169, 72, 7, 152, 44, 19, 145, 177, 341, 171, 76, 6, 12, 184, 187, positive
87, 43, 65, 127, 56, 8, 149, 46, 19, 143, 169, 322, 171, 85, 6, 3, 180, 182, positive
99, 48, 79, 199, 68, 6, 185, 35, 22, 153, 202, 524, 171, 74, 5, 8, 195, 195, positive
106, 54, 100, 227, 67, 4, 250, 27, 27, 162, 280, 923, 262, 88, 5, 11, 182, 182, positive
89, 40, 72, 155, 63, 7, 146, 45, 19, 135, 175, 321, 145, 72, 4, 10, 192, 196, positive
89, 36, 69, 162, 63, 6, 140, 48, 18, 131, 164, 291, 126, 66, 1, 38, 193, 204, negative
88, 44, 85, 139, 56, 11, 157, 43, 20, 155, 176, 363, 175, 76, 5, 16, 184, 195, negative
91, 39, 88, 189, 63, 9, 175, 38, 21, 132, 197, 457, 156, 69, 0, 23, 191, 198, negative
96, 46, 88, 160, 64, 9, 151, 44, 19, 148, 173, 339, 182, 70, 15, 11, 192, 199, negative
98, 50, 90, 192, 63, 9, 177, 37, 21, 155, 195, 472, 197, 65, 10, 1, 193, 201, negative
94, 37, 72, 146, 60, 9, 133, 50, 18, 135, 161, 262, 128, 69, 2, 7, 192, 195, negative
88, 37, 57, 132, 62, 6, 135, 50, 18, 125, 151, 265, 144, 83, 16, 16, 180, 184, negative
102, 51, 108, 193, 57, 10, 212, 31, 24, 162, 219, 663, 184, 66, 7, 21, 191, 201, negative
108, 49, 109, 204, 61, 11, 212, 31, 24, 159, 229, 665, 215, 71, 16, 11, 190, 199, negative
88, 41, 80, 147, 62, 8, 146, 45, 19, 144, 169, 318, 161, 71, 4, 16, 188, 197, negative
101, 55, 107, 200, 61, 11, 225, 30, 25, 178, 228, 730, 204, 74, 8, 35, 187, 201, negative
84, 44, 77, 150, 59, 5, 152, 44, 19, 143, 175, 344, 177, 77, 8, 2, 183, 187, negative
86, 40, 66, 139, 59, 7, 122, 54, 17, 139, 145, 225, 143, 63, 7, 11, 202, 208, negative
89, 47, 81, 156, 57, 8, 161, 41, 20, 149, 187, 388, 197, 72, 9, 15, 187, 193, negative
100, 52, 104, 189, 59, 10, 208, 32, 24, 163, 220, 642, 197, 70, 1, 22, 187, 198, negative
108, 54, 109, 189, 57, 11, 220, 31, 25, 174, 229, 709, 214, 70, 12, 23, 189, 201, negative
89, 44, 76, 125, 54, 10, 156, 44, 20, 151, 163, 352, 176, 76, 12, 12, 184, 193, negative
93, 35, 72, 172, 62, 7, 149, 44, 19, 124, 169, 334, 125, 62, 5, 30, 203, 210, negative
107, 54, 98, 210, 66, 11, 218, 31, 24, 169, 221, 704, 216, 71, 14, 0, 188, 197, negative
105, 54, 105, 213, 67, 10, 200, 33, 23, 163, 214, 597, 214, 68, 10, 20, 190, 198, negative
84, 38, 83, 141, 54, 7, 149, 45, 19, 132, 177, 327, 149, 74, 6, 29, 185, 191, negative
89, 44, 70, 137, 58, 6, 136, 49, 18, 146, 168, 273, 166, 78, 10, 3, 186, 187, negative
86, 39, 60, 140, 60, 7, 119, 55, 17, 134, 140, 212, 141, 61, 7, 8, 200, 207, negative
92, 40, 62, 144, 59, 8, 127, 52, 17, 139, 149, 241, 150, 62, 13, 1, 204, 210, negative
107, 45, 92, 197, 62, 10, 188, 35, 22, 148, 202, 526, 159, 64, 12, 20, 195, 203, negative
86, 38, 58, 119, 56, 4, 118, 57, 17, 129, 140, 208, 152, 78, 9, 2, 184, 186, negative
91, 43, 70, 133, 55, 8, 130, 51, 18, 146, 159, 253, 156, 70, 1, 8, 190, 194, negative
90, 44, 72, 157, 64, 8, 137, 48, 18, 144, 159, 283, 171, 65, 9, 4, 196, 203, negative
97, 45, 88, 173, 67, 10, 157, 43, 20, 157, 173, 365, 157, 67, 8, 12, 192, 200, negative
86, 38, 76, 143, 59, 8, 142, 47, 18, 131, 167, 301, 138, 71, 5, 10, 189, 196, negative
94, 48, 83, 162, 64, 10, 156, 43, 19, 153, 177, 357, 187, 74, 4, 14, 185, 196, negative
115, 52, 100, 203, 62, 10, 217, 31, 24, 165, 229, 697, 214, 72, 14, 4, 188, 197, negative
88, 38, 77, 156, 56, 7, 163, 41, 20, 129, 184, 395, 140, 67, 1, 9, 192, 198, negative
88, 34, 58, 140, 59, 6, 127, 52, 18, 130, 148, 243, 113, 63, 4, 10, 199, 206, negative
111, 53, 108, 211, 61, 11, 207, 32, 23, 167, 217, 636, 216, 64, 21, 2, 196, 205, negative
99, 55, 101, 219, 68, 10, 224, 30, 25, 178, 228, 737, 213, 74, 11, 20, 187, 196, negative
92, 37, 80, 180, 67, 8, 154, 43, 19, 129, 180, 353, 144, 69, 6, 9, 190, 195, negative
85, 33, 50, 104, 53, 4, 115, 59, 17, 118, 136, 193, 127, 83, 1, 30, 179, 185, negative
104, 55, 105, 216, 68, 11, 205, 32, 23, 169, 221, 623, 216, 71, 9, 18, 189, 196, negative
85, 36, 78, 149, 55, 7, 147, 45, 19, 128, 168, 321, 134, 64, 10, 24, 197, 203, negative
87, 44, 98, 211, 70, 10, 189, 35, 22, 141, 214, 535, 178, 71, 2, 21, 187, 194, negative
90, 49, 85, 141, 57, 11, 159, 43, 20, 167, 173, 365, 186, 75, 1, 11, 182, 192, negative
104, 54, 100, 186, 61, 10, 216, 31, 24, 173, 225, 686, 220, 74, 5, 11, 185, 195, negative
86, 40, 63, 135, 56, 5, 133, 50, 18, 135, 152, 262, 166, 70, 9, 2, 187, 191, negative
105, 54, 100, 220, 69, 10, 221, 30, 25, 170, 232, 718, 202, 73, 0, 13, 187, 199, negative
78, 36, 60, 116, 56, 6, 123, 55, 17, 124, 141, 221, 121, 78, 3, 16, 178, 185, negative
106, 52, 107, 211, 62, 8, 200, 33, 23, 161, 218, 602, 200, 67, 9, 17, 194, 201, negative
98, 51, 96, 203, 66, 10, 188, 35, 22, 157, 207, 533, 231, 68, 10, 1, 191, 199, negative
89, 42, 80, 151, 62, 6, 144, 46, 19, 139, 166, 308, 170, 74, 17, 13, 185, 189, negative
85, 45, 73, 167, 69, 8, 143, 46, 18, 148, 173, 307, 176, 71, 2, 0, 190, 199, negative
108, 53, 104, 181, 56, 11, 220, 31, 25, 167, 226, 712, 214, 72, 15, 18, 189, 199, negative
96, 40, 70, 120, 50, 8, 137, 50, 18, 141, 162, 269, 139, 80, 10, 13, 183, 183, negative
101, 53, 103, 203, 63, 9, 195, 34, 22, 162, 210, 571, 210, 68, 5, 5, 191, 198, negative
107, 53, 103, 221, 66, 11, 209, 32, 24, 163, 222, 653, 212, 66, 0, 1, 191, 201, negative
79, 38, 55, 120, 55, 5, 142, 48, 19, 128, 153, 295, 145, 81, 4, 2, 180, 183, negative
109, 54, 103, 220, 66, 11, 214, 31, 24, 167, 229, 677, 212, 70, 1, 23, 188, 201, negative
94, 39, 89, 194, 62, 9, 172, 38, 21, 135, 191, 444, 121, 63, 4, 23, 201, 209, negative
94, 46, 79, 181, 62, 8, 167, 40, 20, 148, 190, 418, 193, 67, 12, 15, 191, 198, negative
97, 45, 76, 175, 60, 9, 157, 42, 20, 149, 180, 370, 169, 63, 16, 12, 198, 206, negative
90, 47, 73, 136, 58, 11, 161, 42, 20, 153, 172, 376, 185, 77, 11, 8, 183, 191, negative
101, 56, 100, 168, 55, 11, 214, 31, 24, 175, 219, 681, 224, 74, 2, 3, 185, 192, negative
89, 47, 83, 322, 133, 48, 158, 43, 20, 163, 229, 364, 176, 97, 0, 14, 184, 194, negative
97, 48, 94, 198, 63, 9, 181, 36, 21, 155, 200, 494, 189, 64, 20, 11, 199, 203, negative
