88 46 74 171 68 6 152 43 19 148 180 349 192 71 5 11 189 195 0
85 42 66 122 54 6 148 46 19 141 172 317 174 88 6 14 180 182 0
89 40 76 188 76 7 150 44 19 136 174 342 148 72 3 8 193 197 0
85 43 64 128 56 8 150 46 19 144 168 324 173 82 9 14 180 184 0
80 43 68 120 54 8 150 45 19 145 171 329 176 85 4 8 179 183 0
82 45 68 139 64 6 147 46 19 143 169 320 184 80 0 1 181 184 0
88 40 78 186 73 6 158 41 20 134 185 379 148 73 1 11 193 197 0
91 42 66 169 66 7 145 44 19 140 169 325 159 67 4 0 201 207 0
100 50 81 197 67 6 186 34 22 158 206 531 198 74 6 1 197 198 0
98 52 86 207 69 5 192 33 22 161 212 570 221 75 4 6 194 195 0
102 51 92 194 60 6 220 30 25 162 247 731 209 80 7 7 188 186 0
81 47 69 146 64 6 151 44 19 147 171 340 195 75 5 0 183 188 0
96 36 74 183 70 6 149 43 19 127 178 341 127 69 0 17 201 205 0
86 45 66 126 57 8 148 46 19 145 170 321 186 86 0 7 179 182 0
92 37 75 191 71 6 161 40 20 128 180 393 135 69 1 14 195 202 0
103 52 103 170 52 7 236 28 26 160 254 816 250 82 3 23 183 184 0
114 57 102 181 52 6 257 26 28 169 287 968 261 85 2 21 182 184 0
80 43 68 123 53 7 150 46 19 147 169 327 176 81 7 14 179 184 0
81 45 68 137 60 7 152 45 19 151 167 333 179 81 3 13 179 183 0
80 44 68 120 53 8 151 45 19 146 170 333 190 80 4 16 180 185 0
106 53 98 154 47 4 237 28 26 164 263 838 222 82 4 17 185 184 0
85 43 66 123 56 6 148 46 19 145 166 319 171 85 6 11 179 182 0
99 53 105 219 66 11 204 32 23 165 221 623 224 68 0 6 191 201 1
93 35 66 154 59 6 142 46 18 128 162 304 120 64 5 13 197 202 1
108 53 103 202 64 10 220 30 25 168 224 711 214 73 11 10 188 199 1
85 39 77 151 59 8 150 45 19 134 176 331 133 73 0 16 184 193 1
97 45 88 173 67 10 157 43 20 157 173 365 157 67 8 12 192 200 1
98 39 68 121 49 7 134 51 18 142 164 261 134 75 4 1 186 186 1
87 42 64 150 64 10 133 50 18 142 157 264 159 67 7 1 193 201 1
78 36 60 116 56 6 123 55 17 124 141 221 121 78 3 16 178 185 1
101 56 100 168 55 11 214 31 24 175 219 681 224 74 2 3 185 192 1
107 54 98 210 66 11 218 31 24 169 221 704 216 71 14 0 188 197 1
94 35 66 147 62 9 131 50 18 127 159 258 115 66 8 7 196 201 1
85 35 47 110 55 3 117 57 17 122 136 203 139 89 5 9 180 184 1
90 48 78 134 56 11 160 43 20 167 169 366 185 76 1 14 182 192 1
84 44 80 140 58 11 156 44 20 157 166 349 176 74 5 17 183 193 1
92 43 69 158 56 7 149 44 19 143 170 333 168 63 14 18 198 203 1
103 49 100 194 60 10 185 35 22 160 202 518 178 62 13 8 198 208 1
96 45 80 162 63 9 146 46 19 148 161 316 161 64 5 10 199 207 1
96 47 103 215 69 10 200 33 23 147 220 598 200 73 6 6 187 194 1
90 50 90 188 61 10 181 36 21 158 211 492 220 69 6 19 191 199 1
96 52 104 222 67 9 198 33 23 163 217 589 226 67 12 20 192 201 1
95 45 105 208 64 10 187 36 22 150 202 520 158 64 7 32 198 211 1
98 44 78 160 63 8 142 47 18 148 160 300 171 63 19 2 201 207 1
97 45 91 161 63 10 151 45 19 148 166 334 171 65 18 20 197 205 1
98 50 90 192 63 9 177 37 21 155 195 472 197 65 10 1 193 201 1
87 45 77 153 59 7 154 44 19 145 181 350 172 75 15 14 184 189 1
100 51 109 224 67 9 217 30 24 162 238 704 206 72 6 18 189 199 1
100 57 107 207 63 11 227 30 25 180 234 756 205 72 6 19 186 198 1
78 36 51 116 56 4 120 57 17 124 135 209 135 84 1 12 177 184 1
85 45 82 133 56 11 159 43 20 156 170 362 173 76 10 21 183 193 1
90 47 73 136 58 11 161 42 20 153 172 376 185 77 11 8 183 191 1
99 50 88 204 64 10 185 35 22 159 209 517 193 66 12 11 194 201 1
89 46 74 135 59 9 157 44 20 158 170 356 177 79 12 3 184 191 1
95 57 104 228 74 10 212 31 24 175 224 670 223 74 0 4 186 193 1
92 43 70 124 52 6 139 49 18 144 164 282 172 79 4 16 183 185 1
94 43 82 136 54 10 155 43 19 149 176 359 161 74 1 6 186 197 1
91 39 72 133 55 7 146 46 19 132 170 314 149 77 9 18 184 189 1
92 42 75 172 60 8 147 45 19 142 174 322 160 62 22 10 206 211 1
92 45 76 162 57 7 159 41 20 147 184 381 177 69 8 10 190 195 1
88 48 90 178 60 8 175 38 21 152 200 460 198 68 13 16 192 199 1
93 39 86 180 59 9 167 39 20 134 186 418 129 63 6 17 197 204 1
96 37 74 187 68 8 159 42 20 134 183 378 134 69 3 16 190 197 1
89 42 75 140 55 6 145 46 19 139 170 312 166 71 15 26 191 198 1
108 53 104 181 56 11 220 31 25 167 226 712 214 72 15 18 189 199 1
80 34 42 110 57 3 114 59 17 119 131 191 121 87 4 7 179 183 1
88 34 69 152 57 5 138 48 18 122 158 284 120 62 9 29 204 210 1
104 53 101 190 63 10 213 32 24 166 218 664 202 74 13 21 188 198 1
86 40 63 135 56 5 133 50 18 135 152 262 166 70 9 2 187 191 1
86 44 77 155 60 7 152 44 19 141 174 345 161 72 9 0 187 192 1
91 39 77 153 59 8 139 48 18 139 159 289 123 62 8 17 201 209 1
100 58 109 230 70 11 226 30 25 182 234 752 207 72 0 13 187 198 1
82 43 70 250 105 55 139 48 18 145 231 289 172 99 4 9 190 199 1
92 35 58 136 58 6 122 55 17 132 142 222 116 64 6 17 197 203 1
94 45 85 160 63 10 158 43 20 157 174 367 162 68 1 6 189 199 1
85 45 73 167 69 8 143 46 18 148 173 307 176 71 2 0 190 199 1
94 50 84 138 57 10 156 44 20 170 171 351 187 77 5 6 182 191 1
115 51 100 201 60 12 196 34 23 162 207 573 184 62 22 1 198 208 1
102 52 98 225 71 10 214 31 24 164 228 682 199 71 0 16 187 196 1
92 52 93 204 67 9 189 35 22 161 214 536 240 72 2 5 188 195 1
96 39 64 111 48 8 134 52 18 141 160 258 139 80 7 20 183 184 1
87 44 98 211 70 10 189 35 22 141 214 535 178 71 2 21 187 194 1
89 44 80 191 66 6 162 40 20 143 189 396 180 66 13 11 194 199 1
99 57 100 177 54 13 224 30 25 188 223 726 213 72 4 7 185 198 1
94 46 77 169 60 8 158 42 20 148 181 373 181 67 12 2 193 199 1
