203.0 251.0 0
288.0 868.0 0
155.0 586.0 0
215.0 149.0 0
289.0 4.0 0
76.0 361.0 0
299.0 1182.0 0
284.0 1117.0 0
55.0 768.0 0
194.0 -80.0 0
60.0 148.0 1
396.0 1441.0 1
410.0 -216.0 1
353.0 30.0 1
394.0 616.0 1
81.0 1345.0 1
425.0 1205.0 1
117.0 439.0 1
111.0 1448.0 1
4.0 1124.0 1
-84.0 720.0 1
479.0 1383.0 1
-75.0 623.0 1
34.0 -5.0 1
-50.0 267.0 1
222.0 -273.0 1
221.0 1052.0 1
17.0 1196.0 1
381.0 964.0 1
166.0 756.0 1
-60.0 199.0 1
464.0 1083.0 1
-37.0 1396.0 1
316.0 1410.0 1
327.0 929.0 1
178.0 -102.0 1
92.0 1248.0 1
183.0 1322.0 1
35.0 -114.0 1
429.0 742.0 1
-6.0 807.0 1
65.0 -226.0 1
321.0 381.0 1
10.0 974.0 1
255.0 738.0 1
418.0 207.0 1
-12.0 370.0 1
396.0 68.0 1
350.0 1320.0 1
13.0 757.0 1
142.0 451.0 1
23.0 541.0 1
52.0 944.0 1
119.0 1031.0 1
475.0 806.0 1
149.0 1394.0 1
438.0 446.0 1
-52.0 -108.0 1
240.0 156.0 1
326.0 307.0 1
