186.0 290.0 0
274.0 931.0 0
201.0 510.0 0
65.0 196.0 0
199.0 38.0 0
297.0 426.0 0
257.0 1215.0 0
288.0 1016.0 0
354.0 136.0 0
213.0 1253.0 0
227.0 342.0 0
267.0 850.0 0
107.0 671.0 0
116.0 -95.0 0
179.0 1137.0 0
295.0 714.0 0
258.0 1.0 0
58.0 566.0 0
69.0 879.0 0
121.0 -38.0 0
-10.0 120.0 1
355.0 1457.0 1
463.0 -206.0 1
358.0 14.0 1
348.0 604.0 1
-4.0 1345.0 1
482.0 1228.0 1
80.0 417.0 1
146.0 1462.0 1
-51.0 1099.0 1
-17.0 710.0 1
462.0 1373.0 1
-68.0 1352.0 1
-13.0 637.0 1
9.0 -23.0 1
7.0 269.0 1
460.0 -273.0 1
120.0 -268.0 1
302.0 1046.0 1
-4.0 1168.0 1
430.0 949.0 1
178.0 787.0 1
-42.0 -60.0 1
43.0 207.0 1
412.0 1018.0 1
-68.0 1457.0 1
467.0 1434.0 1
69.0 714.0 1
387.0 901.0 1
428.0 6.0 1
385.0 -93.0 1
149.0 752.0 1
-14.0 1237.0 1
77.0 1327.0 1
467.0 1064.0 1
77.0 -128.0 1
-60.0 199.0 1
382.0 752.0 1
56.0 812.0 1
176.0 1359.0 1
293.0 1433.0 1
-17.0 -205.0 1
-64.0 614.0 1
236.0 402.0 1
-14.0 990.0 1
31.0 974.0 1
311.0 1085.0 1
370.0 1411.0 1
317.0 366.0 1
341.0 852.0 1
28.0 1366.0 1
435.0 227.0 1
-3.0 1049.0 1
-31.0 352.0 1
402.0 614.0 1
263.0 466.0 1
315.0 1284.0 1
-56.0 779.0 1
102.0 464.0 1
-55.0 1308.0 1
-37.0 -121.0 1
94.0 572.0 1
-51.0 929.0 1
78.0 -2.0 1
434.0 829.0 1
58.0 865.0 1
314.0 940.0 1
447.0 575.0 1
63.0 652.0 1
344.0 1222.0 1
-52.0 743.0 1
73.0 895.0 1
401.0 166.0 1
452.0 -160.0 1
-79.0 1187.0 1
-6.0 522.0 1
178.0 -102.0 1
121.0 1030.0 1
305.0 77.0 1
-52.0 507.0 1
149.0 1394.0 1
92.0 1248.0 1
283.0 179.0 1
85.0 158.0 1
373.0 -230.0 1
254.0 1341.0 1
58.0 328.0 1
84.0 1483.0 1
424.0 1319.0 1
456.0 713.0 1
248.0 725.0 1
476.0 295.0 1
326.0 274.0 1
423.0 51.0 1
-10.0 422.0 1
184.0 495.0 1
246.0 116.0 1
454.0 447.0 1
89.0 -175.0 1
475.0 1278.0 1
