133.0 34.0 0
246.0 651.0 0
201.0 510.0 0
65.0 196.0 0
277.0 816.0 0
268.0 858.0 0
172.0 1245.0 0
353.0 -14.0 0
213.0 1253.0 0
288.0 868.0 0
462.0 1373.0 1
166.0 756.0 1
89.0 -175.0 1
247.0 1098.0 1
83.0 564.0 1
400.0 829.0 1
358.0 14.0 1
327.0 929.0 1
327.0 1102.0 1
-5.0 -137.0 1
233.0 -253.0 1
418.0 605.0 1
185.0 -166.0 1
35.0 -114.0 1
185.0 1085.0 1
479.0 1383.0 1
169.0 -144.0 1
463.0 1265.0 1
429.0 742.0 1
199.0 1468.0 1
248.0 725.0 1
62.0 1333.0 1
23.0 972.0 1
69.0 714.0 1
-21.0 1222.0 1
418.0 207.0 1
77.0 210.0 1
462.0 1335.0 1
236.0 402.0 1
370.0 1411.0 1
-37.0 -121.0 1
378.0 6.0 1
122.0 752.0 1
119.0 1031.0 1
234.0 1356.0 1
324.0 916.0 1
441.0 896.0 1
353.0 30.0 1
438.0 1266.0 1
-4.0 1168.0 1
-10.0 422.0 1
82.0 367.0 1
454.0 447.0 1
6.0 994.0 1
264.0 156.0 1
337.0 23.0 1
-17.0 -205.0 1
432.0 103.0 1
426.0 596.0 1
94.0 572.0 1
