290.0 -57.0 0
199.0 38.0 0
292.0 238.0 0
237.0 287.0 0
227.0 342.0 0
84.0 -1.0 0
76.0 361.0 0
235.0 147.0 0
112.0 673.0 0
171.0 662.0 0
104.0 -137.0 1
275.0 1034.0 1
-50.0 267.0 1
475.0 806.0 1
44.0 85.0 1
-52.0 1104.0 1
-56.0 779.0 1
222.0 -273.0 1
313.0 1383.0 1
332.0 1268.0 1
464.0 288.0 1
473.0 1.0 1
32.0 1005.0 1
265.0 1410.0 1
396.0 226.0 1
3.0 285.0 1
458.0 536.0 1
18.0 571.0 1
-3.0 1049.0 1
266.0 1044.0 1
475.0 1234.0 1
77.0 -128.0 1
262.0 788.0 1
344.0 1461.0 1
387.0 901.0 1
21.0 757.0 1
28.0 508.0 1
231.0 -163.0 1
305.0 450.0 1
464.0 1083.0 1
391.0 1411.0 1
392.0 1436.0 1
254.0 -247.0 1
-51.0 929.0 1
-4.0 835.0 1
317.0 366.0 1
349.0 -3.0 1
284.0 -227.0 1
-4.0 1345.0 1
34.0 -5.0 1
373.0 -230.0 1
326.0 512.0 1
141.0 1363.0 1
-52.0 -108.0 1
84.0 779.0 1
201.0 1057.0 1
415.0 1216.0 1
63.0 652.0 1
58.0 865.0 1
467.0 1434.0 1
