194.0 -80.0 0
204.0 89.0 0
196.0 -81.0 0
289.0 4.0 0
199.0 38.0 0
58.0 566.0 0
133.0 471.0 0
258.0 1.0 0
354.0 136.0 0
201.0 354.0 0
358.0 91.0 0
268.0 287.0 0
290.0 1011.0 0
227.0 342.0 0
358.0 1233.0 0
246.0 651.0 0
222.0 598.0 0
183.0 604.0 0
59.0 249.0 0
201.0 510.0 0
79.0 566.0 0
65.0 196.0 0
76.0 361.0 0
270.0 588.0 0
126.0 551.0 0
107.0 671.0 0
235.0 147.0 0
121.0 948.0 0
185.0 849.0 0
53.0 1176.0 0
277.0 816.0 0
113.0 870.0 0
211.0 881.0 0
213.0 1298.0 0
55.0 768.0 0
295.0 714.0 0
87.0 310.0 0
299.0 1182.0 0
284.0 1117.0 0
125.0 1263.0 0
266.0 1177.0 0
179.0 1137.0 0
116.0 -95.0 0
116.0 421.0 0
119.0 211.0 0
135.0 398.0 0
215.0 149.0 0
171.0 662.0 0
155.0 586.0 0
265.0 671.0 0
288.0 868.0 0
114.0 805.0 0
178.0 934.0 0
233.0 1102.0 0
443.0 941.0 1
395.0 977.0 1
276.0 741.0 1
60.0 148.0 1
-61.0 1103.0 1
221.0 707.0 1
462.0 1373.0 1
44.0 85.0 1
438.0 446.0 1
-11.0 838.0 1
166.0 756.0 1
89.0 -175.0 1
321.0 559.0 1
262.0 1032.0 1
79.0 592.0 1
-42.0 413.0 1
34.0 906.0 1
425.0 1205.0 1
431.0 979.0 1
476.0 295.0 1
381.0 964.0 1
83.0 564.0 1
222.0 -273.0 1
112.0 159.0 1
400.0 829.0 1
38.0 468.0 1
-49.0 695.0 1
45.0 338.0 1
0.0 276.0 1
265.0 187.0 1
313.0 1383.0 1
86.0 883.0 1
120.0 1393.0 1
118.0 1013.0 1
23.0 91.0 1
307.0 1329.0 1
-47.0 1387.0 1
-14.0 990.0 1
396.0 68.0 1
186.0 -217.0 1
332.0 1268.0 1
25.0 1123.0 1
99.0 310.0 1
396.0 1441.0 1
464.0 303.0 1
464.0 288.0 1
-17.0 1234.0 1
52.0 944.0 1
371.0 1469.0 1
228.0 755.0 1
32.0 1005.0 1
469.0 956.0 1
-5.0 -137.0 1
254.0 1341.0 1
265.0 1410.0 1
54.0 927.0 1
255.0 1383.0 1
311.0 -20.0 1
-24.0 -213.0 1
146.0 1462.0 1
396.0 226.0 1
3.0 285.0 1
65.0 -226.0 1
42.0 1245.0 1
471.0 822.0 1
185.0 -166.0 1
18.0 571.0 1
35.0 -114.0 1
-66.0 712.0 1
312.0 1012.0 1
-46.0 415.0 1
266.0 1044.0 1
84.0 1483.0 1
423.0 51.0 1
-7.0 1311.0 1
475.0 1234.0 1
113.0 -143.0 1
42.0 159.0 1
2.0 -37.0 1
-30.0 561.0 1
126.0 1339.0 1
92.0 194.0 1
479.0 1383.0 1
-47.0 1126.0 1
262.0 788.0 1
6.0 836.0 1
463.0 1265.0 1
448.0 1331.0 1
375.0 -243.0 1
199.0 1468.0 1
428.0 6.0 1
248.0 725.0 1
21.0 757.0 1
381.0 1185.0 1
81.0 195.0 1
358.0 583.0 1
24.0 849.0 1
298.0 130.0 1
23.0 972.0 1
231.0 -163.0 1
58.0 328.0 1
-19.0 349.0 1
305.0 450.0 1
10.0 974.0 1
447.0 506.0 1
296.0 791.0 1
93.0 807.0 1
162.0 1385.0 1
316.0 1410.0 1
-21.0 1222.0 1
418.0 207.0 1
77.0 210.0 1
385.0 -93.0 1
462.0 1335.0 1
317.0 1300.0 1
61.0 790.0 1
167.0 133.0 1
-37.0 -121.0 1
198.0 1017.0 1
467.0 -226.0 1
305.0 77.0 1
30.0 1421.0 1
-13.0 511.0 1
93.0 29.0 1
443.0 656.0 1
479.0 -206.0 1
472.0 1103.0 1
378.0 6.0 1
155.0 487.0 1
221.0 1052.0 1
424.0 1319.0 1
100.0 1337.0 1
122.0 752.0 1
-63.0 391.0 1
434.0 198.0 1
452.0 -160.0 1
-13.0 778.0 1
453.0 1365.0 1
52.0 843.0 1
54.0 1159.0 1
28.0 1366.0 1
-42.0 -29.0 1
410.0 -134.0 1
140.0 1327.0 1
450.0 -27.0 1
16.0 1002.0 1
-32.0 719.0 1
279.0 1347.0 1
-64.0 614.0 1
482.0 849.0 1
102.0 464.0 1
-36.0 -53.0 1
326.0 274.0 1
-51.0 929.0 1
263.0 466.0 1
77.0 1327.0 1
-52.0 507.0 1
121.0 1030.0 1
234.0 1356.0 1
401.0 166.0 1
21.0 1151.0 1
324.0 916.0 1
441.0 896.0 1
-52.0 743.0 1
460.0 -273.0 1
394.0 616.0 1
348.0 604.0 1
-51.0 1099.0 1
353.0 30.0 1
-5.0 1231.0 1
184.0 -249.0 1
317.0 366.0 1
349.0 -3.0 1
-10.0 422.0 1
376.0 716.0 1
254.0 418.0 1
85.0 549.0 1
176.0 1359.0 1
391.0 1433.0 1
457.0 -275.0 1
19.0 -122.0 1
-4.0 1319.0 1
120.0 -268.0 1
331.0 10.0 1
441.0 1183.0 1
178.0 -102.0 1
334.0 837.0 1
327.0 434.0 1
246.0 116.0 1
-71.0 1024.0 1
124.0 -166.0 1
-34.0 -153.0 1
113.0 776.0 1
85.0 158.0 1
304.0 1424.0 1
413.0 -63.0 1
392.0 734.0 1
117.0 439.0 1
435.0 1338.0 1
447.0 575.0 1
9.0 1229.0 1
268.0 446.0 1
326.0 512.0 1
58.0 1270.0 1
362.0 611.0 1
141.0 1363.0 1
95.0 17.0 1
76.0 905.0 1
-84.0 720.0 1
81.0 1345.0 1
43.0 207.0 1
291.0 -189.0 1
11.0 -265.0 1
329.0 1228.0 1
435.0 227.0 1
316.0 56.0 1
-52.0 -108.0 1
84.0 779.0 1
201.0 1057.0 1
-74.0 511.0 1
246.0 1395.0 1
313.0 947.0 1
315.0 866.0 1
415.0 1216.0 1
461.0 1401.0 1
400.0 48.0 1
-39.0 639.0 1
63.0 652.0 1
396.0 784.0 1
423.0 1374.0 1
-63.0 774.0 1
-17.0 -205.0 1
58.0 865.0 1
-68.0 1298.0 1
78.0 -2.0 1
351.0 1017.0 1
-14.0 1237.0 1
57.0 1394.0 1
-37.0 1396.0 1
-31.0 352.0 1
439.0 713.0 1
434.0 829.0 1
-75.0 623.0 1
90.0 891.0 1
467.0 1434.0 1
183.0 1322.0 1
