268.0 287.0 0
121.0 948.0 0
321.0 472.0 0
59.0 249.0 0
258.0 1.0 0
135.0 398.0 0
266.0 1177.0 0
151.0 978.0 0
295.0 714.0 0
196.0 -81.0 0
-81.0 142.0 1
279.0 1457.0 1
467.0 -180.0 1
337.0 23.0 1
358.0 583.0 1
-4.0 1319.0 1
415.0 1216.0 1
6.0 425.0 1
199.0 1468.0 1
-47.0 1126.0 1
-49.0 695.0 1
437.0 1366.0 1
-39.0 660.0 1
-42.0 -29.0 1
3.0 285.0 1
375.0 -243.0 1
262.0 1032.0 1
54.0 1159.0 1
431.0 979.0 1
113.0 776.0 1
92.0 194.0 1
398.0 1079.0 1
30.0 1421.0 1
378.0 1403.0 1
324.0 916.0 1
410.0 -134.0 1
42.0 1245.0 1
126.0 1339.0 1
113.0 -143.0 1
355.0 765.0 1
72.0 828.0 1
-64.0 -230.0 1
336.0 398.0 1
16.0 1002.0 1
215.0 736.0 1
388.0 220.0 1
-27.0 367.0 1
473.0 1.0 1
395.0 1287.0 1
-26.0 796.0 1
38.0 468.0 1
56.0 553.0 1
61.0 927.0 1
327.0 1102.0 1
369.0 819.0 1
162.0 1385.0 1
418.0 454.0 1
-47.0 -107.0 1
264.0 156.0 1
476.0 295.0 1
