203.0 251.0 0
288.0 868.0 0
155.0 586.0 0
189.0 224.0 0
204.0 89.0 0
135.0 398.0 0
299.0 1182.0 0
151.0 978.0 0
277.0 78.0 0
358.0 1233.0 0
87.0 310.0 0
277.0 816.0 0
246.0 651.0 0
194.0 -80.0 0
284.0 1117.0 0
55.0 768.0 0
290.0 -57.0 0
222.0 598.0 0
114.0 805.0 0
53.0 1176.0 0
60.0 148.0 1
396.0 1441.0 1
410.0 -216.0 1
353.0 30.0 1
394.0 616.0 1
81.0 1345.0 1
425.0 1205.0 1
117.0 439.0 1
111.0 1448.0 1
4.0 1124.0 1
-84.0 720.0 1
479.0 1383.0 1
-47.0 1387.0 1
-75.0 623.0 1
34.0 -5.0 1
-50.0 267.0 1
375.0 -243.0 1
233.0 -253.0 1
221.0 1052.0 1
-56.0 1152.0 1
381.0 964.0 1
166.0 756.0 1
-47.0 -107.0 1
12.0 182.0 1
461.0 990.0 1
30.0 1421.0 1
461.0 1401.0 1
221.0 707.0 1
336.0 930.0 1
463.0 37.0 1
394.0 -165.0 1
84.0 779.0 1
9.0 1229.0 1
126.0 1339.0 1
472.0 1103.0 1
35.0 -114.0 1
42.0 159.0 1
429.0 742.0 1
61.0 790.0 1
234.0 1356.0 1
210.0 1423.0 1
65.0 -226.0 1
-83.0 682.0 1
321.0 381.0 1
10.0 974.0 1
54.0 927.0 1
185.0 1085.0 1
246.0 1395.0 1
421.0 343.0 1
400.0 829.0 1
67.0 1408.0 1
418.0 207.0 1
119.0 1031.0 1
-12.0 370.0 1
424.0 590.0 1
141.0 473.0 1
350.0 1320.0 1
5.0 792.0 1
14.0 443.0 1
58.0 1270.0 1
-34.0 -153.0 1
23.0 541.0 1
34.0 906.0 1
93.0 29.0 1
475.0 806.0 1
86.0 883.0 1
76.0 905.0 1
447.0 506.0 1
411.0 655.0 1
441.0 1183.0 1
-4.0 835.0 1
-11.0 838.0 1
390.0 203.0 1
291.0 -189.0 1
42.0 1245.0 1
28.0 508.0 1
120.0 -166.0 1
201.0 1057.0 1
323.0 28.0 1
-22.0 452.0 1
200.0 1391.0 1
438.0 1266.0 1
240.0 156.0 1
44.0 85.0 1
259.0 -179.0 1
255.0 1383.0 1
99.0 310.0 1
146.0 1435.0 1
462.0 1335.0 1
361.0 729.0 1
396.0 784.0 1
326.0 307.0 1
49.0 253.0 1
311.0 -13.0 1
82.0 367.0 1
327.0 434.0 1
95.0 -46.0 1
73.0 359.0 1
12.0 -146.0 1
25.0 1123.0 1
