187.0 34.0 0
201.0 733.0 0
116.0 -95.0 0
121.0 -38.0 0
116.0 56.0 0
116.0 421.0 0
119.0 211.0 0
135.0 398.0 0
215.0 149.0 0
171.0 662.0 0
96.0 -108.0 0
155.0 586.0 0
150.0 603.0 0
265.0 671.0 0
288.0 868.0 0
114.0 805.0 0
178.0 934.0 0
202.0 1159.0 0
341.0 1039.0 0
233.0 1102.0 0
141.0 473.0 1
122.0 1463.0 1
-34.0 -153.0 1
113.0 776.0 1
85.0 158.0 1
304.0 1424.0 1
82.0 367.0 1
293.0 1433.0 1
454.0 447.0 1
-83.0 682.0 1
72.0 828.0 1
413.0 -63.0 1
392.0 734.0 1
117.0 439.0 1
378.0 1403.0 1
435.0 1338.0 1
6.0 994.0 1
5.0 -76.0 1
447.0 575.0 1
9.0 1229.0 1
268.0 446.0 1
326.0 512.0 1
326.0 307.0 1
58.0 1270.0 1
-69.0 1043.0 1
362.0 611.0 1
141.0 1363.0 1
410.0 359.0 1
264.0 156.0 1
95.0 17.0 1
336.0 1116.0 1
-76.0 1370.0 1
5.0 792.0 1
76.0 905.0 1
-84.0 720.0 1
467.0 1064.0 1
81.0 1345.0 1
337.0 23.0 1
458.0 -242.0 1
43.0 207.0 1
291.0 -189.0 1
-27.0 367.0 1
11.0 -265.0 1
329.0 1228.0 1
111.0 1448.0 1
435.0 227.0 1
316.0 56.0 1
369.0 819.0 1
-52.0 -108.0 1
-68.0 1352.0 1
84.0 779.0 1
201.0 1057.0 1
-74.0 511.0 1
309.0 1142.0 1
246.0 1395.0 1
-12.0 370.0 1
313.0 947.0 1
315.0 866.0 1
463.0 -206.0 1
-83.0 687.0 1
415.0 1216.0 1
437.0 1366.0 1
-39.0 660.0 1
311.0 1085.0 1
311.0 -13.0 1
461.0 1401.0 1
400.0 48.0 1
-39.0 639.0 1
-22.0 452.0 1
63.0 652.0 1
396.0 784.0 1
423.0 1374.0 1
-63.0 774.0 1
-17.0 -205.0 1
432.0 103.0 1
-48.0 923.0 1
58.0 865.0 1
-68.0 1298.0 1
78.0 -2.0 1
410.0 -216.0 1
351.0 1017.0 1
-14.0 1237.0 1
184.0 495.0 1
57.0 1394.0 1
238.0 147.0 1
-37.0 1396.0 1
-31.0 352.0 1
426.0 596.0 1
439.0 713.0 1
46.0 1461.0 1
434.0 829.0 1
-47.0 -107.0 1
94.0 572.0 1
-75.0 623.0 1
90.0 891.0 1
467.0 1434.0 1
283.0 179.0 1
183.0 1322.0 1
128.0 1400.0 1
401.0 171.0 1
