237.0 287.0 0
178.0 934.0 0
133.0 471.0 0
87.0 182.0 0
187.0 34.0 0
116.0 421.0 0
290.0 1202.0 0
290.0 1011.0 0
112.0 673.0 0
152.0 -97.0 0
-23.0 108.0 1
344.0 1461.0 1
479.0 -206.0 1
331.0 10.0 1
362.0 611.0 1
2.0 1345.0 1
475.0 1234.0 1
115.0 426.0 1
122.0 1463.0 1
-52.0 1104.0 1
-32.0 719.0 1
453.0 1365.0 1
-9.0 639.0 1
2.0 -37.0 1
0.0 276.0 1
457.0 -275.0 1
266.0 1044.0 1
21.0 1151.0 1
443.0 941.0 1
137.0 791.0 1
77.0 210.0 1
376.0 1007.0 1
26.0 1440.0 1
480.0 1442.0 1
441.0 896.0 1
345.0 -83.0 1
-17.0 1234.0 1
100.0 1337.0 1
104.0 -137.0 1
393.0 743.0 1
54.0 797.0 1
-24.0 -213.0 1
254.0 418.0 1
6.0 994.0 1
156.0 702.0 1
419.0 227.0 1
-19.0 349.0 1
467.0 41.0 1
317.0 1300.0 1
-63.0 774.0 1
138.0 463.0 1
83.0 564.0 1
-48.0 923.0 1
178.0 1099.0 1
471.0 822.0 1
234.0 1356.0 1
408.0 523.0 1
-13.0 -100.0 1
401.0 165.0 1
440.0 315.0 1
