186.0 290.0 0
274.0 931.0 0
201.0 510.0 0
65.0 196.0 0
199.0 38.0 0
297.0 426.0 0
257.0 1215.0 0
288.0 1016.0 0
107.0 671.0 0
116.0 -95.0 0
-10.0 120.0 1
355.0 1457.0 1
463.0 -206.0 1
358.0 14.0 1
348.0 604.0 1
-4.0 1345.0 1
482.0 1228.0 1
80.0 417.0 1
146.0 1462.0 1
-51.0 1099.0 1
-17.0 710.0 1
462.0 1373.0 1
-13.0 637.0 1
9.0 -23.0 1
7.0 269.0 1
460.0 -273.0 1
302.0 1046.0 1
-4.0 1168.0 1
430.0 949.0 1
178.0 787.0 1
43.0 207.0 1
412.0 1018.0 1
-68.0 1457.0 1
467.0 1434.0 1
387.0 901.0 1
385.0 -93.0 1
-14.0 1237.0 1
77.0 1327.0 1
77.0 -128.0 1
382.0 752.0 1
56.0 812.0 1
-17.0 -205.0 1
236.0 402.0 1
-14.0 990.0 1
221.0 707.0 1
435.0 227.0 1
-31.0 352.0 1
463.0 37.0 1
315.0 1284.0 1
-56.0 779.0 1
102.0 464.0 1
94.0 572.0 1
-51.0 929.0 1
185.0 1085.0 1
434.0 829.0 1
207.0 1355.0 1
447.0 506.0 1
5.0 -76.0 1
401.0 166.0 1
421.0 343.0 1
