201.0 354.0 0
161.0 977.0 0
270.0 588.0 0
116.0 56.0 0
358.0 91.0 0
171.0 662.0 0
202.0 1159.0 0
277.0 816.0 0
113.0 870.0 0
213.0 1298.0 0
12.0 182.0 1
370.0 1411.0 1
394.0 -165.0 1
400.0 48.0 1
412.0 634.0 1
-7.0 1311.0 1
438.0 1266.0 1
82.0 367.0 1
78.0 1430.0 1
-3.0 1049.0 1
-83.0 682.0 1
448.0 1331.0 1
-30.0 561.0 1
-42.0 -60.0 1
17.0 336.0 1
120.0 -268.0 1
198.0 1017.0 1
-7.0 1231.0 1
461.0 990.0 1
149.0 752.0 1
364.0 207.0 1
121.0 1030.0 1
67.0 1408.0 1
255.0 1383.0 1
482.0 849.0 1
169.0 -144.0 1
-70.0 1324.0 1
176.0 1359.0 1
89.0 -175.0 1
228.0 755.0 1
6.0 836.0 1
120.0 -166.0 1
263.0 466.0 1
-12.0 931.0 1
482.0 717.0 1
464.0 288.0 1
99.0 310.0 1
95.0 17.0 1
244.0 1342.0 1
24.0 849.0 1
184.0 495.0 1
321.0 559.0 1
86.0 883.0 1
441.0 1183.0 1
458.0 536.0 1
326.0 512.0 1
-52.0 507.0 1
204.0 -186.0 1
167.0 133.0 1
259.0 -179.0 1
