194.0 -80.0 0
204.0 89.0 0
196.0 -81.0 0
199.0 38.0 0
58.0 566.0 0
277.0 78.0 0
152.0 -97.0 0
133.0 471.0 0
258.0 1.0 0
69.0 879.0 0
354.0 136.0 0
201.0 354.0 0
268.0 287.0 0
203.0 251.0 0
189.0 224.0 0
184.0 340.0 0
84.0 -1.0 0
59.0 249.0 0
201.0 510.0 0
79.0 566.0 0
270.0 588.0 0
107.0 671.0 0
121.0 948.0 0
291.0 867.0 0
185.0 849.0 0
53.0 1176.0 0
161.0 977.0 0
315.0 451.0 0
113.0 870.0 0
267.0 850.0 0
211.0 881.0 0
151.0 978.0 0
213.0 1298.0 0
238.0 1169.0 0
290.0 1202.0 0
284.0 1117.0 0
125.0 1263.0 0
266.0 1177.0 0
121.0 -38.0 0
116.0 56.0 0
116.0 421.0 0
215.0 149.0 0
96.0 -108.0 0
155.0 586.0 0
288.0 868.0 0
341.0 1039.0 0
104.0 -137.0 1
361.0 729.0 1
275.0 1034.0 1
60.0 148.0 1
204.0 -186.0 1
-50.0 267.0 1
344.0 1222.0 1
221.0 707.0 1
46.0 522.0 1
27.0 828.0 1
475.0 806.0 1
462.0 1373.0 1
93.0 761.0 1
26.0 1440.0 1
255.0 112.0 1
-68.0 1457.0 1
44.0 85.0 1
4.0 1124.0 1
-11.0 838.0 1
463.0 37.0 1
419.0 227.0 1
-52.0 1104.0 1
262.0 1032.0 1
34.0 906.0 1
381.0 964.0 1
240.0 156.0 1
458.0 1215.0 1
12.0 533.0 1
-64.0 1306.0 1
146.0 1476.0 1
83.0 564.0 1
-56.0 779.0 1
222.0 -273.0 1
314.0 940.0 1
38.0 468.0 1
482.0 1228.0 1
-49.0 695.0 1
14.0 443.0 1
0.0 276.0 1
149.0 752.0 1
265.0 187.0 1
313.0 1383.0 1
255.0 738.0 1
120.0 1393.0 1
404.0 1188.0 1
118.0 1013.0 1
358.0 14.0 1
23.0 91.0 1
307.0 1329.0 1
382.0 752.0 1
323.0 28.0 1
396.0 68.0 1
186.0 -217.0 1
259.0 -179.0 1
25.0 1123.0 1
56.0 -5.0 1
478.0 819.0 1
327.0 929.0 1
-47.0 1365.0 1
-23.0 108.0 1
178.0 787.0 1
142.0 451.0 1
52.0 944.0 1
327.0 1102.0 1
231.0 1323.0 1
32.0 1005.0 1
254.0 1341.0 1
-55.0 1308.0 1
233.0 -253.0 1
-24.0 -213.0 1
335.0 529.0 1
146.0 1462.0 1
396.0 226.0 1
65.0 -226.0 1
458.0 536.0 1
-72.0 450.0 1
471.0 822.0 1
185.0 -166.0 1
35.0 -114.0 1
72.0 1421.0 1
312.0 1012.0 1
185.0 1085.0 1
-46.0 415.0 1
423.0 51.0 1
475.0 1234.0 1
113.0 -143.0 1
42.0 159.0 1
2.0 -37.0 1
418.0 454.0 1
77.0 -128.0 1
126.0 1339.0 1
92.0 194.0 1
9.0 486.0 1
-47.0 1126.0 1
6.0 836.0 1
429.0 742.0 1
448.0 1331.0 1
-17.0 710.0 1
375.0 -243.0 1
199.0 1468.0 1
428.0 6.0 1
480.0 1442.0 1
21.0 757.0 1
381.0 1185.0 1
62.0 1333.0 1
-9.0 639.0 1
-13.0 -100.0 1
421.0 343.0 1
156.0 1011.0 1
231.0 -163.0 1
302.0 1046.0 1
69.0 714.0 1
305.0 450.0 1
10.0 974.0 1
93.0 807.0 1
162.0 1385.0 1
316.0 1410.0 1
-21.0 1222.0 1
478.0 1087.0 1
418.0 207.0 1
77.0 210.0 1
385.0 -93.0 1
364.0 207.0 1
236.0 402.0 1
482.0 717.0 1
376.0 1007.0 1
61.0 790.0 1
370.0 1411.0 1
198.0 1017.0 1
467.0 -226.0 1
207.0 1355.0 1
305.0 77.0 1
30.0 1421.0 1
17.0 1196.0 1
-13.0 511.0 1
296.0 411.0 1
391.0 1411.0 1
7.0 269.0 1
378.0 178.0 1
479.0 -206.0 1
472.0 1103.0 1
155.0 487.0 1
475.0 1278.0 1
9.0 -23.0 1
336.0 930.0 1
100.0 1337.0 1
-76.0 1185.0 1
122.0 752.0 1
-63.0 391.0 1
434.0 198.0 1
452.0 -160.0 1
260.0 -144.0 1
467.0 41.0 1
453.0 1365.0 1
38.0 991.0 1
52.0 843.0 1
5.0 169.0 1
45.0 167.0 1
-53.0 1405.0 1
254.0 -247.0 1
120.0 -166.0 1
450.0 -27.0 1
-32.0 719.0 1
355.0 765.0 1
-64.0 614.0 1
119.0 1031.0 1
430.0 949.0 1
355.0 1457.0 1
-36.0 -53.0 1
-51.0 929.0 1
263.0 466.0 1
77.0 1327.0 1
121.0 1030.0 1
234.0 1356.0 1
12.0 -146.0 1
408.0 523.0 1
21.0 1151.0 1
324.0 916.0 1
441.0 896.0 1
-4.0 835.0 1
6.0 425.0 1
-52.0 743.0 1
348.0 604.0 1
-51.0 1099.0 1
353.0 30.0 1
1.0 677.0 1
215.0 736.0 1
60.0 20.0 1
49.0 844.0 1
438.0 1266.0 1
349.0 -3.0 1
-4.0 1168.0 1
69.0 258.0 1
-10.0 422.0 1
391.0 370.0 1
39.0 318.0 1
91.0 -163.0 1
85.0 549.0 1
279.0 1457.0 1
49.0 253.0 1
391.0 1433.0 1
19.0 -122.0 1
-4.0 1319.0 1
390.0 203.0 1
-66.0 1344.0 1
331.0 10.0 1
178.0 -102.0 1
334.0 837.0 1
6.0 356.0 1
34.0 -5.0 1
-71.0 1024.0 1
124.0 -166.0 1
373.0 -230.0 1
141.0 473.0 1
122.0 1463.0 1
-34.0 -153.0 1
82.0 367.0 1
293.0 1433.0 1
454.0 447.0 1
378.0 1403.0 1
9.0 1229.0 1
268.0 446.0 1
326.0 512.0 1
58.0 1270.0 1
141.0 1363.0 1
410.0 359.0 1
95.0 17.0 1
-84.0 720.0 1
467.0 1064.0 1
337.0 23.0 1
458.0 -242.0 1
11.0 -265.0 1
-68.0 1352.0 1
201.0 1057.0 1
-74.0 511.0 1
309.0 1142.0 1
313.0 947.0 1
315.0 866.0 1
463.0 -206.0 1
415.0 1216.0 1
437.0 1366.0 1
-22.0 452.0 1
78.0 -2.0 1
-14.0 1237.0 1
57.0 1394.0 1
-37.0 1396.0 1
426.0 596.0 1
439.0 713.0 1
46.0 1461.0 1
434.0 829.0 1
-75.0 623.0 1
90.0 891.0 1
183.0 1322.0 1
128.0 1400.0 1
