289.0 4.0 0
69.0 879.0 0
268.0 287.0 0
203.0 251.0 0
79.0 566.0 0
270.0 588.0 0
126.0 551.0 0
267.0 898.0 0
125.0 1263.0 0
135.0 398.0 0
-42.0 413.0 1
431.0 979.0 1
-49.0 695.0 1
404.0 1188.0 1
178.0 1099.0 1
478.0 819.0 1
398.0 1079.0 1
254.0 1341.0 1
103.0 1431.0 1
-60.0 199.0 1
-55.0 1308.0 1
54.0 927.0 1
311.0 -20.0 1
471.0 822.0 1
84.0 1483.0 1
92.0 194.0 1
-47.0 1126.0 1
358.0 583.0 1
395.0 1287.0 1
316.0 1410.0 1
385.0 -93.0 1
482.0 717.0 1
-42.0 -60.0 1
93.0 29.0 1
-76.0 1185.0 1
5.0 169.0 1
-53.0 1405.0 1
28.0 1366.0 1
120.0 -166.0 1
450.0 -27.0 1
16.0 1002.0 1
12.0 -146.0 1
21.0 1151.0 1
85.0 549.0 1
279.0 1457.0 1
120.0 -268.0 1
331.0 10.0 1
441.0 1183.0 1
-71.0 1024.0 1
117.0 439.0 1
435.0 1338.0 1
76.0 905.0 1
291.0 -189.0 1
-74.0 511.0 1
400.0 48.0 1
-63.0 774.0 1
-68.0 1298.0 1
78.0 -2.0 1
-14.0 1237.0 1
57.0 1394.0 1
