189.0 224.0 0
171.0 886.0 0
183.0 604.0 0
354.0 136.0 0
353.0 -14.0 0
265.0 671.0 0
172.0 1245.0 0
185.0 849.0 0
177.0 825.0 0
125.0 1263.0 0
45.0 167.0 1
304.0 1424.0 1
373.0 -230.0 1
311.0 -13.0 1
443.0 622.0 1
-47.0 1365.0 1
475.0 1278.0 1
14.0 443.0 1
103.0 1431.0 1
69.0 1074.0 1
-83.0 687.0 1
435.0 1338.0 1
18.0 571.0 1
95.0 -46.0 1
39.0 318.0 1
184.0 -249.0 1
351.0 1017.0 1
-5.0 1231.0 1
336.0 930.0 1
289.0 780.0 1
265.0 187.0 1
472.0 1103.0 1
-76.0 1370.0 1
246.0 1395.0 1
334.0 837.0 1
231.0 -163.0 1
-64.0 1306.0 1
188.0 1348.0 1
-37.0 -121.0 1
276.0 741.0 1
5.0 792.0 1
186.0 -217.0 1
305.0 450.0 1
-71.0 1024.0 1
316.0 645.0 1
378.0 178.0 1
58.0 328.0 1
93.0 29.0 1
254.0 1341.0 1
-11.0 838.0 1
179.0 494.0 1
28.0 508.0 1
90.0 891.0 1
404.0 1188.0 1
447.0 575.0 1
335.0 529.0 1
410.0 359.0 1
185.0 -166.0 1
255.0 112.0 1
291.0 -189.0 1
