227.0 342.0 0
268.0 858.0 0
315.0 451.0 0
204.0 89.0 0
121.0 -38.0 0
246.0 651.0 0
213.0 1253.0 0
267.0 850.0 0
168.0 789.0 0
53.0 1176.0 0
42.0 159.0 1
293.0 1433.0 1
365.0 -188.0 1
428.0 6.0 1
424.0 590.0 1
62.0 1333.0 1
344.0 1222.0 1
-42.0 413.0 1
84.0 1483.0 1
-69.0 1043.0 1
-52.0 743.0 1
425.0 1346.0 1
79.0 592.0 1
-36.0 -53.0 1
-39.0 225.0 1
284.0 -227.0 1
201.0 1057.0 1
-21.0 1222.0 1
314.0 940.0 1
296.0 791.0 1
260.0 187.0 1
118.0 1013.0 1
-19.0 1388.0 1
313.0 1383.0 1
400.0 829.0 1
311.0 -20.0 1
-55.0 1308.0 1
141.0 1363.0 1
91.0 -163.0 1
376.0 716.0 1
49.0 844.0 1
11.0 -265.0 1
317.0 366.0 1
31.0 974.0 1
456.0 713.0 1
401.0 171.0 1
-63.0 391.0 1
305.0 77.0 1
279.0 1347.0 1
-4.0 835.0 1
-22.0 452.0 1
-6.0 522.0 1
73.0 895.0 1
381.0 1185.0 1
411.0 655.0 1
57.0 1394.0 1
-13.0 511.0 1
-58.0 48.0 1
246.0 116.0 1
-74.0 511.0 1
