268.0 287.0 0
121.0 948.0 0
321.0 472.0 0
59.0 249.0 0
116.0 56.0 0
216.0 387.0 0
266.0 1177.0 0
161.0 977.0 0
215.0 149.0 0
213.0 1298.0 0
76.0 361.0 0
185.0 849.0 0
265.0 671.0 0
196.0 -81.0 0
233.0 1102.0 0
168.0 789.0 0
84.0 -1.0 0
183.0 604.0 0
211.0 881.0 0
177.0 825.0 0
-81.0 142.0 1
279.0 1457.0 1
467.0 -180.0 1
337.0 23.0 1
358.0 583.0 1
-4.0 1319.0 1
415.0 1216.0 1
6.0 425.0 1
199.0 1468.0 1
-47.0 1126.0 1
-49.0 695.0 1
437.0 1366.0 1
-70.0 1324.0 1
-39.0 660.0 1
-42.0 -29.0 1
3.0 285.0 1
458.0 -242.0 1
184.0 -249.0 1
262.0 1032.0 1
54.0 1159.0 1
431.0 979.0 1
113.0 776.0 1
-51.0 -93.0 1
92.0 194.0 1
312.0 1012.0 1
-53.0 1405.0 1
392.0 1436.0 1
122.0 752.0 1
324.0 916.0 1
450.0 -27.0 1
410.0 -134.0 1
21.0 757.0 1
-5.0 1231.0 1
140.0 1327.0 1
398.0 1079.0 1
113.0 -143.0 1
45.0 167.0 1
355.0 765.0 1
72.0 828.0 1
141.0 1363.0 1
265.0 1410.0 1
-64.0 -230.0 1
18.0 571.0 1
336.0 398.0 1
16.0 1002.0 1
52.0 944.0 1
336.0 1116.0 1
313.0 1383.0 1
410.0 359.0 1
369.0 819.0 1
-37.0 1396.0 1
388.0 220.0 1
69.0 1074.0 1
-27.0 367.0 1
426.0 596.0 1
138.0 463.0 1
395.0 1287.0 1
-26.0 796.0 1
155.0 487.0 1
-7.0 1311.0 1
-13.0 -100.0 1
56.0 553.0 1
61.0 927.0 1
60.0 20.0 1
482.0 849.0 1
24.0 849.0 1
395.0 977.0 1
408.0 523.0 1
316.0 645.0 1
404.0 1188.0 1
255.0 738.0 1
27.0 828.0 1
378.0 178.0 1
260.0 -144.0 1
-21.0 1222.0 1
46.0 522.0 1
124.0 -166.0 1
198.0 1017.0 1
255.0 112.0 1
-72.0 450.0 1
162.0 1385.0 1
231.0 1323.0 1
264.0 156.0 1
238.0 147.0 1
186.0 -217.0 1
307.0 1329.0 1
17.0 336.0 1
72.0 1421.0 1
425.0 1346.0 1
376.0 716.0 1
296.0 791.0 1
440.0 315.0 1
434.0 198.0 1
432.0 103.0 1
-63.0 391.0 1
335.0 529.0 1
-58.0 48.0 1
443.0 656.0 1
169.0 -199.0 1
178.0 1099.0 1
