204.0 89.0 0
133.0 471.0 0
297.0 426.0 0
358.0 1233.0 0
161.0 977.0 0
113.0 870.0 0
267.0 850.0 0
274.0 931.0 0
290.0 1202.0 0
96.0 -108.0 0
395.0 977.0 1
361.0 729.0 1
48.0 -28.0 1
276.0 741.0 1
463.0 37.0 1
321.0 559.0 1
146.0 1435.0 1
476.0 295.0 1
45.0 338.0 1
86.0 883.0 1
56.0 -5.0 1
228.0 755.0 1
469.0 956.0 1
72.0 1421.0 1
-7.0 1311.0 1
113.0 -143.0 1
-6.0 522.0 1
428.0 6.0 1
440.0 315.0 1
350.0 1320.0 1
341.0 852.0 1
316.0 645.0 1
479.0 -206.0 1
23.0 541.0 1
9.0 -23.0 1
424.0 1319.0 1
-7.0 1231.0 1
-63.0 391.0 1
80.0 417.0 1
45.0 167.0 1
54.0 1159.0 1
-42.0 -29.0 1
402.0 614.0 1
394.0 616.0 1
215.0 736.0 1
391.0 370.0 1
391.0 1433.0 1
-13.0 637.0 1
124.0 -166.0 1
304.0 1424.0 1
5.0 -76.0 1
58.0 1270.0 1
-69.0 1043.0 1
-76.0 1370.0 1
467.0 1064.0 1
369.0 819.0 1
-83.0 687.0 1
-39.0 660.0 1
410.0 -216.0 1
128.0 1400.0 1
