290.0 -57.0 0
194.0 -80.0 0
58.0 566.0 0
201.0 354.0 0
358.0 91.0 0
203.0 251.0 0
189.0 224.0 0
186.0 290.0 0
84.0 -1.0 0
201.0 510.0 0
79.0 566.0 0
65.0 196.0 0
107.0 671.0 0
235.0 147.0 0
121.0 948.0 0
315.0 451.0 0
55.0 768.0 0
284.0 1117.0 0
353.0 -14.0 0
179.0 1137.0 0
104.0 -137.0 1
443.0 941.0 1
395.0 977.0 1
361.0 729.0 1
48.0 -28.0 1
275.0 1034.0 1
289.0 780.0 1
60.0 148.0 1
344.0 1222.0 1
475.0 806.0 1
93.0 761.0 1
26.0 1440.0 1
56.0 553.0 1
463.0 37.0 1
-52.0 1104.0 1
79.0 592.0 1
61.0 927.0 1
240.0 156.0 1
-64.0 1306.0 1
247.0 1098.0 1
314.0 940.0 1
38.0 468.0 1
45.0 338.0 1
313.0 1383.0 1
23.0 91.0 1
382.0 752.0 1
56.0 -5.0 1
-47.0 1365.0 1
464.0 303.0 1
464.0 288.0 1
327.0 1102.0 1
231.0 1323.0 1
78.0 1430.0 1
-60.0 199.0 1
265.0 1410.0 1
311.0 -20.0 1
-24.0 -213.0 1
65.0 -226.0 1
-3.0 1049.0 1
185.0 1085.0 1
-7.0 1311.0 1
475.0 1234.0 1
0.0 256.0 1
77.0 -128.0 1
-30.0 561.0 1
344.0 1461.0 1
6.0 836.0 1
463.0 1265.0 1
-6.0 522.0 1
381.0 1185.0 1
421.0 343.0 1
58.0 328.0 1
302.0 1046.0 1
156.0 702.0 1
69.0 714.0 1
10.0 974.0 1
447.0 506.0 1
-21.0 1222.0 1
462.0 1335.0 1
376.0 1007.0 1
61.0 790.0 1
370.0 1411.0 1
-42.0 -60.0 1
207.0 1355.0 1
73.0 895.0 1
296.0 411.0 1
391.0 1411.0 1
378.0 178.0 1
378.0 6.0 1
149.0 426.0 1
336.0 930.0 1
434.0 198.0 1
52.0 843.0 1
2.0 1345.0 1
28.0 1366.0 1
-10.0 120.0 1
482.0 849.0 1
355.0 1457.0 1
-51.0 929.0 1
-52.0 507.0 1
121.0 1030.0 1
441.0 896.0 1
460.0 -273.0 1
-51.0 1099.0 1
353.0 30.0 1
215.0 736.0 1
49.0 844.0 1
317.0 366.0 1
-4.0 1168.0 1
-10.0 422.0 1
384.0 375.0 1
91.0 -163.0 1
149.0 1394.0 1
284.0 -227.0 1
391.0 1433.0 1
19.0 -122.0 1
390.0 203.0 1
6.0 356.0 1
137.0 791.0 1
373.0 -230.0 1
