237.0 287.0 0
178.0 934.0 0
133.0 471.0 0
87.0 182.0 0
187.0 34.0 0
315.0 451.0 0
290.0 1202.0 0
290.0 1011.0 0
358.0 91.0 0
172.0 1245.0 0
184.0 340.0 0
268.0 858.0 0
112.0 673.0 0
152.0 -97.0 0
202.0 1159.0 0
201.0 733.0 0
289.0 4.0 0
79.0 566.0 0
113.0 870.0 0
292.0 238.0 0
-23.0 108.0 1
344.0 1461.0 1
479.0 -206.0 1
331.0 10.0 1
362.0 611.0 1
2.0 1345.0 1
475.0 1234.0 1
115.0 426.0 1
122.0 1463.0 1
-52.0 1104.0 1
-32.0 719.0 1
453.0 1365.0 1
-47.0 1365.0 1
-9.0 639.0 1
2.0 -37.0 1
0.0 276.0 1
457.0 -275.0 1
222.0 -273.0 1
266.0 1044.0 1
21.0 1151.0 1
443.0 941.0 1
137.0 791.0 1
-36.0 -53.0 1
77.0 210.0 1
351.0 1017.0 1
46.0 1461.0 1
480.0 1442.0 1
156.0 702.0 1
441.0 896.0 1
473.0 1.0 1
345.0 -83.0 1
228.0 755.0 1
-17.0 1234.0 1
62.0 1333.0 1
464.0 1083.0 1
104.0 -137.0 1
-39.0 225.0 1
393.0 743.0 1
54.0 797.0 1
207.0 1355.0 1
304.0 1424.0 1
-24.0 -213.0 1
-30.0 561.0 1
254.0 418.0 1
6.0 994.0 1
23.0 972.0 1
327.0 1102.0 1
391.0 1411.0 1
391.0 370.0 1
334.0 837.0 1
-19.0 1388.0 1
419.0 227.0 1
-69.0 1043.0 1
-19.0 349.0 1
443.0 622.0 1
268.0 446.0 1
317.0 1300.0 1
-63.0 774.0 1
38.0 468.0 1
-64.0 1306.0 1
-52.0 -108.0 1
83.0 564.0 1
-48.0 923.0 1
56.0 -5.0 1
471.0 822.0 1
49.0 844.0 1
313.0 947.0 1
458.0 536.0 1
1.0 677.0 1
329.0 1228.0 1
13.0 757.0 1
90.0 891.0 1
401.0 165.0 1
365.0 -188.0 1
-76.0 1185.0 1
-13.0 511.0 1
169.0 -144.0 1
118.0 1013.0 1
316.0 56.0 1
-74.0 511.0 1
120.0 1393.0 1
183.0 1322.0 1
265.0 187.0 1
112.0 159.0 1
284.0 -227.0 1
244.0 1342.0 1
45.0 338.0 1
78.0 1430.0 1
448.0 1331.0 1
439.0 713.0 1
276.0 741.0 1
464.0 288.0 1
364.0 207.0 1
400.0 48.0 1
-46.0 415.0 1
179.0 494.0 1
298.0 130.0 1
438.0 446.0 1
91.0 -163.0 1
463.0 1265.0 1
