223.0 763.0 0
290.0 -57.0 0
289.0 4.0 0
133.0 34.0 0
168.0 789.0 0
216.0 387.0 0
292.0 238.0 0
358.0 91.0 0
290.0 1011.0 0
186.0 290.0 0
237.0 287.0 0
297.0 426.0 0
153.0 307.0 0
288.0 1016.0 0
227.0 342.0 0
358.0 1233.0 0
246.0 651.0 0
222.0 598.0 0
183.0 604.0 0
65.0 196.0 0
76.0 361.0 0
126.0 551.0 0
235.0 147.0 0
112.0 673.0 0
321.0 472.0 0
267.0 898.0 0
177.0 825.0 0
171.0 886.0 0
277.0 816.0 0
274.0 931.0 0
268.0 858.0 0
55.0 768.0 0
295.0 714.0 0
87.0 310.0 0
299.0 1182.0 0
87.0 182.0 0
172.0 1245.0 0
353.0 -14.0 0
213.0 1253.0 0
242.0 1245.0 0
257.0 1215.0 0
179.0 1137.0 0
187.0 34.0 0
201.0 733.0 0
116.0 -95.0 0
119.0 211.0 0
135.0 398.0 0
171.0 662.0 0
150.0 603.0 0
265.0 671.0 0
114.0 805.0 0
178.0 934.0 0
202.0 1159.0 0
233.0 1102.0 0
443.0 941.0 1
395.0 977.0 1
48.0 -28.0 1
-56.0 1152.0 1
276.0 741.0 1
411.0 655.0 1
289.0 780.0 1
-61.0 1103.0 1
-26.0 796.0 1
56.0 553.0 1
438.0 446.0 1
-79.0 1187.0 1
166.0 756.0 1
89.0 -175.0 1
321.0 559.0 1
79.0 592.0 1
146.0 1435.0 1
61.0 927.0 1
-42.0 413.0 1
315.0 1284.0 1
138.0 463.0 1
425.0 1205.0 1
431.0 979.0 1
476.0 295.0 1
69.0 1074.0 1
247.0 1098.0 1
112.0 159.0 1
400.0 829.0 1
45.0 338.0 1
86.0 883.0 1
73.0 359.0 1
-47.0 1387.0 1
-12.0 931.0 1
179.0 494.0 1
-14.0 990.0 1
332.0 1268.0 1
99.0 310.0 1
178.0 1099.0 1
396.0 1441.0 1
464.0 303.0 1
95.0 -46.0 1
464.0 288.0 1
394.0 -165.0 1
-17.0 1234.0 1
467.0 -180.0 1
371.0 1469.0 1
228.0 755.0 1
473.0 1.0 1
398.0 1079.0 1
210.0 1423.0 1
412.0 1018.0 1
78.0 1430.0 1
469.0 956.0 1
-5.0 -137.0 1
321.0 381.0 1
103.0 1431.0 1
-60.0 199.0 1
265.0 1410.0 1
-19.0 1388.0 1
54.0 927.0 1
461.0 990.0 1
255.0 1383.0 1
311.0 -20.0 1
3.0 285.0 1
42.0 1245.0 1
418.0 605.0 1
18.0 571.0 1
365.0 -188.0 1
-66.0 712.0 1
-3.0 1049.0 1
19.0 1187.0 1
266.0 1044.0 1
84.0 1483.0 1
67.0 1408.0 1
-7.0 1311.0 1
0.0 256.0 1
-64.0 -230.0 1
456.0 713.0 1
-30.0 561.0 1
345.0 -83.0 1
479.0 1383.0 1
262.0 788.0 1
344.0 1461.0 1
169.0 -144.0 1
463.0 1265.0 1
-6.0 522.0 1
387.0 901.0 1
248.0 725.0 1
81.0 195.0 1
358.0 583.0 1
440.0 315.0 1
24.0 849.0 1
28.0 508.0 1
-6.0 807.0 1
395.0 1287.0 1
298.0 130.0 1
23.0 972.0 1
350.0 1320.0 1
188.0 1348.0 1
341.0 852.0 1
58.0 328.0 1
244.0 1342.0 1
156.0 702.0 1
-19.0 349.0 1
1.0 -219.0 1
447.0 506.0 1
296.0 791.0 1
316.0 645.0 1
393.0 743.0 1
462.0 1335.0 1
31.0 974.0 1
459.0 -281.0 1
317.0 1300.0 1
167.0 133.0 1
-37.0 -121.0 1
-42.0 -60.0 1
464.0 1083.0 1
73.0 895.0 1
260.0 187.0 1
115.0 426.0 1
169.0 -199.0 1
93.0 29.0 1
443.0 656.0 1
412.0 634.0 1
378.0 6.0 1
23.0 541.0 1
221.0 1052.0 1
424.0 590.0 1
424.0 1319.0 1
-7.0 1231.0 1
149.0 426.0 1
392.0 1436.0 1
56.0 812.0 1
92.0 1248.0 1
-13.0 778.0 1
-39.0 225.0 1
2.0 1345.0 1
80.0 417.0 1
54.0 1159.0 1
-81.0 142.0 1
28.0 1366.0 1
-42.0 -29.0 1
410.0 -134.0 1
-10.0 120.0 1
140.0 1327.0 1
16.0 1002.0 1
279.0 1347.0 1
482.0 849.0 1
102.0 464.0 1
402.0 614.0 1
326.0 274.0 1
200.0 1391.0 1
-52.0 507.0 1
401.0 166.0 1
-70.0 1324.0 1
460.0 -273.0 1
331.0 888.0 1
394.0 616.0 1
425.0 1346.0 1
-5.0 1231.0 1
184.0 -249.0 1
317.0 366.0 1
12.0 182.0 1
401.0 165.0 1
205.0 1315.0 1
54.0 797.0 1
13.0 757.0 1
384.0 375.0 1
376.0 716.0 1
254.0 418.0 1
149.0 1394.0 1
388.0 220.0 1
284.0 -227.0 1
176.0 1359.0 1
457.0 -275.0 1
443.0 622.0 1
-13.0 637.0 1
336.0 398.0 1
17.0 336.0 1
-58.0 48.0 1
-51.0 -93.0 1
120.0 -268.0 1
-4.0 1345.0 1
441.0 1183.0 1
327.0 434.0 1
246.0 116.0 1
137.0 791.0 1
113.0 776.0 1
85.0 158.0 1
304.0 1424.0 1
-83.0 682.0 1
72.0 828.0 1
413.0 -63.0 1
392.0 734.0 1
117.0 439.0 1
435.0 1338.0 1
6.0 994.0 1
5.0 -76.0 1
447.0 575.0 1
326.0 307.0 1
-69.0 1043.0 1
362.0 611.0 1
264.0 156.0 1
336.0 1116.0 1
-76.0 1370.0 1
5.0 792.0 1
76.0 905.0 1
81.0 1345.0 1
43.0 207.0 1
291.0 -189.0 1
-27.0 367.0 1
329.0 1228.0 1
111.0 1448.0 1
435.0 227.0 1
316.0 56.0 1
369.0 819.0 1
-52.0 -108.0 1
84.0 779.0 1
246.0 1395.0 1
-12.0 370.0 1
-83.0 687.0 1
-39.0 660.0 1
311.0 1085.0 1
311.0 -13.0 1
461.0 1401.0 1
400.0 48.0 1
-39.0 639.0 1
63.0 652.0 1
396.0 784.0 1
423.0 1374.0 1
-63.0 774.0 1
-17.0 -205.0 1
432.0 103.0 1
-48.0 923.0 1
58.0 865.0 1
-68.0 1298.0 1
410.0 -216.0 1
351.0 1017.0 1
184.0 495.0 1
238.0 147.0 1
-31.0 352.0 1
-47.0 -107.0 1
94.0 572.0 1
467.0 1434.0 1
283.0 179.0 1
401.0 171.0 1
