87.0 310.0 0
211.0 881.0 0
79.0 566.0 0
292.0 238.0 0
84.0 -1.0 0
150.0 603.0 0
238.0 1169.0 0
179.0 1137.0 0
114.0 805.0 0
69.0 879.0 0
5.0 169.0 1
391.0 1433.0 1
452.0 -160.0 1
323.0 28.0 1
426.0 596.0 1
28.0 1366.0 1
329.0 1228.0 1
-46.0 415.0 1
46.0 1461.0 1
-56.0 1152.0 1
1.0 677.0 1
462.0 1335.0 1
63.0 652.0 1
78.0 -2.0 1
69.0 258.0 1
233.0 -253.0 1
311.0 1085.0 1
-79.0 1187.0 1
313.0 947.0 1
61.0 790.0 1
112.0 159.0 1
156.0 1011.0 1
72.0 1421.0 1
210.0 1423.0 1
341.0 852.0 1
260.0 -144.0 1
-68.0 1298.0 1
231.0 1323.0 1
12.0 -146.0 1
396.0 784.0 1
52.0 843.0 1
169.0 -199.0 1
327.0 434.0 1
23.0 972.0 1
439.0 713.0 1
390.0 203.0 1
73.0 359.0 1
432.0 103.0 1
424.0 1319.0 1
93.0 761.0 1
9.0 486.0 1
12.0 533.0 1
76.0 905.0 1
309.0 1142.0 1
443.0 656.0 1
128.0 1400.0 1
391.0 370.0 1
124.0 -166.0 1
238.0 147.0 1
-72.0 450.0 1
