103 57 105 221 69 11 218 30 24 173 226 706 250 73 10 2 187 195 0
81 38 53 123 58 6 134 51 18 128 147 259 148 83 10 6 177 184 0
93 43 78 166 59 7 151 44 19 141 182 342 174 68 15 2 193 197 0
84 38 66 138 62 6 126 54 18 132 144 232 139 70 4 7 185 190 0
99 57 100 177 54 13 224 30 25 188 223 726 213 72 4 7 185 198 0
90 41 78 145 55 7 138 48 18 138 161 284 158 67 0 1 192 197 0
107 53 103 221 66 11 209 32 24 163 222 653 212 66 0 1 191 201 0
104 55 105 216 68 11 205 32 23 169 221 623 216 71 9 18 189 196 0
93 35 72 172 62 7 149 44 19 124 169 334 125 62 5 30 203 210 0
101 48 107 222 68 10 208 32 24 154 232 641 204 70 5 38 190 202 0
94 46 79 181 62 8 167 40 20 148 190 418 193 67 12 15 191 198 0
89 42 75 140 55 6 145 46 19 139 170 312 166 71 15 26 191 198 0
107 45 92 197 62 10 188 35 22 148 202 526 159 64 12 20 195 203 0
96 54 104 175 58 10 215 31 24 175 221 682 222 75 13 23 186 194 0
101 53 103 203 63 9 195 34 22 162 210 571 210 68 5 5 191 198 0
84 39 90 180 60 7 177 37 21 131 209 469 145 71 4 38 190 198 0
109 51 100 197 59 10 192 34 22 161 210 553 195 64 14 3 196 202 0
106 53 98 192 58 11 217 31 24 166 228 693 191 71 11 24 188 198 0
93 45 73 164 59 7 159 42 20 146 182 379 188 65 11 15 195 201 0
101 52 105 162 53 10 212 31 24 163 226 669 204 74 12 11 186 194 0
100 57 107 207 63 11 227 30 25 180 234 756 205 72 6 19 186 198 0
106 49 106 211 64 9 208 32 24 158 224 645 184 68 1 24 190 202 1
87 37 60 132 57 6 128 52 18 129 154 243 132 71 1 14 186 192 1
115 52 100 203 62 10 217 31 24 165 229 697 214 72 14 4 188 197 1
89 38 82 156 59 8 153 43 19 129 179 351 137 70 1 1 187 192 1
94 44 70 186 72 8 153 42 19 144 171 361 178 67 7 2 199 206 1
95 38 66 126 52 8 133 52 18 140 158 253 140 78 11 8 184 183 1
85 43 66 121 54 7 150 46 19 147 169 324 175 87 0 5 179 182 1
78 38 63 115 51 6 142 47 19 130 162 299 146 77 2 4 181 185 1
81 44 68 120 53 6 151 45 19 147 170 333 178 86 4 5 179 183 1
110 54 102 201 64 11 213 31 24 171 222 669 221 73 17 16 188 198 1
93 47 85 163 66 11 156 44 20 158 172 355 178 74 7 15 183 195 1
84 44 77 150 59 5 152 44 19 143 175 344 177 77 8 2 183 187 1
90 42 63 144 59 7 131 50 18 142 154 259 162 65 15 3 197 204 1
108 52 109 182 55 12 216 31 24 171 229 687 214 72 10 28 189 201 1
87 41 76 165 67 7 148 45 19 140 171 327 152 72 7 13 188 195 1
86 44 70 140 64 6 148 45 19 145 170 322 185 82 10 1 181 183 1
108 53 103 202 64 10 220 30 25 168 224 711 214 73 11 10 188 199 1
89 41 76 183 73 7 157 42 19 136 181 373 153 74 8 12 191 195 1
96 45 80 162 63 9 146 46 19 148 161 316 161 64 5 10 199 207 1
79 38 55 120 55 5 142 48 19 128 153 295 145 81 4 2 180 183 1
94 45 85 160 63 10 158 43 20 157 174 367 162 68 1 6 189 199 1
111 53 108 211 61 11 207 32 23 167 217 636 216 64 21 2 196 205 1
94 49 87 137 54 11 158 43 20 162 178 366 186 75 5 5 183 194 1
101 56 104 185 53 6 257 26 28 168 275 956 230 83 5 26 180 184 1
78 43 70 147 65 8 147 46 19 145 169 319 168 77 1 12 181 186 1
98 38 70 186 68 6 164 39 20 136 189 413 129 71 3 17 200 203 1
102 53 101 238 72 4 238 28 26 163 267 844 242 85 7 22 184 184 1
90 47 85 161 64 10 163 42 20 160 177 389 185 73 9 0 185 195 1
101 51 98 194 60 10 195 34 22 161 219 572 219 67 0 10 192 201 1
92 45 76 162 57 7 159 41 20 147 184 381 177 69 8 10 190 195 1
97 55 104 219 71 9 211 32 24 171 222 658 223 74 1 24 186 196 1
92 38 60 130 62 5 114 58 17 132 135 194 137 72 14 5 190 194 1
89 46 74 135 59 9 157 44 20 158 170 356 177 79 12 3 184 191 1
90 36 57 130 57 6 121 56 17 127 137 216 132 68 22 23 190 195 1
101 46 105 195 61 10 198 34 23 150 213 578 195 66 7 38 192 205 1
88 42 64 151 62 8 130 51 18 142 150 253 161 63 3 2 203 210 1
90 42 63 126 55 7 152 45 19 142 173 336 173 81 0 15 180 184 1
88 40 73 173 68 7 150 44 19 137 174 341 151 69 2 20 196 200 1
87 39 74 165 66 6 145 45 19 134 173 318 139 70 3 21 195 200 1
98 46 77 199 71 7 166 39 20 150 184 422 180 69 13 9 200 203 1
93 49 79 180 65 7 173 37 21 158 189 463 194 70 5 10 197 202 1
86 39 62 129 59 6 116 57 17 135 137 203 145 64 7 9 199 204 1
98 51 96 203 66 10 188 35 22 157 207 533 231 68 10 1 191 199 1
91 44 66 151 63 7 137 48 18 146 166 280 167 72 1 9 188 194 1
89 38 74 138 59 7 136 49 18 133 167 278 128 72 7 7 189 193 1
86 46 70 149 65 8 149 45 19 146 170 331 185 77 6 6 183 188 1
100 43 92 197 62 10 180 36 21 143 200 489 153 64 6 9 195 205 1
119 54 106 220 65 12 213 31 24 167 223 675 232 66 20 1 192 202 1
94 42 68 150 64 7 128 52 18 143 154 246 159 69 14 5 192 196 1
91 39 83 170 60 8 172 38 21 134 197 445 152 72 0 10 188 194 1
86 44 78 164 68 9 142 46 18 147 168 305 171 70 1 11 190 201 1
108 56 103 234 73 10 221 30 25 174 232 718 214 73 8 3 187 197 1
82 44 63 123 54 7 151 45 19 147 166 329 185 81 3 4 179 182 1
88 45 82 155 56 8 154 43 19 149 180 357 170 69 3 0 188 193 1
91 36 72 162 60 8 150 44 19 133 166 334 121 63 2 22 196 205 1
95 45 105 208 64 10 187 36 22 150 202 520 158 64 7 32 198 211 1
96 46 88 160 64 9 151 44 19 148 173 339 182 70 15 11 192 199 1
82 45 66 252 126 52 148 45 19 144 237 326 185 119 1 1 181 185 1
93 47 88 200 66 7 173 38 21 151 197 452 205 66 0 3 195 202 1
86 45 66 126 57 8 148 46 19 145 170 321 186 86 0 7 179 182 1
108 54 105 203 62 11 202 33 23 164 216 608 235 68 12 3 190 200 1
90 34 66 136 55 6 123 54 17 118 148 224 118 65 5 26 196 202 1
82 36 51 114 53 4 135 50 18 126 150 268 144 86 15 4 181 182 1
