106 53 98 203 63 11 220 30 25 167 228 710 214 71 10 24 188 197 0
88 40 69 146 59 7 130 51 18 134 147 252 144 64 1 1 193 200 0
86 37 77 144 54 7 154 43 19 127 179 352 145 71 14 13 186 191 0
80 36 69 127 56 7 128 53 18 124 147 240 133 70 2 21 183 191 0
102 54 101 190 58 10 222 30 25 171 224 728 203 71 13 6 189 198 0
83 39 69 127 54 5 135 49 18 131 155 274 162 69 16 6 187 190 0
103 56 105 183 59 10 210 32 24 173 217 648 218 72 13 22 188 196 0
100 45 100 209 65 8 201 32 23 147 231 611 189 72 5 5 189 195 0
82 39 86 140 54 7 153 45 19 134 174 338 139 71 11 18 183 189 0
99 54 100 199 62 9 200 33 23 166 222 600 241 70 2 7 189 198 0
89 44 80 191 66 6 162 40 20 143 189 396 180 66 13 11 194 199 0
79 40 80 133 55 7 147 47 19 135 172 311 144 76 8 30 181 193 0
91 41 93 197 65 9 183 36 21 137 202 504 153 66 11 24 193 200 0
96 55 98 161 54 10 215 31 24 175 226 683 221 76 3 6 185 193 0
91 46 101 199 65 9 196 34 23 146 219 574 199 73 5 8 186 194 0
92 39 91 191 62 8 176 37 21 137 196 466 151 67 3 23 192 200 0
87 44 98 211 70 10 189 35 22 141 214 535 178 71 2 21 187 194 0
105 56 98 209 64 11 217 31 24 173 225 696 216 72 2 19 188 199 0
80 34 42 110 57 3 114 59 17 119 131 191 121 87 4 7 179 183 0
86 38 89 176 59 9 169 39 20 132 190 428 148 67 7 33 193 202 0
100 58 109 230 70 11 226 30 25 182 234 752 207 72 0 13 187 198 0
106 48 107 202 61 10 207 32 24 153 227 635 200 70 5 28 190 203 1
83 36 54 119 57 6 128 53 18 125 143 238 139 82 6 3 179 183 1
104 53 108 206 61 11 217 31 24 168 226 694 209 67 0 9 188 201 1
92 38 71 174 66 7 154 43 19 133 181 355 130 70 4 24 189 195 1
94 39 75 184 72 8 155 42 19 133 175 365 145 70 4 5 192 200 1
90 39 57 114 48 7 135 51 18 139 155 261 151 85 12 8 183 182 1
85 43 66 123 55 7 150 45 19 146 172 326 173 83 4 15 180 183 1
87 39 70 148 61 7 143 46 18 136 164 307 141 69 1 2 192 199 1
80 44 68 120 53 8 151 45 19 146 170 333 190 80 4 16 180 185 1
104 53 101 199 65 11 213 31 24 168 216 667 221 72 12 12 187 198 1
94 45 85 163 68 10 157 44 20 156 170 357 176 73 17 11 187 195 1
79 43 72 141 62 8 153 44 19 144 175 344 174 78 0 8 182 188 1
91 42 66 142 58 9 134 50 18 142 163 268 164 69 6 5 191 197 1
116 53 110 231 67 12 217 31 24 165 231 692 222 67 16 28 192 206 1
88 39 70 166 66 7 148 44 19 134 167 332 143 69 5 13 193 201 1
85 43 64 128 56 8 150 46 19 144 168 324 173 82 9 14 180 184 1
104 53 108 204 64 11 220 31 25 172 226 707 203 71 14 30 189 203 1
98 35 70 182 68 5 155 41 19 124 184 371 117 71 3 22 202 205 1
94 45 81 166 67 9 145 46 19 147 164 313 179 66 11 14 194 202 1
88 42 77 151 58 8 140 47 18 142 165 293 158 64 10 11 198 205 1
89 46 84 163 66 11 159 43 20 159 173 368 176 72 1 20 186 197 1
102 51 104 217 67 10 204 32 23 162 220 621 195 68 3 19 188 197 1
95 49 82 139 56 11 159 43 20 162 173 365 185 75 7 10 182 191 1
107 57 106 172 50 6 255 26 28 169 280 957 264 85 5 9 181 183 1
87 42 70 139 59 7 149 45 19 142 177 327 156 78 6 9 185 188 1
92 37 75 191 71 6 161 40 20 128 180 393 135 69 1 14 195 202 1
109 55 96 191 57 6 241 28 26 170 267 857 242 85 8 9 184 184 1
96 46 74 202 74 5 163 39 20 149 185 408 191 70 7 8 196 200 1
98 52 86 207 69 5 192 33 22 161 212 570 221 75 4 6 194 195 1
91 40 83 166 60 8 160 41 20 133 189 383 155 72 5 7 186 191 1
103 53 106 172 55 10 212 32 24 168 220 660 223 73 16 24 187 197 1
85 34 53 127 58 6 116 58 17 121 137 197 127 70 3 20 185 189 1
88 44 85 139 56 11 157 43 20 155 176 363 175 76 5 16 184 195 1
84 37 53 121 59 5 123 55 17 125 141 221 133 82 7 1 179 183 1
98 48 101 203 65 9 197 33 23 152 216 584 174 68 2 5 189 197 1
94 35 66 147 62 9 131 50 18 127 159 258 115 66 8 7 196 201 1
86 42 65 116 53 6 152 45 19 141 175 335 172 85 5 4 179 183 1
82 43 73 154 65 7 151 44 19 143 178 341 160 76 5 11 185 189 1
92 40 82 163 63 9 146 45 19 140 165 319 137 64 9 0 199 206 1
96 46 70 194 70 6 167 39 20 148 183 427 171 69 17 10 200 203 1
94 49 79 203 71 5 174 37 21 154 196 465 206 71 6 2 197 199 1
86 39 60 140 60 7 119 55 17 134 140 212 141 61 7 8 200 207 1
104 50 96 211 65 10 187 35 22 156 207 527 195 65 3 7 195 206 1
90 43 72 157 64 8 136 49 18 145 158 279 167 64 4 6 201 209 1
92 41 66 125 52 7 139 50 18 143 160 275 161 81 7 19 182 184 1
86 41 64 148 61 5 150 45 19 138 165 333 173 80 5 8 182 185 1
96 40 100 178 58 8 181 37 21 134 205 486 160 68 5 34 192 202 1
112 50 110 186 56 11 214 31 24 159 232 676 203 71 18 27 191 202 1
93 39 63 146 58 7 128 52 18 134 149 246 158 63 9 7 198 204 1
91 39 83 176 59 7 169 39 20 132 190 426 142 67 0 24 192 199 1
83 44 70 166 69 5 143 46 18 143 166 306 170 69 7 6 188 193 1
102 55 101 213 67 12 222 30 25 177 226 719 213 71 2 21 187 199 1
85 45 70 120 54 7 149 45 19 145 169 326 186 81 8 4 181 184 1
93 48 84 150 63 11 156 44 20 165 171 354 188 73 8 15 185 195 1
90 38 75 164 64 7 151 43 19 131 168 345 139 66 0 0 195 204 1
97 44 96 195 63 9 185 36 22 144 202 512 165 66 4 8 191 199 1
89 42 89 147 61 11 151 44 19 145 170 338 163 72 11 23 187 199 1
89 47 83 322 133 48 158 43 20 163 229 364 176 97 0 14 184 194 1
91 39 88 189 63 9 175 38 21 132 197 457 156 69 0 23 191 198 1
91 46 78 148 61 9 147 45 19 152 168 323 199 70 13 11 189 200 1
106 52 101 213 64 11 201 33 23 158 214 607 204 65 2 4 192 204 1
86 40 66 139 59 7 122 54 17 139 145 225 143 63 7 11 202 208 1
89 37 54 119 53 5 134 50 18 127 151 266 146 79 16 14 184 185 1
88 38 58 137 60 5 148 46 19 131 163 319 157 86 12 0 180 183 1
