104 56 96 231 74 11 220 30 25 172 223 713 218 73 6 16 186 195 0
80 38 64 130 59 8 134 51 18 126 152 259 135 76 1 23 179 188 0
88 44 77 167 59 6 151 44 19 145 175 343 177 64 9 12 202 208 0
85 36 72 127 56 7 127 54 18 125 144 233 123 70 3 30 184 194 0
111 54 103 171 50 11 221 30 25 172 227 727 201 69 15 6 190 198 0
88 34 69 152 57 5 138 48 18 122 158 284 120 62 9 29 204 210 0
108 51 103 197 60 11 211 31 24 160 222 661 187 67 7 3 190 200 0
101 49 103 212 67 10 201 33 23 156 215 601 174 69 4 11 189 196 0
84 40 71 131 55 7 150 45 19 134 167 330 165 80 12 1 180 186 0
95 46 105 219 68 9 201 33 23 148 223 602 201 69 5 38 191 202 0
87 38 85 177 61 8 164 40 20 129 186 402 130 63 1 25 198 205 0
89 41 75 143 56 7 146 46 19 137 170 317 156 76 18 5 184 188 0
99 50 88 204 64 10 185 35 22 159 209 517 193 66 12 11 194 201 0
101 53 108 184 54 12 216 31 24 172 220 685 187 68 4 24 190 201 0
104 52 101 206 62 10 198 33 23 161 207 587 204 64 2 5 195 204 0
95 42 96 197 65 9 178 37 21 141 199 474 149 67 1 29 193 200 0
91 52 98 196 62 9 193 34 22 161 216 562 244 69 3 1 190 199 0
104 52 110 172 53 10 219 30 25 166 235 711 218 74 10 28 188 198 0
92 38 74 178 62 9 161 41 20 135 181 388 132 63 7 29 197 206 0
107 52 103 186 57 11 214 31 24 162 217 676 189 66 6 5 189 198 0
104 55 105 223 70 10 223 30 25 177 237 737 218 75 14 11 188 196 0
109 49 109 193 59 10 207 32 24 156 225 635 213 70 13 31 191 202 1
98 38 70 125 52 8 130 53 18 139 157 243 132 74 0 13 186 185 1
104 51 108 193 59 11 217 31 24 163 232 694 203 72 15 22 190 201 1
93 37 73 174 68 7 151 43 19 131 175 347 135 68 1 22 196 205 1
95 37 71 171 61 9 157 43 20 134 178 365 125 63 5 40 196 208 1
93 42 64 123 51 7 135 51 18 144 164 262 155 78 16 12 185 185 1
85 42 64 121 55 7 149 46 19 146 167 323 172 85 1 6 179 182 1
91 38 70 160 66 25 140 47 18 139 162 296 130 67 4 11 192 202 1
84 43 70 123 54 8 151 45 19 146 173 332 176 81 1 12 181 184 1
104 54 101 197 64 11 213 31 24 172 218 669 222 74 14 4 187 196 1
94 46 91 175 70 12 157 43 20 155 172 358 192 69 15 21 190 200 1
84 44 80 140 58 11 156 44 20 157 166 349 176 74 5 17 183 193 1
86 40 63 135 56 5 133 50 18 135 152 262 166 70 9 2 187 191 1
107 54 108 228 68 12 218 31 25 170 223 700 224 67 13 25 190 204 1
85 41 66 155 65 22 149 45 19 139 173 330 155 75 6 16 184 191 1
87 44 65 124 56 6 149 46 19 144 170 321 171 87 4 12 179 182 1
107 53 108 211 63 11 219 31 25 168 228 704 198 69 10 21 190 203 1
96 37 74 187 68 8 159 42 20 134 183 378 134 69 3 16 190 197 1
88 44 71 165 70 7 144 46 19 141 167 312 172 71 4 4 188 193 1
84 36 75 136 55 6 140 48 18 125 166 290 138 71 4 36 189 195 1
93 46 82 145 58 11 159 43 20 160 180 371 189 77 2 4 183 194 1
100 51 89 199 65 6 201 32 23 159 219 622 205 74 6 7 193 193 1
94 49 82 137 56 10 159 43 20 160 176 367 186 76 10 7 183 192 1
113 57 109 194 56 6 260 26 28 175 288 982 261 85 11 21 182 183 1
85 45 80 154 64 9 147 45 19 148 169 324 174 71 1 4 188 199 1
99 38 74 184 66 6 164 39 20 131 193 414 137 71 2 22 200 202 1
106 54 105 164 48 5 247 27 27 165 269 891 243 84 12 1 181 182 1
89 45 77 188 64 9 161 41 20 151 190 390 174 66 4 2 194 201 1
98 46 88 191 63 6 192 34 22 147 215 563 174 73 2 26 194 197 1
95 46 76 162 66 11 162 42 20 155 175 381 172 74 8 4 184 193 1
110 53 104 223 66 10 211 32 24 164 223 659 210 67 5 16 190 203 1
85 33 40 115 57 3 112 61 17 119 130 184 127 86 12 21 181 183 1
94 49 87 159 64 10 157 43 20 158 179 363 203 75 4 0 183 194 1
89 37 51 111 54 5 120 56 17 127 138 213 147 82 7 4 181 183 1
105 51 80 207 71 6 195 33 22 159 214 579 188 75 6 20 194 194 1
97 35 66 151 64 8 128 52 18 129 148 246 112 66 6 2 195 200 1
85 40 75 137 56 7 152 44 19 134 173 339 160 76 7 16 182 187 1
89 40 76 188 76 7 150 44 19 136 174 342 148 72 3 8 193 197 1
93 41 82 159 63 9 144 46 19 143 160 309 127 63 6 10 199 207 1
95 47 81 176 59 7 168 39 20 152 196 425 185 67 4 4 191 198 1
89 40 89 174 58 8 177 37 21 133 202 471 155 70 7 18 189 196 1
91 36 60 126 56 6 119 56 17 130 139 211 118 67 6 14 192 198 1
99 48 79 199 68 6 185 35 22 153 202 524 171 74 5 8 195 195 1
84 37 70 145 62 9 136 48 18 134 159 280 140 68 11 9 194 202 1
83 37 54 131 61 4 135 50 18 127 152 271 141 85 3 6 180 183 1
82 43 73 158 68 7 151 44 19 145 181 337 173 80 2 17 183 188 1
100 41 75 205 71 5 176 36 21 138 204 479 151 72 7 19 197 197 1
108 53 104 181 56 11 220 31 25 167 226 712 214 72 15 18 189 199 1
91 41 66 131 56 9 126 53 18 144 159 237 155 72 3 10 191 194 1
93 39 87 183 64 8 169 40 20 134 200 422 149 72 7 25 188 195 1
89 43 77 147 54 8 144 46 19 146 163 308 174 64 13 5 194 201 1
109 53 109 221 69 12 221 31 25 169 226 712 212 72 13 28 188 201 1
80 44 68 135 59 8 150 45 19 145 170 329 173 80 7 12 180 185 1
94 43 69 161 59 7 152 43 19 143 175 349 187 67 12 11 193 198 1
89 42 85 144 58 10 152 44 19 144 173 345 161 72 8 13 187 197 1
97 42 101 186 59 9 186 36 22 138 208 511 168 67 7 41 194 206 1
83 46 71 156 70 6 151 44 19 147 174 338 198 80 3 11 181 186 1
84 43 76 180 75 7 155 43 19 143 180 359 173 77 5 12 185 190 1
95 46 104 208 66 9 191 35 22 148 210 543 169 68 0 28 190 200 1
85 43 66 120 54 5 148 46 19 145 168 320 174 87 8 2 179 181 1
107 57 102 184 55 7 234 28 26 171 243 822 229 77 7 11 187 187 1
92 35 58 136 58 6 122 55 17 132 142 222 116 64 6 17 197 203 1
91 39 77 153 59 8 139 48 18 139 159 289 123 62 8 17 201 209 1
