105 54 96 185 57 10 219 30 25 170 231 706 217 75 5 12 187 195 0
76 38 58 125 58 5 133 51 18 127 152 259 145 87 0 21 177 184 0
86 39 84 149 57 8 156 43 20 133 185 358 157 74 0 23 183 190 0
80 37 57 116 55 6 125 54 18 125 142 229 132 81 8 5 178 184 0
107 56 105 202 61 11 221 30 25 179 234 725 212 72 15 1 189 196 0
79 39 72 127 53 9 142 48 19 135 165 295 144 77 7 21 181 189 0
103 55 100 194 62 11 212 31 24 175 217 666 219 73 10 14 187 194 0
106 52 107 211 62 8 200 33 23 161 218 602 200 67 9 17 194 201 0
92 43 69 158 56 7 149 44 19 143 170 333 168 63 14 18 198 203 0
105 54 105 213 67 10 200 33 23 163 214 597 214 68 10 20 190 198 0
91 38 76 172 61 8 167 40 20 134 196 415 145 71 0 28 189 198 0
92 42 75 172 60 8 147 45 19 142 174 322 160 62 22 10 206 211 0
93 42 88 188 62 10 183 36 21 141 208 504 168 70 3 12 189 197 0
102 54 98 167 53 10 217 31 24 174 228 692 223 72 0 31 187 198 0
105 46 100 195 61 9 193 34 22 150 207 557 161 65 5 9 194 202 0
90 40 83 178 61 8 178 37 21 132 199 472 157 71 1 14 187 193 0
89 50 83 195 65 6 178 37 21 156 207 481 210 71 1 6 189 194 0
106 55 96 196 60 12 221 30 25 173 225 717 214 72 9 13 186 196 0
97 37 76 169 60 8 161 41 20 131 189 391 136 72 0 0 188 192 0
106 49 107 194 57 11 214 31 24 161 224 670 172 67 0 39 192 206 0
101 56 100 204 62 12 227 30 25 178 231 757 204 73 0 11 186 197 0
108 49 103 200 62 10 206 32 23 155 227 635 215 72 6 16 189 198 1
83 40 59 116 53 7 132 52 18 137 145 250 157 84 12 6 177 183 1
106 53 98 176 54 10 216 31 24 171 235 691 218 74 1 9 187 197 1
96 44 85 166 66 10 155 43 19 150 167 355 159 67 3 10 192 202 1
90 36 74 171 60 8 157 42 19 128 177 367 123 61 6 21 197 204 1
89 42 66 125 53 7 131 51 18 144 162 254 162 73 10 17 188 191 1
85 42 66 120 53 7 149 46 19 143 169 321 160 85 10 7 180 182 1
90 34 66 158 59 7 140 47 18 124 165 298 117 61 1 3 201 207 1
80 45 71 128 56 7 151 45 19 147 171 337 176 79 3 16 181 187 1
117 52 110 228 65 12 212 31 24 163 228 668 220 66 21 25 194 205 1
100 46 90 172 67 9 157 43 20 150 170 363 184 67 17 7 192 200 1
85 43 69 141 62 7 152 44 19 145 178 341 179 84 1 4 181 184 1
94 36 66 151 61 8 133 50 18 135 154 265 119 62 9 3 201 208 1
109 54 103 220 66 11 214 31 24 167 229 677 212 70 1 23 188 201 1
82 41 70 155 64 7 148 45 19 138 172 328 152 72 5 17 187 195 1
83 44 68 144 61 8 147 45 19 143 170 325 180 74 1 1 185 191 1
106 52 108 207 64 12 221 31 25 168 229 709 200 73 22 38 190 205 1
94 46 77 169 60 8 158 42 20 148 181 373 181 67 12 2 193 199 1
84 45 66 154 65 6 145 46 19 144 168 312 177 73 2 3 184 188 1
98 44 78 160 63 8 142 47 18 148 160 300 171 63 19 2 201 207 1
89 46 78 150 63 11 160 43 20 160 170 367 176 73 5 9 185 194 1
99 51 88 188 62 5 203 32 23 158 222 625 219 77 8 26 191 190 1
86 48 75 136 58 10 161 43 20 163 170 371 185 75 3 1 183 192 1
106 57 107 235 67 6 262 26 28 171 285 987 260 86 9 31 180 184 1
95 43 71 159 64 6 145 45 19 141 169 322 171 67 8 4 195 200 1
97 45 72 187 71 5 161 40 20 144 178 399 186 70 7 7 196 203 1
106 54 103 161 47 4 247 27 27 166 266 892 242 85 4 11 181 183 1
100 46 81 187 61 9 166 40 20 154 189 415 175 63 13 9 198 207 1
110 46 100 197 61 9 193 34 22 149 209 561 160 65 11 7 194 203 1
95 48 83 178 72 10 162 42 20 159 176 379 184 70 6 16 187 197 1
111 50 103 199 60 11 211 31 24 156 223 663 188 68 9 9 190 200 1
85 35 47 110 55 3 117 57 17 122 136 203 139 89 5 9 180 184 1
94 43 82 136 54 10 155 43 19 149 176 359 161 74 1 6 186 197 1
85 36 66 123 55 5 120 56 17 128 140 212 131 73 1 18 186 190 1
100 46 104 184 60 9 197 34 23 147 222 578 198 73 13 13 189 197 1
88 35 60 143 59 7 128 52 18 129 147 246 109 62 1 6 202 209 1
81 47 69 146 64 6 151 44 19 147 171 340 195 75 5 0 183 188 1
94 43 64 173 69 7 150 43 19 142 169 344 177 68 9 1 199 206 1
87 40 81 162 68 10 146 46 19 139 167 317 157 70 0 13 189 199 1
91 42 81 193 69 5 169 38 20 137 184 434 156 68 3 23 198 204 1
88 48 90 178 60 8 175 38 21 152 200 460 198 68 13 16 192 199 1
87 36 53 117 58 4 118 57 17 125 138 205 138 85 9 15 180 183 1
93 45 86 201 69 7 184 35 22 145 203 523 183 72 0 4 194 197 1
88 39 76 155 62 8 137 48 18 137 156 281 124 63 3 6 201 209 1
87 38 71 123 53 8 137 49 18 127 158 277 145 75 0 9 181 186 1
82 43 71 154 68 7 150 45 19 143 171 330 173 78 7 11 181 186 1
98 42 90 192 61 9 178 37 21 144 189 480 138 61 3 8 199 208 1
104 55 107 222 68 11 218 31 24 173 232 703 229 71 3 10 188 199 1
94 36 68 127 54 7 127 52 18 132 155 242 116 66 1 2 195 196 1
93 39 86 180 59 9 167 39 20 134 186 418 129 63 6 17 197 204 1
89 42 80 151 62 6 144 46 19 139 166 308 170 74 17 13 185 189 1
102 51 92 194 60 6 220 30 25 162 247 731 209 80 7 7 188 186 1
80 43 71 133 60 7 150 45 19 146 170 330 176 81 6 15 180 184 1
94 50 84 138 57 10 156 44 20 170 171 351 187 77 5 6 182 191 1
93 43 85 133 54 10 155 44 19 153 174 351 165 75 12 13 184 196 1
93 42 98 192 63 9 185 36 22 138 206 508 173 70 10 21 189 197 1
89 41 84 141 58 9 149 45 19 145 172 330 162 72 4 18 188 200 1
91 46 75 185 75 7 154 42 19 147 178 362 192 72 8 8 192 199 1
89 44 76 125 54 10 156 44 20 151 163 352 176 76 12 12 184 193 1
81 42 63 125 55 8 149 46 19 145 166 320 172 86 7 7 179 182 1
103 52 103 170 52 7 236 28 26 160 254 816 250 82 3 23 183 184 1
86 34 62 140 61 7 122 54 17 127 141 223 112 64 2 14 200 208 1
93 39 78 164 66 8 139 48 18 140 157 290 126 64 4 7 201 208 1
