104 55 109 230 67 12 218 30 24 174 230 706 226 67 8 22 191 202 0
103 54 91 179 57 11 220 31 25 170 220 707 198 72 1 32 186 198 0
82 38 53 125 59 5 133 51 18 128 152 259 146 87 0 0 177 183 0
85 37 80 158 59 8 153 44 19 126 179 348 136 69 6 21 191 197 0
93 34 66 140 56 7 130 51 18 120 151 251 114 62 5 29 201 207 0
101 55 107 200 61 11 225 30 25 178 228 730 204 74 8 35 187 201 0
89 36 72 141 56 7 138 48 18 126 163 286 130 72 1 1 187 192 0
73 37 53 111 54 6 126 55 18 128 135 227 147 82 1 15 176 184 0
101 51 105 212 68 10 209 32 24 162 222 653 224 73 5 23 186 195 0
109 48 107 215 62 10 205 32 23 158 222 624 168 65 9 32 195 206 0
96 55 103 201 65 9 204 32 23 166 227 624 246 74 6 2 186 194 0
89 44 82 136 54 6 149 45 19 144 170 332 168 68 10 14 188 193 0
86 41 66 129 55 7 135 50 18 136 154 266 165 74 3 4 180 187 0
84 40 71 131 55 7 150 45 19 134 167 330 165 80 12 1 180 186 0
92 46 79 176 64 8 162 41 20 149 183 396 178 67 2 10 191 198 0
89 36 77 172 62 8 157 42 19 125 174 367 126 63 5 22 198 205 0
91 35 66 159 59 7 147 45 19 131 169 322 123 64 1 1 197 203 0
100 49 96 206 63 9 186 35 22 156 202 519 176 62 3 5 197 205 0
101 56 100 168 55 11 214 31 24 175 219 681 224 74 2 3 185 192 0
100 51 109 231 70 11 220 30 25 163 238 722 206 73 11 19 189 198 0
98 55 108 168 53 11 224 30 25 178 231 737 217 73 8 30 187 198 0
103 50 98 212 63 9 193 34 22 161 214 567 185 64 5 5 198 204 0
92 38 74 178 62 9 161 41 20 135 181 388 132 63 7 29 197 206 0
94 39 89 194 62 9 172 38 21 135 191 444 121 63 4 23 201 209 0
91 49 86 195 63 8 177 37 21 156 203 473 201 67 7 5 192 198 0
101 56 100 215 69 10 208 32 24 169 227 651 223 74 6 5 186 193 0
87 44 98 211 70 10 189 35 22 141 214 535 178 71 2 21 187 194 0
100 51 109 224 67 9 217 30 24 162 238 704 206 72 6 18 189 199 0
80 34 42 110 57 3 114 59 17 119 131 191 121 87 4 7 179 183 0
97 37 78 181 62 8 161 41 20 131 182 389 117 62 2 28 203 211 0
99 55 101 219 68 10 224 30 25 178 228 737 213 74 11 20 187 196 0
106 49 107 194 57 11 214 31 24 161 224 670 172 67 0 39 192 206 0
106 49 96 201 61 10 181 36 21 158 197 494 180 62 19 15 202 209 0
95 51 96 196 63 9 190 35 22 161 208 543 235 68 13 0 191 198 0
97 47 81 183 64 8 168 39 20 150 193 426 182 70 11 2 192 198 0
97 50 108 211 65 10 214 31 24 156 232 683 218 72 7 29 188 197 0
95 46 105 219 68 9 201 33 23 148 223 602 201 69 5 38 191 202 0
99 57 109 220 66 11 221 30 25 176 234 725 236 70 10 25 188 200 0
89 42 75 140 55 6 145 46 19 139 170 312 166 71 15 26 191 198 0
98 55 101 228 70 9 210 31 24 168 236 661 245 72 1 6 188 197 0
99 54 100 199 62 9 200 33 23 166 222 600 241 70 2 7 189 198 0
85 36 78 149 55 7 147 45 19 128 168 321 134 64 10 24 197 203 0
104 49 105 209 61 11 207 32 24 157 217 637 168 64 0 19 193 207 1
83 40 53 114 53 6 132 53 18 140 142 247 157 86 8 7 176 183 1
109 52 104 199 60 12 215 31 24 162 220 691 212 67 11 7 189 199 1
89 41 75 162 66 5 153 43 19 136 175 352 154 72 2 0 188 195 1
91 36 77 157 56 7 155 42 19 126 177 361 123 65 8 15 195 201 1
96 39 58 117 51 6 133 52 18 139 154 255 150 86 6 0 181 182 1
86 43 61 119 53 8 150 46 19 144 169 326 172 85 8 8 179 182 1
91 36 83 162 61 8 142 47 19 128 163 298 137 63 0 31 193 200 1
85 45 65 128 56 8 151 45 19 145 170 332 186 81 1 10 179 184 1
99 51 92 203 65 5 209 31 24 159 232 671 214 78 5 11 191 189 1
89 43 85 160 64 11 155 43 19 151 173 356 174 72 5 9 185 196 1
82 44 72 150 64 7 154 44 19 144 181 350 177 80 0 16 183 187 1
93 42 64 158 68 9 134 49 18 142 163 268 170 71 7 13 192 201 1
104 54 100 186 61 10 216 31 24 173 225 686 220 74 5 11 185 195 1
86 47 75 165 68 6 154 43 19 146 176 356 190 74 7 3 188 194 1
83 42 71 152 64 7 149 45 19 142 172 331 158 74 2 2 184 190 1
87 43 65 127 56 8 149 46 19 143 169 322 171 85 6 3 180 182 1
115 53 100 205 64 11 220 30 25 166 229 710 214 71 21 11 189 199 1
98 35 70 182 68 5 155 41 19 124 184 371 117 71 3 22 202 205 1
88 44 70 151 61 8 143 46 18 143 163 311 173 68 7 8 196 203 1
96 41 69 153 56 7 141 47 18 141 162 297 169 61 11 8 202 209 1
84 43 76 180 75 7 155 43 19 143 180 359 173 77 5 12 185 190 1
90 48 85 157 64 11 161 43 20 167 175 375 186 74 3 16 185 195 1
99 53 105 219 66 11 204 32 23 165 221 623 224 68 0 6 191 201 1
90 46 80 143 62 11 159 43 20 156 169 366 186 74 17 7 185 193 1
107 57 106 179 51 8 257 26 28 172 275 954 232 83 2 20 181 184 1
82 41 70 155 64 7 148 45 19 138 172 328 152 72 5 17 187 195 1
90 38 79 185 69 6 160 40 20 130 178 393 133 66 2 14 198 205 1
108 56 102 246 75 6 239 28 26 167 264 855 228 82 9 13 186 185 1
94 37 72 146 60 9 133 50 18 135 161 262 128 69 2 7 192 195 1
96 46 74 202 74 5 163 39 20 149 185 408 191 70 7 8 196 200 1
96 45 101 201 66 9 192 34 22 143 218 552 195 73 3 19 189 197 1
91 40 83 166 60 8 160 41 20 133 189 383 155 72 5 7 186 191 1
105 53 105 184 57 11 211 31 24 168 224 661 218 71 0 15 186 197 1
87 37 52 116 54 6 115 58 17 126 135 196 144 74 11 22 186 190 1
89 36 69 162 63 6 140 48 18 131 164 291 126 66 1 38 193 204 1
86 48 75 136 58 10 161 43 20 163 170 371 185 75 3 1 183 192 1
89 35 52 121 57 4 122 55 17 125 139 220 128 82 5 13 181 184 1
98 47 109 202 59 11 199 34 23 154 207 586 165 61 1 33 194 208 1
98 38 66 130 55 7 130 51 18 138 160 251 123 69 3 12 191 194 1
104 54 101 197 64 11 213 31 24 172 218 669 222 74 14 4 187 196 1
88 35 60 143 59 7 128 52 18 129 147 246 109 62 1 6 202 209 1
85 43 69 141 62 7 152 44 19 145 178 341 179 84 1 4 181 184 1
101 42 62 175 67 6 149 43 19 139 169 341 165 65 7 11 202 209 1
83 46 68 139 59 6 150 44 19 146 172 336 183 74 5 3 185 191 1
93 41 79 159 63 8 144 46 19 150 165 309 134 67 4 9 195 203 1
87 38 71 123 53 8 137 49 18 127 158 277 145 75 0 9 181 186 1
101 53 91 194 65 6 204 32 23 161 231 636 214 78 5 14 192 192 1
86 39 60 140 60 7 119 55 17 134 140 212 141 61 7 8 200 207 1
89 48 85 189 64 8 169 39 20 153 188 427 190 64 16 5 195 201 1
90 49 83 187 63 7 176 37 21 154 205 467 222 70 1 2 189 195 1
80 43 68 120 54 8 150 45 19 145 171 329 176 85 4 8 179 183 1
86 39 62 129 59 6 116 57 17 135 137 203 145 64 7 9 199 204 1
85 35 64 129 57 6 116 57 17 125 138 200 123 65 1 23 196 203 1
94 45 89 213 71 5 186 35 22 145 204 533 182 71 4 13 195 198 1
90 43 72 157 64 8 136 49 18 145 158 279 167 64 4 6 201 209 1
85 43 66 123 56 6 148 46 19 145 166 319 171 85 6 11 179 182 1
92 41 66 125 52 7 139 50 18 143 160 275 161 81 7 19 182 184 1
86 43 68 152 62 7 150 44 19 142 179 337 164 75 4 9 188 192 1
103 49 100 194 60 10 185 35 22 160 202 518 178 62 13 8 198 208 1
95 43 83 198 69 6 177 36 21 139 189 484 163 68 6 4 196 198 1
93 42 70 131 56 7 127 53 18 145 156 240 152 74 5 4 189 190 1
82 45 68 139 64 6 147 46 19 143 169 320 184 80 0 1 181 184 1
106 53 98 193 60 10 215 31 24 169 224 681 218 73 8 21 188 197 1
93 45 83 142 56 10 157 43 20 155 180 364 188 75 1 21 184 197 1
94 42 68 150 64 7 128 52 18 143 154 246 159 69 14 5 192 196 1
93 46 82 145 58 11 159 43 20 160 180 371 189 77 2 4 183 194 1
91 39 83 176 59 7 169 39 20 132 190 426 142 67 0 24 192 199 1
83 44 68 144 61 8 147 45 19 143 170 325 180 74 1 1 185 191 1
83 45 73 161 68 8 142 46 18 144 169 305 179 71 10 3 191 199 1
109 54 103 205 63 11 222 30 25 175 229 720 213 71 6 14 187 200 1
93 42 98 192 63 9 185 36 22 138 206 508 173 70 10 21 189 197 1
93 47 85 161 65 12 155 43 19 157 179 354 178 76 2 9 184 196 1
95 46 76 162 66 11 162 42 20 155 175 381 172 74 8 4 184 193 1
107 55 103 167 49 7 252 27 28 172 269 904 239 83 5 30 179 186 1
90 48 77 132 56 10 157 44 20 164 169 354 187 78 1 3 182 191 1
96 44 68 190 70 7 155 41 19 145 179 372 166 67 5 7 202 206 1
93 44 90 166 65 10 153 44 19 156 170 348 143 66 9 17 194 203 1
102 48 105 214 64 10 201 33 23 152 214 600 178 64 0 25 192 204 1
93 39 87 183 64 8 169 40 20 134 200 422 149 72 7 25 188 195 1
84 45 68 148 64 6 146 46 19 142 168 317 180 75 5 1 183 187 1
91 43 72 142 56 7 149 45 19 140 168 327 165 72 13 23 186 191 1
97 45 76 175 60 9 157 42 20 149 180 370 169 63 16 12 198 206 1
108 53 104 181 56 11 220 31 25 167 226 712 214 72 15 18 189 199 1
96 46 88 160 64 9 151 44 19 148 173 339 182 70 15 11 192 199 1
87 41 73 158 64 7 151 44 19 138 175 341 152 73 3 8 190 194 1
89 45 81 246 102 43 155 44 20 160 200 347 177 90 9 17 183 192 1
90 39 89 181 62 8 175 38 21 132 200 458 154 70 11 15 189 195 1
86 37 69 150 63 8 138 48 18 134 163 284 124 71 1 6 189 195 1
95 47 81 176 59 7 168 39 20 152 196 425 185 67 4 4 191 198 1
91 41 84 141 57 9 149 45 19 143 170 330 158 72 9 14 189 199 1
88 46 74 171 68 6 152 43 19 148 180 349 192 71 5 11 189 195 1
80 44 68 135 59 8 150 45 19 145 170 329 173 80 7 12 180 185 1
88 48 90 178 60 8 175 38 21 152 200 460 198 68 13 16 192 199 1
86 35 44 110 54 2 119 57 17 121 139 208 137 90 6 1 180 183 1
91 46 78 148 61 9 147 45 19 152 168 323 199 70 13 11 189 200 1
89 42 80 151 62 6 144 46 19 139 166 308 170 74 17 13 185 189 1
107 57 102 184 55 7 234 28 26 171 243 822 229 77 7 11 187 187 1
105 53 108 206 63 12 222 31 25 168 226 712 201 71 15 35 189 203 1
93 42 64 123 51 7 135 51 18 144 164 262 155 78 16 12 185 185 1
89 42 85 144 58 10 152 44 19 144 173 345 161 72 8 13 187 197 1
100 47 88 190 60 10 171 38 21 155 186 440 169 59 15 18 201 210 1
86 40 66 139 59 7 122 54 17 139 145 225 143 63 7 11 202 208 1
80 38 63 129 55 7 146 46 19 130 168 314 158 83 9 20 180 185 1
86 45 70 122 56 7 148 45 19 144 170 324 186 84 9 5 180 183 1
89 42 89 147 61 11 151 44 19 145 170 338 163 72 11 23 187 199 1
95 45 105 208 64 10 187 36 22 150 202 520 158 64 7 32 198 211 1
117 52 110 228 65 12 212 31 24 163 228 668 220 66 21 25 194 205 1
88 37 57 132 62 6 135 50 18 125 151 265 144 83 16 16 180 184 1
100 51 89 199 65 6 201 32 23 159 219 622 205 74 6 7 193 193 1
89 46 77 125 52 10 156 44 20 160 171 351 177 78 7 17 183 191 1
110 51 104 191 57 12 213 31 24 162 226 674 190 68 18 2 191 199 1
86 40 63 135 56 5 133 50 18 135 152 262 166 70 9 2 187 191 1
85 43 66 130 57 6 151 45 19 143 173 333 168 86 4 9 180 183 1
91 39 77 153 59 8 139 48 18 139 159 289 123 62 8 17 201 209 1
97 44 96 195 63 9 185 36 22 144 202 512 165 66 4 8 191 199 1
82 44 63 123 54 7 151 45 19 147 166 329 185 81 3 4 179 182 1
97 53 105 225 71 12 221 30 25 167 226 713 202 70 3 20 186 200 1
97 55 104 219 71 9 211 32 24 171 222 658 223 74 1 24 186 196 1
89 36 68 149 60 8 133 50 18 134 153 265 119 62 6 18 201 209 1
106 57 107 235 67 6 262 26 28 171 285 987 260 86 9 31 180 184 1
85 47 75 121 53 9 157 44 20 165 168 358 176 77 1 7 182 191 1
84 43 70 123 54 8 151 45 19 146 173 332 176 81 1 12 181 184 1
100 46 104 184 60 9 197 34 23 147 222 578 198 73 13 13 189 197 1
102 45 85 193 64 6 192 33 22 146 217 570 163 76 6 7 195 193 1
82 43 70 250 105 55 139 48 18 145 231 289 172 99 4 9 190 199 1
99 47 91 226 74 5 202 32 23 148 234 629 186 79 4 11 192 191 1
