103 50 98 212 63 9 193 34 22 161 214 567 185 64 5 5 198 204 0
85 39 77 151 59 8 150 45 19 134 176 331 133 73 0 16 184 193 0
77 38 75 144 59 6 147 46 19 132 167 315 136 80 16 20 181 187 0
88 35 50 121 58 5 114 59 17 122 132 192 138 74 21 4 182 187 0
106 49 107 194 57 11 214 31 24 161 224 670 172 67 0 39 192 206 0
107 52 101 218 64 11 202 33 23 164 219 610 192 65 17 2 197 206 0
101 51 105 212 68 10 209 32 24 162 222 653 224 73 5 23 186 195 0
99 55 101 206 62 13 222 30 25 180 225 722 213 71 2 3 186 196 0
104 52 96 188 59 9 188 35 22 161 206 530 205 67 11 8 193 200 0
99 55 101 219 68 10 224 30 25 178 228 737 213 74 11 20 187 196 0
97 47 81 183 64 8 168 39 20 150 193 426 182 70 11 2 192 198 0
106 55 98 224 68 11 215 31 24 170 222 679 214 68 2 29 189 201 0
105 54 96 185 57 10 219 30 25 170 231 706 217 75 5 12 187 195 0
86 36 66 128 57 8 131 52 18 127 148 252 139 76 5 27 183 187 0
88 38 77 156 56 7 163 41 20 129 184 395 140 67 1 9 192 198 0
76 38 58 125 58 5 133 51 18 127 152 259 145 87 0 21 177 184 0
80 36 69 127 56 7 128 53 18 124 147 240 133 70 2 21 183 191 0
92 42 69 153 58 8 140 48 18 138 165 290 151 64 10 21 199 206 0
102 43 96 197 63 10 185 36 22 142 202 513 139 65 8 12 195 204 0
85 36 72 127 56 7 127 54 18 125 144 233 123 70 3 30 184 194 0
90 41 78 145 55 7 138 48 18 138 161 284 158 67 0 1 192 197 0
93 34 66 140 56 7 130 51 18 120 151 251 114 62 5 29 201 207 0
99 53 105 219 66 11 204 32 23 165 221 623 224 68 0 6 191 201 1
80 38 63 129 55 7 146 46 19 130 168 314 158 83 9 20 180 185 1
88 42 77 151 58 8 140 47 18 142 165 293 158 64 10 11 198 205 1
100 46 90 172 67 9 157 43 20 150 170 363 184 67 17 7 192 200 1
82 44 72 118 52 7 152 44 19 147 174 340 177 82 2 2 180 185 1
89 47 81 147 64 11 156 44 20 163 170 352 188 76 6 13 184 193 1
104 52 94 208 66 5 208 31 24 161 227 666 218 76 11 4 193 191 1
110 58 106 180 51 6 261 26 28 171 278 998 257 83 9 13 181 182 1
104 55 107 222 68 11 218 31 24 173 232 703 229 71 3 10 188 199 1
80 44 68 135 59 8 150 45 19 145 170 329 173 80 7 12 180 185 1
90 46 80 143 62 11 159 43 20 156 169 366 186 74 17 7 185 193 1
90 37 80 171 58 9 157 42 20 132 172 373 115 60 3 18 201 209 1
104 50 96 211 65 10 187 35 22 156 207 527 195 65 3 7 195 206 1
106 49 106 211 64 9 208 32 24 158 224 645 184 68 1 24 190 202 1
92 36 78 165 57 8 153 43 19 128 169 349 124 60 4 19 203 211 1
91 42 66 169 66 7 145 44 19 140 169 325 159 67 4 0 201 207 1
107 55 98 199 59 7 240 27 26 168 258 866 245 80 3 1 186 184 1
107 56 104 231 71 11 219 31 25 172 226 705 217 71 19 11 189 196 1
81 46 71 130 56 7 153 44 19 149 172 342 191 81 3 14 180 186 1
82 44 72 136 61 7 147 46 19 143 173 317 183 81 6 17 181 185 1
90 41 71 169 68 7 150 44 19 138 175 336 157 71 3 18 192 197 1
93 41 79 159 63 8 144 46 19 150 165 309 134 67 4 9 195 203 1
85 33 40 115 57 3 112 61 17 119 130 184 127 86 12 21 181 183 1
81 44 68 120 53 6 151 45 19 147 170 333 178 86 4 5 179 183 1
99 48 104 196 63 10 201 33 23 152 221 604 199 73 8 4 188 197 1
86 39 60 140 60 7 119 55 17 134 140 212 141 61 7 8 200 207 1
82 43 73 154 65 7 151 44 19 143 178 341 160 76 5 11 185 189 1
90 50 90 188 61 10 181 36 21 158 211 492 220 69 6 19 191 199 1
82 44 63 123 54 7 151 45 19 147 166 329 185 81 3 4 179 182 1
109 49 109 193 59 10 207 32 24 156 225 635 213 70 13 31 191 202 1
108 52 109 182 55 12 216 31 24 171 229 687 214 72 10 28 189 201 1
108 54 105 203 62 11 202 33 23 164 216 608 235 68 12 3 190 200 1
85 45 82 133 56 11 159 43 20 156 170 362 173 76 10 21 183 193 1
89 44 70 158 64 6 141 47 18 143 164 299 173 66 9 11 193 199 1
84 37 70 145 62 9 136 48 18 134 159 280 140 68 11 9 194 202 1
102 53 101 238 72 4 238 28 26 163 267 844 242 85 7 22 184 184 1
101 52 101 197 62 9 188 35 22 162 208 527 203 67 14 15 193 202 1
105 50 93 173 54 4 222 30 25 159 254 735 206 83 4 12 186 184 1
93 45 81 177 64 7 160 41 20 147 180 383 188 70 11 11 192 199 1
95 46 92 159 63 11 160 42 20 157 176 372 171 70 7 21 189 200 1
88 39 76 155 62 8 137 48 18 137 156 281 124 63 3 6 201 209 1
93 40 73 139 58 6 136 49 18 138 166 275 137 73 0 0 187 188 1
92 45 76 162 57 7 159 41 20 147 184 381 177 69 8 10 190 195 1
104 49 105 209 61 11 207 32 24 157 217 637 168 64 0 19 193 207 1
86 40 66 139 59 7 122 54 17 139 145 225 143 63 7 11 202 208 1
92 40 66 111 48 7 139 50 19 140 159 277 148 85 12 19 182 183 1
88 44 70 151 61 8 143 46 18 143 163 311 173 68 7 8 196 203 1
86 45 66 126 57 8 148 46 19 145 170 321 186 86 0 7 179 182 1
101 56 101 231 72 10 217 31 24 171 232 698 216 72 2 6 187 197 1
85 33 50 104 53 4 115 59 17 118 136 193 127 83 1 30 179 185 1
83 44 70 166 69 5 143 46 18 143 166 306 170 69 7 6 188 193 1
90 42 63 144 59 7 131 50 18 142 154 259 162 65 15 3 197 204 1
86 44 70 140 64 6 148 45 19 145 170 322 185 82 10 1 181 183 1
84 42 76 156 64 7 151 44 19 143 179 339 157 75 0 20 187 193 1
89 45 85 149 59 11 158 43 20 158 177 362 173 75 12 16 183 193 1
102 48 105 214 64 10 201 33 23 152 214 600 178 64 0 25 192 204 1
85 36 51 115 56 5 119 57 17 124 139 207 127 81 13 5 181 184 1
91 41 64 148 61 8 129 51 18 142 161 249 153 68 6 12 194 201 1
103 53 106 172 55 10 212 32 24 168 220 660 223 73 16 24 187 197 1
87 41 76 165 67 7 148 45 19 140 171 327 152 72 7 13 188 195 1
81 43 68 148 64 7 150 45 19 144 175 330 171 80 1 2 182 185 1
90 48 77 132 56 10 157 44 20 164 169 354 187 78 1 3 182 191 1
104 53 108 204 64 11 220 31 25 172 226 707 203 71 14 30 189 203 1
