0 11 8 3 22 0.0 0.5 0.36363636363636365 0.13636363636363635 45 17 1 0 63 0.7142857142857143 0.2698412698412698 0.015873015873015872 0.0 
2 6 11 3 22 0.09090909090909091 0.2727272727272727 0.5 0.13636363636363635 32 31 0 0 63 0.5079365079365079 0.49206349206349204 0.0 0.0 
3 6 9 3 21 0.14285714285714285 0.2857142857142857 0.42857142857142855 0.14285714285714285 45 17 1 1 64 0.703125 0.265625 0.015625 0.015625 
3 7 5 6 21 0.14285714285714285 0.3333333333333333 0.23809523809523808 0.2857142857142857 42 21 0 1 64 0.65625 0.328125 0.0 0.015625 
1 7 8 5 21 0.047619047619047616 0.3333333333333333 0.38095238095238093 0.23809523809523808 46 16 2 0 64 0.71875 0.25 0.03125 0.0 
0 8 9 4 21 0.0 0.38095238095238093 0.42857142857142855 0.19047619047619047 46 16 2 0 64 0.71875 0.25 0.03125 0.0 
0 7 12 2 21 0.0 0.3333333333333333 0.5714285714285714 0.09523809523809523 40 22 1 0 63 0.6349206349206349 0.3492063492063492 0.015873015873015872 0.0 
0 9 11 1 21 0.0 0.42857142857142855 0.5238095238095238 0.047619047619047616 37 26 0 0 63 0.5873015873015873 0.4126984126984127 0.0 0.0 
0 13 4 4 21 0.0 0.6190476190476191 0.19047619047619047 0.19047619047619047 47 16 0 0 63 0.746031746031746 0.25396825396825395 0.0 0.0 
0 5 14 2 21 0.0 0.23809523809523808 0.6666666666666666 0.09523809523809523 37 25 1 0 63 0.5873015873015873 0.3968253968253968 0.015873015873015872 0.0 
