399.0 335.0 0
298.0 485.0 0
434.0 680.0 0
514.0 233.0 0
541.0 646.0 0
430.0 575.0 0
358.0 400.0 0
343.0 662.0 0
192.0 576.0 0
360.0 523.0 0
386.0 409.0 0
229.0 437.0 0
590.0 722.0 0
492.0 846.0 0
156.0 540.0 0
222.0 545.0 0
291.0 260.0 0
418.0 591.0 0
322.0 567.0 0
606.0 633.0 0
667.0 323.0 1
436.0 120.0 1
277.0 945.0 1
123.0 323.0 1
732.0 915.0 1
602.0 94.0 1
2.0 550.0 1
-62.0 575.0 1
567.0 212.0 1
340.0 664.0 1
345.0 227.0 1
-28.0 319.0 1
4.0 947.0 1
73.0 469.0 1
449.0 467.0 1
-2.0 183.0 1
248.0 604.0 1
335.0 721.0 1
472.0 95.0 1
552.0 731.0 1
50.0 638.0 1
444.0 223.0 1
379.0 838.0 1
618.0 738.0 1
56.0 498.0 1
757.0 940.0 1
365.0 961.0 1
428.0 980.0 1
700.0 380.0 1
358.0 904.0 1
725.0 87.0 1
667.0 918.0 1
106.0 524.0 1
63.0 610.0 1
755.0 784.0 1
704.0 541.0 1
264.0 173.0 1
38.0 734.0 1
701.0 835.0 1
199.0 264.0 1
371.0 519.0 1
576.0 979.0 1
465.0 862.0 1
224.0 139.0 1
233.0 289.0 1
347.0 748.0 1
512.0 207.0 1
627.0 321.0 1
641.0 240.0 1
685.0 712.0 1
27.0 836.0 1
87.0 288.0 1
76.0 75.0 1
221.0 688.0 1
325.0 908.0 1
115.0 734.0 1
239.0 821.0 1
234.0 127.0 1
15.0 630.0 1
24.0 102.0 1
160.0 350.0 1
-30.0 699.0 1
372.0 601.0 1
166.0 897.0 1
264.0 930.0 1
208.0 625.0 1
10.0 143.0 1
521.0 407.0 1
482.0 835.0 1
635.0 333.0 1
548.0 423.0 1
464.0 562.0 1
143.0 386.0 1
241.0 990.0 1
418.0 946.0 1
522.0 827.0 1
318.0 258.0 1
338.0 206.0 1
14.0 399.0 1
717.0 835.0 1
709.0 480.0 1
396.0 212.0 1
51.0 142.0 1
63.0 920.0 1
691.0 649.0 1
659.0 547.0 1
632.0 127.0 1
174.0 965.0 1
171.0 689.0 1
90.0 612.0 1
636.0 818.0 1
726.0 496.0 1
41.0 346.0 1
52.0 906.0 1
739.0 96.0 1
714.0 200.0 1
-49.0 483.0 1
676.0 524.0 1
565.0 531.0 1
158.0 953.0 1
615.0 609.0 1
364.0 123.0 1
81.0 751.0 1
228.0 702.0 1
172.0 199.0 1
564.0 496.0 1
347.0 796.0 1
84.0 842.0 1
239.0 135.0 1
101.0 489.0 1
572.0 231.0 1
-9.0 392.0 1
37.0 863.0 1
18.0 519.0 1
760.0 660.0 1
94.0 263.0 1
261.0 763.0 1
650.0 959.0 1
149.0 629.0 1
-51.0 933.0 1
629.0 968.0 1
184.0 776.0 1
389.0 164.0 1
739.0 236.0 1
529.0 274.0 1
537.0 858.0 1
235.0 755.0 1
627.0 257.0 1
560.0 606.0 1
263.0 395.0 1
121.0 867.0 1
607.0 590.0 1
82.0 740.0 1
75.0 134.0 1
-51.0 836.0 1
7.0 186.0 1
565.0 694.0 1
589.0 323.0 1
620.0 76.0 1
627.0 954.0 1
