419.0 390.0 0
338.0 524.0 0
433.0 684.0 0
514.0 233.0 0
541.0 646.0 0
422.0 495.0 0
259.0 656.0 0
274.0 410.0 0
438.0 844.0 0
175.0 563.0 0
690.0 319.0 1
444.0 170.0 1
234.0 945.0 1
124.0 302.0 1
718.0 930.0 1
585.0 146.0 1
-50.0 541.0 1
581.0 222.0 1
310.0 677.0 1
415.0 246.0 1
6.0 352.0 1
-17.0 951.0 1
44.0 436.0 1
433.0 466.0 1
-16.0 158.0 1
237.0 601.0 1
398.0 81.0 1
569.0 742.0 1
68.0 653.0 1
444.0 223.0 1
386.0 836.0 1
701.0 739.0 1
326.0 986.0 1
434.0 974.0 1
628.0 409.0 1
414.0 919.0 1
50.0 488.0 1
723.0 70.0 1
677.0 906.0 1
708.0 565.0 1
298.0 207.0 1
38.0 710.0 1
701.0 835.0 1
199.0 264.0 1
371.0 519.0 1
598.0 954.0 1
171.0 147.0 1
368.0 800.0 1
530.0 253.0 1
642.0 304.0 1
705.0 239.0 1
721.0 711.0 1
-11.0 813.0 1
61.0 100.0 1
221.0 688.0 1
106.0 742.0 1
209.0 821.0 1
-17.0 604.0 1
24.0 102.0 1
193.0 317.0 1
293.0 879.0 1
526.0 414.0 1
560.0 606.0 1
242.0 266.0 1
194.0 638.0 1
747.0 944.0 1
150.0 914.0 1
608.0 537.0 1
717.0 130.0 1
135.0 657.0 1
599.0 793.0 1
116.0 381.0 1
-13.0 465.0 1
158.0 953.0 1
632.0 604.0 1
87.0 837.0 1
110.0 212.0 1
106.0 524.0 1
726.0 496.0 1
48.0 902.0 1
