613.0 734.0 0
224.0 622.0 0
298.0 485.0 0
422.0 495.0 0
373.0 563.0 0
399.0 280.0 0
259.0 656.0 0
403.0 352.0 0
514.0 233.0 0
399.0 335.0 0
125.0 408.0 0
542.0 331.0 0
301.0 632.0 0
411.0 757.0 0
459.0 489.0 0
421.0 666.0 0
517.0 630.0 0
443.0 807.0 0
268.0 309.0 0
360.0 523.0 0
463.0 778.0 0
541.0 646.0 0
252.0 459.0 0
175.0 563.0 0
501.0 497.0 0
393.0 798.0 0
307.0 515.0 0
274.0 410.0 0
590.0 722.0 0
156.0 540.0 0
111.0 601.0 0
458.0 540.0 0
283.0 541.0 0
192.0 576.0 0
338.0 524.0 0
430.0 575.0 0
527.0 363.0 0
316.0 366.0 0
502.0 350.0 0
359.0 484.0 0
456.0 825.0 0
349.0 757.0 0
301.0 267.0 0
229.0 437.0 0
249.0 410.0 0
255.0 412.0 0
282.0 501.0 0
234.0 945.0 1
296.0 640.0 1
165.0 403.0 1
506.0 911.0 1
41.0 703.0 1
38.0 734.0 1
692.0 916.0 1
543.0 880.0 1
142.0 212.0 1
67.0 174.0 1
24.0 271.0 1
34.0 862.0 1
600.0 985.0 1
429.0 891.0 1
748.0 215.0 1
73.0 859.0 1
534.0 483.0 1
106.0 742.0 1
244.0 359.0 1
51.0 142.0 1
216.0 263.0 1
526.0 414.0 1
586.0 535.0 1
-28.0 319.0 1
445.0 954.0 1
730.0 734.0 1
430.0 940.0 1
24.0 102.0 1
635.0 333.0 1
64.0 364.0 1
154.0 96.0 1
726.0 496.0 1
121.0 867.0 1
667.0 532.0 1
329.0 127.0 1
67.0 630.0 1
86.0 514.0 1
111.0 155.0 1
-37.0 588.0 1
171.0 689.0 1
54.0 765.0 1
449.0 215.0 1
335.0 739.0 1
347.0 796.0 1
739.0 773.0 1
338.0 206.0 1
550.0 227.0 1
486.0 513.0 1
725.0 87.0 1
58.0 349.0 1
121.0 298.0 1
63.0 195.0 1
123.0 323.0 1
722.0 588.0 1
15.0 509.0 1
483.0 115.0 1
286.0 393.0 1
562.0 171.0 1
73.0 469.0 1
757.0 940.0 1
445.0 201.0 1
-9.0 805.0 1
68.0 653.0 1
605.0 87.0 1
349.0 984.0 1
90.0 612.0 1
221.0 974.0 1
177.0 317.0 1
580.0 520.0 1
700.0 380.0 1
94.0 660.0 1
40.0 162.0 1
50.0 638.0 1
671.0 395.0 1
596.0 644.0 1
-16.0 158.0 1
-40.0 924.0 1
182.0 623.0 1
289.0 806.0 1
-49.0 483.0 1
509.0 814.0 1
414.0 919.0 1
61.0 100.0 1
503.0 450.0 1
194.0 638.0 1
519.0 954.0 1
27.0 855.0 1
227.0 232.0 1
40.0 409.0 1
667.0 323.0 1
619.0 166.0 1
589.0 323.0 1
732.0 915.0 1
105.0 726.0 1
760.0 590.0 1
521.0 896.0 1
302.0 284.0 1
5.0 151.0 1
360.0 925.0 1
383.0 251.0 1
503.0 255.0 1
84.0 842.0 1
39.0 483.0 1
195.0 230.0 1
755.0 106.0 1
93.0 498.0 1
664.0 852.0 1
751.0 885.0 1
676.0 524.0 1
-51.0 836.0 1
-32.0 420.0 1
357.0 532.0 1
717.0 130.0 1
222.0 816.0 1
2.0 550.0 1
193.0 869.0 1
151.0 557.0 1
135.0 657.0 1
674.0 935.0 1
-17.0 951.0 1
138.0 822.0 1
430.0 85.0 1
34.0 107.0 1
-59.0 289.0 1
100.0 931.0 1
234.0 127.0 1
429.0 552.0 1
-2.0 199.0 1
656.0 144.0 1
44.0 278.0 1
263.0 910.0 1
310.0 657.0 1
11.0 592.0 1
645.0 537.0 1
576.0 979.0 1
7.0 186.0 1
-15.0 702.0 1
174.0 213.0 1
656.0 101.0 1
235.0 755.0 1
652.0 489.0 1
91.0 818.0 1
470.0 215.0 1
-43.0 909.0 1
-17.0 604.0 1
729.0 71.0 1
633.0 538.0 1
570.0 748.0 1
37.0 863.0 1
572.0 231.0 1
143.0 946.0 1
677.0 921.0 1
51.0 860.0 1
146.0 225.0 1
327.0 84.0 1
131.0 657.0 1
77.0 310.0 1
643.0 301.0 1
567.0 212.0 1
14.0 399.0 1
44.0 436.0 1
444.0 223.0 1
691.0 649.0 1
628.0 409.0 1
116.0 381.0 1
618.0 412.0 1
607.0 590.0 1
192.0 129.0 1
430.0 838.0 1
277.0 945.0 1
472.0 95.0 1
465.0 979.0 1
132.0 347.0 1
704.0 541.0 1
191.0 682.0 1
739.0 967.0 1
-25.0 240.0 1
-14.0 165.0 1
234.0 73.0 1
340.0 664.0 1
318.0 160.0 1
368.0 800.0 1
260.0 629.0 1
645.0 208.0 1
428.0 980.0 1
141.0 516.0 1
410.0 157.0 1
47.0 442.0 1
221.0 688.0 1
173.0 376.0 1
569.0 742.0 1
278.0 156.0 1
196.0 189.0 1
106.0 524.0 1
624.0 746.0 1
89.0 220.0 1
610.0 875.0 1
475.0 555.0 1
251.0 209.0 1
563.0 873.0 1
-9.0 392.0 1
444.0 170.0 1
13.0 292.0 1
-4.0 132.0 1
650.0 959.0 1
465.0 862.0 1
721.0 635.0 1
269.0 268.0 1
722.0 922.0 1
568.0 580.0 1
610.0 364.0 1
89.0 601.0 1
279.0 893.0 1
63.0 610.0 1
208.0 625.0 1
717.0 577.0 1
195.0 593.0 1
346.0 445.0 1
239.0 135.0 1
323.0 156.0 1
109.0 756.0 1
454.0 147.0 1
496.0 561.0 1
588.0 814.0 1
59.0 500.0 1
146.0 824.0 1
749.0 66.0 1
709.0 277.0 1
599.0 793.0 1
433.0 466.0 1
70.0 210.0 1
201.0 818.0 1
482.0 835.0 1
567.0 399.0 1
313.0 664.0 1
580.0 116.0 1
241.0 990.0 1
233.0 289.0 1
240.0 382.0 1
636.0 818.0 1
422.0 271.0 1
639.0 96.0 1
20.0 804.0 1
361.0 982.0 1
718.0 468.0 1
707.0 244.0 1
184.0 776.0 1
622.0 614.0 1
221.0 801.0 1
75.0 134.0 1
506.0 775.0 1
81.0 722.0 1
15.0 630.0 1
-13.0 465.0 1
320.0 641.0 1
596.0 972.0 1
518.0 207.0 1
552.0 731.0 1
41.0 346.0 1
10.0 143.0 1
620.0 76.0 1
27.0 836.0 1
-30.0 699.0 1
439.0 489.0 1
172.0 199.0 1
237.0 601.0 1
209.0 821.0 1
412.0 790.0 1
82.0 638.0 1
38.0 704.0 1
754.0 933.0 1
-40.0 534.0 1
105.0 459.0 1
631.0 439.0 1
11.0 69.0 1
153.0 398.0 1
255.0 744.0 1
690.0 445.0 1
485.0 93.0 1
-18.0 700.0 1
449.0 467.0 1
359.0 632.0 1
258.0 154.0 1
564.0 416.0 1
265.0 164.0 1
318.0 627.0 1
710.0 516.0 1
426.0 809.0 1
272.0 981.0 1
182.0 992.0 1
623.0 687.0 1
681.0 218.0 1
150.0 914.0 1
493.0 283.0 1
286.0 745.0 1
568.0 907.0 1
302.0 719.0 1
143.0 386.0 1
30.0 398.0 1
242.0 266.0 1
755.0 784.0 1
172.0 325.0 1
335.0 721.0 1
704.0 558.0 1
745.0 793.0 1
695.0 931.0 1
310.0 864.0 1
437.0 138.0 1
26.0 452.0 1
40.0 623.0 1
367.0 196.0 1
714.0 200.0 1
576.0 616.0 1
-11.0 698.0 1
685.0 712.0 1
68.0 438.0 1
-15.0 791.0 1
160.0 350.0 1
127.0 981.0 1
88.0 150.0 1
701.0 835.0 1
68.0 401.0 1
240.0 127.0 1
642.0 304.0 1
87.0 288.0 1
670.0 869.0 1
310.0 677.0 1
258.0 677.0 1
730.0 503.0 1
63.0 99.0 1
588.0 667.0 1
710.0 682.0 1
669.0 118.0 1
667.0 918.0 1
714.0 426.0 1
225.0 173.0 1
702.0 566.0 1
288.0 715.0 1
255.0 354.0 1
57.0 630.0 1
530.0 253.0 1
503.0 961.0 1
600.0 146.0 1
610.0 324.0 1
465.0 554.0 1
72.0 269.0 1
714.0 397.0 1
486.0 192.0 1
293.0 302.0 1
256.0 719.0 1
371.0 519.0 1
298.0 207.0 1
270.0 980.0 1
