358.0 400.0 0
224.0 622.0 0
347.0 386.0 0
121.0 552.0 0
433.0 684.0 0
156.0 540.0 0
140.0 617.0 0
316.0 366.0 0
502.0 350.0 0
249.0 410.0 0
185.0 677.0 1
296.0 640.0 1
581.0 222.0 1
95.0 803.0 1
754.0 644.0 1
34.0 862.0 1
739.0 120.0 1
536.0 793.0 1
464.0 562.0 1
264.0 930.0 1
635.0 333.0 1
64.0 364.0 1
154.0 96.0 1
224.0 139.0 1
483.0 115.0 1
18.0 407.0 1
518.0 244.0 1
334.0 922.0 1
509.0 814.0 1
61.0 100.0 1
519.0 954.0 1
227.0 232.0 1
503.0 255.0 1
195.0 230.0 1
490.0 430.0 1
755.0 106.0 1
93.0 498.0 1
73.0 202.0 1
677.0 906.0 1
48.0 860.0 1
-32.0 620.0 1
429.0 552.0 1
-15.0 702.0 1
53.0 652.0 1
677.0 921.0 1
77.0 310.0 1
358.0 904.0 1
318.0 258.0 1
415.0 246.0 1
465.0 979.0 1
191.0 682.0 1
541.0 220.0 1
325.0 908.0 1
339.0 671.0 1
717.0 835.0 1
609.0 194.0 1
679.0 469.0 1
475.0 555.0 1
585.0 199.0 1
195.0 593.0 1
115.0 919.0 1
567.0 399.0 1
20.0 804.0 1
-13.0 465.0 1
747.0 944.0 1
172.0 199.0 1
217.0 146.0 1
449.0 467.0 1
750.0 862.0 1
493.0 283.0 1
30.0 398.0 1
296.0 941.0 1
755.0 784.0 1
205.0 916.0 1
88.0 150.0 1
101.0 97.0 1
714.0 426.0 1
255.0 354.0 1
503.0 961.0 1
293.0 302.0 1
