419.0 390.0 0
298.0 485.0 0
406.0 302.0 0
259.0 656.0 0
542.0 331.0 0
418.0 591.0 0
411.0 757.0 0
421.0 666.0 0
252.0 459.0 0
175.0 563.0 0
263.0 553.0 0
274.0 410.0 0
159.0 507.0 0
156.0 540.0 0
140.0 617.0 0
299.0 549.0 0
322.0 567.0 0
343.0 662.0 0
220.0 479.0 0
253.0 516.0 0
234.0 945.0 1
386.0 836.0 1
41.0 703.0 1
330.0 101.0 1
436.0 120.0 1
636.0 970.0 1
734.0 373.0 1
67.0 174.0 1
429.0 891.0 1
415.0 884.0 1
395.0 908.0 1
244.0 359.0 1
51.0 142.0 1
-41.0 761.0 1
216.0 263.0 1
398.0 81.0 1
24.0 102.0 1
547.0 492.0 1
635.0 333.0 1
726.0 496.0 1
121.0 867.0 1
667.0 532.0 1
329.0 127.0 1
-51.0 933.0 1
335.0 739.0 1
353.0 168.0 1
224.0 139.0 1
668.0 453.0 1
15.0 509.0 1
286.0 393.0 1
73.0 469.0 1
757.0 940.0 1
430.0 194.0 1
559.0 981.0 1
68.0 653.0 1
259.0 211.0 1
221.0 974.0 1
101.0 481.0 1
334.0 922.0 1
396.0 129.0 1
414.0 919.0 1
424.0 797.0 1
519.0 553.0 1
760.0 590.0 1
347.0 748.0 1
-2.0 183.0 1
195.0 230.0 1
751.0 885.0 1
676.0 524.0 1
2.0 561.0 1
512.0 207.0 1
548.0 702.0 1
-51.0 836.0 1
237.0 609.0 1
-32.0 420.0 1
222.0 816.0 1
379.0 838.0 1
151.0 557.0 1
1.0 333.0 1
100.0 931.0 1
429.0 552.0 1
44.0 278.0 1
263.0 910.0 1
310.0 657.0 1
-34.0 537.0 1
645.0 537.0 1
7.0 186.0 1
174.0 213.0 1
235.0 755.0 1
643.0 302.0 1
729.0 71.0 1
264.0 173.0 1
565.0 531.0 1
37.0 863.0 1
62.0 570.0 1
677.0 921.0 1
51.0 860.0 1
372.0 601.0 1
146.0 225.0 1
131.0 657.0 1
643.0 301.0 1
567.0 212.0 1
358.0 904.0 1
624.0 330.0 1
132.0 347.0 1
629.0 966.0 1
723.0 70.0 1
704.0 541.0 1
739.0 967.0 1
-36.0 919.0 1
541.0 220.0 1
260.0 629.0 1
717.0 835.0 1
141.0 516.0 1
345.0 227.0 1
47.0 442.0 1
569.0 742.0 1
106.0 524.0 1
364.0 123.0 1
737.0 540.0 1
106.0 755.0 1
444.0 170.0 1
166.0 897.0 1
465.0 862.0 1
569.0 241.0 1
18.0 519.0 1
701.0 972.0 1
89.0 601.0 1
708.0 565.0 1
346.0 445.0 1
48.0 470.0 1
454.0 147.0 1
755.0 986.0 1
228.0 702.0 1
149.0 799.0 1
705.0 239.0 1
38.0 710.0 1
433.0 466.0 1
70.0 210.0 1
64.0 516.0 1
313.0 664.0 1
580.0 116.0 1
721.0 711.0 1
151.0 347.0 1
596.0 519.0 1
119.0 294.0 1
54.0 933.0 1
747.0 944.0 1
320.0 641.0 1
169.0 123.0 1
596.0 972.0 1
10.0 143.0 1
171.0 157.0 1
27.0 836.0 1
209.0 821.0 1
105.0 459.0 1
38.0 626.0 1
153.0 398.0 1
-18.0 700.0 1
359.0 632.0 1
