386.0 409.0 0
360.0 523.0 0
463.0 778.0 0
316.0 366.0 0
418.0 591.0 0
222.0 545.0 0
192.0 576.0 0
220.0 479.0 0
349.0 757.0 0
301.0 267.0 0
714.0 397.0 1
472.0 95.0 1
221.0 974.0 1
132.0 347.0 1
754.0 933.0 1
639.0 96.0 1
2.0 561.0 1
541.0 220.0 1
340.0 697.0 1
367.0 196.0 1
24.0 271.0 1
30.0 943.0 1
105.0 459.0 1
429.0 552.0 1
-4.0 132.0 1
351.0 532.0 1
389.0 164.0 1
607.0 743.0 1
53.0 652.0 1
503.0 255.0 1
412.0 790.0 1
671.0 680.0 1
270.0 980.0 1
418.0 946.0 1
679.0 469.0 1
328.0 915.0 1
101.0 489.0 1
739.0 120.0 1
670.0 869.0 1
710.0 516.0 1
198.0 223.0 1
81.0 722.0 1
610.0 875.0 1
142.0 212.0 1
496.0 561.0 1
563.0 873.0 1
171.0 157.0 1
319.0 791.0 1
659.0 166.0 1
635.0 250.0 1
748.0 215.0 1
744.0 645.0 1
32.0 754.0 1
111.0 155.0 1
255.0 744.0 1
68.0 736.0 1
233.0 755.0 1
-32.0 620.0 1
47.0 172.0 1
203.0 377.0 1
193.0 869.0 1
534.0 483.0 1
586.0 535.0 1
240.0 382.0 1
166.0 684.0 1
757.0 971.0 1
177.0 920.0 1
656.0 494.0 1
567.0 399.0 1
231.0 746.0 1
482.0 835.0 1
44.0 278.0 1
39.0 549.0 1
145.0 880.0 1
555.0 662.0 1
37.0 863.0 1
417.0 275.0 1
45.0 255.0 1
465.0 862.0 1
286.0 745.0 1
