194.0 614.0 0
527.0 363.0 0
268.0 325.0 0
316.0 366.0 0
502.0 350.0 0
349.0 339.0 0
386.0 409.0 0
359.0 484.0 0
455.0 526.0 0
456.0 825.0 0
349.0 757.0 0
180.0 407.0 0
541.0 647.0 0
301.0 267.0 0
538.0 808.0 0
229.0 437.0 0
492.0 846.0 0
249.0 410.0 0
255.0 412.0 0
282.0 501.0 0
647.0 837.0 1
94.0 263.0 1
265.0 164.0 1
443.0 488.0 1
635.0 250.0 1
68.0 736.0 1
197.0 190.0 1
734.0 366.0 1
318.0 627.0 1
710.0 516.0 1
135.0 710.0 1
365.0 961.0 1
174.0 965.0 1
30.0 943.0 1
426.0 809.0 1
272.0 981.0 1
549.0 800.0 1
362.0 890.0 1
-63.0 592.0 1
-8.0 432.0 1
182.0 992.0 1
177.0 920.0 1
158.0 953.0 1
48.0 902.0 1
750.0 862.0 1
306.0 139.0 1
733.0 878.0 1
623.0 687.0 1
681.0 218.0 1
150.0 914.0 1
257.0 359.0 1
692.0 334.0 1
493.0 283.0 1
394.0 202.0 1
286.0 745.0 1
568.0 907.0 1
302.0 719.0 1
143.0 386.0 1
30.0 398.0 1
709.0 480.0 1
296.0 941.0 1
242.0 266.0 1
389.0 164.0 1
755.0 784.0 1
172.0 325.0 1
166.0 684.0 1
335.0 721.0 1
704.0 558.0 1
745.0 793.0 1
610.0 218.0 1
695.0 931.0 1
205.0 916.0 1
310.0 864.0 1
437.0 138.0 1
26.0 452.0 1
40.0 623.0 1
367.0 196.0 1
714.0 200.0 1
82.0 740.0 1
576.0 616.0 1
466.0 921.0 1
760.0 660.0 1
687.0 269.0 1
-11.0 698.0 1
431.0 257.0 1
685.0 712.0 1
442.0 459.0 1
350.0 944.0 1
68.0 438.0 1
-15.0 791.0 1
696.0 879.0 1
160.0 350.0 1
429.0 810.0 1
679.0 527.0 1
127.0 981.0 1
88.0 150.0 1
701.0 835.0 1
68.0 401.0 1
110.0 212.0 1
-44.0 751.0 1
240.0 127.0 1
245.0 948.0 1
602.0 94.0 1
642.0 304.0 1
-37.0 786.0 1
87.0 288.0 1
670.0 869.0 1
573.0 960.0 1
310.0 677.0 1
258.0 677.0 1
730.0 503.0 1
63.0 99.0 1
101.0 97.0 1
588.0 667.0 1
120.0 592.0 1
710.0 682.0 1
618.0 738.0 1
669.0 118.0 1
556.0 762.0 1
350.0 708.0 1
96.0 476.0 1
237.0 266.0 1
667.0 918.0 1
47.0 172.0 1
529.0 274.0 1
52.0 769.0 1
328.0 915.0 1
714.0 426.0 1
225.0 173.0 1
702.0 566.0 1
288.0 715.0 1
670.0 581.0 1
255.0 354.0 1
57.0 630.0 1
384.0 859.0 1
530.0 253.0 1
503.0 961.0 1
600.0 146.0 1
610.0 324.0 1
35.0 84.0 1
219.0 879.0 1
277.0 953.0 1
465.0 554.0 1
72.0 269.0 1
589.0 438.0 1
714.0 397.0 1
374.0 170.0 1
486.0 192.0 1
293.0 302.0 1
256.0 719.0 1
371.0 519.0 1
28.0 731.0 1
-30.0 680.0 1
56.0 498.0 1
34.0 837.0 1
656.0 494.0 1
298.0 207.0 1
79.0 338.0 1
270.0 980.0 1
245.0 938.0 1
