366.0 493.0 0
399.0 335.0 0
463.0 778.0 0
342.0 463.0 0
252.0 459.0 0
299.0 549.0 0
194.0 614.0 0
268.0 325.0 0
455.0 526.0 0
229.0 437.0 0
386.0 836.0 1
142.0 212.0 1
600.0 985.0 1
748.0 215.0 1
244.0 359.0 1
428.0 918.0 1
-41.0 761.0 1
-28.0 319.0 1
138.0 700.0 1
398.0 81.0 1
667.0 532.0 1
86.0 514.0 1
-37.0 588.0 1
87.0 837.0 1
338.0 206.0 1
349.0 984.0 1
177.0 317.0 1
94.0 660.0 1
634.0 889.0 1
424.0 797.0 1
519.0 553.0 1
-2.0 183.0 1
103.0 960.0 1
84.0 842.0 1
381.0 766.0 1
629.0 968.0 1
739.0 236.0 1
171.0 910.0 1
235.0 755.0 1
400.0 926.0 1
62.0 570.0 1
51.0 860.0 1
444.0 223.0 1
277.0 945.0 1
316.0 927.0 1
378.0 554.0 1
428.0 980.0 1
298.0 588.0 1
106.0 524.0 1
624.0 746.0 1
166.0 897.0 1
569.0 241.0 1
6.0 352.0 1
-11.0 505.0 1
-36.0 661.0 1
146.0 824.0 1
38.0 710.0 1
739.0 108.0 1
201.0 965.0 1
320.0 641.0 1
82.0 638.0 1
-40.0 174.0 1
38.0 626.0 1
153.0 398.0 1
-18.0 700.0 1
318.0 627.0 1
365.0 961.0 1
174.0 965.0 1
30.0 943.0 1
426.0 809.0 1
158.0 953.0 1
257.0 359.0 1
127.0 981.0 1
68.0 401.0 1
245.0 948.0 1
-37.0 786.0 1
310.0 677.0 1
258.0 677.0 1
588.0 667.0 1
589.0 438.0 1
