406.0 302.0 0
286.0 645.0 0
594.0 387.0 0
418.0 591.0 0
360.0 523.0 0
393.0 798.0 0
241.0 673.0 0
159.0 507.0 0
590.0 722.0 0
338.0 524.0 0
506.0 911.0 1
636.0 970.0 1
67.0 174.0 1
73.0 859.0 1
395.0 908.0 1
449.0 448.0 1
586.0 535.0 1
445.0 954.0 1
512.0 203.0 1
-46.0 450.0 1
725.0 87.0 1
302.0 888.0 1
239.0 821.0 1
193.0 317.0 1
-9.0 805.0 1
683.0 604.0 1
33.0 587.0 1
757.0 971.0 1
537.0 858.0 1
614.0 836.0 1
700.0 380.0 1
182.0 623.0 1
396.0 129.0 1
160.0 589.0 1
667.0 323.0 1
589.0 323.0 1
105.0 726.0 1
-62.0 575.0 1
717.0 130.0 1
641.0 240.0 1
636.0 626.0 1
-39.0 895.0 1
701.0 685.0 1
372.0 601.0 1
698.0 589.0 1
-50.0 541.0 1
318.0 160.0 1
263.0 395.0 1
610.0 364.0 1
96.0 260.0 1
454.0 147.0 1
59.0 500.0 1
45.0 255.0 1
149.0 799.0 1
705.0 239.0 1
313.0 664.0 1
199.0 264.0 1
1.0 326.0 1
151.0 347.0 1
241.0 990.0 1
565.0 694.0 1
521.0 159.0 1
622.0 614.0 1
-8.0 472.0 1
596.0 972.0 1
129.0 428.0 1
32.0 754.0 1
412.0 790.0 1
255.0 744.0 1
690.0 445.0 1
359.0 632.0 1
265.0 164.0 1
197.0 190.0 1
135.0 710.0 1
143.0 386.0 1
40.0 623.0 1
367.0 196.0 1
576.0 616.0 1
670.0 581.0 1
277.0 953.0 1
