224.0 622.0 0
509.0 848.0 0
606.0 633.0 0
399.0 280.0 0
121.0 552.0 0
286.0 645.0 0
301.0 479.0 0
594.0 387.0 0
434.0 680.0 0
438.0 844.0 0
515.0 751.0 0
390.0 626.0 0
459.0 489.0 0
268.0 309.0 0
518.0 638.0 0
342.0 463.0 0
488.0 649.0 0
501.0 497.0 0
241.0 673.0 0
458.0 540.0 0
165.0 403.0 1
38.0 734.0 1
543.0 880.0 1
142.0 212.0 1
24.0 271.0 1
34.0 862.0 1
739.0 120.0 1
73.0 859.0 1
659.0 749.0 1
106.0 742.0 1
742.0 716.0 1
526.0 414.0 1
402.0 546.0 1
329.0 806.0 1
111.0 155.0 1
255.0 657.0 1
87.0 837.0 1
165.0 960.0 1
329.0 783.0 1
739.0 773.0 1
675.0 241.0 1
372.0 543.0 1
486.0 513.0 1
58.0 349.0 1
63.0 195.0 1
302.0 888.0 1
123.0 323.0 1
722.0 588.0 1
239.0 821.0 1
243.0 917.0 1
562.0 171.0 1
193.0 317.0 1
18.0 407.0 1
683.0 604.0 1
50.0 488.0 1
757.0 971.0 1
614.0 836.0 1
177.0 317.0 1
40.0 162.0 1
671.0 395.0 1
389.0 836.0 1
182.0 623.0 1
555.0 662.0 1
61.0 100.0 1
227.0 232.0 1
521.0 896.0 1
149.0 629.0 1
302.0 284.0 1
5.0 151.0 1
470.0 200.0 1
360.0 925.0 1
103.0 960.0 1
475.0 526.0 1
39.0 483.0 1
293.0 879.0 1
48.0 860.0 1
690.0 319.0 1
730.0 949.0 1
115.0 734.0 1
-17.0 951.0 1
-32.0 620.0 1
34.0 107.0 1
-2.0 199.0 1
576.0 979.0 1
-17.0 480.0 1
656.0 101.0 1
400.0 926.0 1
77.0 138.0 1
701.0 685.0 1
53.0 652.0 1
327.0 84.0 1
77.0 310.0 1
79.0 612.0 1
52.0 827.0 1
691.0 649.0 1
628.0 409.0 1
116.0 381.0 1
607.0 590.0 1
430.0 838.0 1
-50.0 541.0 1
39.0 549.0 1
191.0 682.0 1
85.0 391.0 1
53.0 920.0 1
534.0 442.0 1
325.0 908.0 1
339.0 671.0 1
701.0 739.0 1
428.0 980.0 1
410.0 157.0 1
221.0 688.0 1
173.0 376.0 1
89.0 220.0 1
609.0 194.0 1
81.0 751.0 1
45.0 881.0 1
434.0 974.0 1
101.0 489.0 1
679.0 469.0 1
-9.0 392.0 1
-57.0 113.0 1
-4.0 132.0 1
568.0 580.0 1
-11.0 505.0 1
717.0 328.0 1
659.0 166.0 1
195.0 593.0 1
239.0 135.0 1
8.0 74.0 1
323.0 156.0 1
248.0 604.0 1
545.0 644.0 1
725.0 778.0 1
496.0 561.0 1
59.0 500.0 1
87.0 945.0 1
45.0 255.0 1
749.0 66.0 1
599.0 793.0 1
482.0 835.0 1
739.0 108.0 1
233.0 289.0 1
240.0 382.0 1
361.0 982.0 1
718.0 468.0 1
521.0 159.0 1
715.0 580.0 1
622.0 614.0 1
397.0 838.0 1
552.0 731.0 1
620.0 76.0 1
363.0 289.0 1
593.0 826.0 1
172.0 199.0 1
217.0 146.0 1
82.0 638.0 1
535.0 464.0 1
-40.0 174.0 1
246.0 324.0 1
11.0 69.0 1
