441.0 358.0 0
307.0 515.0 0
476.0 702.0 0
542.0 331.0 0
517.0 630.0 0
458.0 540.0 0
286.0 645.0 0
255.0 412.0 0
456.0 825.0 0
111.0 601.0 0
717.0 328.0 1
454.0 147.0 1
245.0 948.0 1
121.0 298.0 1
722.0 922.0 1
580.0 116.0 1
-40.0 534.0 1
585.0 199.0 1
313.0 664.0 1
373.0 249.0 1
1.0 326.0 1
-9.0 931.0 1
68.0 438.0 1
439.0 489.0 1
-40.0 174.0 1
298.0 588.0 1
417.0 90.0 1
556.0 762.0 1
82.0 638.0 1
470.0 215.0 1
397.0 838.0 1
659.0 749.0 1
349.0 984.0 1
465.0 979.0 1
671.0 395.0 1
395.0 908.0 1
56.0 498.0 1
729.0 71.0 1
674.0 935.0 1
704.0 558.0 1
259.0 211.0 1
41.0 703.0 1
664.0 852.0 1
195.0 230.0 1
372.0 543.0 1
596.0 972.0 1
192.0 129.0 1
381.0 766.0 1
512.0 174.0 1
643.0 301.0 1
675.0 241.0 1
701.0 685.0 1
20.0 804.0 1
101.0 97.0 1
258.0 677.0 1
105.0 726.0 1
222.0 816.0 1
11.0 592.0 1
-57.0 113.0 1
177.0 317.0 1
279.0 893.0 1
490.0 430.0 1
494.0 576.0 1
293.0 302.0 1
208.0 625.0 1
733.0 878.0 1
115.0 919.0 1
633.0 538.0 1
669.0 118.0 1
138.0 700.0 1
588.0 814.0 1
70.0 356.0 1
-17.0 480.0 1
127.0 981.0 1
636.0 626.0 1
91.0 818.0 1
278.0 156.0 1
141.0 516.0 1
652.0 489.0 1
-39.0 895.0 1
