502.0 350.0 0
299.0 549.0 0
517.0 678.0 0
415.0 294.0 0
541.0 647.0 0
422.0 495.0 0
268.0 325.0 0
241.0 673.0 0
140.0 617.0 0
488.0 649.0 0
274.0 410.0 0
287.0 383.0 0
411.0 757.0 0
509.0 848.0 0
159.0 507.0 0
200.0 526.0 0
268.0 309.0 0
373.0 563.0 0
613.0 734.0 0
623.0 660.0 0
734.0 366.0 1
410.0 157.0 1
243.0 917.0 1
127.0 322.0 1
710.0 912.0 1
600.0 146.0 1
-11.0 505.0 1
-32.0 620.0 1
610.0 218.0 1
320.0 641.0 1
363.0 289.0 1
13.0 292.0 1
-40.0 924.0 1
68.0 401.0 1
442.0 459.0 1
-9.0 158.0 1
237.0 601.0 1
359.0 632.0 1
396.0 129.0 1
549.0 800.0 1
79.0 612.0 1
445.0 201.0 1
430.0 838.0 1
639.0 780.0 1
26.0 452.0 1
754.0 933.0 1
350.0 944.0 1
445.0 954.0 1
628.0 409.0 1
428.0 918.0 1
749.0 66.0 1
677.0 906.0 1
59.0 500.0 1
53.0 652.0 1
745.0 793.0 1
717.0 577.0 1
227.0 232.0 1
28.0 731.0 1
696.0 879.0 1
197.0 190.0 1
351.0 532.0 1
573.0 960.0 1
429.0 891.0 1
217.0 146.0 1
269.0 268.0 1
412.0 790.0 1
518.0 207.0 1
609.0 308.0 1
707.0 244.0 1
721.0 711.0 1
-15.0 791.0 1
72.0 269.0 1
154.0 96.0 1
260.0 629.0 1
296.0 941.0 1
81.0 722.0 1
201.0 818.0 1
240.0 127.0 1
62.0 570.0 1
34.0 107.0 1
151.0 347.0 1
-30.0 680.0 1
486.0 513.0 1
293.0 879.0 1
310.0 864.0 1
194.0 638.0 1
5.0 151.0 1
534.0 442.0 1
509.0 814.0 1
618.0 412.0 1
567.0 399.0 1
519.0 553.0 1
129.0 428.0 1
270.0 980.0 1
360.0 925.0 1
599.0 793.0 1
255.0 354.0 1
353.0 168.0 1
85.0 391.0 1
692.0 916.0 1
668.0 453.0 1
329.0 127.0 1
63.0 195.0 1
87.0 945.0 1
722.0 588.0 1
667.0 532.0 1
639.0 96.0 1
165.0 960.0 1
166.0 684.0 1
139.0 632.0 1
610.0 875.0 1
715.0 580.0 1
132.0 347.0 1
48.0 902.0 1
739.0 120.0 1
717.0 130.0 1
-4.0 438.0 1
679.0 527.0 1
534.0 483.0 1
177.0 920.0 1
596.0 644.0 1
306.0 139.0 1
68.0 736.0 1
135.0 657.0 1
89.0 220.0 1
547.0 492.0 1
335.0 739.0 1
52.0 827.0 1
225.0 173.0 1
101.0 481.0 1
530.0 253.0 1
15.0 509.0 1
48.0 860.0 1
45.0 549.0 1
623.0 687.0 1
96.0 260.0 1
302.0 719.0 1
636.0 970.0 1
109.0 756.0 1
-20.0 901.0 1
609.0 950.0 1
106.0 755.0 1
422.0 271.0 1
635.0 250.0 1
569.0 241.0 1
521.0 896.0 1
233.0 755.0 1
485.0 93.0 1
346.0 445.0 1
203.0 377.0 1
145.0 880.0 1
760.0 590.0 1
237.0 609.0 1
73.0 202.0 1
233.0 763.0 1
70.0 210.0 1
548.0 702.0 1
634.0 889.0 1
286.0 393.0 1
629.0 966.0 1
