358.0 400.0 0
623.0 660.0 0
415.0 294.0 0
224.0 622.0 0
419.0 390.0 0
298.0 485.0 0
373.0 563.0 0
399.0 280.0 0
406.0 302.0 0
121.0 552.0 0
403.0 352.0 0
315.0 732.0 0
514.0 233.0 0
594.0 387.0 0
542.0 331.0 0
433.0 684.0 0
434.0 680.0 0
301.0 632.0 0
438.0 844.0 0
515.0 751.0 0
390.0 626.0 0
418.0 591.0 0
538.0 648.0 0
421.0 666.0 0
461.0 661.0 0
443.0 807.0 0
518.0 638.0 0
488.0 649.0 0
222.0 545.0 0
252.0 459.0 0
234.0 433.0 0
263.0 553.0 0
393.0 798.0 0
241.0 673.0 0
590.0 722.0 0
291.0 260.0 0
111.0 601.0 0
458.0 540.0 0
322.0 567.0 0
200.0 526.0 0
283.0 541.0 0
220.0 479.0 0
194.0 614.0 0
527.0 363.0 0
316.0 366.0 0
502.0 350.0 0
386.0 409.0 0
349.0 757.0 0
180.0 407.0 0
301.0 267.0 0
229.0 437.0 0
492.0 846.0 0
185.0 677.0 1
609.0 950.0 1
231.0 746.0 1
296.0 640.0 1
581.0 222.0 1
165.0 403.0 1
506.0 911.0 1
-8.0 942.0 1
330.0 101.0 1
436.0 120.0 1
203.0 377.0 1
142.0 212.0 1
636.0 970.0 1
754.0 644.0 1
734.0 373.0 1
67.0 174.0 1
24.0 271.0 1
632.0 127.0 1
34.0 862.0 1
748.0 215.0 1
73.0 859.0 1
536.0 793.0 1
395.0 908.0 1
449.0 448.0 1
659.0 749.0 1
106.0 742.0 1
742.0 716.0 1
51.0 142.0 1
396.0 212.0 1
428.0 918.0 1
145.0 880.0 1
216.0 263.0 1
138.0 700.0 1
398.0 81.0 1
430.0 940.0 1
656.0 403.0 1
24.0 102.0 1
547.0 492.0 1
635.0 333.0 1
198.0 223.0 1
154.0 96.0 1
726.0 496.0 1
329.0 806.0 1
-46.0 450.0 1
667.0 532.0 1
744.0 645.0 1
329.0 127.0 1
67.0 630.0 1
54.0 765.0 1
87.0 837.0 1
449.0 215.0 1
675.0 241.0 1
725.0 87.0 1
121.0 298.0 1
63.0 195.0 1
668.0 453.0 1
483.0 115.0 1
562.0 171.0 1
193.0 317.0 1
73.0 469.0 1
757.0 940.0 1
76.0 75.0 1
68.0 653.0 1
683.0 604.0 1
50.0 488.0 1
605.0 87.0 1
349.0 984.0 1
537.0 858.0 1
259.0 211.0 1
614.0 836.0 1
40.0 162.0 1
518.0 244.0 1
389.0 836.0 1
-16.0 158.0 1
93.0 725.0 1
334.0 922.0 1
555.0 662.0 1
396.0 129.0 1
414.0 919.0 1
424.0 797.0 1
503.0 450.0 1
194.0 638.0 1
378.0 514.0 1
373.0 249.0 1
760.0 590.0 1
521.0 896.0 1
149.0 629.0 1
598.0 954.0 1
347.0 748.0 1
739.0 96.0 1
360.0 925.0 1
735.0 783.0 1
503.0 255.0 1
103.0 960.0 1
475.0 526.0 1
306.0 110.0 1
39.0 483.0 1
490.0 430.0 1
659.0 547.0 1
70.0 356.0 1
733.0 106.0 1
293.0 879.0 1
93.0 498.0 1
751.0 885.0 1
677.0 906.0 1
2.0 561.0 1
48.0 860.0 1
-32.0 420.0 1
629.0 968.0 1
357.0 532.0 1
730.0 949.0 1
717.0 130.0 1
222.0 816.0 1
142.0 640.0 1
193.0 869.0 1
379.0 838.0 1
1.0 333.0 1
135.0 657.0 1
67.0 303.0 1
674.0 935.0 1
124.0 302.0 1
-17.0 951.0 1
325.0 236.0 1
430.0 85.0 1
34.0 107.0 1
-59.0 289.0 1
234.0 127.0 1
429.0 552.0 1
-2.0 199.0 1
310.0 657.0 1
11.0 592.0 1
-34.0 537.0 1
233.0 755.0 1
7.0 186.0 1
144.0 668.0 1
-17.0 480.0 1
235.0 755.0 1
77.0 138.0 1
91.0 818.0 1
701.0 685.0 1
53.0 652.0 1
-43.0 909.0 1
264.0 173.0 1
633.0 538.0 1
37.0 863.0 1
572.0 231.0 1
143.0 946.0 1
62.0 570.0 1
677.0 921.0 1
51.0 860.0 1
372.0 601.0 1
131.0 657.0 1
567.0 212.0 1
358.0 904.0 1
415.0 246.0 1
116.0 381.0 1
618.0 412.0 1
192.0 129.0 1
465.0 979.0 1
316.0 927.0 1
629.0 966.0 1
723.0 70.0 1
-50.0 541.0 1
704.0 541.0 1
739.0 967.0 1
85.0 391.0 1
-25.0 240.0 1
627.0 321.0 1
-14.0 165.0 1
234.0 73.0 1
-36.0 919.0 1
378.0 554.0 1
340.0 664.0 1
53.0 920.0 1
318.0 160.0 1
263.0 395.0 1
325.0 908.0 1
339.0 671.0 1
368.0 800.0 1
260.0 629.0 1
645.0 208.0 1
298.0 588.0 1
148.0 608.0 1
221.0 688.0 1
173.0 376.0 1
196.0 189.0 1
106.0 524.0 1
89.0 220.0 1
434.0 974.0 1
101.0 489.0 1
610.0 875.0 1
451.0 982.0 1
679.0 469.0 1
475.0 555.0 1
737.0 540.0 1
-57.0 113.0 1
650.0 959.0 1
585.0 199.0 1
126.0 537.0 1
166.0 897.0 1
721.0 635.0 1
569.0 241.0 1
269.0 268.0 1
568.0 580.0 1
610.0 364.0 1
717.0 328.0 1
279.0 893.0 1
63.0 610.0 1
208.0 625.0 1
195.0 593.0 1
346.0 445.0 1
239.0 135.0 1
48.0 470.0 1
755.0 986.0 1
545.0 644.0 1
496.0 561.0 1
228.0 702.0 1
588.0 814.0 1
340.0 697.0 1
-36.0 661.0 1
45.0 255.0 1
115.0 919.0 1
674.0 712.0 1
599.0 793.0 1
705.0 239.0 1
38.0 710.0 1
433.0 466.0 1
201.0 818.0 1
482.0 835.0 1
64.0 516.0 1
1.0 326.0 1
151.0 347.0 1
636.0 818.0 1
422.0 271.0 1
639.0 96.0 1
201.0 965.0 1
596.0 519.0 1
20.0 804.0 1
361.0 982.0 1
707.0 244.0 1
184.0 776.0 1
521.0 159.0 1
715.0 580.0 1
397.0 838.0 1
-8.0 472.0 1
221.0 801.0 1
560.0 606.0 1
522.0 827.0 1
119.0 294.0 1
261.0 763.0 1
169.0 123.0 1
518.0 207.0 1
552.0 731.0 1
41.0 346.0 1
10.0 143.0 1
129.0 428.0 1
593.0 826.0 1
237.0 601.0 1
32.0 754.0 1
412.0 790.0 1
82.0 638.0 1
535.0 464.0 1
-40.0 174.0 1
754.0 933.0 1
-40.0 534.0 1
11.0 69.0 1
38.0 626.0 1
153.0 398.0 1
690.0 445.0 1
485.0 93.0 1
449.0 467.0 1
359.0 632.0 1
647.0 837.0 1
94.0 263.0 1
443.0 488.0 1
197.0 190.0 1
734.0 366.0 1
318.0 627.0 1
710.0 516.0 1
365.0 961.0 1
272.0 981.0 1
549.0 800.0 1
362.0 890.0 1
-63.0 592.0 1
48.0 902.0 1
750.0 862.0 1
681.0 218.0 1
257.0 359.0 1
692.0 334.0 1
286.0 745.0 1
568.0 907.0 1
302.0 719.0 1
143.0 386.0 1
709.0 480.0 1
242.0 266.0 1
389.0 164.0 1
755.0 784.0 1
172.0 325.0 1
610.0 218.0 1
695.0 931.0 1
205.0 916.0 1
310.0 864.0 1
437.0 138.0 1
26.0 452.0 1
40.0 623.0 1
367.0 196.0 1
714.0 200.0 1
760.0 660.0 1
350.0 944.0 1
68.0 438.0 1
696.0 879.0 1
127.0 981.0 1
642.0 304.0 1
-37.0 786.0 1
87.0 288.0 1
670.0 869.0 1
573.0 960.0 1
310.0 677.0 1
730.0 503.0 1
588.0 667.0 1
120.0 592.0 1
710.0 682.0 1
618.0 738.0 1
669.0 118.0 1
96.0 476.0 1
47.0 172.0 1
529.0 274.0 1
52.0 769.0 1
714.0 426.0 1
288.0 715.0 1
255.0 354.0 1
600.0 146.0 1
610.0 324.0 1
35.0 84.0 1
219.0 879.0 1
277.0 953.0 1
465.0 554.0 1
72.0 269.0 1
589.0 438.0 1
714.0 397.0 1
374.0 170.0 1
371.0 519.0 1
28.0 731.0 1
-30.0 680.0 1
56.0 498.0 1
34.0 837.0 1
270.0 980.0 1
245.0 938.0 1
