403.0 352.0 0
282.0 501.0 0
461.0 661.0 0
527.0 363.0 0
518.0 638.0 0
455.0 526.0 0
347.0 386.0 0
301.0 632.0 0
179.0 607.0 0
366.0 493.0 0
301.0 479.0 0
249.0 410.0 0
463.0 778.0 0
443.0 807.0 0
121.0 552.0 0
263.0 553.0 0
406.0 302.0 0
390.0 626.0 0
315.0 732.0 0
125.0 408.0 0
692.0 334.0 1
437.0 138.0 1
245.0 938.0 1
119.0 294.0 1
720.0 923.0 1
591.0 115.0 1
-34.0 537.0 1
-63.0 592.0 1
609.0 194.0 1
310.0 657.0 1
383.0 251.0 1
1.0 333.0 1
-8.0 942.0 1
47.0 442.0 1
443.0 488.0 1
-14.0 165.0 1
296.0 640.0 1
340.0 697.0 1
430.0 85.0 1
570.0 748.0 1
67.0 630.0 1
470.0 200.0 1
389.0 836.0 1
624.0 746.0 1
50.0 488.0 1
747.0 944.0 1
361.0 982.0 1
451.0 982.0 1
656.0 403.0 1
400.0 926.0 1
727.0 67.0 1
677.0 921.0 1
64.0 516.0 1
38.0 626.0 1
735.0 783.0 1
702.0 566.0 1
251.0 209.0 1
38.0 704.0 1
670.0 869.0 1
198.0 223.0 1
378.0 554.0 1
600.0 985.0 1
506.0 911.0 1
169.0 123.0 1
242.0 266.0 1
352.0 769.0 1
521.0 159.0 1
643.0 302.0 1
681.0 218.0 1
710.0 682.0 1
-9.0 805.0 1
67.0 303.0 1
63.0 99.0 1
255.0 657.0 1
334.0 922.0 1
93.0 725.0 1
221.0 801.0 1
234.0 73.0 1
33.0 587.0 1
-33.0 94.0 1
172.0 325.0 1
-15.0 702.0 1
402.0 546.0 1
193.0 869.0 1
302.0 888.0 1
160.0 589.0 1
8.0 74.0 1
503.0 450.0 1
426.0 809.0 1
610.0 324.0 1
631.0 439.0 1
496.0 561.0 1
153.0 398.0 1
210.0 965.0 1
384.0 859.0 1
511.0 784.0 1
302.0 284.0 1
394.0 202.0 1
30.0 398.0 1
751.0 885.0 1
690.0 445.0 1
323.0 156.0 1
40.0 162.0 1
100.0 931.0 1
744.0 645.0 1
645.0 537.0 1
656.0 101.0 1
277.0 953.0 1
135.0 710.0 1
89.0 601.0 1
593.0 826.0 1
730.0 503.0 1
64.0 364.0 1
54.0 933.0 1
739.0 108.0 1
619.0 166.0 1
-8.0 472.0 1
652.0 489.0 1
465.0 554.0 1
103.0 960.0 1
622.0 614.0 1
327.0 84.0 1
54.0 765.0 1
191.0 682.0 1
142.0 212.0 1
596.0 519.0 1
319.0 791.0 1
95.0 803.0 1
265.0 164.0 1
126.0 537.0 1
550.0 227.0 1
-32.0 420.0 1
27.0 855.0 1
96.0 476.0 1
730.0 734.0 1
45.0 255.0 1
289.0 806.0 1
757.0 971.0 1
142.0 640.0 1
-43.0 909.0 1
519.0 954.0 1
146.0 824.0 1
486.0 192.0 1
687.0 269.0 1
518.0 244.0 1
553.0 871.0 1
255.0 744.0 1
605.0 87.0 1
449.0 448.0 1
257.0 359.0 1
51.0 860.0 1
698.0 589.0 1
-36.0 661.0 1
77.0 138.0 1
-44.0 751.0 1
-2.0 199.0 1
545.0 644.0 1
607.0 743.0 1
748.0 215.0 1
171.0 910.0 1
