419.0 390.0 0
338.0 524.0 0
433.0 684.0 0
594.0 387.0 0
538.0 648.0 0
459.0 489.0 0
316.0 366.0 0
259.0 656.0 0
224.0 622.0 0
359.0 484.0 0
252.0 459.0 0
234.0 433.0 0
538.0 808.0 0
438.0 844.0 0
175.0 563.0 0
283.0 541.0 0
301.0 267.0 0
421.0 666.0 0
393.0 798.0 0
220.0 479.0 0
690.0 319.0 1
444.0 170.0 1
234.0 945.0 1
124.0 302.0 1
718.0 930.0 1
585.0 146.0 1
-50.0 541.0 1
-17.0 604.0 1
581.0 222.0 1
310.0 677.0 1
415.0 246.0 1
6.0 352.0 1
-17.0 951.0 1
44.0 436.0 1
433.0 466.0 1
-16.0 158.0 1
318.0 627.0 1
350.0 708.0 1
398.0 81.0 1
569.0 742.0 1
68.0 653.0 1
449.0 215.0 1
386.0 836.0 1
701.0 739.0 1
39.0 483.0 1
739.0 967.0 1
326.0 986.0 1
434.0 974.0 1
714.0 397.0 1
414.0 919.0 1
723.0 70.0 1
695.0 931.0 1
93.0 498.0 1
40.0 623.0 1
739.0 773.0 1
708.0 565.0 1
298.0 207.0 1
38.0 710.0 1
647.0 837.0 1
174.0 213.0 1
357.0 532.0 1
598.0 954.0 1
430.0 940.0 1
171.0 147.0 1
216.0 263.0 1
368.0 800.0 1
512.0 203.0 1
642.0 304.0 1
705.0 239.0 1
671.0 680.0 1
-11.0 813.0 1
79.0 338.0 1
61.0 100.0 1
256.0 719.0 1
328.0 915.0 1
106.0 742.0 1
209.0 821.0 1
171.0 157.0 1
2.0 561.0 1
-4.0 132.0 1
193.0 317.0 1
-11.0 698.0 1
429.0 552.0 1
205.0 916.0 1
263.0 910.0 1
182.0 623.0 1
35.0 84.0 1
526.0 414.0 1
424.0 797.0 1
624.0 330.0 1
564.0 416.0 1
475.0 555.0 1
173.0 376.0 1
201.0 965.0 1
362.0 890.0 1
506.0 775.0 1
246.0 324.0 1
374.0 170.0 1
18.0 407.0 1
750.0 862.0 1
718.0 468.0 1
318.0 160.0 1
67.0 174.0 1
150.0 914.0 1
754.0 644.0 1
608.0 537.0 1
656.0 144.0 1
182.0 992.0 1
144.0 668.0 1
148.0 608.0 1
614.0 836.0 1
710.0 516.0 1
58.0 349.0 1
53.0 920.0 1
733.0 106.0 1
645.0 208.0 1
-13.0 465.0 1
656.0 494.0 1
532.0 494.0 1
143.0 946.0 1
632.0 604.0 1
306.0 110.0 1
52.0 769.0 1
225.0 703.0 1
110.0 212.0 1
586.0 535.0 1
329.0 806.0 1
87.0 837.0 1
258.0 154.0 1
151.0 557.0 1
529.0 229.0 1
-8.0 432.0 1
34.0 862.0 1
116.0 381.0 1
674.0 712.0 1
24.0 271.0 1
286.0 745.0 1
701.0 972.0 1
94.0 660.0 1
-39.0 895.0 1
503.0 961.0 1
138.0 822.0 1
431.0 257.0 1
665.0 270.0 1
493.0 283.0 1
563.0 873.0 1
231.0 746.0 1
483.0 115.0 1
568.0 580.0 1
240.0 382.0 1
45.0 881.0 1
683.0 604.0 1
75.0 726.0 1
111.0 155.0 1
-37.0 786.0 1
-59.0 289.0 1
588.0 667.0 1
568.0 907.0 1
417.0 275.0 1
624.0 926.0 1
