373.0 563.0 0
403.0 352.0 0
411.0 757.0 0
458.0 540.0 0
200.0 526.0 0
430.0 575.0 0
349.0 339.0 0
386.0 409.0 0
180.0 407.0 0
492.0 846.0 0
234.0 945.0 1
692.0 916.0 1
319.0 791.0 1
632.0 127.0 1
430.0 940.0 1
591.0 115.0 1
329.0 783.0 1
335.0 739.0 1
675.0 241.0 1
15.0 509.0 1
430.0 194.0 1
68.0 653.0 1
259.0 211.0 1
45.0 549.0 1
50.0 638.0 1
596.0 644.0 1
75.0 726.0 1
735.0 783.0 1
142.0 640.0 1
124.0 302.0 1
-34.0 537.0 1
645.0 537.0 1
144.0 668.0 1
174.0 213.0 1
643.0 302.0 1
470.0 215.0 1
37.0 863.0 1
44.0 436.0 1
691.0 649.0 1
628.0 409.0 1
607.0 590.0 1
704.0 541.0 1
739.0 967.0 1
234.0 73.0 1
368.0 800.0 1
260.0 629.0 1
701.0 739.0 1
47.0 442.0 1
148.0 608.0 1
720.0 923.0 1
221.0 688.0 1
585.0 146.0 1
340.0 860.0 1
650.0 959.0 1
721.0 635.0 1
208.0 625.0 1
717.0 577.0 1
725.0 778.0 1
588.0 814.0 1
87.0 945.0 1
482.0 835.0 1
596.0 519.0 1
715.0 580.0 1
81.0 722.0 1
522.0 827.0 1
15.0 630.0 1
10.0 143.0 1
-4.0 438.0 1
237.0 601.0 1
733.0 878.0 1
623.0 687.0 1
692.0 334.0 1
172.0 325.0 1
240.0 127.0 1
642.0 304.0 1
52.0 769.0 1
35.0 84.0 1
72.0 269.0 1
371.0 519.0 1
-30.0 680.0 1
