422.0 495.0 0
315.0 732.0 0
390.0 626.0 0
461.0 661.0 0
175.0 563.0 0
111.0 601.0 0
220.0 479.0 0
253.0 516.0 0
541.0 647.0 0
282.0 501.0 0
-8.0 942.0 1
203.0 377.0 1
24.0 271.0 1
429.0 891.0 1
415.0 884.0 1
51.0 142.0 1
111.0 155.0 1
353.0 168.0 1
-33.0 94.0 1
722.0 588.0 1
243.0 917.0 1
73.0 469.0 1
757.0 940.0 1
445.0 201.0 1
389.0 836.0 1
289.0 806.0 1
418.0 946.0 1
521.0 896.0 1
302.0 284.0 1
739.0 96.0 1
470.0 200.0 1
475.0 526.0 1
627.0 954.0 1
733.0 106.0 1
293.0 879.0 1
2.0 561.0 1
325.0 236.0 1
44.0 278.0 1
576.0 979.0 1
-43.0 909.0 1
572.0 231.0 1
116.0 381.0 1
-9.0 158.0 1
132.0 347.0 1
629.0 966.0 1
569.0 742.0 1
8.0 74.0 1
323.0 156.0 1
545.0 644.0 1
496.0 561.0 1
228.0 702.0 1
201.0 818.0 1
417.0 90.0 1
64.0 516.0 1
553.0 871.0 1
707.0 244.0 1
184.0 776.0 1
221.0 801.0 1
506.0 775.0 1
54.0 933.0 1
127.0 322.0 1
169.0 123.0 1
620.0 76.0 1
-11.0 813.0 1
11.0 69.0 1
485.0 93.0 1
-8.0 432.0 1
177.0 920.0 1
48.0 902.0 1
704.0 558.0 1
310.0 864.0 1
714.0 200.0 1
82.0 740.0 1
685.0 712.0 1
669.0 118.0 1
667.0 918.0 1
465.0 554.0 1
486.0 192.0 1
656.0 494.0 1
245.0 938.0 1
