527.0 363.0 0
301.0 479.0 0
488.0 649.0 0
347.0 386.0 0
606.0 633.0 0
359.0 484.0 0
315.0 732.0 0
252.0 459.0 0
393.0 798.0 0
200.0 526.0 0
709.0 277.0 1
483.0 115.0 1
277.0 953.0 1
87.0 288.0 1
692.0 916.0 1
605.0 87.0 1
-37.0 588.0 1
572.0 231.0 1
339.0 671.0 1
325.0 236.0 1
41.0 346.0 1
-36.0 919.0 1
48.0 470.0 1
449.0 448.0 1
7.0 186.0 1
372.0 601.0 1
364.0 123.0 1
536.0 793.0 1
57.0 630.0 1
512.0 203.0 1
384.0 859.0 1
674.0 712.0 1
360.0 925.0 1
466.0 921.0 1
690.0 445.0 1
429.0 891.0 1
93.0 498.0 1
739.0 96.0 1
627.0 954.0 1
715.0 580.0 1
265.0 164.0 1
-15.0 702.0 1
614.0 836.0 1
146.0 225.0 1
464.0 562.0 1
629.0 968.0 1
234.0 127.0 1
329.0 783.0 1
493.0 283.0 1
624.0 330.0 1
687.0 269.0 1
721.0 635.0 1
34.0 837.0 1
75.0 134.0 1
191.0 682.0 1
109.0 756.0 1
233.0 763.0 1
38.0 626.0 1
35.0 84.0 1
173.0 376.0 1
296.0 941.0 1
548.0 423.0 1
545.0 644.0 1
286.0 393.0 1
148.0 608.0 1
735.0 783.0 1
103.0 960.0 1
596.0 519.0 1
306.0 139.0 1
184.0 776.0 1
553.0 871.0 1
14.0 399.0 1
-8.0 432.0 1
201.0 965.0 1
683.0 604.0 1
51.0 860.0 1
63.0 195.0 1
-36.0 661.0 1
564.0 496.0 1
-41.0 761.0 1
