358.0 400.0 0
415.0 294.0 0
422.0 495.0 0
373.0 563.0 0
347.0 386.0 0
399.0 335.0 0
179.0 607.0 0
433.0 684.0 0
301.0 632.0 0
517.0 630.0 0
463.0 778.0 0
287.0 383.0 0
222.0 545.0 0
234.0 433.0 0
393.0 798.0 0
307.0 515.0 0
291.0 260.0 0
111.0 601.0 0
192.0 576.0 0
338.0 524.0 0
185.0 677.0 1
231.0 746.0 1
296.0 640.0 1
506.0 911.0 1
-8.0 942.0 1
529.0 229.0 1
95.0 803.0 1
203.0 377.0 1
319.0 791.0 1
754.0 644.0 1
-9.0 931.0 1
632.0 127.0 1
639.0 780.0 1
534.0 483.0 1
396.0 212.0 1
210.0 965.0 1
494.0 576.0 1
-28.0 319.0 1
445.0 954.0 1
-20.0 901.0 1
264.0 930.0 1
512.0 203.0 1
656.0 403.0 1
154.0 96.0 1
-37.0 588.0 1
171.0 689.0 1
54.0 765.0 1
347.0 796.0 1
550.0 227.0 1
-33.0 94.0 1
483.0 115.0 1
-9.0 805.0 1
349.0 984.0 1
225.0 703.0 1
537.0 858.0 1
90.0 612.0 1
580.0 520.0 1
94.0 660.0 1
45.0 549.0 1
518.0 244.0 1
352.0 769.0 1
509.0 814.0 1
503.0 450.0 1
75.0 726.0 1
519.0 954.0 1
27.0 855.0 1
40.0 409.0 1
667.0 323.0 1
632.0 604.0 1
589.0 323.0 1
105.0 726.0 1
727.0 67.0 1
598.0 954.0 1
490.0 430.0 1
627.0 954.0 1
609.0 308.0 1
755.0 106.0 1
-62.0 575.0 1
93.0 498.0 1
381.0 766.0 1
511.0 784.0 1
357.0 532.0 1
717.0 130.0 1
641.0 240.0 1
142.0 640.0 1
2.0 550.0 1
718.0 930.0 1
674.0 935.0 1
63.0 920.0 1
138.0 822.0 1
-59.0 289.0 1
234.0 127.0 1
656.0 144.0 1
233.0 755.0 1
-39.0 895.0 1
652.0 489.0 1
470.0 215.0 1
-43.0 909.0 1
-17.0 604.0 1
633.0 538.0 1
521.0 407.0 1
4.0 947.0 1
139.0 632.0 1
318.0 258.0 1
444.0 223.0 1
698.0 589.0 1
415.0 246.0 1
192.0 129.0 1
472.0 95.0 1
548.0 423.0 1
627.0 321.0 1
-14.0 165.0 1
234.0 73.0 1
318.0 160.0 1
298.0 588.0 1
148.0 608.0 1
585.0 146.0 1
624.0 746.0 1
451.0 982.0 1
251.0 209.0 1
563.0 873.0 1
665.0 270.0 1
13.0 292.0 1
650.0 959.0 1
585.0 199.0 1
269.0 268.0 1
6.0 352.0 1
610.0 364.0 1
512.0 174.0 1
63.0 610.0 1
671.0 680.0 1
96.0 260.0 1
624.0 926.0 1
588.0 814.0 1
340.0 697.0 1
-36.0 661.0 1
115.0 919.0 1
709.0 277.0 1
674.0 712.0 1
567.0 399.0 1
185.0 93.0 1
636.0 818.0 1
422.0 271.0 1
565.0 694.0 1
639.0 96.0 1
201.0 965.0 1
707.0 244.0 1
564.0 496.0 1
15.0 630.0 1
41.0 346.0 1
129.0 428.0 1
-4.0 438.0 1
-30.0 699.0 1
237.0 601.0 1
32.0 754.0 1
38.0 704.0 1
-11.0 813.0 1
255.0 744.0 1
690.0 445.0 1
449.0 467.0 1
