-95.0 170.0 0
-70.0 -273.0 0
-325.0 -28.0 0
50.0 17.0 0
-373.0 13.0 0
5.0 -63.0 0
61.0 -63.0 0
239.0 -209.0 0
-40.0 162.0 0
115.0 100.0 0
270.0 190.0 0
158.0 192.0 0
-147.0 264.0 0
-127.0 -196.0 0
-127.0 -31.0 0
212.0 -154.0 0
172.0 85.0 0
-120.0 94.0 0
-199.0 -62.0 0
-73.0 -144.0 0
457.0 26.0 1
222.0 -267.0 1
20.0 276.0 1
-393.0 -285.0 1
-484.0 18.0 1
-159.0 -152.0 1
-358.0 -47.0 1
-443.0 201.0 1
257.0 118.0 1
-191.0 397.0 1
478.0 351.0 1
-165.0 -98.0 1
-327.0 -209.0 1
-428.0 -224.0 1
-389.0 -53.0 1
-154.0 66.0 1
-555.0 11.0 1
-102.0 48.0 1
-173.0 -359.0 1
247.0 -94.0 1
-499.0 -50.0 1
514.0 370.0 1
114.0 -280.0 1
-207.0 260.0 1
420.0 337.0 1
496.0 -377.0 1
160.0 -369.0 1
378.0 -286.0 1
331.0 308.0 1
369.0 224.0 1
-441.0 297.0 1
483.0 -410.0 1
-478.0 -158.0 1
-414.0 360.0 1
-340.0 -283.0 1
-401.0 -12.0 1
377.0 6.0 1
302.0 254.0 1
486.0 222.0 1
-433.0 -107.0 1
-207.0 85.0 1
-295.0 372.0 1
-379.0 172.0 1
-493.0 -354.0 1
-306.0 113.0 1
346.0 76.0 1
43.0 -357.0 1
512.0 235.0 1
439.0 107.0 1
-501.0 358.0 1
4.0 -297.0 1
486.0 -29.0 1
83.0 249.0 1
263.0 403.0 1
273.0 -282.0 1
86.0 -139.0 1
-432.0 155.0 1
-272.0 -159.0 1
441.0 -174.0 1
-250.0 -85.0 1
149.0 23.0 1
-228.0 -189.0 1
246.0 -32.0 1
-174.0 -214.0 1
365.0 86.0 1
230.0 -58.0 1
-224.0 -304.0 1
-2.0 322.0 1
199.0 -287.0 1
239.0 280.0 1
-472.0 55.0 1
118.0 404.0 1
68.0 347.0 1
-257.0 -341.0 1
-513.0 152.0 1
410.0 -366.0 1
445.0 358.0 1
-287.0 241.0 1
464.0 -225.0 1
71.0 -391.0 1
-149.0 -286.0 1
330.0 -197.0 1
102.0 160.0 1
-348.0 384.0 1
-493.0 -81.0 1
-161.0 346.0 1
-345.0 189.0 1
-550.0 -70.0 1
-455.0 -381.0 1
-280.0 -387.0 1
-39.0 350.0 1
275.0 337.0 1
79.0 -230.0 1
-370.0 -215.0 1
-257.0 340.0 1
526.0 -377.0 1
-130.0 -69.0 1
-510.0 -331.0 1
-426.0 314.0 1
144.0 -196.0 1
275.0 45.0 1
192.0 220.0 1
-366.0 73.0 1
191.0 341.0 1
465.0 -11.0 1
-105.0 -52.0 1
-190.0 142.0 1
-136.0 209.0 1
0.0 178.0 1
-48.0 -397.0 1
524.0 102.0 1
26.0 -247.0 1
-370.0 274.0 1
46.0 -128.0 1
-76.0 -374.0 1
-230.0 136.0 1
-2.0 404.0 1
-546.0 339.0 1
320.0 -388.0 1
163.0 -195.0 1
-508.0 233.0 1
439.0 -75.0 1
-212.0 345.0 1
366.0 394.0 1
-386.0 -352.0 1
137.0 350.0 1
87.0 121.0 1
275.0 -257.0 1
364.0 -175.0 1
508.0 166.0 1
-398.0 90.0 1
-145.0 114.0 1
-104.0 -121.0 1
-409.0 -161.0 1
434.0 -232.0 1
449.0 53.0 1
-416.0 110.0 1
-522.0 -258.0 1
-21.0 195.0 1
-367.0 -276.0 1
