133.0 114.0 0
-87.0 -39.0 0
115.0 100.0 0
-99.0 -384.0 0
270.0 190.0 0
67.0 -164.0 0
-150.0 144.0 0
-176.0 -268.0 0
-199.0 -62.0 0
-96.0 -18.0 0
-60.0 19.0 0
299.0 -109.0 0
-373.0 13.0 0
-136.0 172.0 0
218.0 -59.0 0
-73.0 -144.0 0
193.0 -53.0 0
-230.0 67.0 0
-22.0 265.0 0
212.0 -154.0 0
-165.0 -98.0 1
338.0 71.0 1
-58.0 -49.0 1
98.0 -364.0 1
-359.0 245.0 1
-222.0 -302.0 1
-441.0 297.0 1
465.0 -11.0 1
-306.0 161.0 1
38.0 72.0 1
516.0 -280.0 1
69.0 316.0 1
508.0 166.0 1
-132.0 357.0 1
-121.0 404.0 1
101.0 186.0 1
-557.0 360.0 1
102.0 160.0 1
40.0 152.0 1
112.0 208.0 1
418.0 -257.0 1
-422.0 333.0 1
251.0 -270.0 1
-13.0 -322.0 1
-186.0 -348.0 1
428.0 66.0 1
465.0 342.0 1
324.0 -395.0 1
-185.0 155.0 1
-142.0 -151.0 1
291.0 -7.0 1
208.0 -254.0 1
312.0 102.0 1
-542.0 352.0 1
-554.0 -41.0 1
43.0 -357.0 1
-294.0 -127.0 1
-102.0 48.0 1
-405.0 -383.0 1
-226.0 97.0 1
-450.0 291.0 1
35.0 -326.0 1
526.0 228.0 1
76.0 -164.0 1
302.0 -183.0 1
99.0 -193.0 1
457.0 26.0 1
396.0 16.0 1
330.0 -278.0 1
403.0 288.0 1
420.0 337.0 1
-212.0 345.0 1
-557.0 273.0 1
372.0 -258.0 1
504.0 -261.0 1
-434.0 83.0 1
4.0 -297.0 1
471.0 -293.0 1
-376.0 188.0 1
137.0 350.0 1
-534.0 6.0 1
-208.0 -63.0 1
434.0 -232.0 1
-502.0 151.0 1
91.0 -243.0 1
431.0 163.0 1
-541.0 327.0 1
-257.0 340.0 1
-395.0 -81.0 1
280.0 -266.0 1
-311.0 114.0 1
-417.0 266.0 1
-272.0 -159.0 1
-428.0 -82.0 1
70.0 -252.0 1
-555.0 11.0 1
-60.0 -329.0 1
72.0 -226.0 1
-395.0 -114.0 1
144.0 -196.0 1
-340.0 -283.0 1
6.0 242.0 1
-139.0 89.0 1
320.0 -388.0 1
-370.0 -215.0 1
411.0 304.0 1
281.0 385.0 1
-31.0 295.0 1
-352.0 -35.0 1
83.0 -158.0 1
-403.0 -383.0 1
-501.0 -122.0 1
297.0 -294.0 1
-264.0 328.0 1
-478.0 -158.0 1
275.0 45.0 1
410.0 -366.0 1
331.0 -147.0 1
-503.0 -21.0 1
-358.0 -47.0 1
-402.0 72.0 1
-154.0 66.0 1
525.0 408.0 1
178.0 28.0 1
328.0 7.0 1
-46.0 344.0 1
417.0 163.0 1
411.0 46.0 1
290.0 -369.0 1
-220.0 -236.0 1
-486.0 -181.0 1
-285.0 -162.0 1
-217.0 389.0 1
223.0 -246.0 1
-2.0 404.0 1
461.0 -254.0 1
317.0 -341.0 1
472.0 45.0 1
-440.0 -397.0 1
-499.0 -50.0 1
270.0 -29.0 1
-390.0 -231.0 1
192.0 220.0 1
303.0 -81.0 1
213.0 266.0 1
-327.0 -209.0 1
-98.0 -106.0 1
0.0 -213.0 1
-255.0 -294.0 1
13.0 -184.0 1
-443.0 201.0 1
65.0 233.0 1
-472.0 -410.0 1
-442.0 274.0 1
-145.0 192.0 1
-513.0 152.0 1
-158.0 364.0 1
-447.0 247.0 1
52.0 -145.0 1
225.0 -283.0 1
