-50.0 166.0 0
-99.0 -384.0 0
-327.0 0.0 0
71.0 76.0 0
-299.0 79.0 0
32.0 -29.0 0
32.0 -96.0 0
299.0 -109.0 0
-27.0 180.0 0
116.0 136.0 0
334.0 152.0 0
154.0 195.0 0
-136.0 172.0 0
-78.0 -189.0 0
-73.0 -47.0 0
222.0 -141.0 0
189.0 35.0 0
-102.0 110.0 0
-138.0 -63.0 0
98.0 -53.0 0
472.0 45.0 1
208.0 -254.0 1
23.0 212.0 1
-397.0 -317.0 1
-434.0 17.0 1
-156.0 -183.0 1
-352.0 -35.0 1
-395.0 184.0 1
271.0 147.0 1
-158.0 364.0 1
491.0 375.0 1
-214.0 -135.0 1
-322.0 -183.0 1
-426.0 -244.0 1
-424.0 -77.0 1
-175.0 41.0 1
-538.0 52.0 1
-90.0 99.0 1
-186.0 -348.0 1
303.0 -81.0 1
-506.0 -57.0 1
528.0 394.0 1
164.0 -300.0 1
-217.0 258.0 1
417.0 362.0 1
486.0 -394.0 1
121.0 -341.0 1
354.0 -243.0 1
366.0 258.0 1
350.0 193.0 1
-450.0 291.0 1
504.0 -387.0 1
-526.0 -187.0 1
-417.0 336.0 1
-351.0 -385.0 1
-420.0 -36.0 1
393.0 -30.0 1
316.0 235.0 1
446.0 312.0 1
-427.0 18.0 1
-225.0 57.0 1
-254.0 389.0 1
-386.0 175.0 1
-478.0 -306.0 1
-311.0 114.0 1
328.0 7.0 1
99.0 -348.0 1
504.0 391.0 1
465.0 136.0 1
-512.0 377.0 1
-13.0 -322.0 1
470.0 -92.0 1
81.0 239.0 1
311.0 395.0 1
329.0 -299.0 1
76.0 -181.0 1
-450.0 180.0 1
-294.0 -127.0 1
413.0 -120.0 1
-265.0 -112.0 1
208.0 21.0 1
-281.0 -117.0 1
291.0 -7.0 1
-198.0 -237.0 1
361.0 7.0 1
165.0 -14.0 1
-222.0 -302.0 1
-17.0 370.0 1
212.0 -330.0 1
233.0 294.0 1
-467.0 90.0 1
90.0 367.0 1
69.0 316.0 1
-297.0 -283.0 1
-529.0 151.0 1
393.0 -382.0 1
453.0 395.0 1
-293.0 313.0 1
471.0 -293.0 1
109.0 -292.0 1
-132.0 -317.0 1
349.0 -177.0 1
112.0 208.0 1
-332.0 348.0 1
-431.0 -163.0 1
-115.0 371.0 1
-346.0 175.0 1
-442.0 51.0 1
-440.0 -397.0 1
-238.0 -389.0 1
-63.0 355.0 1
241.0 313.0 1
91.0 -243.0 1
-393.0 -154.0 1
-249.0 349.0 1
427.0 -277.0 1
-136.0 -61.0 1
-490.0 -309.0 1
-417.0 266.0 1
125.0 -154.0 1
263.0 69.0 1
180.0 208.0 1
-396.0 110.0 1
137.0 401.0 1
481.0 52.0 1
-8.0 3.0 1
-174.0 202.0 1
-175.0 209.0 1
40.0 152.0 1
-60.0 -329.0 1
479.0 94.0 1
13.0 -249.0 1
-447.0 247.0 1
28.0 -139.0 1
0.0 -362.0 1
-293.0 124.0 1
-90.0 367.0 1
-537.0 348.0 1
324.0 -395.0 1
238.0 -276.0 1
-538.0 229.0 1
423.0 -1.0 1
-193.0 312.0 1
357.0 391.0 1
-405.0 -383.0 1
136.0 297.0 1
150.0 -2.0 1
361.0 -358.0 1
408.0 -183.0 1
480.0 162.0 1
-410.0 90.0 1
-306.0 161.0 1
-98.0 -106.0 1
-314.0 -90.0 1
392.0 -112.0 1
370.0 -387.0 1
-326.0 56.0 1
-567.0 -214.0 1
317.0 407.0 1
-357.0 -240.0 1
