161.0 81.0 0
-18.0 135.0 0
234.0 -237.0 0
189.0 35.0 0
334.0 258.0 0
-70.0 -273.0 0
-102.0 110.0 0
154.0 195.0 0
239.0 -209.0 0
303.0 -208.0 0
49.0 -94.0 1
-397.0 -317.0 1
504.0 -365.0 1
231.0 235.0 1
396.0 196.0 1
-254.0 389.0 1
-446.0 369.0 1
-302.0 153.0 1
246.0 -32.0 1
248.0 242.0 1
-409.0 -161.0 1
-257.0 -341.0 1
-104.0 -121.0 1
528.0 367.0 1
263.0 403.0 1
-420.0 -36.0 1
-18.0 406.0 1
233.0 294.0 1
-366.0 73.0 1
-191.0 397.0 1
-427.0 18.0 1
-14.0 214.0 1
180.0 208.0 1
-386.0 175.0 1
360.0 67.0 1
0.0 178.0 1
488.0 -412.0 1
512.0 235.0 1
-189.0 256.0 1
-297.0 99.0 1
-397.0 -201.0 1
-254.0 -282.0 1
-79.0 41.0 1
46.0 -128.0 1
108.0 -272.0 1
483.0 -410.0 1
87.0 121.0 1
245.0 111.0 1
199.0 -316.0 1
-423.0 -52.0 1
221.0 -228.0 1
-426.0 -244.0 1
-287.0 241.0 1
-217.0 258.0 1
159.0 273.0 1
-163.0 412.0 1
-174.0 -214.0 1
-165.0 -131.0 1
79.0 -230.0 1
370.0 -387.0 1
-460.0 245.0 1
346.0 76.0 1
163.0 -195.0 1
-115.0 379.0 1
-474.0 -344.0 1
164.0 -300.0 1
-542.0 -317.0 1
-436.0 156.0 1
164.0 -389.0 1
-381.0 -170.0 1
354.0 -243.0 1
-58.0 -49.0 1
-441.0 297.0 1
516.0 -280.0 1
-102.0 48.0 1
-434.0 83.0 1
4.0 -297.0 1
137.0 350.0 1
-285.0 -162.0 1
-390.0 -231.0 1
