335.0 170.0 0
158.0 192.0 0
-68.0 157.0 0
-37.0 105.0 0
-367.0 12.0 0
-145.0 5.0 0
-327.0 19.0 0
-135.0 -239.0 0
98.0 -53.0 0
-176.0 -268.0 0
-214.0 -135.0 1
-543.0 207.0 1
-526.0 -187.0 1
114.0 -280.0 1
-322.0 -183.0 1
481.0 52.0 1
-466.0 -17.0 1
-228.0 -189.0 1
427.0 -277.0 1
-249.0 -189.0 1
-361.0 116.0 1
-420.0 97.0 1
40.0 -292.0 1
209.0 379.0 1
315.0 380.0 1
498.0 226.0 1
-374.0 279.0 1
-8.0 3.0 1
474.0 -356.0 1
-452.0 -69.0 1
1.0 138.0 1
365.0 86.0 1
-250.0 -85.0 1
392.0 -343.0 1
-365.0 258.0 1
-481.0 373.0 1
374.0 -203.0 1
-301.0 92.0 1
-522.0 -258.0 1
353.0 -185.0 1
-173.0 -406.0 1
238.0 -276.0 1
-190.0 142.0 1
-224.0 -304.0 1
-426.0 314.0 1
95.0 397.0 1
-149.0 -286.0 1
268.0 307.0 1
405.0 -231.0 1
107.0 -320.0 1
-470.0 -212.0 1
482.0 351.0 1
342.0 186.0 1
-207.0 85.0 1
-341.0 203.0 1
486.0 222.0 1
-332.0 348.0 1
366.0 258.0 1
308.0 265.0 1
-156.0 -183.0 1
-503.0 254.0 1
-412.0 -27.0 1
-281.0 -117.0 1
439.0 -75.0 1
338.0 71.0 1
40.0 152.0 1
-542.0 352.0 1
-294.0 -127.0 1
403.0 288.0 1
420.0 337.0 1
-534.0 6.0 1
281.0 385.0 1
-501.0 -122.0 1
-358.0 -47.0 1
-402.0 72.0 1
-154.0 66.0 1
417.0 163.0 1
-220.0 -236.0 1
-486.0 -181.0 1
-2.0 404.0 1
