-72.0 223.0 0
-89.0 -295.0 0
-305.0 -74.0 0
52.0 55.0 0
-14.0 13.0 0
67.0 -164.0 0
303.0 -208.0 0
133.0 114.0 0
314.0 193.0 0
-222.0 7.0 0
462.0 32.0 1
221.0 -228.0 1
6.0 242.0 1
-403.0 -298.0 1
-462.0 -9.0 1
-144.0 -156.0 1
-346.0 -62.0 1
-414.0 210.0 1
301.0 122.0 1
-163.0 412.0 1
494.0 344.0 1
-320.0 -202.0 1
-454.0 -230.0 1
-169.0 63.0 1
-542.0 4.0 1
-87.0 52.0 1
-165.0 -358.0 1
272.0 -116.0 1
143.0 -280.0 1
-191.0 243.0 1
407.0 347.0 1
474.0 -356.0 1
528.0 394.0 1
146.0 -387.0 1
372.0 -258.0 1
362.0 321.0 1
396.0 196.0 1
-442.0 274.0 1
-402.0 349.0 1
-338.0 -334.0 1
-407.0 -25.0 1
396.0 16.0 1
-243.0 84.0 1
-275.0 378.0 1
-474.0 -344.0 1
327.0 54.0 1
-363.0 174.0 1
62.0 -332.0 1
-481.0 373.0 1
-33.0 -288.0 1
476.0 -54.0 1
89.0 275.0 1
281.0 385.0 1
297.0 -294.0 1
83.0 -158.0 1
-436.0 161.0 1
-212.0 -96.0 1
175.0 41.0 1
-256.0 -182.0 1
-168.0 -234.0 1
227.0 -31.0 1
-3.0 353.0 1
213.0 266.0 1
-510.0 67.0 1
109.0 379.0 1
397.0 -323.0 1
-302.0 261.0 1
101.0 186.0 1
-469.0 -116.0 1
-134.0 340.0 1
516.0 -280.0 1
72.0 -226.0 1
-542.0 -317.0 1
330.0 -197.0 1
-185.0 155.0 1
533.0 54.0 1
-229.0 -357.0 1
-50.0 407.0 1
-501.0 246.0 1
305.0 -369.0 1
