172.0 85.0 0
175.0 87.0 0
52.0 55.0 0
334.0 152.0 0
50.0 17.0 0
60.0 60.0 0
33.0 129.0 0
-27.0 180.0 0
-50.0 166.0 0
-68.0 157.0 0
-40.0 162.0 0
-139.0 113.0 0
-72.0 223.0 0
234.0 -237.0 0
-95.0 170.0 0
-332.0 -61.0 0
27.0 76.0 0
-325.0 -28.0 0
-86.0 21.0 0
223.0 96.0 0
-305.0 -74.0 0
-367.0 12.0 0
105.0 24.0 0
-145.0 5.0 0
-222.0 7.0 0
334.0 258.0 0
-32.0 -226.0 0
-73.0 -47.0 0
-135.0 -239.0 0
-164.0 -253.0 0
-109.0 -306.0 0
-102.0 110.0 0
8.0 -250.0 0
239.0 -209.0 0
32.0 -29.0 0
32.0 -96.0 0
-167.0 403.0 0
98.0 -53.0 0
19.0 -203.0 0
171.0 -116.0 0
-123.0 391.0 0
-87.0 -39.0 0
115.0 100.0 0
-99.0 -384.0 0
270.0 190.0 0
67.0 -164.0 0
-150.0 144.0 0
-176.0 -268.0 0
-60.0 19.0 0
-373.0 13.0 0
-136.0 172.0 0
218.0 -59.0 0
-73.0 -144.0 0
-230.0 67.0 0
-22.0 265.0 0
-90.0 99.0 1
292.0 -273.0 1
-265.0 -112.0 1
-361.0 -238.0 1
-132.0 -325.0 1
-432.0 155.0 1
49.0 -94.0 1
-436.0 182.0 1
222.0 -267.0 1
-45.0 -382.0 1
241.0 313.0 1
-214.0 -135.0 1
-297.0 -283.0 1
-501.0 358.0 1
497.0 -139.0 1
497.0 -145.0 1
-454.0 -230.0 1
361.0 -358.0 1
22.0 96.0 1
-134.0 -96.0 1
369.0 224.0 1
2.0 385.0 1
-389.0 294.0 1
231.0 235.0 1
43.0 338.0 1
229.0 -40.0 1
396.0 196.0 1
-159.0 -152.0 1
44.0 -283.0 1
87.0 347.0 1
-543.0 207.0 1
-205.0 389.0 1
299.0 5.0 1
109.0 379.0 1
-302.0 153.0 1
47.0 -399.0 1
199.0 -290.0 1
83.0 249.0 1
-455.0 -381.0 1
107.0 -207.0 1
364.0 -175.0 1
-401.0 -147.0 1
-221.0 -273.0 1
-550.0 -70.0 1
-324.0 302.0 1
248.0 242.0 1
-46.0 -358.0 1
-398.0 90.0 1
76.0 -181.0 1
-538.0 52.0 1
-258.0 143.0 1
-573.0 56.0 1
-370.0 274.0 1
114.0 -280.0 1
-22.0 238.0 1
504.0 217.0 1
165.0 -14.0 1
518.0 297.0 1
408.0 -67.0 1
-322.0 -183.0 1
481.0 52.0 1
86.0 -139.0 1
-166.0 260.0 1
-104.0 -121.0 1
-228.0 -189.0 1
-462.0 -108.0 1
263.0 403.0 1
-396.0 110.0 1
496.0 311.0 1
-442.0 51.0 1
-18.0 406.0 1
528.0 394.0 1
-140.0 -284.0 1
-366.0 73.0 1
-286.0 343.0 1
-191.0 397.0 1
-249.0 -189.0 1
-427.0 18.0 1
441.0 -174.0 1
362.0 321.0 1
174.0 -220.0 1
-363.0 174.0 1
-243.0 84.0 1
196.0 254.0 1
68.0 347.0 1
180.0 208.0 1
-446.0 -117.0 1
81.0 239.0 1
-272.0 53.0 1
187.0 -70.0 1
464.0 -43.0 1
73.0 372.0 1
209.0 379.0 1
-162.0 -234.0 1
208.0 21.0 1
408.0 -183.0 1
360.0 67.0 1
-256.0 -182.0 1
343.0 -324.0 1
494.0 344.0 1
-346.0 175.0 1
488.0 -412.0 1
533.0 54.0 1
327.0 190.0 1
-287.0 89.0 1
-480.0 -337.0 1
504.0 -387.0 1
-3.0 353.0 1
-264.0 138.0 1
-182.0 -81.0 1
150.0 -2.0 1
-374.0 279.0 1
-435.0 -41.0 1
-226.0 -267.0 1
-393.0 -154.0 1
496.0 -377.0 1
330.0 -197.0 1
526.0 -377.0 1
-571.0 40.0 1
-362.0 -27.0 1
-105.0 -52.0 1
23.0 212.0 1
520.0 317.0 1
420.0 -4.0 1
-422.0 295.0 1
199.0 -287.0 1
-116.0 -81.0 1
-532.0 -97.0 1
357.0 391.0 1
438.0 -187.0 1
-8.0 3.0 1
474.0 -356.0 1
-227.0 303.0 1
-452.0 -69.0 1
20.0 276.0 1
476.0 358.0 1
-485.0 -175.0 1
-306.0 113.0 1
-402.0 349.0 1
-531.0 81.0 1
-302.0 261.0 1
89.0 -396.0 1
-442.0 -377.0 1
-491.0 -294.0 1
392.0 -343.0 1
-134.0 340.0 1
-472.0 55.0 1
285.0 77.0 1
285.0 401.0 1
-478.0 -306.0 1
-171.0 201.0 1
49.0 354.0 1
-79.0 41.0 1
-416.0 110.0 1
143.0 -280.0 1
-546.0 339.0 1
-510.0 67.0 1
490.0 -408.0 1
271.0 1.0 1
-437.0 298.0 1
-508.0 233.0 1
-295.0 372.0 1
57.0 -212.0 1
46.0 -128.0 1
-418.0 295.0 1
11.0 63.0 1
-481.0 373.0 1
-301.0 92.0 1
-161.0 -105.0 1
88.0 251.0 1
423.0 -1.0 1
-317.0 403.0 1
355.0 -107.0 1
-331.0 -131.0 1
341.0 -104.0 1
-229.0 -357.0 1
89.0 275.0 1
-500.0 -331.0 1
146.0 -387.0 1
137.0 401.0 1
-310.0 -162.0 1
483.0 -410.0 1
-434.0 17.0 1
247.0 -94.0 1
-230.0 136.0 1
504.0 391.0 1
-373.0 -123.0 1
-522.0 -258.0 1
353.0 -185.0 1
-537.0 348.0 1
238.0 -276.0 1
87.0 121.0 1
245.0 111.0 1
-547.0 198.0 1
-165.0 -358.0 1
-50.0 338.0 1
374.0 -200.0 1
86.0 403.0 1
-24.0 -270.0 1
-87.0 52.0 1
8.0 -122.0 1
-190.0 142.0 1
297.0 -342.0 1
-367.0 -276.0 1
-426.0 314.0 1
0.0 -362.0 1
-50.0 407.0 1
424.0 -53.0 1
-344.0 201.0 1
-149.0 -286.0 1
268.0 307.0 1
107.0 -320.0 1
-565.0 -371.0 1
-493.0 -354.0 1
385.0 384.0 1
301.0 122.0 1
275.0 -257.0 1
-326.0 56.0 1
-462.0 -9.0 1
342.0 186.0 1
453.0 395.0 1
-368.0 64.0 1
199.0 -316.0 1
412.0 135.0 1
462.0 32.0 1
475.0 42.0 1
-357.0 -240.0 1
397.0 -323.0 1
-225.0 57.0 1
28.0 139.0 1
-423.0 -52.0 1
-476.0 -406.0 1
-168.0 -234.0 1
-341.0 203.0 1
407.0 347.0 1
-424.0 -318.0 1
486.0 222.0 1
221.0 -228.0 1
302.0 254.0 1
-426.0 -244.0 1
-291.0 263.0 1
316.0 235.0 1
-393.0 -285.0 1
71.0 -391.0 1
159.0 273.0 1
-401.0 -12.0 1
272.0 -116.0 1
254.0 305.0 1
-144.0 -156.0 1
-165.0 -131.0 1
366.0 258.0 1
-410.0 90.0 1
312.0 -9.0 1
-191.0 44.0 1
94.0 177.0 1
188.0 385.0 1
-193.0 312.0 1
346.0 76.0 1
163.0 -195.0 1
-191.0 243.0 1
263.0 69.0 1
470.0 -118.0 1
-379.0 172.0 1
-467.0 90.0 1
-136.0 209.0 1
514.0 370.0 1
-261.0 -362.0 1
207.0 -287.0 1
-258.0 -331.0 1
-314.0 -90.0 1
345.0 -404.0 1
-493.0 -81.0 1
-451.0 274.0 1
-144.0 169.0 1
109.0 133.0 1
-377.0 97.0 1
-436.0 86.0 1
227.0 -31.0 1
-136.0 -61.0 1
439.0 -75.0 1
-125.0 403.0 1
-165.0 -98.0 1
338.0 71.0 1
-441.0 297.0 1
465.0 -11.0 1
-306.0 161.0 1
516.0 -280.0 1
69.0 316.0 1
-132.0 357.0 1
101.0 186.0 1
102.0 160.0 1
112.0 208.0 1
418.0 -257.0 1
-422.0 333.0 1
251.0 -270.0 1
-13.0 -322.0 1
-186.0 -348.0 1
324.0 -395.0 1
-142.0 -151.0 1
291.0 -7.0 1
-554.0 -41.0 1
-450.0 291.0 1
35.0 -326.0 1
526.0 228.0 1
302.0 -183.0 1
396.0 16.0 1
330.0 -278.0 1
403.0 288.0 1
-557.0 273.0 1
4.0 -297.0 1
137.0 350.0 1
-208.0 -63.0 1
434.0 -232.0 1
-541.0 327.0 1
-257.0 340.0 1
-395.0 -81.0 1
280.0 -266.0 1
-311.0 114.0 1
70.0 -252.0 1
-555.0 11.0 1
-60.0 -329.0 1
144.0 -196.0 1
-370.0 -215.0 1
411.0 304.0 1
83.0 -158.0 1
-403.0 -383.0 1
297.0 -294.0 1
-503.0 -21.0 1
-358.0 -47.0 1
-402.0 72.0 1
525.0 408.0 1
290.0 -369.0 1
-217.0 389.0 1
-2.0 404.0 1
317.0 -341.0 1
-440.0 -397.0 1
303.0 -81.0 1
-255.0 -294.0 1
13.0 -184.0 1
-443.0 201.0 1
-472.0 -410.0 1
-442.0 274.0 1
-145.0 192.0 1
-447.0 247.0 1
225.0 -283.0 1
