334.0 152.0 0
-138.0 -63.0 0
-86.0 21.0 0
-222.0 7.0 0
5.0 -63.0 0
-299.0 79.0 0
-120.0 94.0 0
171.0 -116.0 0
-373.0 13.0 0
212.0 -154.0 0
-436.0 182.0 1
524.0 102.0 1
-130.0 -69.0 1
369.0 224.0 1
43.0 338.0 1
-293.0 313.0 1
-258.0 143.0 1
518.0 297.0 1
408.0 -67.0 1
160.0 -369.0 1
266.0 -320.0 1
109.0 -292.0 1
-462.0 -108.0 1
89.0 -299.0 1
-510.0 -331.0 1
275.0 337.0 1
-90.0 367.0 1
327.0 190.0 1
-480.0 -337.0 1
-490.0 -309.0 1
-3.0 353.0 1
-182.0 -81.0 1
354.0 379.0 1
330.0 -197.0 1
-362.0 -27.0 1
198.0 227.0 1
-302.0 261.0 1
-428.0 -224.0 1
285.0 401.0 1
-546.0 339.0 1
-48.0 -48.0 1
355.0 -107.0 1
89.0 275.0 1
137.0 401.0 1
-63.0 355.0 1
-254.0 -136.0 1
349.0 354.0 1
-424.0 -318.0 1
302.0 254.0 1
-417.0 213.0 1
-537.0 117.0 1
-401.0 -12.0 1
272.0 -116.0 1
480.0 162.0 1
504.0 -375.0 1
212.0 -330.0 1
-193.0 312.0 1
-386.0 -352.0 1
470.0 -118.0 1
514.0 370.0 1
207.0 -287.0 1
-431.0 -163.0 1
-529.0 151.0 1
359.0 -79.0 1
227.0 -31.0 1
-125.0 403.0 1
112.0 208.0 1
-422.0 333.0 1
-13.0 -322.0 1
396.0 16.0 1
-557.0 273.0 1
471.0 -293.0 1
-376.0 188.0 1
431.0 163.0 1
331.0 -147.0 1
525.0 408.0 1
192.0 220.0 1
0.0 -213.0 1
-513.0 152.0 1
225.0 -283.0 1
