175.0 87.0 0
117.0 116.0 0
-95.0 170.0 0
117.0 -7.0 0
153.0 195.0 0
-164.0 -253.0 0
-109.0 -306.0 0
-89.0 -295.0 0
148.0 -127.0 0
-60.0 19.0 0
191.0 341.0 1
-432.0 155.0 1
241.0 313.0 1
44.0 -283.0 1
392.0 -112.0 1
-324.0 302.0 1
-398.0 90.0 1
-573.0 56.0 1
200.0 193.0 1
-275.0 378.0 1
165.0 -14.0 1
-77.0 -348.0 1
348.0 141.0 1
-140.0 -284.0 1
-243.0 84.0 1
533.0 54.0 1
211.0 328.0 1
-287.0 89.0 1
143.0 -294.0 1
-76.0 -374.0 1
-393.0 -154.0 1
496.0 -377.0 1
-175.0 41.0 1
199.0 -287.0 1
-169.0 71.0 1
-227.0 303.0 1
476.0 358.0 1
-402.0 349.0 1
-567.0 -214.0 1
-472.0 55.0 1
-174.0 202.0 1
388.0 -36.0 1
-437.0 298.0 1
-418.0 295.0 1
11.0 63.0 1
-291.0 -271.0 1
327.0 54.0 1
452.0 273.0 1
-24.0 -270.0 1
62.0 -332.0 1
492.0 -23.0 1
385.0 384.0 1
136.0 297.0 1
-166.0 -351.0 1
-54.0 -332.0 1
407.0 347.0 1
470.0 -92.0 1
-100.0 165.0 1
-144.0 -156.0 1
312.0 -9.0 1
94.0 177.0 1
-169.0 63.0 1
-207.0 260.0 1
-377.0 97.0 1
-359.0 245.0 1
101.0 186.0 1
102.0 160.0 1
428.0 66.0 1
-185.0 155.0 1
-142.0 -151.0 1
504.0 -261.0 1
-208.0 -63.0 1
-541.0 327.0 1
280.0 -266.0 1
-60.0 -329.0 1
411.0 304.0 1
290.0 -369.0 1
223.0 -246.0 1
461.0 -254.0 1
52.0 -145.0 1
