335.0 170.0 0
52.0 55.0 0
161.0 81.0 0
-27.0 180.0 0
-95.0 170.0 0
189.0 35.0 0
-127.0 -31.0 0
-145.0 5.0 0
-78.0 -189.0 0
5.0 -63.0 0
-164.0 -253.0 0
8.0 -250.0 0
154.0 195.0 0
61.0 -63.0 0
32.0 -29.0 0
32.0 -96.0 0
275.0 -214.0 0
98.0 -53.0 0
-120.0 94.0 0
171.0 -116.0 0
292.0 -273.0 1
-265.0 -112.0 1
440.0 345.0 1
-214.0 -135.0 1
-297.0 -283.0 1
-397.0 -317.0 1
361.0 -358.0 1
504.0 -365.0 1
369.0 224.0 1
43.0 338.0 1
396.0 196.0 1
-419.0 -345.0 1
-293.0 313.0 1
-205.0 389.0 1
175.0 41.0 1
83.0 249.0 1
364.0 -175.0 1
-401.0 -147.0 1
-221.0 -273.0 1
-324.0 302.0 1
510.0 103.0 1
-46.0 -358.0 1
-2.0 322.0 1
305.0 -369.0 1
-22.0 238.0 1
518.0 297.0 1
-325.0 -206.0 1
481.0 52.0 1
-166.0 260.0 1
-228.0 -189.0 1
109.0 -292.0 1
-462.0 -108.0 1
-385.0 -405.0 1
-77.0 -348.0 1
496.0 311.0 1
336.0 274.0 1
-249.0 -189.0 1
-433.0 -328.0 1
196.0 254.0 1
180.0 208.0 1
81.0 239.0 1
-272.0 53.0 1
408.0 -183.0 1
211.0 328.0 1
143.0 -294.0 1
-175.0 -40.0 1
-435.0 -41.0 1
-389.0 -291.0 1
445.0 358.0 1
198.0 227.0 1
199.0 -287.0 1
-116.0 -81.0 1
-169.0 71.0 1
-532.0 -97.0 1
357.0 391.0 1
99.0 -348.0 1
1.0 138.0 1
476.0 358.0 1
-332.0 183.0 1
-353.0 358.0 1
88.0 20.0 1
-428.0 -224.0 1
-134.0 340.0 1
-472.0 55.0 1
532.0 116.0 1
377.0 6.0 1
-478.0 -306.0 1
-17.0 370.0 1
49.0 354.0 1
-384.0 -349.0 1
490.0 -408.0 1
-132.0 -317.0 1
271.0 1.0 1
-508.0 233.0 1
57.0 -212.0 1
-404.0 36.0 1
420.0 349.0 1
46.0 -128.0 1
-418.0 295.0 1
-291.0 -271.0 1
-481.0 373.0 1
374.0 -203.0 1
-469.0 -116.0 1
-115.0 371.0 1
137.0 401.0 1
-63.0 355.0 1
356.0 390.0 1
-369.0 -338.0 1
-230.0 136.0 1
-173.0 -406.0 1
-416.0 348.0 1
-158.0 374.0 1
374.0 -200.0 1
86.0 403.0 1
-24.0 -270.0 1
-424.0 -77.0 1
-254.0 -136.0 1
350.0 193.0 1
-50.0 407.0 1
-344.0 201.0 1
-149.0 -286.0 1
-565.0 -371.0 1
479.0 94.0 1
275.0 -257.0 1
-326.0 56.0 1
342.0 186.0 1
-368.0 64.0 1
-207.0 85.0 1
-166.0 -351.0 1
-54.0 -332.0 1
407.0 347.0 1
221.0 -228.0 1
-181.0 154.0 1
-537.0 117.0 1
-217.0 258.0 1
159.0 273.0 1
-185.0 -317.0 1
455.0 33.0 1
-100.0 165.0 1
480.0 162.0 1
-163.0 412.0 1
-144.0 -156.0 1
366.0 258.0 1
79.0 -230.0 1
188.0 385.0 1
-414.0 360.0 1
514.0 370.0 1
-261.0 -362.0 1
311.0 395.0 1
-431.0 -163.0 1
-474.0 -344.0 1
-493.0 -81.0 1
-451.0 274.0 1
109.0 133.0 1
-377.0 97.0 1
-436.0 86.0 1
393.0 -30.0 1
-136.0 -61.0 1
-140.0 -335.0 1
354.0 -243.0 1
