116.0 136.0 0
-325.0 -28.0 0
-305.0 -74.0 0
-327.0 0.0 0
8.0 -255.0 0
8.0 -250.0 0
275.0 -214.0 0
222.0 -141.0 0
19.0 -203.0 0
218.0 -59.0 0
440.0 345.0 1
365.0 -248.0 1
-454.0 -230.0 1
361.0 -358.0 1
299.0 5.0 1
107.0 -207.0 1
364.0 -175.0 1
407.0 2.0 1
-2.0 322.0 1
305.0 -369.0 1
-370.0 274.0 1
-533.0 -388.0 1
-403.0 -298.0 1
-442.0 51.0 1
-286.0 343.0 1
81.0 239.0 1
208.0 21.0 1
13.0 -249.0 1
504.0 -387.0 1
526.0 -377.0 1
-532.0 -97.0 1
357.0 391.0 1
99.0 -348.0 1
-512.0 377.0 1
-353.0 358.0 1
-173.0 -359.0 1
-134.0 340.0 1
285.0 77.0 1
453.0 138.0 1
-510.0 67.0 1
490.0 -408.0 1
-132.0 -317.0 1
-48.0 -397.0 1
-381.0 73.0 1
-134.0 -119.0 1
297.0 -342.0 1
-538.0 229.0 1
-141.0 131.0 1
424.0 -53.0 1
-565.0 -371.0 1
-368.0 64.0 1
462.0 32.0 1
475.0 42.0 1
-357.0 -240.0 1
-436.0 161.0 1
71.0 -391.0 1
28.0 294.0 1
330.0 -183.0 1
-239.0 221.0 1
-191.0 243.0 1
136.0 22.0 1
263.0 69.0 1
-451.0 274.0 1
109.0 133.0 1
-450.0 180.0 1
-436.0 86.0 1
239.0 280.0 1
-165.0 -98.0 1
-222.0 -302.0 1
465.0 -11.0 1
38.0 72.0 1
-226.0 97.0 1
526.0 228.0 1
434.0 -232.0 1
-31.0 295.0 1
-403.0 -383.0 1
275.0 45.0 1
178.0 28.0 1
-98.0 -106.0 1
65.0 233.0 1
