-72.0 223.0 0
-89.0 -295.0 0
-305.0 -74.0 0
52.0 55.0 0
-327.0 19.0 0
-14.0 13.0 0
67.0 -164.0 0
303.0 -208.0 0
-18.0 135.0 0
133.0 114.0 0
314.0 193.0 0
234.0 249.0 0
-22.0 265.0 0
-176.0 -268.0 0
-96.0 -18.0 0
171.0 -116.0 0
223.0 96.0 0
-150.0 144.0 0
-226.0 75.0 0
8.0 -255.0 0
462.0 32.0 1
221.0 -228.0 1
6.0 242.0 1
-403.0 -298.0 1
-462.0 -9.0 1
-144.0 -156.0 1
-346.0 -62.0 1
-414.0 210.0 1
301.0 122.0 1
-163.0 412.0 1
494.0 344.0 1
-165.0 -131.0 1
-320.0 -202.0 1
-454.0 -230.0 1
-395.0 -81.0 1
-169.0 63.0 1
-542.0 4.0 1
-87.0 52.0 1
-165.0 -358.0 1
272.0 -116.0 1
-503.0 -21.0 1
525.0 360.0 1
143.0 -280.0 1
-191.0 243.0 1
407.0 347.0 1
474.0 -356.0 1
146.0 -387.0 1
372.0 -258.0 1
362.0 321.0 1
396.0 196.0 1
-442.0 274.0 1
490.0 -408.0 1
-485.0 -175.0 1
-402.0 349.0 1
-338.0 -334.0 1
-407.0 -25.0 1
396.0 16.0 1
336.0 274.0 1
474.0 272.0 1
-435.0 -41.0 1
-243.0 84.0 1
-275.0 378.0 1
-378.0 198.0 1
-474.0 -344.0 1
-301.0 92.0 1
327.0 54.0 1
62.0 -332.0 1
520.0 317.0 1
412.0 135.0 1
-481.0 373.0 1
-33.0 -288.0 1
476.0 -54.0 1
89.0 275.0 1
281.0 385.0 1
297.0 -294.0 1
83.0 -158.0 1
-436.0 161.0 1
-310.0 -162.0 1
452.0 -133.0 1
-212.0 -96.0 1
175.0 41.0 1
-256.0 -182.0 1
270.0 -29.0 1
-168.0 -234.0 1
348.0 141.0 1
187.0 -70.0 1
-226.0 -267.0 1
-3.0 353.0 1
199.0 -316.0 1
213.0 266.0 1
-510.0 67.0 1
109.0 379.0 1
43.0 338.0 1
-255.0 -294.0 1
-502.0 151.0 1
397.0 -323.0 1
465.0 342.0 1
-302.0 261.0 1
459.0 -258.0 1
98.0 -364.0 1
-126.0 -233.0 1
331.0 -147.0 1
101.0 186.0 1
-371.0 371.0 1
-469.0 -116.0 1
-134.0 340.0 1
-344.0 201.0 1
-571.0 40.0 1
-476.0 -406.0 1
-261.0 -362.0 1
-50.0 338.0 1
268.0 307.0 1
70.0 -252.0 1
-397.0 -201.0 1
-317.0 403.0 1
516.0 -280.0 1
-134.0 -96.0 1
-542.0 -317.0 1
-418.0 295.0 1
99.0 -193.0 1
299.0 5.0 1
200.0 193.0 1
-361.0 116.0 1
188.0 385.0 1
502.0 9.0 1
-48.0 -48.0 1
-185.0 155.0 1
-145.0 192.0 1
1.0 138.0 1
-46.0 -358.0 1
513.0 93.0 1
44.0 -283.0 1
-365.0 258.0 1
49.0 -94.0 1
-173.0 -406.0 1
-264.0 138.0 1
-50.0 407.0 1
-557.0 360.0 1
317.0 -341.0 1
187.0 -244.0 1
-501.0 246.0 1
424.0 -53.0 1
-237.0 322.0 1
403.0 288.0 1
-419.0 -345.0 1
87.0 347.0 1
88.0 20.0 1
330.0 -278.0 1
375.0 -203.0 1
504.0 217.0 1
-381.0 73.0 1
-205.0 389.0 1
13.0 -184.0 1
-373.0 -123.0 1
497.0 -145.0 1
359.0 -79.0 1
-434.0 83.0 1
-516.0 331.0 1
34.0 274.0 1
345.0 -404.0 1
