-186.0 82.0 0
-139.0 113.0 0
-72.0 223.0 0
27.0 76.0 0
-226.0 75.0 0
-147.0 264.0 0
-73.0 -47.0 0
-87.0 -39.0 0
-136.0 172.0 0
-22.0 265.0 0
-297.0 -283.0 1
135.0 29.0 1
218.0 -102.0 1
175.0 41.0 1
492.0 183.0 1
199.0 -290.0 1
-401.0 -147.0 1
510.0 103.0 1
-145.0 114.0 1
-243.0 413.0 1
486.0 -394.0 1
86.0 -139.0 1
-389.0 -53.0 1
-433.0 -328.0 1
362.0 321.0 1
-39.0 350.0 1
257.0 118.0 1
-162.0 -234.0 1
-256.0 -182.0 1
494.0 344.0 1
53.0 -92.0 1
-21.0 195.0 1
445.0 358.0 1
-116.0 -81.0 1
491.0 375.0 1
-332.0 183.0 1
-306.0 113.0 1
417.0 362.0 1
89.0 -396.0 1
-442.0 -377.0 1
-478.0 -306.0 1
361.0 7.0 1
-384.0 -195.0 1
273.0 -282.0 1
-6.0 334.0 1
457.0 10.0 1
-434.0 17.0 1
-373.0 -123.0 1
453.0 187.0 1
329.0 -299.0 1
331.0 308.0 1
-493.0 -354.0 1
275.0 -257.0 1
453.0 395.0 1
412.0 135.0 1
-225.0 57.0 1
-181.0 154.0 1
-291.0 263.0 1
-393.0 -285.0 1
455.0 33.0 1
-191.0 44.0 1
-379.0 172.0 1
-414.0 360.0 1
-316.0 -184.0 1
-346.0 -62.0 1
513.0 93.0 1
-554.0 -41.0 1
457.0 26.0 1
-502.0 151.0 1
-395.0 -81.0 1
-272.0 -159.0 1
-428.0 -82.0 1
144.0 -196.0 1
-139.0 89.0 1
-503.0 -21.0 1
270.0 -29.0 1
-327.0 -209.0 1
13.0 -184.0 1
-158.0 364.0 1
-447.0 247.0 1
