-27.0 180.0 0
-78.0 -189.0 0
-327.0 19.0 0
33.0 129.0 0
-18.0 135.0 0
8.0 -255.0 0
222.0 -141.0 0
175.0 87.0 0
234.0 249.0 0
-127.0 -31.0 0
457.0 10.0 1
187.0 -244.0 1
34.0 274.0 1
-419.0 -345.0 1
-503.0 -21.0 1
-165.0 -131.0 1
-389.0 -53.0 1
-417.0 266.0 1
348.0 141.0 1
-121.0 404.0 1
476.0 358.0 1
-310.0 -162.0 1
-486.0 -181.0 1
-139.0 89.0 1
-571.0 40.0 1
-58.0 -49.0 1
-196.0 -341.0 1
270.0 -29.0 1
109.0 -292.0 1
-175.0 209.0 1
411.0 304.0 1
483.0 -410.0 1
518.0 297.0 1
98.0 -364.0 1
375.0 -203.0 1
356.0 390.0 1
412.0 135.0 1
-447.0 247.0 1
-371.0 371.0 1
-258.0 -331.0 1
-404.0 36.0 1
420.0 -4.0 1
-288.0 70.0 1
-257.0 340.0 1
-490.0 -309.0 1
365.0 86.0 1
-344.0 201.0 1
44.0 -283.0 1
-537.0 348.0 1
13.0 -249.0 1
439.0 -75.0 1
69.0 316.0 1
317.0 407.0 1
280.0 -266.0 1
99.0 -193.0 1
-434.0 83.0 1
-265.0 -112.0 1
165.0 -14.0 1
-294.0 -127.0 1
-149.0 -286.0 1
359.0 -79.0 1
-39.0 350.0 1
211.0 328.0 1
-442.0 51.0 1
137.0 401.0 1
361.0 -358.0 1
-370.0 274.0 1
87.0 121.0 1
-493.0 -81.0 1
-63.0 355.0 1
517.0 -413.0 1
13.0 -184.0 1
-567.0 -214.0 1
408.0 -183.0 1
-306.0 113.0 1
479.0 94.0 1
-405.0 -383.0 1
-123.0 -62.0 1
-557.0 273.0 1
452.0 273.0 1
