-136.0 172.0 0
-32.0 -226.0 0
-367.0 12.0 0
115.0 100.0 0
-87.0 -39.0 0
-73.0 -144.0 0
189.0 35.0 0
158.0 192.0 0
-150.0 144.0 0
-167.0 403.0 0
465.0 -11.0 1
207.0 -287.0 1
-21.0 195.0 1
-384.0 -349.0 1
-427.0 18.0 1
-165.0 -98.0 1
-331.0 -131.0 1
-376.0 188.0 1
338.0 71.0 1
-217.0 389.0 1
525.0 360.0 1
-357.0 -240.0 1
-478.0 -158.0 1
-145.0 114.0 1
-531.0 81.0 1
-48.0 -48.0 1
-132.0 -325.0 1
302.0 -183.0 1
144.0 -196.0 1
-193.0 312.0 1
385.0 384.0 1
490.0 -408.0 1
446.0 312.0 1
199.0 -316.0 1
405.0 -231.0 1
369.0 224.0 1
492.0 183.0 1
-418.0 295.0 1
-446.0 369.0 1
-280.0 -387.0 1
-402.0 72.0 1
388.0 -36.0 1
-301.0 92.0 1
-243.0 413.0 1
-507.0 -324.0 1
263.0 69.0 1
-359.0 245.0 1
-13.0 -322.0 1
-546.0 339.0 1
-77.0 -348.0 1
408.0 -67.0 1
136.0 297.0 1
254.0 305.0 1
317.0 -341.0 1
46.0 -128.0 1
-396.0 110.0 1
-281.0 -117.0 1
187.0 -70.0 1
-198.0 -237.0 1
-224.0 -304.0 1
200.0 193.0 1
49.0 354.0 1
159.0 273.0 1
-499.0 -50.0 1
43.0 338.0 1
434.0 -232.0 1
-374.0 279.0 1
28.0 139.0 1
-401.0 -147.0 1
-237.0 322.0 1
497.0 -139.0 1
49.0 -94.0 1
-442.0 -377.0 1
413.0 -120.0 1
-326.0 56.0 1
439.0 107.0 1
-381.0 -170.0 1
308.0 265.0 1
-377.0 97.0 1
-368.0 64.0 1
