-40.0 162.0 0
-164.0 -253.0 0
-199.0 -62.0 0
105.0 24.0 0
-73.0 -47.0 0
171.0 -116.0 0
218.0 -59.0 0
153.0 195.0 0
31.0 187.0 0
-138.0 -63.0 0
449.0 53.0 1
238.0 -276.0 1
0.0 178.0 1
-433.0 -328.0 1
-435.0 -41.0 1
-134.0 -96.0 1
-314.0 -90.0 1
-378.0 198.0 1
245.0 111.0 1
-161.0 346.0 1
465.0 342.0 1
-370.0 -215.0 1
-485.0 -175.0 1
-207.0 85.0 1
-550.0 -70.0 1
11.0 63.0 1
-173.0 -406.0 1
229.0 -77.0 1
199.0 -287.0 1
-174.0 202.0 1
445.0 358.0 1
471.0 -293.0 1
526.0 228.0 1
99.0 -348.0 1
374.0 -200.0 1
366.0 394.0 1
453.0 187.0 1
-422.0 295.0 1
-389.0 294.0 1
-257.0 -341.0 1
-424.0 -77.0 1
423.0 -1.0 1
-258.0 143.0 1
-249.0 349.0 1
-510.0 -331.0 1
312.0 -9.0 1
-341.0 203.0 1
15.0 -320.0 1
-542.0 352.0 1
-45.0 -382.0 1
424.0 -53.0 1
65.0 233.0 1
268.0 307.0 1
275.0 -257.0 1
125.0 -154.0 1
-420.0 97.0 1
-254.0 -136.0 1
136.0 22.0 1
-255.0 -294.0 1
-140.0 -284.0 1
355.0 -107.0 1
-2.0 404.0 1
248.0 242.0 1
-529.0 151.0 1
137.0 350.0 1
427.0 -277.0 1
-306.0 161.0 1
40.0 152.0 1
-498.0 -86.0 1
-50.0 338.0 1
475.0 -179.0 1
28.0 -139.0 1
-526.0 -187.0 1
392.0 -112.0 1
-311.0 114.0 1
508.0 166.0 1
-48.0 -397.0 1
-116.0 -81.0 1
-547.0 198.0 1
504.0 217.0 1
