-68.0 157.0 0
-109.0 -306.0 0
-332.0 -61.0 0
60.0 60.0 0
-367.0 12.0 0
-60.0 19.0 0
19.0 -203.0 0
275.0 -214.0 0
-37.0 105.0 0
117.0 116.0 0
335.0 170.0 0
251.0 183.0 0
31.0 187.0 0
-164.0 -253.0 0
-87.0 -39.0 0
193.0 -53.0 0
175.0 87.0 0
-139.0 113.0 0
-230.0 67.0 0
8.0 -250.0 0
455.0 33.0 1
223.0 -246.0 1
-22.0 238.0 1
-389.0 -291.0 1
-466.0 -17.0 1
-142.0 -151.0 1
-351.0 -42.0 1
-417.0 213.0 1
312.0 102.0 1
-158.0 374.0 1
482.0 351.0 1
-161.0 -105.0 1
-325.0 -206.0 1
-470.0 -212.0 1
-395.0 -114.0 1
-169.0 71.0 1
-534.0 6.0 1
-79.0 41.0 1
-166.0 -351.0 1
269.0 -100.0 1
-511.0 -43.0 1
528.0 367.0 1
143.0 -294.0 1
-189.0 256.0 1
420.0 349.0 1
504.0 -365.0 1
164.0 -389.0 1
365.0 -248.0 1
349.0 354.0 1
417.0 163.0 1
-451.0 274.0 1
488.0 -412.0 1
-486.0 -181.0 1
-416.0 348.0 1
-369.0 -338.0 1
-412.0 -27.0 1
407.0 2.0 1
308.0 265.0 1
452.0 273.0 1
-452.0 -69.0 1
-226.0 97.0 1
-266.0 384.0 1
-376.0 188.0 1
-480.0 -337.0 1
-297.0 99.0 1
338.0 71.0 1
35.0 -326.0 1
518.0 297.0 1
453.0 138.0 1
-499.0 368.0 1
-24.0 -270.0 1
464.0 -43.0 1
88.0 251.0 1
285.0 401.0 1
292.0 -273.0 1
76.0 -164.0 1
-436.0 156.0 1
-285.0 -162.0 1
470.0 -118.0 1
-208.0 -63.0 1
178.0 28.0 1
-249.0 -189.0 1
271.0 1.0 1
-162.0 -234.0 1
327.0 190.0 1
229.0 -77.0 1
-221.0 -273.0 1
-6.0 334.0 1
199.0 -290.0 1
196.0 254.0 1
-531.0 81.0 1
95.0 397.0 1
49.0 354.0 1
-258.0 -331.0 1
-509.0 154.0 1
392.0 -343.0 1
476.0 358.0 1
-291.0 263.0 1
461.0 -254.0 1
107.0 -320.0 1
-140.0 -284.0 1
330.0 -183.0 1
94.0 177.0 1
-353.0 358.0 1
-462.0 -108.0 1
-132.0 357.0 1
-341.0 203.0 1
-573.0 56.0 1
-472.0 -410.0 1
-229.0 -357.0 1
-46.0 344.0 1
254.0 305.0 1
72.0 -226.0 1
-384.0 -195.0 1
-243.0 413.0 1
504.0 -261.0 1
-124.0 -95.0 1
-507.0 -324.0 1
-422.0 295.0 1
107.0 -207.0 1
312.0 -9.0 1
198.0 227.0 1
-377.0 97.0 1
209.0 379.0 1
457.0 10.0 1
-58.0 -49.0 1
-181.0 154.0 1
-144.0 169.0 1
28.0 139.0 1
-45.0 -382.0 1
510.0 103.0 1
40.0 -292.0 1
-359.0 245.0 1
53.0 -92.0 1
-185.0 -317.0 1
-258.0 143.0 1
-18.0 406.0 1
-542.0 352.0 1
305.0 -369.0 1
174.0 -220.0 1
-503.0 254.0 1
408.0 -67.0 1
-227.0 303.0 1
385.0 384.0 1
-433.0 -328.0 1
73.0 372.0 1
136.0 22.0 1
280.0 -266.0 1
374.0 -200.0 1
492.0 183.0 1
-402.0 72.0 1
-239.0 221.0 1
0.0 -213.0 1
-401.0 -147.0 1
438.0 -187.0 1
302.0 -183.0 1
-420.0 97.0 1
-557.0 273.0 1
65.0 233.0 1
266.0 -320.0 1
