71.0 76.0 0
175.0 87.0 0
334.0 152.0 0
50.0 17.0 0
60.0 60.0 0
-40.0 162.0 0
-109.0 267.0 0
-332.0 -61.0 0
314.0 193.0 0
-327.0 19.0 0
-32.0 -226.0 0
153.0 195.0 0
-135.0 -239.0 0
8.0 -255.0 0
-70.0 -273.0 0
-89.0 -295.0 0
148.0 -127.0 0
-299.0 79.0 0
19.0 -203.0 0
303.0 -208.0 0
-90.0 99.0 1
191.0 341.0 1
-132.0 -325.0 1
49.0 -94.0 1
-436.0 182.0 1
241.0 313.0 1
366.0 394.0 1
524.0 102.0 1
-501.0 358.0 1
497.0 -145.0 1
-454.0 -230.0 1
317.0 407.0 1
-389.0 294.0 1
-345.0 189.0 1
-543.0 207.0 1
-526.0 -187.0 1
109.0 379.0 1
-516.0 331.0 1
-302.0 153.0 1
492.0 183.0 1
90.0 367.0 1
246.0 -32.0 1
107.0 -207.0 1
-550.0 -70.0 1
-414.0 210.0 1
-573.0 56.0 1
-145.0 114.0 1
504.0 217.0 1
165.0 -14.0 1
408.0 -67.0 1
-161.0 346.0 1
263.0 403.0 1
528.0 394.0 1
-140.0 -284.0 1
-366.0 73.0 1
-286.0 343.0 1
-361.0 116.0 1
-351.0 -42.0 1
28.0 -139.0 1
413.0 -120.0 1
-39.0 350.0 1
-446.0 -117.0 1
464.0 -43.0 1
73.0 372.0 1
-183.0 -264.0 1
-162.0 -234.0 1
208.0 21.0 1
360.0 67.0 1
343.0 -324.0 1
0.0 178.0 1
488.0 -412.0 1
533.0 54.0 1
-21.0 195.0 1
-226.0 -267.0 1
354.0 379.0 1
526.0 -377.0 1
-571.0 40.0 1
512.0 235.0 1
-105.0 -52.0 1
520.0 317.0 1
-175.0 41.0 1
491.0 375.0 1
-189.0 256.0 1
-297.0 99.0 1
-484.0 18.0 1
-227.0 303.0 1
-485.0 -175.0 1
-402.0 349.0 1
-250.0 -85.0 1
125.0 -154.0 1
-567.0 -214.0 1
-173.0 -359.0 1
392.0 -343.0 1
-174.0 202.0 1
-254.0 -282.0 1
-365.0 258.0 1
143.0 -280.0 1
-546.0 339.0 1
-510.0 67.0 1
361.0 7.0 1
-48.0 -397.0 1
-384.0 -195.0 1
-6.0 334.0 1
88.0 251.0 1
423.0 -1.0 1
108.0 -272.0 1
449.0 53.0 1
327.0 54.0 1
349.0 -177.0 1
-417.0 336.0 1
-522.0 -258.0 1
353.0 -185.0 1
-507.0 -324.0 1
87.0 121.0 1
-87.0 52.0 1
-288.0 70.0 1
-175.0 209.0 1
-367.0 -276.0 1
424.0 -53.0 1
268.0 307.0 1
405.0 -231.0 1
492.0 -23.0 1
-493.0 -354.0 1
-351.0 -385.0 1
301.0 122.0 1
482.0 351.0 1
465.0 136.0 1
199.0 -316.0 1
412.0 135.0 1
-357.0 -240.0 1
-225.0 57.0 1
-423.0 -52.0 1
244.0 103.0 1
-371.0 371.0 1
-332.0 348.0 1
517.0 -413.0 1
459.0 -258.0 1
-393.0 -285.0 1
470.0 -92.0 1
-238.0 -389.0 1
271.0 147.0 1
-123.0 -62.0 1
28.0 294.0 1
-460.0 245.0 1
94.0 177.0 1
-124.0 -95.0 1
212.0 -330.0 1
136.0 22.0 1
15.0 -320.0 1
345.0 -404.0 1
164.0 -300.0 1
-144.0 169.0 1
308.0 265.0 1
-212.0 -96.0 1
-542.0 -317.0 1
-503.0 254.0 1
359.0 -79.0 1
164.0 -389.0 1
-381.0 -170.0 1
269.0 -100.0 1
