7.6 0.48 0.37 1.2 0.034 5.0 57.0 0.99256 3.05 0.54 10.4 0
7.9 0.64 0.46 10.6 0.244 33.0 227.0 0.9983 2.87 0.74 9.1 0
7.3 0.42 0.38 6.8 0.045 29.0 122.0 0.9925 3.19 0.37 12.6 1
6.0 0.19 0.29 1.1 0.047 67.0 152.0 0.9916 3.54 0.59 11.1 1
7.3 0.26 0.33 17.85 0.049 41.5 195.0 1.0 3.06 0.44 9.1 1
5.9 0.22 0.29 4.2 0.037 69.0 144.0 0.99214 3.13 0.74 10.8 1
5.6 0.34 0.1 1.3 0.031 20.0 68.0 0.9906 3.36 0.51 11.2 1
5.9 0.24 0.28 1.3 0.032 36.0 95.0 0.98889 3.08 0.64 12.9 1
6.8 0.21 0.31 2.9 0.046 40.0 121.0 0.9913 3.07 0.65 10.9 1
5.8 0.35 0.29 3.2 0.034 41.0 151.0 0.9912 3.35 0.58 11.6333333333333 1
8.0 0.23 0.35 9.2 0.044 53.0 186.0 0.997 3.09 0.56 9.5 1
7.0 0.28 0.32 7.75 0.032 30.0 114.0 0.99158 3.12 0.64 12.8 1
5.9 0.2 0.28 12.8 0.038 29.0 132.0 0.99426 3.31 0.57 11.8 1
7.5 0.21 0.32 4.8 0.056 39.0 113.0 0.99393 3.11 0.52 10.2 1
6.4 0.28 0.29 1.6 0.052 34.0 127.0 0.9929 3.48 0.56 10.5 1
4.7 0.455 0.18 1.9 0.036 33.0 106.0 0.98746 3.21 0.83 14.0 1
7.4 0.16 0.3 13.7 0.056 33.0 168.0 0.99825 2.9 0.44 8.7 1
6.8 0.18 0.28 1.1 0.027 32.0 112.0 0.99089 3.15 0.45 11.0 1
6.6 0.25 0.41 7.4 0.043 29.0 151.0 0.9946 3.15 0.6 10.2 1
7.5 0.23 0.49 7.7 0.049 61.0 209.0 0.9941 3.14 0.3 11.1 1
6.3 0.29 0.29 3.3 0.037 32.0 140.0 0.9895 3.17 0.36 12.8 1
5.8 0.28 0.3 1.5 0.026 31.0 114.0 0.98952 3.32 0.6 12.5 1
5.6 0.19 0.31 2.7 0.027 11.0 100.0 0.98964 3.46 0.4 13.2 1
7.3 0.22 0.49 9.4 0.034 29.0 134.0 0.9939 2.99 0.32 11.0 1
7.1 0.21 0.31 3.8 0.021 40.0 142.0 0.99215 3.17 0.39 10.8 1
6.2 0.21 0.28 5.7 0.028 45.0 121.0 0.99168 3.21 1.08 12.15 1
6.5 0.37 0.3 2.2 0.033 39.0 107.0 0.98894 3.22 0.53 13.5 1
7.1 0.44 0.23 5.8 0.035 24.0 100.0 0.99062 3.15 0.57 13.2 1
4.2 0.17 0.36 1.8 0.029 93.0 161.0 0.98999 3.65 0.89 12.0 1
5.4 0.33 0.31 4.0 0.03 27.0 108.0 0.99031 3.3 0.43 12.2 1
5.2 0.31 0.2 2.4 0.027 27.0 117.0 0.98886 3.56 0.45 13.0 1
6.2 0.28 0.22 7.3 0.041 26.0 157.0 0.9957 3.44 0.64 9.8 1
7.5 0.305 0.38 1.4 0.047 30.0 95.0 0.99158 3.22 0.52 11.5 1
6.4 0.33 0.28 4.0 0.04 24.0 81.0 0.9903 3.26 0.64 12.6 1
6.0 0.34 0.24 5.4 0.06 23.0 126.0 0.9951 3.25 0.44 9.0 1
7.4 0.155 0.34 2.3 0.045 73.5 214.0 0.9934 3.18 0.61 9.9 1
7.7 0.44 0.24 11.2 0.031 41.0 167.0 0.9948 3.12 0.43 11.3 1
6.9 0.23 0.38 8.3 0.047 47.0 162.0 0.9954 3.34 0.52 10.5 1
7.2 0.16 0.29 1.0 0.031 40.0 123.0 0.98958 3.12 0.4 12.1 1
8.0 0.57 0.39 3.9 0.034 22.0 122.0 0.9917 3.29 0.67 12.8 1
7.1 0.36 0.28 2.4 0.036 35.0 115.0 0.98936 3.19 0.44 13.5 1
7.2 0.36 0.36 5.7 0.038 26.0 98.0 0.9914 2.93 0.59 12.5 1
5.5 0.32 0.45 4.9 0.028 25.0 191.0 0.9922 3.51 0.49 11.5 1
7.9 0.42 0.49 8.2 0.056 32.0 164.0 0.9965 3.29 0.6 11.2 1
5.8 0.18 0.37 1.2 0.036 19.0 74.0 0.98853 3.09 0.49 12.7 1
7.0 0.22 0.26 2.8 0.036 44.0 132.0 0.99078 3.34 0.41 12.0 1
7.2 0.26 0.3 2.1 0.033 50.0 158.0 0.9909 3.33 0.43 12.1 1
7.1 0.21 0.32 2.2 0.037 28.0 141.0 0.993 3.2 0.57 10.0 1
6.9 0.33 0.26 5.0 0.027 46.0 143.0 0.9924 3.25 0.43 11.2 1
7.8 0.17 0.23 1.7 0.029 39.0 128.0 0.99272 3.37 0.41 10.7 1
6.4 0.25 0.28 4.9 0.03 29.0 98.0 0.99024 3.09 0.58 12.8 1
6.1 0.33 0.3 3.0 0.036 30.0 124.0 0.98922 3.31 0.4 13.1 1
6.8 0.18 0.35 5.4 0.054 53.0 143.0 0.99287 3.1 0.54 11.0 1
6.7 0.34 0.3 8.5 0.059 24.0 152.0 0.99615 3.46 0.64 11.0 1
7.6 0.39 0.32 3.6 0.035 22.0 93.0 0.99144 3.08 0.6 12.5 1
6.5 0.18 0.41 14.2 0.039 47.0 129.0 0.99678 3.28 0.72 10.3 1
6.9 0.22 0.37 15.0 0.053 59.0 178.0 0.9992 3.37 0.82 9.5 1
6.3 0.37 0.28 6.3 0.034 45.0 152.0 0.9921 3.29 0.46 11.6 1
6.5 0.19 0.28 1.4 0.046 22.0 90.0 0.99038 3.18 0.51 11.7 1
6.4 0.24 0.31 2.8 0.038 41.0 114.0 0.99155 3.37 0.66 11.7 1
7.8 0.26 0.49 3.2 0.027 28.0 87.0 0.9919 3.03 0.32 11.3 1
8.8 0.28 0.45 6.0 0.022 14.0 49.0 0.9934 3.01 0.33 11.1 1
9.2 0.25 0.34 1.2 0.026 31.0 93.0 0.9916 2.93 0.37 11.3 1
7.0 0.25 0.45 2.3 0.045 40.0 118.0 0.99064 3.16 0.48 11.9 1
6.9 0.31 0.34 7.4 0.059 36.0 174.0 0.9963 3.46 0.62 11.1 1
6.6 0.33 0.4 2.65 0.041 35.0 86.0 0.98916 3.11 0.39 13.3 1
6.7 0.3 0.29 2.8 0.025 37.0 107.0 0.99159 3.31 0.63 11.3 1
6.1 0.32 0.25 1.7 0.034 37.0 136.0 0.992 3.47 0.5 10.8 1
7.0 0.31 0.31 9.1 0.036 45.0 140.0 0.99216 2.98 0.31 12.0 1
6.5 0.23 0.39 1.9 0.036 41.0 98.0 0.99 3.19 0.43 11.9 1
6.6 0.35 0.26 2.7 0.045 19.0 129.0 0.98952 3.24 0.48 13.0 1
5.7 0.25 0.32 12.2 0.041 43.0 127.0 0.99524 3.23 0.53 10.4 1
6.8 0.16 0.4 2.3 0.037 18.0 102.0 0.9923 3.49 0.42 11.4 1
7.0 0.3 0.49 4.7 0.036 17.0 105.0 0.9916 3.26 0.68 12.4 1
6.6 0.2 0.32 1.1 0.039 25.0 78.0 0.9926 3.39 0.54 10.2 1
6.8 0.22 0.35 5.5 0.043 21.0 114.0 0.9938 3.3 0.53 10.7 1
6.9 0.15 0.29 2.3 0.033 14.0 82.0 0.99132 3.1 0.58 11.2 1
6.7 0.28 0.34 8.9 0.048 32.0 111.0 0.99455 3.25 0.54 11.0 1
8.4 0.24 0.49 7.4 0.039 46.0 108.0 0.9934 3.03 0.33 11.9 1
5.7 0.31 0.28 4.1 0.03 22.0 86.0 0.99062 3.31 0.38 11.7 1
6.2 0.36 0.38 3.2 0.031 20.0 89.0 0.98956 3.06 0.33 12.0 1
6.4 0.31 0.28 1.5 0.037 12.0 119.0 0.9919 3.32 0.51 10.4 1
6.9 0.25 0.26 5.2 0.024 36.0 135.0 0.9948 3.16 0.72 10.7 1
6.5 0.28 0.25 4.8 0.029 54.0 128.0 0.99074 3.17 0.44 12.2 1
7.3 0.22 0.31 2.3 0.018 45.0 80.0 0.98936 3.06 0.34 12.9 1
7.2 0.33 0.34 2.0 0.044 61.0 171.0 0.98947 3.25 0.53 13.3 1
6.2 0.36 0.32 4.0 0.036 44.0 92.0 0.98936 3.2 0.5 13.3 1
5.7 0.265 0.28 6.9 0.036 46.0 150.0 0.99299 3.36 0.44 10.8 1
7.4 0.16 0.27 15.5 0.05 25.0 135.0 0.9984 2.9 0.43 8.7 1
7.2 0.33 0.22 4.5 0.031 10.0 73.0 0.99076 2.97 0.52 12.2 1
