1 1 3 13 18 0.05555555555555555 0.05555555555555555 0.16666666666666666 0.7222222222222222 790 2 0 0 792 0.9974747474747475 0.0025252525252525255 0.0 0.0 
0 1 2 15 18 0.0 0.05555555555555555 0.1111111111111111 0.8333333333333334 789 3 0 0 792 0.9962121212121212 0.003787878787878788 0.0 0.0 
0 2 2 14 18 0.0 0.1111111111111111 0.1111111111111111 0.7777777777777778 790 2 0 0 792 0.9974747474747475 0.0025252525252525255 0.0 0.0 
1 1 6 10 18 0.05555555555555555 0.05555555555555555 0.3333333333333333 0.5555555555555556 787 5 0 0 792 0.9936868686868687 0.006313131313131313 0.0 0.0 
1 1 5 11 18 0.05555555555555555 0.05555555555555555 0.2777777777777778 0.6111111111111112 790 2 0 0 792 0.9974747474747475 0.0025252525252525255 0.0 0.0 
1 1 5 11 18 0.05555555555555555 0.05555555555555555 0.2777777777777778 0.6111111111111112 786 6 0 0 792 0.9924242424242424 0.007575757575757576 0.0 0.0 
1 1 5 11 18 0.05555555555555555 0.05555555555555555 0.2777777777777778 0.6111111111111112 789 3 0 0 792 0.9962121212121212 0.003787878787878788 0.0 0.0 
1 1 5 11 18 0.05555555555555555 0.05555555555555555 0.2777777777777778 0.6111111111111112 790 2 0 0 792 0.9974747474747475 0.0025252525252525255 0.0 0.0 
1 1 5 11 18 0.05555555555555555 0.05555555555555555 0.2777777777777778 0.6111111111111112 788 4 0 0 792 0.9949494949494949 0.005050505050505051 0.0 0.0 
0 0 4 14 18 0.0 0.0 0.2222222222222222 0.7777777777777778 789 3 0 0 792 0.9962121212121212 0.003787878787878788 0.0 0.0 
