7.1 0.32 0.32 11.0 0.038 16.0 66.0 0.9937 3.24 0.4 11.5 0
6.1 0.2 0.34 9.5 0.041 38.0 201.0 0.995 3.14 0.44 10.1 0
5.9 0.17 0.29 3.1 0.03 32.0 123.0 0.98913 3.41 0.33 13.7 1
5.4 0.22 0.29 1.2 0.045 69.0 152.0 0.99178 3.76 0.63 11.0 1
7.3 0.26 0.33 17.85 0.049 41.5 195.0 1.0 3.06 0.44 9.1 1
6.6 0.16 0.57 1.1 0.13 58.0 140.0 0.9927 3.12 0.39 9.3 1
6.4 0.125 0.36 1.4 0.044 22.0 68.0 0.99014 3.15 0.5 11.7 1
6.3 0.22 0.34 5.0 0.032 36.0 93.0 0.99012 3.27 0.36 13.5 1
6.8 0.21 0.31 2.9 0.046 40.0 121.0 0.9913 3.07 0.65 10.9 1
7.3 0.21 0.49 1.8 0.038 44.0 152.0 0.9912 3.32 0.44 12.6 1
7.1 0.26 0.34 14.4 0.067 35.0 189.0 0.9986 3.07 0.53 9.1 1
6.7 0.18 0.28 10.2 0.039 29.0 115.0 0.99469 3.11 0.45 10.9 1
6.5 0.19 0.32 1.4 0.04 31.0 132.0 0.9922 3.36 0.54 10.8 1
7.1 0.36 0.37 4.8 0.019 39.0 114.0 0.99036 3.08 0.49 12.7 1
6.4 0.28 0.29 1.6 0.052 34.0 127.0 0.9929 3.48 0.56 10.5 1
5.7 0.26 0.3 1.8 0.039 30.0 105.0 0.98995 3.48 0.52 12.5 1
7.4 0.16 0.3 13.7 0.056 33.0 168.0 0.99825 2.9 0.44 8.7 1
6.7 0.35 0.32 9.0 0.032 29.0 113.0 0.99188 3.13 0.65 12.9 1
6.5 0.22 0.28 3.7 0.059 29.0 151.0 0.99177 3.23 0.41 12.1 1
6.5 0.24 0.32 7.6 0.038 48.0 203.0 0.9958 3.45 0.54 9.7 1
6.3 0.29 0.29 3.3 0.037 32.0 140.0 0.9895 3.17 0.36 12.8 1
6.7 0.21 0.49 1.4 0.047 30.0 114.0 0.9914 2.92 0.42 10.8 1
6.6 0.39 0.22 4.0 0.038 17.0 98.0 0.99018 3.25 0.53 13.0 1
7.1 0.35 0.27 3.1 0.034 28.0 134.0 0.9897 3.26 0.38 13.1 1
5.9 0.34 0.31 2.0 0.03 38.0 142.0 0.98892 3.4 0.41 12.9 1
8.4 0.22 0.3 1.3 0.038 45.0 122.0 0.99178 3.13 0.54 10.8 1
7.3 0.19 0.25 1.4 0.051 41.0 107.0 0.99382 3.53 0.66 10.5 1
6.8 0.32 0.28 4.8 0.034 25.0 100.0 0.99026 3.08 0.47 12.4 1
7.9 0.37 0.3 2.7 0.029 64.0 158.0 0.9916 3.12 0.59 12.0 1
6.6 0.16 0.35 1.8 0.042 26.0 105.0 0.98962 3.19 0.75 12.4 1
8.2 0.29 0.33 9.1 0.036 28.0 118.0 0.9953 2.96 0.4 10.9 1
6.9 0.35 0.39 2.4 0.048 25.0 157.0 0.99133 3.2 0.54 11.1 1
6.4 0.29 0.24 3.2 0.037 31.0 95.0 0.98942 2.9 0.66 12.6 1
6.8 0.37 0.28 4.0 0.03 29.0 79.0 0.99 3.23 0.46 12.4 1
6.8 0.36 0.24 4.6 0.039 24.0 124.0 0.9909 3.27 0.34 12.6 1
7.4 0.155 0.34 2.3 0.045 73.5 214.0 0.9934 3.18 0.61 9.9 1
7.7 0.44 0.24 11.2 0.031 41.0 167.0 0.9948 3.12 0.43 11.3 1
6.6 0.21 0.31 11.4 0.039 46.0 165.0 0.99795 3.41 0.44 9.8 1
6.7 0.36 0.26 7.9 0.034 39.0 123.0 0.99119 2.99 0.3 12.2 1
7.8 0.3 0.4 1.8 0.028 23.0 122.0 0.9914 3.14 0.39 10.9 1
6.2 0.38 0.42 2.5 0.038 34.0 117.0 0.99132 3.36 0.59 11.6 1
7.2 0.36 0.36 5.7 0.038 26.0 98.0 0.9914 2.93 0.59 12.5 1
7.0 0.26 0.26 10.8 0.039 37.0 184.0 0.99787 3.47 0.58 10.3 1
6.8 0.18 0.3 12.8 0.062 19.0 171.0 0.99808 3.0 0.52 9.0 1
6.0 0.13 0.36 1.6 0.052 23.0 72.0 0.98974 3.1 0.5 11.5 1
6.1 0.44 0.28 4.25 0.032 43.0 132.0 0.9916 3.26 0.47 11.3 1
5.6 0.28 0.28 4.2 0.044 52.0 158.0 0.992 3.35 0.44 10.7 1
8.1 0.31 0.36 8.2 0.028 29.0 142.0 0.9925 3.01 0.34 13.0 1
6.9 0.33 0.26 5.0 0.027 46.0 143.0 0.9924 3.25 0.43 11.2 1
6.5 0.5 0.22 4.1 0.036 35.0 131.0 0.9902 3.26 0.55 13.0 1
7.3 0.4 0.28 6.5 0.037 26.0 97.0 0.99148 3.16 0.58 12.6 1
6.5 0.18 0.31 1.7 0.044 30.0 127.0 0.9928 3.49 0.5 10.2 1
6.8 0.18 0.35 5.4 0.054 53.0 143.0 0.99287 3.1 0.54 11.0 1
7.4 0.49 0.24 15.1 0.03 34.0 153.0 0.9953 3.13 0.51 12.0 1
5.4 0.3 0.3 1.2 0.029 25.0 93.0 0.98742 3.31 0.4 13.6 1
6.5 0.18 0.41 14.2 0.039 47.0 129.0 0.99678 3.28 0.72 10.3 1
7.3 0.28 0.42 14.4 0.04 49.0 173.0 0.9994 3.28 0.82 9.0 1
7.2 0.2 0.34 2.7 0.032 49.0 151.0 0.99 3.16 0.39 12.7 1
6.0 0.32 0.33 9.9 0.032 22.0 90.0 0.99258 3.1 0.43 12.1 1
6.4 0.31 0.5 5.8 0.038 42.0 111.0 0.99189 3.18 0.53 11.9 1
7.8 0.26 0.49 3.2 0.027 28.0 87.0 0.9919 3.03 0.32 11.3 1
5.6 0.41 0.24 1.9 0.034 10.0 53.0 0.98815 3.32 0.5 13.5 1
7.5 0.26 0.3 4.6 0.027 29.0 92.0 0.99085 3.15 0.38 12.0 1
7.2 0.58 0.27 5.8 0.032 40.0 118.0 0.99088 3.17 0.53 13.0 1
6.8 0.24 0.35 6.4 0.048 44.0 172.0 0.9944 3.29 0.55 10.5 1
8.2 0.18 0.49 1.1 0.033 28.0 81.0 0.9923 3.0 0.68 10.4 1
6.7 0.3 0.29 2.8 0.025 37.0 107.0 0.99159 3.31 0.63 11.3 1
8.0 0.24 0.26 1.7 0.033 36.0 136.0 0.99316 3.44 0.51 10.4 1
6.4 0.105 0.29 1.1 0.035 44.0 140.0 0.99142 3.17 0.55 10.7 1
5.8 0.28 0.34 4.0 0.031 40.0 99.0 0.9896 3.39 0.39 12.8 1
6.6 0.12 0.25 1.4 0.039 21.0 131.0 0.99114 3.2 0.45 11.2 1
6.7 0.16 0.37 1.3 0.036 45.0 125.0 0.98964 3.19 0.51 12.4 1
7.8 0.32 0.33 2.4 0.037 18.0 101.0 0.9912 3.21 0.65 11.7 1
5.4 0.5 0.13 5.0 0.028 12.0 107.0 0.99079 3.48 0.88 13.5 1
6.9 0.21 0.24 1.8 0.021 17.0 80.0 0.98992 3.15 0.46 12.3 1
7.2 0.44 0.28 3.4 0.048 22.0 112.0 0.99188 3.21 0.37 11.3 1
6.9 0.15 0.29 2.3 0.033 14.0 82.0 0.99132 3.1 0.58 11.2 1
6.7 0.28 0.34 8.9 0.048 32.0 111.0 0.99455 3.25 0.54 11.0 1
7.7 0.43 0.28 4.5 0.046 33.0 102.0 0.9918 3.16 0.56 12.2 1
5.8 0.3 0.38 4.9 0.039 22.0 86.0 0.98963 3.23 0.58 13.1 1
6.1 0.36 0.26 8.15 0.035 14.0 88.0 0.99031 3.06 0.27 13.0 1
7.7 0.28 0.39 8.9 0.036 8.0 117.0 0.9935 3.06 0.38 12.0 1
6.8 0.39 0.34 7.4 0.02 38.0 133.0 0.99212 3.18 0.44 12.0 1
6.45 0.14 0.42 1.2 0.05 51.0 129.0 0.99116 3.27 0.69 11.1 1
6.7 0.19 0.32 3.7 0.041 26.0 76.0 0.99173 2.9 0.57 10.5 1
5.6 0.255 0.57 10.7 0.056 66.0 171.0 0.99464 3.25 0.61 10.4 1
8.2 0.42 0.29 4.1 0.03 31.0 100.0 0.9911 3.0 0.32 12.8 1
6.4 0.35 0.28 1.1 0.055 9.0 160.0 0.99405 3.42 0.5 9.1 1
7.4 0.16 0.27 15.5 0.05 25.0 135.0 0.9984 2.9 0.43 8.7 1
6.3 0.35 0.3 5.7 0.035 8.0 97.0 0.9927 3.27 0.41 11.0 1
