9.4 0.24 0.29 8.5 0.037 124.0 208.0 0.99395 2.9 0.38 11.0 0
6.1 0.26 0.25 2.9 0.047 289.0 440.0 0.99314 3.44 0.64 10.5 0
7.2 0.32 0.36 2.0 0.033 37.0 114.0 0.9906 3.1 0.71 12.3 1
6.3 0.34 0.33 4.6 0.034 19.0 80.0 0.9917 3.38 0.58 12.0 1
6.2 0.25 0.25 1.4 0.03 35.0 105.0 0.9912 3.3 0.44 11.1 1
7.1 0.21 0.37 2.4 0.026 23.0 100.0 0.9903 3.15 0.38 11.4 1
6.3 0.35 0.3 5.7 0.035 8.0 97.0 0.9927 3.27 0.41 11.0 1
7.2 0.19 0.46 3.8 0.041 82.0 187.0 0.9932 3.19 0.6 11.2 1
5.1 0.33 0.22 1.6 0.027 18.0 89.0 0.9893 3.51 0.38 12.5 1
6.0 0.36 0.39 3.2 0.027 20.0 125.0 0.991 3.38 0.39 11.3 1
5.8 0.28 0.34 4.0 0.031 40.0 99.0 0.9896 3.39 0.39 12.8 1
7.1 0.23 0.39 1.6 0.032 12.0 65.0 0.9898 3.25 0.4 12.7 1
7.0 0.3 0.51 13.6 0.05 40.0 168.0 0.9976 3.07 0.52 9.6 1
6.0 0.38 0.26 6.0 0.034 42.0 134.0 0.9912 3.38 0.38 12.3 1
6.2 0.21 0.27 1.7 0.038 41.0 150.0 0.9933 3.49 0.71 10.5 1
5.9 0.24 0.3 2.0 0.033 28.0 92.0 0.99225 3.39 0.69 10.9 1
5.8 0.26 0.18 1.2 0.031 40.0 114.0 0.9908 3.42 0.4 11.0 1
7.7 0.28 0.33 6.7 0.037 32.0 155.0 0.9951 3.39 0.62 10.7 1
7.7 0.28 0.39 8.9 0.036 8.0 117.0 0.9935 3.06 0.38 12.0 1
6.6 0.22 0.37 1.2 0.059 45.0 199.0 0.993 3.37 0.55 10.3 1
7.5 0.19 0.34 2.6 0.037 33.0 125.0 0.9923 3.1 0.49 11.1 1
5.5 0.32 0.45 4.9 0.028 25.0 191.0 0.9922 3.51 0.49 11.5 1
7.9 0.25 0.29 5.3 0.031 33.0 117.0 0.9918 3.06 0.32 11.8 1
6.4 0.25 0.33 1.4 0.04 42.0 115.0 0.9906 3.19 0.48 11.3 1
7.6 0.52 0.49 14.0 0.034 37.0 156.0 0.9958 3.14 0.38 11.8 1
5.8 0.19 0.49 4.9 0.04 44.0 118.0 0.9935 3.34 0.38 9.5 1
9.0 0.17 0.49 1.0 0.039 46.0 131.0 0.993 3.09 0.51 10.5 1
8.1 0.3 0.49 12.3 0.049 50.0 144.0 0.9971 3.09 0.57 10.2 1
7.5 0.24 0.49 9.4 0.048 50.0 149.0 0.9962 3.17 0.59 10.5 1
8.2 0.15 0.48 2.7 0.052 24.0 190.0 0.995 3.5 0.45 10.9 1
7.7 0.44 0.24 11.2 0.031 41.0 167.0 0.9948 3.12 0.43 11.3 1
6.4 0.18 0.31 1.6 0.049 36.0 127.0 0.9934 3.6 0.67 10.4 1
7.2 0.36 0.36 5.7 0.038 26.0 98.0 0.9914 2.93 0.59 12.5 1
8.0 0.23 0.35 9.2 0.044 53.0 186.0 0.997 3.09 0.56 9.5 1
7.1 0.2 0.36 11.6 0.042 45.0 124.0 0.997 2.92 0.59 9.5 1
7.0 0.32 0.31 6.4 0.031 38.0 115.0 0.99235 3.38 0.58 12.2 1
7.6 0.48 0.33 7.0 0.024 14.0 130.0 0.9918 3.25 0.45 12.5 1
6.4 0.17 0.34 1.5 0.091 42.0 135.0 0.9938 3.25 0.49 9.6 1
5.6 0.35 0.4 6.3 0.022 23.0 174.0 0.9922 3.54 0.5 11.6 1
6.4 0.15 0.44 1.2 0.043 67.0 150.0 0.9907 3.14 0.73 11.2 1
6.4 0.15 0.44 1.2 0.043 67.0 150.0 0.9907 3.14 0.73 11.2 1
6.7 0.34 0.3 8.5 0.059 24.0 152.0 0.99615 3.46 0.64 11.0 1
6.7 0.3 0.29 2.8 0.025 37.0 107.0 0.99159 3.31 0.63 11.3 1
7.3 0.22 0.31 2.3 0.018 45.0 80.0 0.98936 3.06 0.34 12.9 1
5.9 0.3 0.3 2.0 0.03 38.0 142.0 0.98892 3.41 0.41 12.9 1
7.5 0.26 0.3 4.6 0.027 29.0 92.0 0.99085 3.15 0.38 12.0 1
6.8 0.32 0.28 4.8 0.034 25.0 100.0 0.99026 3.08 0.47 12.4 1
6.5 0.37 0.3 2.2 0.033 39.0 107.0 0.98894 3.22 0.53 13.5 1
6.1 0.38 0.42 5.0 0.016 31.0 113.0 0.99007 3.15 0.31 12.4 1
7.2 0.19 0.31 6.3 0.034 17.0 103.0 0.99305 3.15 0.52 11.4 1
6.7 0.34 0.4 2.1 0.033 34.0 111.0 0.98924 2.97 0.48 12.2 1
6.7 0.14 0.51 4.3 0.028 57.0 124.0 0.99176 2.91 0.54 10.7 1
5.9 0.28 0.39 1.4 0.031 47.0 147.0 0.98836 3.08 0.64 12.9 1
6.2 0.35 0.31 2.6 0.036 37.0 92.0 0.98938 3.27 0.53 12.8 1
6.4 0.23 0.35 4.6 0.039 43.0 147.0 0.99216 3.18 0.4 11.0 1
6.7 0.12 0.36 2.3 0.039 43.0 125.0 0.99229 3.07 0.67 10.1 1
6.8 0.17 0.35 1.8 0.04 29.0 84.0 0.98961 2.91 0.57 12.0 1
6.9 0.36 0.28 13.55 0.048 51.0 189.0 0.99782 3.0 0.6 9.5 1
6.5 0.28 0.34 3.6 0.04 29.0 121.0 0.99111 3.28 0.48 12.1 1
8.9 0.3 0.35 4.6 0.032 32.0 148.0 0.99458 3.15 0.45 11.5 1
6.1 0.3 0.3 2.1 0.031 50.0 163.0 0.9895 3.39 0.43 12.7 1
6.7 0.47 0.29 4.75 0.034 29.0 134.0 0.99056 3.29 0.46 13.0 1
6.6 0.21 0.29 5.35 0.029 43.0 106.0 0.99112 2.93 0.43 11.5 1
7.5 0.21 0.32 4.8 0.056 39.0 113.0 0.99393 3.11 0.52 10.2 1
6.5 0.28 0.25 4.8 0.029 54.0 128.0 0.99074 3.17 0.44 12.2 1
5.8 0.28 0.28 4.2 0.044 52.0 158.0 0.992 3.35 0.44 10.7 1
5.8 0.2 0.24 1.4 0.033 65.0 169.0 0.99043 3.59 0.56 12.3 1
6.3 0.2 0.26 4.7 0.04 108.0 168.0 0.99278 3.07 0.75 10.7 1
7.1 0.2 0.27 9.6 0.037 19.0 105.0 0.99444 3.04 0.37 10.5 1
6.8 0.31 0.3 8.0 0.028 33.0 122.0 0.99164 3.13 0.63 12.6 1
5.7 0.265 0.28 6.9 0.036 46.0 150.0 0.99299 3.36 0.44 10.8 1
7.0 0.15 0.28 14.7 0.051 29.0 149.0 0.99792 2.96 0.39 9.0 1
7.0 0.15 0.28 14.7 0.051 29.0 149.0 0.99792 2.96 0.39 9.0 1
6.3 0.43 0.32 8.8 0.042 18.0 106.0 0.99172 3.28 0.33 12.9 1
6.6 0.39 0.22 4.0 0.038 17.0 98.0 0.99018 3.25 0.53 13.0 1
4.7 0.455 0.18 1.9 0.036 33.0 106.0 0.98746 3.21 0.83 14.0 1
6.3 0.22 0.27 4.5 0.036 81.0 157.0 0.9928 3.05 0.76 10.7 1
7.4 0.16 0.27 15.5 0.05 25.0 135.0 0.9984 2.9 0.43 8.7 1
7.1 0.13 0.29 15.5 0.064 56.0 115.5 0.99737 3.16 0.41 9.7 1
6.9 0.35 0.39 2.4 0.048 25.0 157.0 0.99133 3.2 0.54 11.1 1
5.8 0.19 0.33 4.2 0.038 49.0 133.0 0.99107 3.16 0.42 11.3 1
6.9 0.22 0.32 9.3 0.04 22.0 110.0 0.9958 3.34 0.54 10.7 1
4.8 0.13 0.32 1.2 0.042 40.0 98.0 0.9898 3.42 0.64 11.8 1
5.9 0.18 0.28 1.0 0.037 24.0 88.0 0.99094 3.29 0.55 10.65 1
6.0 0.29 0.41 10.8 0.048 55.0 149.0 0.9937 3.09 0.59 10.9666666666667 1
5.3 0.4 0.25 3.9 0.031 45.0 130.0 0.99072 3.31 0.58 11.75 1
6.6 0.19 0.25 1.2 0.052 34.0 181.0 0.99352 3.3 0.42 9.4 1
6.4 0.105 0.29 1.1 0.035 44.0 140.0 0.99142 3.17 0.55 10.7 1
6.2 0.36 0.32 4.0 0.036 44.0 92.0 0.98936 3.2 0.5 13.3 1
5.5 0.29 0.3 1.1 0.022 20.0 110.0 0.98869 3.34 0.38 12.8 1
