11.8 0.23 0.38 11.1 0.034 15.0 123.0 0.9997 2.93 0.55 9.7 0
6.1 0.26 0.25 2.9 0.047 289.0 440.0 0.99314 3.44 0.64 10.5 0
8.0 0.26 0.36 2.0 0.054 30.0 121.0 0.992 3.09 0.72 11.6 1
6.4 0.15 0.44 1.2 0.043 67.0 150.0 0.9907 3.14 0.73 11.2 1
7.2 0.23 0.39 14.2 0.058 49.0 192.0 0.9979 2.98 0.48 9.0 1
6.1 0.24 0.26 1.7 0.033 61.0 134.0 0.9903 3.19 0.81 11.9 1
6.3 0.36 0.28 2.5 0.035 18.0 73.0 0.98868 3.1 0.47 12.8 1
6.5 0.22 0.32 2.2 0.028 36.0 92.0 0.99076 3.27 0.59 11.9 1
6.4 0.16 0.44 1.2 0.051 39.0 122.0 0.99058 3.11 0.75 11.3 1
6.2 0.21 0.27 1.7 0.038 41.0 150.0 0.9933 3.49 0.71 10.5 1
7.1 0.25 0.25 1.6 0.046 50.0 181.0 0.9925 3.2 0.42 11.0 1
6.8 0.18 0.28 9.8 0.039 29.0 113.0 0.99406 3.11 0.45 10.9 1
5.6 0.18 0.3 10.2 0.028 28.0 131.0 0.9954 3.49 0.42 10.8 1
6.7 0.11 0.34 8.8 0.043 41.0 113.0 0.9962 3.42 0.4 9.3 1
5.6 0.235 0.29 1.2 0.047 33.0 127.0 0.991 3.34 0.5 11.0 1
6.8 0.32 0.32 8.7 0.029 31.0 105.0 0.99146 3.0 0.34 12.3 1
7.4 0.16 0.3 13.7 0.056 33.0 168.0 0.99825 2.9 0.44 8.7 1
6.1 0.22 0.4 1.85 0.031 25.0 111.0 0.98966 3.03 0.3 11.8 1
6.6 0.2 0.38 7.9 0.052 30.0 145.0 0.9947 3.32 0.56 11.0 1
7.2 0.25 0.28 14.4 0.055 55.0 205.0 0.9986 3.12 0.38 9.0 1
6.6 0.295 0.24 1.6 0.039 29.0 140.0 0.99304 3.35 0.61 10.4 1
6.7 0.41 0.24 5.4 0.035 33.0 115.0 0.9901 3.12 0.44 12.8933333333333 1
6.5 0.36 0.49 2.9 0.03 16.0 94.0 0.9902 3.1 0.49 12.1 1
6.0 0.28 0.27 15.5 0.036 31.0 134.0 0.99408 3.19 0.44 13.0 1
7.4 0.23 0.25 1.4 0.049 43.0 141.0 0.9934 3.42 0.54 10.2 1
7.1 0.27 0.24 12.6 0.044 48.0 118.0 0.99726 3.04 0.56 10.0 1
7.4 0.28 0.36 1.1 0.028 42.0 105.0 0.9893 2.99 0.39 12.4 1
6.7 0.22 0.37 1.6 0.028 24.0 102.0 0.9913 3.29 0.59 11.6 1
6.3 0.13 0.42 1.1 0.043 63.0 146.0 0.99066 3.13 0.72 11.2 1
7.4 0.18 0.24 1.4 0.047 21.0 106.0 0.99383 3.52 0.64 10.5 1
5.8 0.34 0.16 7.0 0.037 26.0 116.0 0.9949 3.46 0.45 10.0 1
8.0 0.45 0.28 10.8 0.051 25.0 157.0 0.9957 3.06 0.47 11.4 1
6.8 0.19 0.36 1.9 0.035 30.0 96.0 0.9917 3.15 0.54 10.8 1
6.8 0.17 0.35 1.8 0.04 29.0 84.0 0.98961 2.91 0.57 12.0 1
8.7 0.3 0.34 4.8 0.018 23.0 127.0 0.99474 3.12 0.49 11.2 1
7.3 0.25 0.36 13.1 0.05 35.0 200.0 0.9986 3.04 0.46 8.9 1
8.7 0.23 0.32 13.4 0.044 35.0 169.0 0.99975 3.12 0.47 8.8 1
6.3 0.41 0.3 3.2 0.03 49.0 164.0 0.9927 3.53 0.79 11.7 1
6.7 0.17 0.37 2.0 0.039 34.0 125.0 0.9922 3.26 0.6 10.8 1
6.0 0.31 0.27 2.3 0.042 19.0 120.0 0.98952 3.32 0.41 12.7 1
7.4 0.2 0.35 2.1 0.038 30.0 116.0 0.9949 3.49 0.77 10.3 1
8.0 0.4 0.33 7.7 0.034 27.0 98.0 0.9935 3.18 0.41 12.2 1
7.0 0.3 0.38 14.9 0.032 60.0 181.0 0.9983 3.18 0.61 9.3 1
6.8 0.18 0.3 12.8 0.062 19.0 171.0 0.99808 3.0 0.52 9.0 1
6.2 0.36 0.27 3.2 0.032 13.0 73.0 0.98942 2.9 0.69 12.6 1
5.8 0.19 0.33 4.2 0.038 49.0 133.0 0.99107 3.16 0.42 11.3 1
8.0 0.22 0.42 14.6 0.044 45.0 163.0 1.0003 3.21 0.69 8.6 1
7.3 0.33 0.4 6.85 0.038 32.0 138.0 0.992 3.03 0.3 11.9 1
6.4 0.23 0.35 4.6 0.039 43.0 147.0 0.99216 3.18 0.4 11.0 1
6.2 0.3 0.32 1.7 0.032 30.0 130.0 0.9911 3.28 0.41 11.2 1
6.6 0.34 0.24 3.3 0.034 29.0 99.0 0.99031 3.1 0.4 12.3 1
5.6 0.18 0.58 1.25 0.034 29.0 129.0 0.98984 3.51 0.6 12.0 1
6.0 0.29 0.41 10.8 0.048 55.0 149.0 0.9937 3.09 0.59 10.9666666666667 1
7.2 0.17 0.28 17.55 0.05 33.0 154.0 0.99971 2.94 0.43 9.0 1
5.8 0.32 0.38 4.75 0.033 23.0 94.0 0.991 3.42 0.42 11.8 1
5.9 0.4 0.32 6.0 0.034 50.0 127.0 0.992 3.51 0.58 12.5 1
7.6 0.2 0.39 2.6 0.044 30.0 180.0 0.9941 3.46 0.44 10.8 1
7.0 0.15 0.28 14.7 0.051 29.0 149.0 0.99792 2.96 0.39 9.0 1
5.9 0.24 0.3 2.0 0.033 28.0 92.0 0.99225 3.39 0.69 10.9 1
6.4 0.25 0.33 1.4 0.04 42.0 115.0 0.9906 3.19 0.48 11.3 1
7.0 0.35 0.3 6.5 0.028 27.0 87.0 0.9936 3.4 0.42 11.4 1
7.3 0.145 0.33 1.1 0.042 14.0 64.0 0.99012 3.1 0.37 11.8 1
6.2 0.21 0.34 6.6 0.03 36.0 91.0 0.9914 3.32 0.45 12.5 1
7.8 0.28 0.34 1.6 0.028 32.0 118.0 0.9901 3.0 0.38 12.1 1
6.9 0.19 0.31 19.25 0.043 38.0 167.0 0.99954 2.93 0.52 9.1 1
6.7 0.21 0.37 2.5 0.034 35.0 89.0 0.9913 3.25 0.5 11.0 1
7.2 0.24 0.29 2.2 0.037 37.0 102.0 0.992 3.27 0.64 11.0 1
6.0 0.38 0.26 6.0 0.034 42.0 134.0 0.9912 3.38 0.38 12.3 1
6.9 0.21 0.33 1.8 0.034 48.0 136.0 0.9899 3.25 0.41 12.6 1
5.9 0.37 0.32 1.6 0.029 41.0 102.0 0.98916 3.41 0.55 12.7 1
6.1 0.35 0.24 2.3 0.034 25.0 133.0 0.9906 3.34 0.59 12.0 1
6.4 0.22 0.38 9.1 0.044 35.0 127.0 0.99326 2.97 0.3 11.0 1
7.3 0.13 0.31 2.3 0.054 22.0 104.0 0.9924 3.24 0.92 11.5 1
6.9 0.22 0.32 9.3 0.04 22.0 110.0 0.9958 3.34 0.54 10.7 1
6.5 0.29 0.31 1.7 0.035 24.0 79.0 0.99053 3.27 0.69 11.4 1
5.0 0.17 0.56 1.5 0.026 24.0 115.0 0.9906 3.48 0.39 10.8 1
6.5 0.36 0.38 10.2 0.028 20.0 82.0 0.99274 3.1 0.43 12.1 1
6.0 0.17 0.33 6.0 0.036 30.0 111.0 0.99362 3.32 0.58 10.1333333333333 1
5.8 0.3 0.27 1.7 0.014 45.0 104.0 0.98914 3.4 0.56 12.6 1
5.1 0.33 0.22 1.6 0.027 18.0 89.0 0.9893 3.51 0.38 12.5 1
6.8 0.23 0.3 1.7 0.043 19.0 95.0 0.99207 3.17 0.46 10.7 1
7.5 0.34 0.35 6.0 0.034 12.0 126.0 0.9924 3.16 0.39 12.0 1
6.2 0.39 0.24 4.8 0.037 45.0 138.0 0.99174 3.23 0.43 11.2 1
7.3 0.19 0.49 15.55 0.058 50.0 134.0 0.9998 3.42 0.36 9.1 1
5.6 0.19 0.26 1.4 0.03 12.0 76.0 0.9905 3.25 0.37 10.9 1
5.8 0.23 0.31 3.5 0.044 35.0 158.0 0.98998 3.19 0.37 12.1 1
7.1 0.33 0.3 3.3 0.034 30.0 102.0 0.9912 3.08 0.31 12.3 1
6.0 0.26 0.29 3.1 0.041 37.0 144.0 0.98944 3.22 0.39 12.8 1
5.9 0.34 0.22 2.4 0.03 19.0 135.0 0.9894 3.41 0.78 13.9 1
7.0 0.2 0.34 2.1 0.049 12.0 136.0 0.9922 3.25 0.46 11.6 1
