5.8 0.24 0.44 3.5 0.029 5.0 109.0 0.9913 3.53 0.43 11.7 0
7.1 0.32 0.32 11.0 0.038 16.0 66.0 0.9937 3.24 0.4 11.5 0
6.6 0.17 0.38 1.5 0.032 28.0 112.0 0.9914 3.25 0.55 11.4 1
8.6 0.265 0.36 1.2 0.034 15.0 80.0 0.9913 2.95 0.36 11.4 1
6.1 0.3 0.56 2.8 0.044 47.0 179.0 0.9924 3.3 0.57 10.9 1
6.8 0.19 0.36 1.9 0.035 30.0 96.0 0.9917 3.15 0.54 10.8 1
6.3 0.22 0.43 4.55 0.038 31.0 130.0 0.9918 3.35 0.33 11.5 1
6.0 0.1 0.24 1.1 0.041 15.0 65.0 0.9927 3.61 0.61 10.3 1
7.3 0.33 0.4 6.85 0.038 32.0 138.0 0.992 3.03 0.3 11.9 1
6.0 0.26 0.32 3.5 0.028 29.0 113.0 0.9912 3.4 0.71 12.3 1
5.0 0.17 0.56 1.5 0.026 24.0 115.0 0.9906 3.48 0.39 10.8 1
6.4 0.28 0.29 1.6 0.052 34.0 127.0 0.9929 3.48 0.56 10.5 1
6.0 0.24 0.27 1.9 0.048 40.0 170.0 0.9938 3.64 0.54 10.0 1
7.1 0.22 0.33 2.8 0.033 48.0 153.0 0.9899 3.15 0.38 12.7 1
6.8 0.25 0.34 14.0 0.032 47.0 133.0 0.9952 3.37 0.5 12.2 1
7.1 0.16 0.36 1.2 0.043 21.0 90.0 0.9925 3.16 0.42 11.0 1
7.3 0.25 0.42 14.2 0.041 57.0 182.0 0.9996 3.29 0.75 9.1 1
7.1 0.21 0.32 2.2 0.037 28.0 141.0 0.993 3.2 0.57 10.0 1
7.0 0.31 0.29 1.4 0.037 33.0 128.0 0.9896 3.12 0.36 12.2 1
8.0 0.42 0.36 5.0 0.037 34.0 101.0 0.992 3.13 0.57 12.3 1
7.2 0.21 0.37 1.6 0.049 23.0 94.0 0.9924 3.16 0.48 10.9 1
7.0 0.17 0.33 4.0 0.034 17.0 127.0 0.9934 3.19 0.39 10.6 1
7.2 0.37 0.15 2.0 0.029 27.0 87.0 0.9903 3.3 0.59 12.6 1
7.0 0.17 0.37 1.5 0.028 26.0 75.0 0.9922 3.3 0.46 10.8 1
7.1 0.44 0.37 2.7 0.041 35.0 128.0 0.9896 3.07 0.43 13.5 1
7.2 0.18 0.31 1.1 0.045 20.0 73.0 0.9925 3.32 0.4 10.8 1
7.7 0.32 0.48 2.3 0.04 28.0 114.0 0.9911 3.2 0.52 12.8 1
7.9 0.16 0.64 17.0 0.05 69.0 210.0 1.0004 3.15 0.51 9.3 1
6.5 0.37 0.33 3.9 0.027 40.0 130.0 0.9906 3.28 0.39 12.7 1
7.3 0.18 0.29 1.2 0.044 12.0 143.0 0.9918 3.2 0.48 11.3 1
7.6 0.14 0.74 1.6 0.04 27.0 103.0 0.9916 3.07 0.4 10.8 1
8.2 0.18 0.49 1.1 0.033 28.0 81.0 0.9923 3.0 0.68 10.4 1
8.1 0.3 0.49 8.1 0.037 26.0 174.0 0.9943 3.1 0.3 11.2 1
7.8 0.26 0.49 3.2 0.027 28.0 87.0 0.9919 3.03 0.32 11.3 1
7.3 0.26 0.33 17.85 0.049 41.5 195.0 1.0 3.06 0.44 9.1 1
7.7 0.44 0.24 11.2 0.031 41.0 167.0 0.9948 3.12 0.43 11.3 1
7.2 0.24 0.29 2.2 0.037 37.0 102.0 0.992 3.27 0.64 11.0 1
7.3 0.13 0.31 2.3 0.054 22.0 104.0 0.9924 3.24 0.92 11.5 1
7.2 0.36 0.36 5.7 0.038 26.0 98.0 0.9914 2.93 0.59 12.5 1
8.0 0.4 0.33 7.7 0.034 27.0 98.0 0.9935 3.18 0.41 12.2 1
6.6 0.23 0.24 3.9 0.045 36.0 138.0 0.9922 3.15 0.64 11.3 1
6.5 0.24 0.36 2.2 0.027 36.0 134.0 0.9898 3.28 0.36 12.5 1
7.4 0.2 0.31 1.6 0.038 34.0 116.0 0.9912 3.25 0.39 12.0 1
6.9 0.21 0.24 1.8 0.021 17.0 80.0 0.98992 3.15 0.46 12.3 1
6.8 0.18 0.3 12.8 0.062 19.0 171.0 0.99808 3.0 0.52 9.0 1
6.8 0.18 0.3 12.8 0.062 19.0 171.0 0.99808 3.0 0.52 9.0 1
6.7 0.3 0.29 2.8 0.025 37.0 107.0 0.99159 3.31 0.63 11.3 1
6.2 0.21 0.34 6.6 0.03 36.0 91.0 0.9914 3.32 0.45 12.5 1
6.5 0.46 0.31 5.0 0.027 15.0 72.0 0.99165 3.26 0.6 11.5 1
7.6 0.4 0.27 5.2 0.03 32.0 101.0 0.99172 3.22 0.62 12.3 1
7.4 0.2 0.28 9.1 0.047 29.0 95.0 0.99532 3.16 0.47 9.8 1
6.7 0.44 0.22 4.3 0.032 19.0 99.0 0.99015 3.26 0.53 12.8 1
7.6 0.39 0.32 3.6 0.035 22.0 93.0 0.99144 3.08 0.6 12.5 1
6.9 0.31 0.32 1.6 0.036 34.0 114.0 0.99068 3.19 0.45 11.4 1
5.6 0.18 0.58 1.25 0.034 29.0 129.0 0.98984 3.51 0.6 12.0 1
6.4 0.125 0.36 1.4 0.044 22.0 68.0 0.99014 3.15 0.5 11.7 1
7.1 0.36 0.4 1.95 0.033 26.0 118.0 0.98934 3.2 0.45 13.5 1
7.2 0.19 0.31 6.3 0.034 17.0 103.0 0.99305 3.15 0.52 11.4 1
5.4 0.22 0.29 1.2 0.045 69.0 152.0 0.99178 3.76 0.63 11.0 1
7.0 0.25 0.45 2.3 0.045 40.0 118.0 0.99064 3.16 0.48 11.9 1
6.8 0.13 0.39 1.4 0.034 19.0 102.0 0.99121 3.23 0.6 11.3 1
6.3 0.22 0.34 5.0 0.032 36.0 93.0 0.99012 3.27 0.36 13.5 1
6.1 0.3 0.3 2.1 0.031 50.0 163.0 0.9895 3.39 0.43 12.7 1
6.1 0.36 0.26 8.15 0.035 14.0 88.0 0.99031 3.06 0.27 13.0 1
6.5 0.16 0.34 1.4 0.029 29.0 133.0 0.99108 3.33 0.64 11.5 1
6.8 0.19 0.33 1.3 0.031 22.0 87.0 0.98987 3.08 0.62 12.3 1
6.6 0.295 0.24 1.6 0.039 29.0 140.0 0.99304 3.35 0.61 10.4 1
7.2 0.33 0.22 4.5 0.031 10.0 73.0 0.99076 2.97 0.52 12.2 1
4.8 0.17 0.28 2.9 0.03 22.0 111.0 0.9902 3.38 0.34 11.3 1
7.0 0.15 0.28 14.7 0.051 29.0 149.0 0.99792 2.96 0.39 9.0 1
7.0 0.15 0.28 14.7 0.051 29.0 149.0 0.99792 2.96 0.39 9.0 1
6.5 0.33 0.3 3.8 0.036 34.0 88.0 0.99028 3.25 0.63 12.5 1
6.2 0.39 0.24 4.8 0.037 45.0 138.0 0.99174 3.23 0.43 11.2 1
6.1 0.24 0.26 1.7 0.033 61.0 134.0 0.9903 3.19 0.81 11.9 1
7.4 0.16 0.27 15.5 0.05 25.0 135.0 0.9984 2.9 0.43 8.7 1
7.2 0.17 0.28 17.55 0.05 33.0 154.0 0.99971 2.94 0.43 9.0 1
7.4 0.16 0.3 13.7 0.056 33.0 168.0 0.99825 2.9 0.44 8.7 1
6.1 0.25 0.3 1.2 0.036 42.0 107.0 0.991 3.34 0.56 10.8 1
6.0 0.31 0.27 2.3 0.042 19.0 120.0 0.98952 3.32 0.41 12.7 1
6.7 0.34 0.26 1.9 0.038 58.0 138.0 0.9893 3.0 0.47 12.2 1
6.7 0.41 0.24 5.4 0.035 33.0 115.0 0.9901 3.12 0.44 12.8933333333333 1
5.8 0.61 0.01 8.4 0.041 31.0 104.0 0.9909 3.26 0.72 14.05 1
5.6 0.26 0.27 10.6 0.03 27.0 119.0 0.9947 3.4 0.34 10.7 1
5.7 0.22 0.28 1.3 0.027 26.0 101.0 0.98948 3.35 0.38 12.5 1
7.5 0.305 0.38 1.4 0.047 30.0 95.0 0.99158 3.22 0.52 11.5 1
6.0 0.29 0.41 10.8 0.048 55.0 149.0 0.9937 3.09 0.59 10.9666666666667 1
6.0 0.29 0.41 10.8 0.048 55.0 149.0 0.9937 3.09 0.59 11.0 1
6.0 0.17 0.33 6.0 0.036 30.0 111.0 0.99362 3.32 0.58 10.15 1
5.8 0.35 0.29 3.2 0.034 41.0 151.0 0.9912 3.35 0.58 11.6333333333333 1
6.0 0.2 0.33 1.1 0.039 45.0 126.0 0.99051 3.31 0.45 11.6 1
