8.3 0.33 0.42 1.15 0.033 18.0 96.0 0.9911 3.2 0.32 12.4 0
4.2 0.215 0.23 5.1 0.041 64.0 157.0 0.99688 3.42 0.44 8.0 0
7.5 0.17 0.32 1.7 0.04 51.0 148.0 0.9916 3.21 0.44 11.5 1
7.0 0.3 0.49 4.7 0.036 17.0 105.0 0.9916 3.26 0.68 12.4 1
7.2 0.23 0.39 14.2 0.058 49.0 192.0 0.9979 2.98 0.48 9.0 1
6.8 0.16 0.4 2.3 0.037 18.0 102.0 0.9923 3.49 0.42 11.4 1
6.3 0.23 0.31 1.5 0.022 11.0 82.0 0.9892 3.3 0.4 12.9 1
7.1 0.26 0.34 14.4 0.067 35.0 189.0 0.9986 3.07 0.53 9.1 1
6.2 0.21 0.27 1.7 0.038 41.0 150.0 0.9933 3.49 0.71 10.5 1
7.1 0.21 0.31 3.8 0.021 40.0 142.0 0.99215 3.17 0.39 10.8 1
7.5 0.34 0.35 6.0 0.034 12.0 126.0 0.9924 3.16 0.39 12.0 1
7.6 0.33 0.35 6.3 0.036 12.0 126.0 0.9924 3.16 0.39 12.0 1
8.7 0.23 0.32 13.4 0.044 35.0 169.0 0.99975 3.12 0.47 8.8 1
6.9 0.18 0.36 1.3 0.036 40.0 117.0 0.9934 3.27 0.95 9.5 1
7.4 0.13 0.39 4.7 0.042 36.0 137.0 0.995 3.36 0.56 10.3 1
7.7 0.24 0.29 15.3 0.044 39.0 194.0 0.9982 3.06 0.47 9.6 1
6.9 0.48 0.36 3.5 0.03 31.0 135.0 0.9904 3.14 0.38 12.2 1
6.5 0.08 0.33 1.9 0.028 23.0 93.0 0.991 3.34 0.7 12.0 1
7.6 0.21 0.6 2.1 0.046 47.0 165.0 0.9936 3.05 0.54 10.1 1
6.5 0.115 0.29 1.95 0.038 73.0 166.0 0.989 3.12 0.25 12.9 1
7.4 0.25 0.37 6.9 0.02 14.0 93.0 0.9939 3.0 0.48 10.7 1
5.9 0.4 0.32 6.0 0.034 50.0 127.0 0.992 3.51 0.58 12.5 1
7.2 0.23 0.39 2.3 0.033 29.0 102.0 0.9908 3.26 0.54 12.3 1
7.4 0.18 0.42 2.1 0.036 33.0 187.0 0.9938 3.4 0.41 10.6 1
8.0 0.2 0.4 5.2 0.055 41.0 167.0 0.9953 3.18 0.4 10.6 1
7.3 0.25 0.41 1.8 0.037 52.0 165.0 0.9911 3.29 0.39 12.2 1
6.9 0.28 0.3 1.6 0.047 46.0 132.0 0.9918 3.35 0.38 11.1 1
7.4 0.19 0.49 9.3 0.03 26.0 132.0 0.994 2.99 0.32 11.0 1
6.9 0.24 0.49 1.3 0.032 35.0 148.0 0.9932 3.45 0.57 10.7 1
7.1 0.34 0.49 1.5 0.027 26.0 126.0 0.99 3.3 0.33 12.2 1
7.3 0.19 0.49 15.55 0.058 50.0 134.0 0.9998 3.42 0.36 9.1 1
7.2 0.25 0.28 14.4 0.055 55.0 205.0 0.9986 3.12 0.38 9.0 1
7.4 0.23 0.25 1.4 0.049 43.0 141.0 0.9934 3.42 0.54 10.2 1
7.7 0.43 0.28 4.5 0.046 33.0 102.0 0.9918 3.16 0.56 12.2 1
7.4 0.33 0.26 2.6 0.04 29.0 115.0 0.9913 3.07 0.52 11.8 1
6.8 0.24 0.35 6.4 0.048 44.0 172.0 0.9944 3.29 0.55 10.5 1
7.4 0.21 0.27 7.3 0.031 41.0 144.0 0.9932 3.15 0.38 11.8 1
8.1 0.26 0.33 11.1 0.052 52.5 158.0 0.9976 3.03 0.49 10.2 1
6.3 0.41 0.33 4.7 0.023 28.0 110.0 0.991 3.3 0.38 12.5 1
6.8 0.37 0.28 4.0 0.03 29.0 79.0 0.99 3.23 0.46 12.4 1
7.4 0.19 0.3 12.8 0.053 48.5 229.0 0.9986 3.14 0.49 9.1 1
7.4 0.19 0.3 12.8 0.053 48.5 229.0 0.9986 3.14 0.49 9.1 1
7.3 0.4 0.28 6.5 0.037 26.0 97.0 0.99148 3.16 0.58 12.6 1
8.1 0.4 0.32 7.9 0.031 23.0 118.0 0.99176 3.05 0.46 13.3 1
6.9 0.34 0.3 4.7 0.029 34.0 148.0 0.99165 3.36 0.49 12.3 1
6.7 0.3 0.29 2.8 0.025 37.0 107.0 0.99159 3.31 0.63 11.3 1
6.7 0.28 0.28 2.4 0.012 36.0 100.0 0.99064 3.26 0.39 11.7 1
6.7 0.12 0.3 5.2 0.048 38.0 113.0 0.99352 3.33 0.44 10.1 1
6.45 0.14 0.42 1.2 0.05 51.0 129.0 0.99116 3.27 0.69 11.1 1
6.4 0.14 0.31 1.2 0.034 53.0 138.0 0.99084 3.38 0.35 11.5 1
6.9 0.33 0.26 5.0 0.027 46.0 143.0 0.9924 3.25 0.43 11.2 1
6.7 0.48 0.32 1.4 0.021 22.0 121.0 0.9889 3.15 0.53 12.7 1
6.4 0.29 0.3 2.9 0.036 25.0 79.0 0.99037 3.29 0.6 12.4 1
7.3 0.4 0.26 5.45 0.016 26.0 90.0 0.98951 2.84 0.54 13.2 1
6.7 0.36 0.26 7.9 0.034 39.0 123.0 0.99119 2.99 0.3 12.2 1
6.8 0.18 0.28 9.8 0.039 29.0 113.0 0.99406 3.11 0.45 10.9 1
6.7 0.18 0.28 10.2 0.039 29.0 115.0 0.99469 3.11 0.45 10.9 1
6.4 0.15 0.4 1.5 0.042 23.0 87.0 0.98972 3.11 0.46 12.2 1
6.8 0.39 0.34 7.4 0.02 38.0 133.0 0.99212 3.18 0.44 12.0 1
6.8 0.39 0.34 7.4 0.02 38.0 133.0 0.99212 3.18 0.44 12.0 1
7.1 0.36 0.37 4.8 0.019 39.0 114.0 0.99036 3.08 0.49 12.7 1
6.4 0.22 0.38 9.1 0.044 35.0 127.0 0.99326 2.97 0.3 11.0 1
6.4 0.22 0.38 9.1 0.044 35.0 127.0 0.99326 2.97 0.3 11.0 1
7.0 0.22 0.28 10.6 0.039 32.0 117.0 0.99355 3.05 0.55 11.5 1
6.6 0.24 0.3 11.3 0.026 11.0 77.0 0.99381 3.13 0.55 12.8 1
7.6 0.31 0.24 1.8 0.037 39.0 150.0 0.9913 3.05 0.44 11.8 1
6.6 0.29 0.29 1.8 0.036 38.0 102.0 0.98819 3.08 0.42 13.7 1
6.8 0.18 0.28 1.1 0.027 32.0 112.0 0.99089 3.15 0.45 11.0 1
7.2 0.26 0.24 7.0 0.023 19.0 130.0 0.99176 3.14 0.49 12.8 1
7.4 0.25 0.28 7.25 0.028 14.0 78.0 0.99238 2.94 0.37 11.5 1
7.0 0.32 0.27 7.1 0.027 37.0 122.0 0.99165 3.15 0.6 12.6 1
7.1 0.27 0.24 12.6 0.044 48.0 118.0 0.99726 3.04 0.56 10.0 1
7.6 0.31 0.27 8.8 0.021 57.0 156.0 0.99442 3.08 0.38 11.0 1
7.1 0.28 0.28 8.5 0.03 25.0 191.0 0.99338 3.16 0.46 12.2 1
7.0 0.15 0.28 14.7 0.051 29.0 149.0 0.99792 2.96 0.39 9.0 1
7.0 0.15 0.28 14.7 0.051 29.0 149.0 0.99792 2.96 0.39 9.0 1
6.5 0.32 0.45 7.7 0.022 31.0 97.0 0.99134 3.2 0.7 12.7 1
6.6 0.32 0.26 4.6 0.031 26.0 120.0 0.99198 3.4 0.73 12.5 1
7.4 0.22 0.27 1.6 0.057 45.0 98.0 0.99299 3.29 0.44 9.9 1
6.5 0.29 0.53 1.7 0.04 41.0 192.0 0.9922 3.26 0.59 10.4 1
6.3 0.34 0.31 6.0 0.02 18.0 68.0 0.98981 3.22 0.29 13.4 1
6.7 0.21 0.34 1.5 0.035 45.0 123.0 0.98949 3.24 0.36 12.6 1
6.4 0.33 0.28 4.0 0.04 24.0 81.0 0.9903 3.26 0.64 12.6 1
6.6 0.35 0.26 2.7 0.045 19.0 129.0 0.98952 3.24 0.48 13.0 1
6.2 0.2 0.26 9.7 0.03 39.0 102.0 0.9908 3.08 0.56 12.9 1
6.1 0.44 0.28 4.25 0.032 43.0 132.0 0.9916 3.26 0.47 11.2666666666667 1
5.6 0.24 0.34 2.0 0.041 14.0 73.0 0.98981 3.04 0.45 11.6 1
5.7 0.25 0.32 12.2 0.041 43.0 127.0 0.99524 3.23 0.53 10.4 1
6.7 0.35 0.32 9.0 0.032 29.0 113.0 0.99188 3.13 0.65 12.9 1
6.4 0.105 0.29 1.1 0.035 44.0 140.0 0.99142 3.17 0.55 10.7 1
