6.8 0.26 0.34 15.1 0.06 42.0 162.0 0.99705 3.24 0.52 10.5 0
4.2 0.215 0.23 5.1 0.041 64.0 157.0 0.99688 3.42 0.44 8.0 0
6.5 0.28 0.34 3.6 0.04 29.0 121.0 0.99111 3.28 0.48 12.1 1
7.6 0.31 0.27 8.8 0.021 57.0 156.0 0.99442 3.08 0.38 11.0 1
7.1 0.26 0.34 14.4 0.067 35.0 189.0 0.9986 3.07 0.53 9.1 1
7.1 0.14 0.4 1.2 0.051 55.0 136.0 0.9932 3.3 0.96 9.8 1
6.7 0.19 0.39 1.0 0.032 14.0 71.0 0.98912 3.31 0.38 13.0 1
5.7 0.28 0.36 1.8 0.041 38.0 90.0 0.99002 3.27 0.98 11.9 1
6.8 0.23 0.31 2.8 0.047 40.0 122.0 0.99126 3.06 0.64 10.9 1
6.3 0.37 0.28 6.3 0.034 45.0 152.0 0.9921 3.29 0.46 11.6 1
7.4 0.18 0.42 2.1 0.036 33.0 187.0 0.9938 3.4 0.41 10.6 1
6.8 0.18 0.28 9.8 0.039 29.0 113.0 0.99406 3.11 0.45 10.9 1
7.6 0.31 0.49 3.95 0.044 27.0 131.0 0.9912 3.08 0.67 12.8 1
7.0 0.32 0.31 6.4 0.031 38.0 115.0 0.99235 3.38 0.58 12.2 1
7.0 0.31 0.29 1.4 0.037 33.0 128.0 0.9896 3.12 0.36 12.2 1
7.3 0.24 0.3 2.5 0.042 31.0 104.0 0.9911 3.05 0.56 11.3 1
7.4 0.18 0.31 1.4 0.058 38.0 167.0 0.9931 3.16 0.53 10.0 1
6.4 0.35 0.28 1.6 0.037 31.0 113.0 0.98779 3.12 0.4 14.2 1
7.4 0.2 0.43 7.8 0.045 27.0 153.0 0.9964 3.19 0.55 9.0 1
7.9 0.16 0.64 17.0 0.05 69.0 210.0 1.0004 3.15 0.51 9.3 1
6.3 0.3 0.29 2.1 0.048 33.0 142.0 0.98956 3.22 0.46 12.9 1
7.4 0.33 0.26 2.6 0.04 29.0 115.0 0.9913 3.07 0.52 11.8 1
6.7 0.44 0.22 4.3 0.032 19.0 99.0 0.99015 3.26 0.53 12.8 1
6.5 0.24 0.36 2.2 0.027 36.0 134.0 0.9898 3.28 0.36 12.5 1
7.4 0.21 0.27 7.3 0.031 41.0 144.0 0.9932 3.15 0.38 11.8 1
6.9 0.19 0.35 6.9 0.045 51.0 125.0 0.9933 3.1 0.44 10.7 1
6.7 0.44 0.31 1.9 0.03 41.0 104.0 0.99 3.29 0.62 12.6 1
7.5 0.22 0.32 2.4 0.045 29.0 100.0 0.99135 3.08 0.6 11.3 1
7.5 0.16 0.38 12.7 0.043 70.5 163.0 0.99706 3.15 0.82 10.4 1
6.0 0.27 0.19 1.7 0.02 24.0 110.0 0.9898 3.32 0.47 12.6 1
6.3 0.41 0.22 7.3 0.035 23.0 117.0 0.99172 3.2 0.39 11.94 1
5.8 0.32 0.31 2.7 0.049 25.0 153.0 0.99067 3.44 0.73 12.2 1
7.9 0.44 0.37 5.85 0.033 27.0 93.0 0.992 3.16 0.54 12.6 1
6.5 0.29 0.31 1.7 0.035 24.0 79.0 0.99053 3.27 0.69 11.4 1
7.1 0.34 0.49 1.5 0.027 26.0 126.0 0.99 3.3 0.33 12.2 1
6.3 0.32 0.35 11.1 0.039 29.0 198.0 0.9984 3.36 0.5 9.4 1
8.7 0.23 0.32 13.4 0.044 35.0 169.0 0.99975 3.12 0.47 8.8 1
7.6 0.21 0.6 2.1 0.046 47.0 165.0 0.9936 3.05 0.54 10.1 1
7.5 0.19 0.34 2.6 0.037 33.0 125.0 0.9923 3.1 0.49 11.1 1
6.8 0.12 0.31 5.2 0.045 29.0 120.0 0.9942 3.41 0.46 9.8 1
6.9 0.18 0.36 1.3 0.036 40.0 117.0 0.9934 3.27 0.95 9.5 1
6.9 0.2 0.37 6.2 0.027 24.0 97.0 0.992 3.38 0.49 12.2 1
6.6 0.19 0.25 1.2 0.052 34.0 181.0 0.99352 3.3 0.42 9.4 1
6.8 0.18 0.3 12.8 0.062 19.0 171.0 0.99808 3.0 0.52 9.0 1
6.2 0.1 0.41 1.0 0.04 17.0 76.0 0.98988 3.14 0.56 11.4 1
6.8 0.11 0.42 1.1 0.042 51.0 132.0 0.99059 3.18 0.74 11.3 1
7.3 0.25 0.41 1.8 0.037 52.0 165.0 0.9911 3.29 0.39 12.2 1
8.2 0.18 0.28 8.5 0.035 41.0 140.0 0.9952 3.04 0.37 10.1 1
6.4 0.25 0.37 4.5 0.039 41.0 147.0 0.9921 3.18 0.4 11.1 1
6.8 0.39 0.34 7.4 0.02 38.0 133.0 0.99212 3.18 0.44 12.0 1
6.3 0.19 0.29 2.0 0.022 33.0 96.0 0.98902 3.04 0.54 12.8 1
6.8 0.52 0.26 5.7 0.038 27.0 130.0 0.99 3.11 0.27 13.0 1
6.0 0.29 0.41 10.8 0.048 55.0 149.0 0.9937 3.09 0.59 10.9666666666667 1
6.7 0.31 0.31 4.9 0.031 20.0 151.0 0.9926 3.36 0.82 12.0 1
5.7 0.32 0.38 4.75 0.033 23.0 94.0 0.991 3.42 0.42 11.8 1
6.6 0.26 0.21 2.9 0.026 48.0 126.0 0.99089 3.22 0.38 11.3 1
5.0 0.3 0.33 3.7 0.03 54.0 173.0 0.9887 3.36 0.3 13.0 1
7.0 0.15 0.28 14.7 0.051 29.0 149.0 0.99792 2.96 0.39 9.0 1
7.1 0.16 0.36 10.7 0.044 20.0 90.0 0.9959 3.16 0.44 10.9 1
7.7 0.11 0.34 14.05 0.04 41.0 114.0 0.99634 3.07 0.59 11.0 1
6.5 0.33 0.3 3.8 0.036 34.0 88.0 0.99028 3.25 0.63 12.5 1
5.8 0.17 0.36 1.3 0.036 11.0 70.0 0.99202 3.43 0.68 10.4 1
7.5 0.18 0.31 11.7 0.051 24.0 94.0 0.997 3.19 0.44 9.5 1
7.0 0.22 0.28 10.6 0.039 32.0 117.0 0.99355 3.05 0.55 11.5 1
8.2 0.35 0.4 6.3 0.039 35.0 162.0 0.9936 3.15 0.34 11.9 1
6.4 0.29 0.32 2.4 0.014 34.0 89.0 0.99008 3.24 0.66 12.5 1
7.0 0.24 0.35 1.0 0.032 42.0 104.0 0.98988 3.16 0.37 11.7 1
7.4 0.2 0.33 1.9 0.035 39.0 138.0 0.991 3.17 0.44 11.7 1
6.6 0.18 0.35 1.5 0.049 49.0 141.0 0.9934 3.43 0.85 10.2 1
6.3 0.22 0.28 2.4 0.042 38.0 102.0 0.98998 3.14 0.37 11.6 1
6.5 0.18 0.33 8.0 0.051 16.0 131.0 0.9965 3.28 0.44 8.7 1
7.3 0.22 0.4 14.75 0.042 44.5 129.5 0.9998 3.36 0.41 9.1 1
7.1 0.2 0.27 9.6 0.037 19.0 105.0 0.99444 3.04 0.37 10.5 1
6.0 0.32 0.3 1.3 0.025 18.0 112.0 0.98802 3.07 0.64 13.3 1
6.8 0.32 0.3 3.3 0.029 15.0 80.0 0.99061 3.33 0.63 12.6 1
4.8 0.26 0.23 10.6 0.034 23.0 111.0 0.99274 3.46 0.28 11.5 1
6.5 0.22 0.29 7.4 0.028 16.0 87.0 0.99311 3.15 0.56 10.9 1
6.0 0.38 0.26 3.5 0.035 38.0 111.0 0.98872 3.18 0.47 13.6 1
6.9 0.19 0.35 1.7 0.036 33.0 101.0 0.99315 3.21 0.54 10.8 1
6.5 0.14 0.32 2.7 0.037 18.0 89.0 0.9924 3.4 0.74 11.5 1
7.3 0.2 0.44 1.4 0.045 21.0 98.0 0.9924 3.15 0.46 10.0 1
7.7 0.39 0.28 4.9 0.035 36.0 109.0 0.9918 3.19 0.58 12.2 1
7.4 0.16 0.27 15.5 0.05 25.0 135.0 0.9984 2.9 0.43 8.7 1
6.6 0.17 0.28 1.1 0.034 55.0 108.0 0.98939 3.0 0.52 11.9 1
6.6 0.24 0.3 11.3 0.026 11.0 77.0 0.99381 3.13 0.55 12.8 1
7.6 0.52 0.49 14.0 0.034 37.0 156.0 0.9958 3.14 0.38 11.8 1
7.2 0.23 0.39 2.3 0.033 29.0 102.0 0.9908 3.26 0.54 12.3 1
7.3 0.18 0.29 1.2 0.044 12.0 143.0 0.9918 3.2 0.48 11.3 1
5.9 0.3 0.47 7.85 0.03 19.0 133.0 0.9933 3.52 0.43 11.5 1
7.4 0.19 0.3 12.8 0.053 48.5 229.0 0.9986 3.14 0.49 9.1 1
