8.3 0.33 0.42 1.15 0.033 18.0 96.0 0.9911 3.2 0.32 12.4 0
6.8 0.26 0.34 15.1 0.06 42.0 162.0 0.99705 3.24 0.52 10.5 0
8.5 0.26 0.21 16.2 0.074 41.0 197.0 0.998 3.02 0.5 9.8 0
6.1 0.26 0.25 2.9 0.047 289.0 440.0 0.99314 3.44 0.64 10.5 0
6.9 0.3 0.45 1.4 0.039 36.0 122.0 0.99059 3.07 0.47 11.1 1
6.7 0.22 0.39 10.2 0.038 60.0 149.0 0.99725 3.17 0.54 10.0 1
7.2 0.23 0.39 14.2 0.058 49.0 192.0 0.9979 2.98 0.48 9.0 1
6.4 0.14 0.31 1.2 0.034 53.0 138.0 0.99084 3.38 0.35 11.5 1
7.0 0.32 0.34 1.3 0.042 20.0 69.0 0.9912 3.31 0.65 12.0 1
6.2 0.35 0.31 2.6 0.036 37.0 92.0 0.98938 3.27 0.53 12.8 1
6.1 0.32 0.24 1.5 0.036 38.0 124.0 0.9898 3.29 0.42 12.4 1
8.0 0.14 0.49 1.5 0.035 42.0 120.0 0.9928 3.26 0.4 10.6 1
6.9 0.38 0.32 8.5 0.044 36.0 152.0 0.9932 3.38 0.35 12.0 1
7.2 0.23 0.39 14.2 0.058 49.0 192.0 0.9979 2.98 0.48 9.0 1
6.7 0.18 0.28 10.2 0.039 29.0 115.0 0.99469 3.11 0.45 10.9 1
6.5 0.16 0.34 1.4 0.029 29.0 133.0 0.99108 3.33 0.64 11.5 1
7.1 0.36 0.37 4.8 0.019 39.0 114.0 0.99036 3.08 0.49 12.7 1
6.4 0.18 0.31 1.6 0.049 36.0 127.0 0.9934 3.6 0.67 10.4 1
7.1 0.15 0.34 5.3 0.034 33.0 104.0 0.9953 3.37 0.52 9.3 1
7.4 0.16 0.3 13.7 0.056 33.0 168.0 0.99825 2.9 0.44 8.7 1
6.7 0.35 0.32 9.0 0.032 29.0 113.0 0.99188 3.13 0.65 12.9 1
8.9 0.3 0.35 4.6 0.032 32.0 148.0 0.99458 3.15 0.45 11.5 1
6.5 0.24 0.32 7.6 0.038 48.0 203.0 0.9958 3.45 0.54 9.7 1
6.5 0.18 0.33 1.4 0.029 35.0 138.0 0.99114 3.36 0.6 11.5 1
6.9 0.24 0.33 1.7 0.035 47.0 136.0 0.99 3.26 0.4 12.6 1
6.1 0.38 0.42 5.0 0.016 31.0 113.0 0.99007 3.15 0.31 12.4 1
6.4 0.24 0.31 2.8 0.038 41.0 114.0 0.99155 3.37 0.66 11.7 1
6.6 0.36 0.28 6.1 0.029 12.0 93.0 0.99054 3.19 0.27 12.8 1
6.6 0.25 0.3 1.6 0.046 32.0 134.0 0.993 3.42 0.51 10.1 1
5.9 0.34 0.31 2.0 0.03 38.0 142.0 0.98892 3.4 0.41 12.9 1
6.9 0.28 0.27 2.1 0.036 42.0 121.0 0.9926 3.42 0.49 10.8 1
7.3 0.19 0.25 1.4 0.051 41.0 107.0 0.99382 3.53 0.66 10.5 1
6.4 0.125 0.29 5.85 0.042 24.0 99.0 0.992 3.23 0.32 12.0 1
5.8 0.19 0.49 4.9 0.04 44.0 118.0 0.9935 3.34 0.38 9.5 1
5.6 0.28 0.27 3.9 0.043 52.0 158.0 0.99202 3.35 0.44 10.7 1
4.2 0.17 0.36 1.8 0.029 93.0 161.0 0.98999 3.65 0.89 12.0 1
7.1 0.28 0.44 1.8 0.032 32.0 107.0 0.9907 3.25 0.48 12.2 1
8.1 0.4 0.32 7.9 0.031 23.0 118.0 0.99176 3.05 0.46 13.3 1
7.7 0.28 0.33 6.7 0.037 32.0 155.0 0.9951 3.39 0.62 10.7 1
5.8 0.31 0.32 4.5 0.024 28.0 94.0 0.98906 3.25 0.52 13.7 1
6.7 0.44 0.31 1.9 0.03 41.0 104.0 0.99 3.29 0.62 12.6 1
6.1 0.105 0.31 1.3 0.037 55.0 145.0 0.9912 3.41 0.41 11.1 1
7.4 0.16 0.27 15.5 0.05 25.0 135.0 0.9984 2.9 0.43 8.7 1
6.7 0.31 0.3 2.4 0.038 30.0 83.0 0.98867 3.09 0.36 12.8 1
7.2 0.23 0.39 2.3 0.033 29.0 102.0 0.9908 3.26 0.54 12.3 1
7.0 0.17 0.33 4.0 0.034 17.0 127.0 0.9934 3.19 0.39 10.6 1
7.2 0.25 0.28 14.4 0.055 55.0 205.0 0.9986 3.12 0.38 9.0 1
7.7 0.44 0.24 11.2 0.031 41.0 167.0 0.9948 3.12 0.43 11.3 1
8.3 0.26 0.41 9.2 0.042 41.0 162.0 0.9944 3.1 0.38 12.0 1
6.5 0.32 0.45 7.7 0.022 31.0 97.0 0.99134 3.2 0.7 12.7 1
7.2 0.35 0.25 5.6 0.032 23.0 120.0 0.99334 2.93 0.66 10.3 1
7.0 0.32 0.31 6.4 0.031 38.0 115.0 0.99235 3.38 0.58 12.2 1
5.6 0.21 0.24 4.4 0.027 37.0 150.0 0.991 3.3 0.31 11.5 1
5.7 0.43 0.3 5.7 0.039 24.0 98.0 0.992 3.54 0.61 12.3 1
7.9 0.16 0.64 17.0 0.05 69.0 210.0 1.0004 3.15 0.51 9.3 1
8.0 0.37 0.32 1.6 0.04 32.0 166.0 0.992 3.0 0.55 11.3 1
6.8 0.31 0.3 8.0 0.028 33.0 122.0 0.99164 3.13 0.63 12.6 1
6.0 0.13 0.36 1.6 0.052 23.0 72.0 0.98974 3.1 0.5 11.5 1
6.1 0.44 0.28 4.25 0.032 43.0 132.0 0.9916 3.26 0.47 11.2666666666667 1
6.1 0.3 0.3 2.1 0.031 50.0 163.0 0.9895 3.39 0.43 12.7 1
6.3 0.23 0.21 5.1 0.035 29.0 142.0 0.9942 3.36 0.33 10.1 1
5.9 0.28 0.39 1.4 0.031 47.0 147.0 0.98836 3.08 0.64 12.9 1
8.7 0.23 0.32 13.4 0.044 35.0 169.0 0.99975 3.12 0.47 8.8 1
6.5 0.5 0.22 4.1 0.036 35.0 131.0 0.9902 3.26 0.55 13.0 1
6.0 0.27 0.19 1.7 0.02 24.0 110.0 0.9898 3.32 0.47 12.6 1
6.0 0.22 0.33 12.2 0.033 25.0 97.0 0.99356 3.17 0.42 11.3 1
7.1 0.34 0.49 1.5 0.027 26.0 126.0 0.99 3.3 0.33 12.2 1
6.0 0.2 0.33 1.1 0.039 45.0 126.0 0.99051 3.31 0.45 11.6 1
6.9 0.24 0.49 1.3 0.032 35.0 148.0 0.9932 3.45 0.57 10.7 1
5.3 0.3 0.3 1.2 0.029 25.0 93.0 0.98742 3.31 0.4 13.6 1
6.5 0.18 0.41 14.2 0.039 47.0 129.0 0.99678 3.28 0.72 10.3 1
6.7 0.3 0.29 2.8 0.025 37.0 107.0 0.99159 3.31 0.63 11.3 1
6.7 0.48 0.32 1.4 0.021 22.0 121.0 0.9889 3.15 0.53 12.7 1
7.3 0.25 0.36 13.1 0.05 35.0 200.0 0.9986 3.04 0.46 8.9 1
7.0 0.26 0.26 10.8 0.039 37.0 184.0 0.99787 3.47 0.58 10.3 1
7.4 0.33 0.26 2.6 0.04 29.0 115.0 0.9913 3.07 0.52 11.8 1
6.2 0.21 0.27 1.7 0.038 41.0 150.0 0.9933 3.49 0.71 10.5 1
7.1 0.16 0.36 1.2 0.043 21.0 90.0 0.9925 3.16 0.42 11.0 1
6.4 0.31 0.5 5.8 0.038 42.0 111.0 0.99189 3.18 0.53 11.9 1
7.2 0.37 0.15 2.0 0.029 27.0 87.0 0.9903 3.3 0.59 12.6 1
6.9 0.19 0.4 1.4 0.036 14.0 55.0 0.9909 3.08 0.68 11.5 1
7.9 0.44 0.37 5.85 0.033 27.0 93.0 0.992 3.16 0.54 12.6 1
5.9 0.48 0.3 1.5 0.037 19.0 78.0 0.99057 3.47 0.42 11.9 1
7.3 0.19 0.49 15.55 0.058 50.0 134.0 0.9998 3.42 0.36 9.1 1
6.5 0.22 0.32 2.2 0.028 36.0 92.0 0.99076 3.27 0.59 11.9 1
7.3 0.33 0.4 6.85 0.038 32.0 138.0 0.992 3.03 0.3 11.9 1
8.7 0.23 0.32 13.4 0.044 35.0 169.0 0.99975 3.12 0.47 8.8 1
6.8 0.17 0.35 1.8 0.04 29.0 84.0 0.98961 2.91 0.57 12.0 1
6.6 0.19 0.35 1.5 0.037 37.0 107.0 0.99006 3.18 0.68 12.0 1
7.9 0.46 0.32 4.1 0.033 40.0 138.0 0.9912 3.18 0.44 12.8 1
5.6 0.235 0.29 1.2 0.047 33.0 127.0 0.991 3.34 0.5 11.0 1
6.9 0.28 0.31 7.2 0.04 47.0 168.0 0.9946 3.29 0.57 10.6 1
6.0 0.27 0.27 1.6 0.046 32.0 113.0 0.9924 3.41 0.51 10.5 1
6.9 0.18 0.36 1.3 0.036 40.0 117.0 0.9934 3.27 0.95 9.5 1
6.7 0.24 0.29 6.8 0.038 54.0 127.0 0.9932 3.33 0.46 11.6 1
6.4 0.105 0.29 1.1 0.035 44.0 140.0 0.99142 3.17 0.55 10.7 1
7.5 0.17 0.32 1.7 0.04 51.0 148.0 0.9916 3.21 0.44 11.5 1
5.8 0.32 0.38 4.75 0.033 23.0 94.0 0.991 3.42 0.42 11.8 1
6.8 0.18 0.3 12.8 0.062 19.0 171.0 0.99808 3.0 0.52 9.0 1
7.0 0.3 0.51 13.6 0.05 40.0 168.0 0.9976 3.07 0.52 9.6 1
8.1 0.43 0.42 6.6 0.033 36.0 141.0 0.9918 2.98 0.39 13.3 1
7.4 0.22 0.27 1.6 0.057 45.0 98.0 0.99299 3.29 0.44 9.9 1
5.6 0.18 0.58 1.25 0.034 29.0 129.0 0.98984 3.51 0.6 12.0 1
6.5 0.28 0.29 2.7 0.038 26.0 107.0 0.9912 3.32 0.41 11.6 1
7.4 0.16 0.27 15.5 0.05 25.0 135.0 0.9984 2.9 0.43 8.7 1
6.7 0.36 0.26 7.9 0.034 39.0 123.0 0.99119 2.99 0.3 12.2 1
8.0 0.22 0.42 14.6 0.044 45.0 163.0 1.0003 3.21 0.69 8.6 1
6.7 0.21 0.37 2.5 0.034 35.0 89.0 0.9913 3.25 0.5 11.0 1
7.8 0.21 0.49 1.2 0.036 20.0 99.0 0.99 3.05 0.28 12.1 1
7.2 0.44 0.28 3.4 0.048 22.0 112.0 0.99188 3.21 0.37 11.3 1
7.4 0.49 0.24 15.1 0.03 34.0 153.0 0.9953 3.13 0.51 12.0 1
6.6 0.22 0.35 1.4 0.05 23.0 83.0 0.99019 3.17 0.48 12.0 1
5.5 0.32 0.45 4.9 0.028 25.0 191.0 0.9922 3.51 0.49 11.5 1
5.6 0.18 0.58 1.25 0.034 29.0 129.0 0.98984 3.51 0.6 12.0 1
5.6 0.49 0.13 4.5 0.039 17.0 116.0 0.9907 3.42 0.9 13.7 1
6.7 0.28 0.34 8.9 0.048 32.0 111.0 0.99455 3.25 0.54 11.0 1
6.8 0.18 0.38 1.4 0.038 35.0 111.0 0.9918 3.32 0.59 11.2 1
7.7 0.17 0.52 5.9 0.017 21.0 84.0 0.9929 3.14 0.4 11.9 1
7.2 0.37 0.15 2.0 0.029 27.0 87.0 0.9903 3.3 0.59 12.6 1
5.8 0.29 0.21 2.6 0.025 12.0 120.0 0.9894 3.39 0.79 14.0 1
8.0 0.45 0.28 10.8 0.051 25.0 157.0 0.9957 3.06 0.47 11.4 1
6.8 0.21 0.4 6.3 0.032 40.0 121.0 0.99214 3.18 0.53 12.0 1
7.4 0.2 0.35 2.1 0.038 30.0 116.0 0.9949 3.49 0.77 10.3 1
6.8 0.23 0.3 1.7 0.043 19.0 95.0 0.99207 3.17 0.46 10.7 1
7.1 0.2 0.27 9.6 0.037 19.0 105.0 0.99444 3.04 0.37 10.5 1
5.7 0.31 0.28 4.1 0.03 22.0 86.0 0.99062 3.31 0.38 11.7 1
6.5 0.33 0.3 3.8 0.036 34.0 88.0 0.99028 3.25 0.63 12.5 1
5.1 0.33 0.22 1.6 0.027 18.0 89.0 0.9893 3.51 0.38 12.5 1
6.7 0.19 0.39 1.0 0.032 14.0 71.0 0.98912 3.31 0.38 13.0 1
7.0 0.3 0.38 14.9 0.032 60.0 181.0 0.9983 3.18 0.61 9.3 1
6.1 0.22 0.4 1.85 0.031 25.0 111.0 0.98966 3.03 0.3 11.8 1
6.5 0.36 0.38 10.2 0.028 20.0 82.0 0.99274 3.1 0.43 12.1 1
6.8 0.39 0.34 7.4 0.02 38.0 133.0 0.99212 3.18 0.44 12.0 1
7.4 0.23 0.25 1.4 0.049 43.0 141.0 0.9934 3.42 0.54 10.2 1
6.45 0.14 0.42 1.2 0.05 51.0 129.0 0.99116 3.27 0.69 11.1 1
6.2 0.2 0.33 5.4 0.028 21.0 75.0 0.99012 3.36 0.41 13.5 1
6.7 0.19 0.32 3.7 0.041 26.0 76.0 0.99173 2.9 0.57 10.5 1
7.0 0.17 0.31 4.8 0.034 34.0 132.0 0.9944 3.36 0.48 9.6 1
7.0 0.18 0.26 1.4 0.044 46.0 89.0 0.99256 3.39 0.48 10.7 1
7.4 0.16 0.27 15.5 0.05 25.0 135.0 0.9984 2.9 0.43 8.7 1
6.6 0.18 0.35 1.5 0.049 49.0 141.0 0.9934 3.43 0.85 10.2 1
6.1 0.22 0.4 1.85 0.031 25.0 111.0 0.98966 3.03 0.3 11.8 1
6.5 0.18 0.33 8.0 0.051 16.0 131.0 0.9965 3.28 0.44 8.7 1
5.8 0.23 0.31 3.5 0.044 35.0 158.0 0.98998 3.19 0.37 12.1 1
7.1 0.26 0.34 14.4 0.067 35.0 189.0 0.9986 3.07 0.53 9.1 1
5.9 0.37 0.32 1.6 0.029 41.0 102.0 0.98916 3.41 0.55 12.7 1
5.8 0.26 0.29 1.0 0.042 35.0 101.0 0.99044 3.36 0.48 11.4 1
6.5 0.115 0.29 1.95 0.038 73.0 166.0 0.989 3.12 0.25 12.9 1
5.2 0.2 0.27 3.2 0.047 16.0 93.0 0.99235 3.44 0.53 10.1 1
6.7 0.15 0.29 5.0 0.058 28.0 105.0 0.9946 3.52 0.44 10.2 1
6.6 0.34 0.24 3.3 0.034 29.0 99.0 0.99031 3.1 0.4 12.3 1
5.0 0.17 0.56 1.5 0.026 24.0 115.0 0.9906 3.48 0.39 10.8 1
8.2 0.18 0.49 1.1 0.033 28.0 81.0 0.9923 3.0 0.68 10.4 1
6.3 0.22 0.43 4.55 0.038 31.0 130.0 0.9918 3.35 0.33 11.5 1
6.6 0.29 0.39 6.75 0.031 22.0 98.0 0.9913 3.15 0.8 12.9 1
7.7 0.43 0.28 4.5 0.046 33.0 102.0 0.9918 3.16 0.56 12.2 1
7.4 0.21 0.27 7.3 0.031 41.0 144.0 0.9932 3.15 0.38 11.8 1
6.3 0.23 0.31 1.5 0.022 11.0 82.0 0.9892 3.3 0.4 12.9 1
7.0 0.32 0.31 6.4 0.031 38.0 115.0 0.99235 3.38 0.58 12.2 1
7.4 0.19 0.49 9.3 0.03 26.0 132.0 0.994 2.99 0.32 11.0 1
7.7 0.16 0.41 1.7 0.048 60.0 173.0 0.9932 3.24 0.66 11.2 1
6.0 0.29 0.41 10.8 0.048 55.0 149.0 0.9937 3.09 0.59 10.9666666666667 1
6.1 0.3 0.56 2.8 0.044 47.0 179.0 0.9924 3.3 0.57 10.9 1
6.5 0.26 0.39 1.4 0.02 12.0 66.0 0.99089 3.25 0.75 11.3 1
5.9 0.24 0.3 2.0 0.033 28.0 92.0 0.99225 3.39 0.69 10.9 1
7.0 0.2 0.34 2.1 0.049 12.0 136.0 0.9922 3.25 0.46 11.6 1
7.0 0.15 0.28 14.7 0.051 29.0 149.0 0.99792 2.96 0.39 9.0 1
6.8 0.39 0.34 7.4 0.02 38.0 133.0 0.99212 3.18 0.44 12.0 1
6.7 0.28 0.28 2.4 0.012 36.0 100.0 0.99064 3.26 0.39 11.7 1
6.0 0.26 0.29 3.1 0.041 37.0 144.0 0.98944 3.22 0.39 12.8 1
7.1 0.12 0.3 3.1 0.018 15.0 37.0 0.99004 3.02 0.52 11.9 1
7.0 0.15 0.28 14.7 0.051 29.0 149.0 0.99792 2.96 0.39 9.0 1
6.8 0.18 0.3 12.8 0.062 19.0 171.0 0.99808 3.0 0.52 9.0 1
7.2 0.24 0.29 2.2 0.037 37.0 102.0 0.992 3.27 0.64 11.0 1
6.1 0.24 0.26 1.7 0.033 61.0 134.0 0.9903 3.19 0.81 11.9 1
7.2 0.32 0.36 2.0 0.033 37.0 114.0 0.9906 3.1 0.71 12.3 1
6.6 0.12 0.25 1.4 0.039 21.0 131.0 0.99114 3.2 0.45 11.2 1
7.7 0.11 0.34 14.05 0.04 41.0 114.0 0.99634 3.07 0.59 11.0 1
7.1 0.13 0.29 15.5 0.064 56.0 115.5 0.99737 3.16 0.41 9.7 1
7.4 0.19 0.3 12.8 0.053 48.5 229.0 0.9986 3.14 0.49 9.1 1
