0 0 0 2 2 0.0 0.0 0.0 1.0 88 0 0 0 88 1.0 0.0 0.0 0.0 
0 0 1 1 2 0.0 0.0 0.5 0.5 88 0 0 0 88 1.0 0.0 0.0 0.0 
0 0 0 2 2 0.0 0.0 0.0 1.0 88 0 0 0 88 1.0 0.0 0.0 0.0 
0 0 1 1 2 0.0 0.0 0.5 0.5 88 0 0 0 88 1.0 0.0 0.0 0.0 
0 0 2 0 2 0.0 0.0 1.0 0.0 84 4 0 0 88 0.9545454545454546 0.045454545454545456 0.0 0.0 
0 0 0 2 2 0.0 0.0 0.0 1.0 88 0 0 0 88 1.0 0.0 0.0 0.0 
0 0 0 2 2 0.0 0.0 0.0 1.0 88 0 0 0 88 1.0 0.0 0.0 0.0 
0 0 0 2 2 0.0 0.0 0.0 1.0 88 0 0 0 88 1.0 0.0 0.0 0.0 
0 0 0 2 2 0.0 0.0 0.0 1.0 88 0 0 0 88 1.0 0.0 0.0 0.0 
0 0 1 1 2 0.0 0.0 0.5 0.5 88 0 0 0 88 1.0 0.0 0.0 0.0 
