@relation  winequality-white-3_vs_7
@attribute FixedAcidity real[3.8,14.2]
@attribute VolatileAcidity real[0.08,1.1]
@attribute CitricAcid real[0.0,1.66]
@attribute ResidualSugar real[0.6,65.8]
@attribute Chlorides real[0.009,0.346]
@attribute FreeSulfurDioxide real[2.0,289.0]
@attribute TotalSulfurDioxide real[9.0,440.0]
@attribute Density real[0.98711,1.03898]
@attribute PH real[2.72,3.82]
@attribute Sulphates real[0.22,1.08]
@attribute Alcohol real[8.0,14.2]
@attribute Class{positive,negative}
@inputs FixedAcidity,VolatileAcidity,CitricAcid,ResidualSugar,Chlorides,FreeSulfurDioxide,TotalSulfurDioxide,Density,PH,Sulphates,Alcohol
@outputs Class
@data
10.3, 0.17, 0.47, 1.4, 0.037, 5.0, 33.0, 0.9939, 2.89, 0.28, 9.6, positive
7.1, 0.49, 0.22, 2.0, 0.047, 146.5, 307.5, 0.9924, 3.24, 0.37, 11.0, positive
7.0, 0.32, 0.27, 7.1, 0.027, 37.0, 122.0, 0.99165, 3.15, 0.6, 12.6, negative
6.8, 0.21, 0.26, 11.7, 0.038, 61.0, 152.0, 0.99523, 3.02, 0.56, 10.5, negative
7.7, 0.24, 0.29, 15.3, 0.044, 39.0, 194.0, 0.9982, 3.06, 0.47, 9.6, negative
6.7, 0.34, 0.26, 1.9, 0.038, 58.0, 138.0, 0.9893, 3.0, 0.47, 12.2, negative
5.5, 0.42, 0.09, 1.6, 0.019, 18.0, 68.0, 0.9906, 3.33, 0.51, 11.4, negative
5.9, 0.32, 0.28, 4.7, 0.039, 34.0, 94.0, 0.98964, 3.22, 0.57, 13.1, negative
7.0, 0.26, 0.59, 1.4, 0.037, 40.0, 120.0, 0.9918, 3.34, 0.41, 11.1, negative
6.7, 0.16, 0.28, 2.5, 0.046, 40.0, 153.0, 0.9921, 3.38, 0.51, 11.4, negative
6.0, 0.13, 0.28, 5.7, 0.038, 56.0, 189.5, 0.9948, 3.59, 0.43, 10.6, negative
7.7, 0.32, 0.48, 2.3, 0.04, 28.0, 114.0, 0.9911, 3.2, 0.52, 12.8, negative
6.1, 0.32, 0.28, 6.6, 0.021, 29.0, 132.0, 0.99188, 3.15, 0.36, 11.45, negative
6.7, 0.12, 0.3, 5.2, 0.048, 38.0, 113.0, 0.99352, 3.33, 0.44, 10.1, negative
7.4, 0.29, 0.5, 1.8, 0.042, 35.0, 127.0, 0.9937, 3.45, 0.5, 10.2, negative
5.0, 0.455, 0.18, 1.9, 0.036, 33.0, 106.0, 0.98746, 3.21, 0.83, 14.0, negative
7.4, 0.16, 0.3, 13.7, 0.056, 33.0, 168.0, 0.99825, 2.9, 0.44, 8.7, negative
6.0, 0.26, 0.32, 3.5, 0.028, 29.0, 113.0, 0.9912, 3.4, 0.71, 12.3, negative
6.7, 0.21, 0.42, 9.1, 0.049, 31.0, 150.0, 0.9953, 3.12, 0.74, 9.9, negative
7.4, 0.19, 0.3, 12.8, 0.053, 48.5, 212.0, 0.9986, 3.14, 0.49, 9.1, negative
7.1, 0.34, 0.31, 5.2, 0.032, 36.0, 140.0, 0.99166, 3.35, 0.47, 12.3, negative
6.1, 0.16, 0.34, 6.1, 0.034, 31.0, 114.0, 0.99365, 3.32, 0.58, 10.15, negative
5.9, 0.27, 0.27, 5.0, 0.035, 14.0, 97.0, 0.99058, 3.1, 0.33, 11.8, negative
6.7, 0.47, 0.29, 4.75, 0.034, 29.0, 134.0, 0.99056, 3.29, 0.46, 13.0, negative
6.1, 0.3, 0.32, 2.2, 0.042, 41.0, 142.0, 0.98952, 3.31, 0.44, 12.7, negative
7.4, 0.16, 0.33, 1.2, 0.042, 47.0, 121.0, 0.99198, 3.04, 0.68, 10.5, negative
6.5, 0.37, 0.3, 2.2, 0.033, 39.0, 107.0, 0.98894, 3.22, 0.53, 13.5, negative
7.8, 0.26, 0.31, 3.6, 0.025, 22.0, 100.0, 0.99066, 2.99, 0.47, 12.1, negative
6.3, 0.22, 0.27, 4.5, 0.036, 81.0, 157.0, 0.9928, 3.05, 0.76, 10.7, negative
6.3, 0.1, 0.24, 6.0, 0.039, 25.0, 107.0, 0.99511, 3.59, 0.49, 10.5, negative
7.1, 0.36, 0.4, 1.95, 0.033, 26.0, 118.0, 0.98934, 3.2, 0.45, 13.5, negative
6.9, 0.3, 0.49, 7.6, 0.057, 25.0, 156.0, 0.9962, 3.43, 0.63, 11.0, negative
7.4, 0.2, 0.28, 9.1, 0.047, 29.0, 95.0, 0.99532, 3.16, 0.47, 9.8, negative
6.2, 0.3, 0.3, 2.5, 0.041, 29.0, 82.0, 0.99065, 3.31, 0.61, 11.8, negative
6.4, 0.16, 0.25, 1.4, 0.057, 21.0, 125.0, 0.99091, 3.23, 0.44, 11.1, negative
6.4, 0.44, 0.44, 14.4, 0.048, 29.0, 228.0, 0.99955, 3.26, 0.54, 8.8, negative
7.7, 0.44, 0.24, 11.2, 0.031, 41.0, 167.0, 0.9948, 3.12, 0.43, 11.3, negative
7.0, 0.46, 0.39, 6.2, 0.039, 46.0, 163.0, 0.9928, 3.21, 0.35, 12.2, negative
6.6, 0.25, 0.29, 1.1, 0.068, 39.0, 124.0, 0.9914, 3.34, 0.58, 11.0, negative
6.9, 0.23, 0.34, 2.7, 0.032, 24.0, 121.0, 0.9902, 3.14, 0.38, 12.4, negative
7.4, 0.2, 0.31, 1.6, 0.038, 34.0, 116.0, 0.9912, 3.25, 0.39, 12.0, negative
5.7, 0.24, 0.3, 1.3, 0.03, 25.0, 98.0, 0.98968, 3.37, 0.43, 12.4, negative
7.1, 0.28, 0.28, 8.5, 0.03, 25.0, 191.0, 0.99338, 3.16, 0.46, 12.2, negative
8.1, 0.3, 0.49, 8.1, 0.037, 26.0, 174.0, 0.9943, 3.1, 0.3, 11.2, negative
7.9, 0.18, 0.33, 1.2, 0.033, 20.0, 72.0, 0.9922, 3.12, 0.38, 10.5, negative
6.9, 0.28, 0.3, 1.6, 0.047, 46.0, 132.0, 0.9918, 3.35, 0.38, 11.1, negative
5.0, 0.24, 0.34, 1.1, 0.034, 49.0, 158.0, 0.98774, 3.32, 0.32, 13.1, negative
7.1, 0.21, 0.32, 2.2, 0.037, 28.0, 141.0, 0.993, 3.2, 0.57, 10.0, negative
6.3, 0.12, 0.36, 2.1, 0.044, 47.0, 146.0, 0.9914, 3.27, 0.74, 11.4, negative
6.5, 0.37, 0.33, 3.9, 0.027, 40.0, 130.0, 0.9906, 3.28, 0.39, 12.7, negative
6.5, 0.32, 0.45, 7.7, 0.022, 31.0, 97.0, 0.99134, 3.2, 0.7, 12.7, negative
6.4, 0.26, 0.24, 6.4, 0.04, 27.0, 124.0, 0.9903, 3.22, 0.49, 12.6, negative
7.0, 0.11, 0.32, 4.6, 0.057, 59.0, 144.0, 0.9956, 3.55, 0.44, 9.4, negative
5.6, 0.21, 0.24, 4.4, 0.027, 37.0, 150.0, 0.991, 3.3, 0.31, 11.5, negative
7.6, 0.39, 0.32, 3.6, 0.035, 22.0, 93.0, 0.99144, 3.08, 0.6, 12.5, negative
6.8, 0.34, 0.36, 8.9, 0.029, 44.0, 128.0, 0.99318, 3.28, 0.35, 11.95, negative
6.9, 0.22, 0.37, 15.0, 0.053, 59.0, 178.0, 0.9992, 3.37, 0.82, 9.5, negative
7.9, 0.22, 0.38, 8.0, 0.043, 46.0, 152.0, 0.9934, 3.12, 0.32, 11.5, negative
6.5, 0.32, 0.34, 5.7, 0.044, 27.0, 91.0, 0.99184, 3.28, 0.6, 12.0, negative
5.1, 0.26, 0.33, 1.1, 0.027, 46.0, 113.0, 0.98946, 3.35, 0.43, 11.4, negative
6.2, 0.255, 0.27, 1.3, 0.037, 30.0, 86.0, 0.98834, 3.05, 0.59, 12.9, negative
5.9, 0.33, 0.32, 8.1, 0.038, 9.0, 34.0, 0.9911, 3.22, 0.36, 12.7, negative
9.2, 0.25, 0.34, 1.2, 0.026, 31.0, 93.0, 0.9916, 2.93, 0.37, 11.3, negative
7.0, 0.25, 0.45, 2.3, 0.045, 40.0, 118.0, 0.99064, 3.16, 0.48, 11.9, negative
7.3, 0.13, 0.27, 4.6, 0.08, 34.0, 172.0, 0.9938, 3.23, 0.39, 11.1, negative
6.6, 0.4, 0.32, 1.7, 0.035, 39.0, 84.0, 0.99096, 3.59, 0.48, 12.7, negative
6.7, 0.3, 0.29, 2.8, 0.025, 37.0, 107.0, 0.99159, 3.31, 0.63, 11.3, negative
6.4, 0.17, 0.34, 1.5, 0.091, 42.0, 135.0, 0.9938, 3.25, 0.49, 9.6, negative
7.0, 0.31, 0.31, 9.1, 0.036, 45.0, 140.0, 0.99216, 2.98, 0.31, 12.0, negative
6.5, 0.23, 0.39, 1.9, 0.036, 41.0, 98.0, 0.99, 3.19, 0.43, 11.9, negative
6.5, 0.28, 0.34, 4.6, 0.054, 22.0, 130.0, 0.99193, 3.2, 0.46, 12.0, negative
6.0, 0.2, 0.33, 1.1, 0.039, 45.0, 126.0, 0.99051, 3.31, 0.45, 11.6, negative
6.4, 0.31, 0.38, 2.9, 0.038, 19.0, 102.0, 0.9912, 3.17, 0.35, 11.0, negative
7.1, 0.2, 0.27, 9.6, 0.037, 19.0, 105.0, 0.99444, 3.04, 0.37, 10.5, negative
6.3, 0.34, 0.33, 4.6, 0.034, 19.0, 80.0, 0.9917, 3.38, 0.58, 12.0, negative
7.9, 0.14, 0.45, 1.8, 0.05, 17.0, 114.0, 0.9948, 3.33, 0.49, 10.7, negative
8.0, 0.19, 0.36, 1.8, 0.05, 16.0, 84.0, 0.9936, 3.15, 0.45, 9.8, negative
6.7, 0.34, 0.4, 2.1, 0.033, 34.0, 111.0, 0.98924, 2.97, 0.48, 12.2, negative
6.0, 0.38, 0.26, 3.5, 0.035, 38.0, 111.0, 0.98872, 3.18, 0.47, 13.6, negative
6.7, 0.21, 0.36, 8.55, 0.02, 20.0, 86.0, 0.99146, 3.19, 0.22, 13.4, negative
6.4, 0.15, 0.4, 1.5, 0.042, 23.0, 87.0, 0.98972, 3.11, 0.46, 12.2, negative
6.4, 0.31, 0.28, 1.5, 0.037, 12.0, 119.0, 0.9919, 3.32, 0.51, 10.4, negative
6.9, 0.25, 0.26, 5.2, 0.024, 36.0, 135.0, 0.9948, 3.16, 0.72, 10.7, negative
6.7, 0.24, 0.29, 6.8, 0.038, 54.0, 127.0, 0.9932, 3.33, 0.46, 11.6, negative
6.9, 0.25, 0.29, 2.4, 0.038, 28.0, 76.0, 0.99088, 3.01, 0.36, 11.7, negative
7.7, 0.16, 0.41, 1.7, 0.048, 60.0, 173.0, 0.9932, 3.24, 0.66, 11.2, negative
7.5, 0.34, 0.28, 4.0, 0.028, 46.0, 100.0, 0.98958, 3.2, 0.5, 13.2, negative
5.9, 0.46, 0.14, 2.7, 0.042, 27.0, 160.0, 0.9931, 3.46, 0.51, 10.6, negative
7.3, 0.18, 0.29, 1.2, 0.044, 12.0, 143.0, 0.9918, 3.2, 0.48, 11.3, negative
7.1, 0.18, 0.49, 1.3, 0.033, 12.0, 72.0, 0.99072, 3.05, 0.53, 11.3, negative
