1.0 172.0 68.0 49.0 579.0 42.4 0.702 28.0 0
6.0 147.0 80.0 0.0 0.0 29.5 0.178 50.0 0
0.0 131.0 66.0 40.0 0.0 34.3 0.196 22.0 0
9.0 112.0 82.0 24.0 0.0 28.2 1.282 50.0 0
4.0 111.0 72.0 47.0 207.0 37.1 1.39 56.0 0
5.0 109.0 62.0 41.0 129.0 35.8 0.514 25.0 0
5.0 112.0 66.0 0.0 0.0 37.8 0.261 41.0 0
10.0 129.0 62.0 36.0 0.0 41.2 0.441 38.0 0
0.0 128.0 68.0 19.0 180.0 30.5 1.391 25.0 0
5.0 130.0 82.0 0.0 0.0 39.1 0.956 37.0 0
0.0 146.0 70.0 0.0 0.0 37.9 0.334 28.0 0
9.0 112.0 82.0 32.0 175.0 34.2 0.26 36.0 0
7.0 161.0 86.0 0.0 0.0 30.4 0.165 47.0 0
2.0 158.0 90.0 0.0 0.0 31.6 0.805 66.0 0
7.0 150.0 78.0 29.0 126.0 35.2 0.692 54.0 0
0.0 198.0 66.0 32.0 274.0 41.3 0.502 28.0 0
8.0 176.0 90.0 34.0 300.0 33.7 0.467 58.0 0
1.0 168.0 88.0 29.0 0.0 35.0 0.905 52.0 0
1.0 133.0 102.0 28.0 140.0 32.8 0.234 45.0 0
0.0 119.0 0.0 0.0 0.0 32.4 0.141 24.0 0
6.0 194.0 78.0 0.0 0.0 23.5 0.129 59.0 0
3.0 163.0 70.0 18.0 105.0 31.6 0.268 28.0 0
13.0 152.0 90.0 33.0 29.0 26.8 0.731 43.0 0
3.0 128.0 72.0 25.0 190.0 32.4 0.549 27.0 0
3.0 130.0 78.0 23.0 79.0 28.4 0.323 34.0 0
5.0 0.0 80.0 32.0 0.0 41.0 0.346 37.0 0
13.0 153.0 88.0 37.0 140.0 40.6 1.174 39.0 1
1.0 107.0 68.0 19.0 0.0 26.5 0.165 24.0 1
6.0 154.0 78.0 41.0 140.0 46.1 0.571 27.0 1
1.0 143.0 84.0 23.0 310.0 42.4 1.076 22.0 1
4.0 112.0 78.0 40.0 0.0 39.4 0.236 38.0 1
7.0 124.0 70.0 33.0 215.0 25.5 0.161 37.0 1
11.0 85.0 74.0 0.0 0.0 30.1 0.3 35.0 1
7.0 136.0 90.0 0.0 0.0 29.9 0.21 50.0 1
2.0 81.0 60.0 22.0 0.0 27.7 0.29 25.0 1
2.0 157.0 74.0 35.0 440.0 39.4 0.134 30.0 1
3.0 99.0 54.0 19.0 86.0 25.6 0.154 24.0 1
2.0 90.0 70.0 17.0 0.0 27.3 0.085 22.0 1
2.0 108.0 62.0 32.0 56.0 25.2 0.128 21.0 1
2.0 111.0 60.0 0.0 0.0 26.2 0.343 23.0 1
2.0 108.0 52.0 26.0 63.0 32.5 0.318 22.0 1
5.0 99.0 74.0 27.0 0.0 29.0 0.203 32.0 1
0.0 78.0 88.0 29.0 40.0 36.9 0.434 21.0 1
5.0 132.0 80.0 0.0 0.0 26.8 0.186 69.0 1
2.0 99.0 0.0 0.0 0.0 22.2 0.108 23.0 1
2.0 84.0 50.0 23.0 76.0 30.4 0.968 21.0 1
2.0 96.0 68.0 13.0 49.0 21.1 0.647 26.0 1
2.0 92.0 52.0 0.0 0.0 30.1 0.141 22.0 1
0.0 137.0 84.0 27.0 0.0 27.3 0.231 59.0 1
2.0 98.0 60.0 17.0 120.0 34.7 0.198 22.0 1
3.0 111.0 58.0 31.0 44.0 29.5 0.43 22.0 1
1.0 109.0 38.0 18.0 120.0 23.1 0.407 26.0 1
2.0 122.0 60.0 18.0 106.0 29.8 0.717 22.0 1
1.0 111.0 94.0 0.0 0.0 32.8 0.265 45.0 1
4.0 132.0 86.0 31.0 0.0 28.0 0.419 63.0 1
3.0 106.0 72.0 0.0 0.0 25.8 0.207 27.0 1
7.0 106.0 92.0 18.0 0.0 22.7 0.235 48.0 1
4.0 95.0 70.0 32.0 0.0 32.1 0.612 24.0 1
7.0 142.0 60.0 33.0 190.0 28.8 0.687 61.0 1
3.0 87.0 60.0 18.0 0.0 21.8 0.444 21.0 1
1.0 128.0 82.0 17.0 183.0 27.5 0.115 22.0 1
8.0 126.0 74.0 38.0 75.0 25.9 0.162 39.0 1
0.0 124.0 56.0 13.0 105.0 21.8 0.452 21.0 1
3.0 96.0 78.0 39.0 0.0 37.3 0.238 40.0 1
2.0 106.0 56.0 27.0 165.0 29.0 0.426 22.0 1
5.0 110.0 68.0 0.0 0.0 26.0 0.292 30.0 1
6.0 111.0 64.0 39.0 0.0 34.2 0.26 24.0 1
1.0 88.0 78.0 29.0 76.0 32.0 0.365 29.0 1
9.0 72.0 78.0 25.0 0.0 31.6 0.28 38.0 1
1.0 139.0 46.0 19.0 83.0 28.7 0.654 22.0 1
3.0 106.0 54.0 21.0 158.0 30.9 0.292 24.0 1
2.0 105.0 58.0 40.0 94.0 34.9 0.225 25.0 1
13.0 106.0 72.0 54.0 0.0 36.6 0.178 45.0 1
0.0 93.0 100.0 39.0 72.0 43.4 1.021 35.0 1
3.0 148.0 66.0 25.0 0.0 32.5 0.256 22.0 1
5.0 103.0 108.0 37.0 0.0 39.2 0.305 65.0 1
