5.0 166.0 72.0 19.0 175.0 25.8 0.587 51.0 0
9.0 119.0 80.0 35.0 0.0 29.0 0.263 29.0 0
0.0 131.0 0.0 0.0 0.0 43.2 0.27 26.0 0
7.0 160.0 54.0 32.0 175.0 30.5 0.588 39.0 0
6.0 102.0 82.0 0.0 0.0 30.8 0.18 36.0 0
0.0 140.0 65.0 26.0 130.0 42.6 0.431 24.0 0
1.0 113.0 64.0 35.0 0.0 33.6 0.543 21.0 0
11.0 155.0 76.0 28.0 150.0 33.3 1.353 51.0 0
4.0 123.0 62.0 0.0 0.0 32.0 0.226 35.0 0
2.0 124.0 68.0 28.0 205.0 32.9 0.875 30.0 0
7.0 109.0 80.0 31.0 0.0 35.9 1.127 43.0 0
3.0 182.0 74.0 0.0 0.0 30.5 0.345 29.0 0
9.0 152.0 78.0 34.0 171.0 34.2 0.893 33.0 0
0.0 141.0 0.0 0.0 0.0 42.4 0.205 29.0 0
0.0 180.0 78.0 63.0 14.0 59.4 2.42 25.0 0
14.0 175.0 62.0 30.0 0.0 33.6 0.212 38.0 0
0.0 135.0 68.0 42.0 250.0 42.3 0.365 24.0 0
1.0 181.0 78.0 42.0 293.0 40.0 1.258 22.0 0
6.0 147.0 80.0 0.0 0.0 29.5 0.178 50.0 0
9.0 145.0 80.0 46.0 130.0 37.9 0.637 40.0 0
13.0 158.0 114.0 0.0 0.0 42.3 0.257 44.0 0
2.0 93.0 64.0 32.0 160.0 38.0 0.674 23.0 0
2.0 174.0 88.0 37.0 120.0 44.5 0.646 24.0 0
9.0 140.0 94.0 0.0 0.0 32.7 0.734 45.0 0
3.0 187.0 70.0 22.0 200.0 36.4 0.408 36.0 0
0.0 123.0 72.0 0.0 0.0 36.3 0.258 52.0 0
6.0 190.0 92.0 0.0 0.0 35.5 0.278 66.0 0
13.0 145.0 82.0 19.0 110.0 22.2 0.245 57.0 1
3.0 88.0 58.0 11.0 54.0 24.8 0.267 22.0 1
7.0 159.0 64.0 0.0 0.0 27.4 0.294 40.0 1
1.0 146.0 56.0 0.0 0.0 29.7 0.564 29.0 1
1.0 101.0 50.0 15.0 36.0 24.2 0.526 26.0 1
1.0 73.0 50.0 10.0 0.0 23.0 0.248 21.0 1
1.0 0.0 48.0 20.0 0.0 24.7 0.14 22.0 1
7.0 62.0 78.0 0.0 0.0 32.6 0.391 41.0 1
2.0 74.0 0.0 0.0 0.0 0.0 0.102 22.0 1
6.0 144.0 72.0 27.0 228.0 33.9 0.255 40.0 1
6.0 93.0 50.0 30.0 64.0 28.7 0.356 23.0 1
5.0 106.0 82.0 30.0 0.0 39.5 0.286 38.0 1
4.0 120.0 68.0 0.0 0.0 29.6 0.709 34.0 1
3.0 111.0 90.0 12.0 78.0 28.4 0.495 29.0 1
1.0 79.0 60.0 42.0 48.0 43.5 0.678 23.0 1
5.0 111.0 72.0 28.0 0.0 23.9 0.407 27.0 1
7.0 119.0 0.0 0.0 0.0 25.2 0.209 37.0 1
9.0 124.0 70.0 33.0 402.0 35.4 0.282 34.0 1
1.0 111.0 86.0 19.0 0.0 30.1 0.143 23.0 1
3.0 142.0 80.0 15.0 0.0 32.4 0.2 63.0 1
2.0 128.0 64.0 42.0 0.0 40.0 1.101 24.0 1
4.0 92.0 80.0 0.0 0.0 42.2 0.237 29.0 1
1.0 90.0 62.0 12.0 43.0 27.2 0.58 24.0 1
0.0 93.0 100.0 39.0 72.0 43.4 1.021 35.0 1
1.0 119.0 88.0 41.0 170.0 45.3 0.507 26.0 1
0.0 102.0 64.0 46.0 78.0 40.6 0.496 21.0 1
2.0 99.0 0.0 0.0 0.0 22.2 0.108 23.0 1
1.0 90.0 68.0 8.0 0.0 24.5 1.138 36.0 1
1.0 97.0 70.0 15.0 0.0 18.2 0.147 21.0 1
2.0 83.0 66.0 23.0 50.0 32.2 0.497 22.0 1
8.0 74.0 70.0 40.0 49.0 35.3 0.705 39.0 1
5.0 88.0 78.0 30.0 0.0 27.6 0.258 37.0 1
0.0 84.0 82.0 31.0 125.0 38.2 0.233 23.0 1
2.0 84.0 50.0 23.0 76.0 30.4 0.968 21.0 1
8.0 120.0 78.0 0.0 0.0 25.0 0.409 64.0 1
3.0 99.0 54.0 19.0 86.0 25.6 0.154 24.0 1
3.0 87.0 60.0 18.0 0.0 21.8 0.444 21.0 1
1.0 77.0 56.0 30.0 56.0 33.3 1.251 24.0 1
3.0 111.0 58.0 31.0 44.0 29.5 0.43 22.0 1
6.0 108.0 44.0 20.0 130.0 24.0 0.813 35.0 1
1.0 124.0 74.0 36.0 0.0 27.8 0.1 30.0 1
5.0 128.0 80.0 0.0 0.0 34.6 0.144 45.0 1
4.0 90.0 0.0 0.0 0.0 28.0 0.61 31.0 1
3.0 103.0 72.0 30.0 152.0 27.6 0.73 27.0 1
3.0 123.0 100.0 35.0 240.0 57.3 0.88 22.0 1
8.0 107.0 80.0 0.0 0.0 24.6 0.856 34.0 1
6.0 80.0 80.0 36.0 0.0 39.8 0.177 28.0 1
2.0 127.0 46.0 21.0 335.0 34.4 0.176 22.0 1
10.0 94.0 72.0 18.0 0.0 23.1 0.595 56.0 1
3.0 108.0 62.0 24.0 0.0 26.0 0.223 25.0 1
