8.0 155.0 62.0 26.0 495.0 34.0 0.543 46.0 0
8.0 154.0 78.0 32.0 0.0 32.4 0.443 45.0 0
3.0 112.0 74.0 30.0 0.0 31.6 0.197 25.0 0
9.0 102.0 76.0 37.0 0.0 32.9 0.665 46.0 0
1.0 119.0 86.0 39.0 220.0 45.6 0.808 29.0 0
10.0 125.0 70.0 26.0 115.0 31.1 0.205 41.0 0
0.0 105.0 84.0 0.0 0.0 27.9 0.741 62.0 0
5.0 85.0 74.0 22.0 0.0 29.0 1.224 32.0 0
3.0 173.0 78.0 39.0 185.0 33.8 0.97 31.0 0
13.0 126.0 90.0 0.0 0.0 43.4 0.583 42.0 0
9.0 130.0 70.0 0.0 0.0 34.2 0.652 45.0 0
1.0 125.0 50.0 40.0 167.0 33.3 0.962 28.0 0
4.0 125.0 80.0 0.0 0.0 32.3 0.536 27.0 0
4.0 158.0 78.0 0.0 0.0 32.9 0.803 31.0 0
9.0 140.0 94.0 0.0 0.0 32.7 0.734 45.0 0
0.0 140.0 65.0 26.0 130.0 42.6 0.431 24.0 0
9.0 112.0 82.0 32.0 175.0 34.2 0.26 36.0 0
11.0 143.0 94.0 33.0 146.0 36.6 0.254 51.0 0
0.0 146.0 70.0 0.0 0.0 37.9 0.334 28.0 0
3.0 158.0 76.0 36.0 245.0 31.6 0.851 28.0 0
7.0 114.0 66.0 0.0 0.0 32.8 0.258 42.0 0
6.0 134.0 80.0 37.0 370.0 46.2 0.238 46.0 0
7.0 184.0 84.0 33.0 0.0 35.5 0.355 41.0 0
1.0 167.0 74.0 17.0 144.0 23.4 0.447 33.0 0
0.0 135.0 68.0 42.0 250.0 42.3 0.365 24.0 0
3.0 141.0 0.0 0.0 0.0 30.0 0.761 27.0 0
9.0 145.0 88.0 34.0 165.0 30.3 0.771 53.0 0
7.0 161.0 86.0 0.0 0.0 30.4 0.165 47.0 0
4.0 146.0 78.0 0.0 0.0 38.5 0.52 67.0 0
4.0 109.0 64.0 44.0 99.0 34.8 0.905 26.0 0
5.0 166.0 72.0 19.0 175.0 25.8 0.587 51.0 0
8.0 197.0 74.0 0.0 0.0 25.9 1.191 39.0 0
2.0 124.0 68.0 28.0 205.0 32.9 0.875 30.0 0
0.0 131.0 0.0 0.0 0.0 43.2 0.27 26.0 0
7.0 109.0 80.0 31.0 0.0 35.9 1.127 43.0 0
0.0 180.0 66.0 39.0 0.0 42.0 1.893 25.0 0
1.0 149.0 68.0 29.0 127.0 29.3 0.349 42.0 0
10.0 168.0 74.0 0.0 0.0 38.0 0.537 34.0 0
15.0 136.0 70.0 32.0 110.0 37.1 0.153 43.0 0
8.0 183.0 64.0 0.0 0.0 23.3 0.672 32.0 0
0.0 95.0 85.0 25.0 36.0 37.4 0.247 24.0 0
10.0 129.0 62.0 36.0 0.0 41.2 0.441 38.0 0
5.0 136.0 84.0 41.0 88.0 35.0 0.286 35.0 0
5.0 187.0 76.0 27.0 207.0 43.6 1.034 53.0 0
3.0 182.0 74.0 0.0 0.0 30.5 0.345 29.0 0
1.0 95.0 82.0 25.0 180.0 35.0 0.233 43.0 0
6.0 0.0 68.0 41.0 0.0 39.0 0.727 41.0 0
8.0 120.0 86.0 0.0 0.0 28.4 0.259 22.0 0
1.0 172.0 68.0 49.0 579.0 42.4 0.702 28.0 0
9.0 122.0 56.0 0.0 0.0 33.3 1.114 33.0 0
0.0 104.0 64.0 37.0 64.0 33.6 0.51 22.0 0
0.0 129.0 110.0 46.0 130.0 67.1 0.319 26.0 0
12.0 140.0 82.0 43.0 325.0 39.2 0.528 58.0 0
3.0 173.0 82.0 48.0 465.0 38.4 2.137 25.0 0
3.0 120.0 70.0 30.0 135.0 42.9 0.452 30.0 1
1.0 111.0 86.0 19.0 0.0 30.1 0.143 23.0 1
1.0 126.0 56.0 29.0 152.0 28.7 0.801 21.0 1
4.0 154.0 62.0 31.0 284.0 32.8 0.237 23.0 1
0.0 123.0 88.0 37.0 0.0 35.2 0.197 29.0 1
2.0 129.0 74.0 26.0 205.0 33.2 0.591 25.0 1
10.0 92.0 62.0 0.0 0.0 25.9 0.167 31.0 1
4.0 137.0 84.0 0.0 0.0 31.2 0.252 30.0 1
5.0 73.0 60.0 0.0 0.0 26.8 0.268 27.0 1
3.0 158.0 64.0 13.0 387.0 31.2 0.295 24.0 1
1.0 96.0 64.0 27.0 87.0 33.2 0.289 21.0 1
2.0 115.0 64.0 22.0 0.0 30.8 0.421 21.0 1
4.0 92.0 80.0 0.0 0.0 42.2 0.237 29.0 1
2.0 75.0 64.0 24.0 55.0 29.7 0.37 33.0 1
0.0 102.0 52.0 0.0 0.0 25.1 0.078 21.0 1
5.0 96.0 74.0 18.0 67.0 33.6 0.997 43.0 1
2.0 100.0 64.0 23.0 0.0 29.7 0.368 21.0 1
8.0 74.0 70.0 40.0 49.0 35.3 0.705 39.0 1
0.0 108.0 68.0 20.0 0.0 27.3 0.787 32.0 1
0.0 146.0 82.0 0.0 0.0 40.5 1.781 44.0 1
7.0 119.0 0.0 0.0 0.0 25.2 0.209 37.0 1
2.0 83.0 65.0 28.0 66.0 36.8 0.629 24.0 1
12.0 88.0 74.0 40.0 54.0 35.3 0.378 48.0 1
3.0 80.0 0.0 0.0 0.0 0.0 0.174 22.0 1
6.0 183.0 94.0 0.0 0.0 40.8 1.461 45.0 1
6.0 125.0 68.0 30.0 120.0 30.0 0.464 32.0 1
6.0 114.0 0.0 0.0 0.0 0.0 0.189 26.0 1
1.0 71.0 78.0 50.0 45.0 33.2 0.422 21.0 1
1.0 95.0 66.0 13.0 38.0 19.6 0.334 25.0 1
0.0 84.0 82.0 31.0 125.0 38.2 0.233 23.0 1
5.0 117.0 86.0 30.0 105.0 39.1 0.251 42.0 1
7.0 125.0 86.0 0.0 0.0 37.6 0.304 51.0 1
8.0 120.0 78.0 0.0 0.0 25.0 0.409 64.0 1
8.0 95.0 72.0 0.0 0.0 36.8 0.485 57.0 1
2.0 105.0 58.0 40.0 94.0 34.9 0.225 25.0 1
0.0 101.0 76.0 0.0 0.0 35.7 0.198 26.0 1
2.0 99.0 70.0 16.0 44.0 20.4 0.235 27.0 1
0.0 101.0 62.0 0.0 0.0 21.9 0.336 25.0 1
0.0 93.0 60.0 0.0 0.0 35.3 0.263 25.0 1
4.0 99.0 76.0 15.0 51.0 23.2 0.223 21.0 1
4.0 99.0 72.0 17.0 0.0 25.6 0.294 28.0 1
4.0 154.0 72.0 29.0 126.0 31.3 0.338 37.0 1
0.0 86.0 68.0 32.0 0.0 35.8 0.238 25.0 1
0.0 98.0 82.0 15.0 84.0 25.2 0.299 22.0 1
6.0 123.0 72.0 45.0 230.0 33.6 0.733 34.0 1
2.0 88.0 58.0 26.0 16.0 28.4 0.766 22.0 1
0.0 152.0 82.0 39.0 272.0 41.5 0.27 27.0 1
1.0 139.0 62.0 41.0 480.0 40.7 0.536 21.0 1
1.0 143.0 74.0 22.0 61.0 26.2 0.256 21.0 1
2.0 100.0 54.0 28.0 105.0 37.8 0.498 24.0 1
1.0 91.0 64.0 24.0 0.0 29.2 0.192 21.0 1
2.0 81.0 60.0 22.0 0.0 27.7 0.29 25.0 1
8.0 110.0 76.0 0.0 0.0 27.8 0.237 58.0 1
4.0 110.0 76.0 20.0 100.0 28.4 0.118 27.0 1
6.0 103.0 72.0 32.0 190.0 37.7 0.324 55.0 1
1.0 90.0 62.0 18.0 59.0 25.1 1.268 25.0 1
8.0 107.0 80.0 0.0 0.0 24.6 0.856 34.0 1
4.0 122.0 68.0 0.0 0.0 35.0 0.394 29.0 1
0.0 107.0 76.0 0.0 0.0 45.3 0.686 24.0 1
1.0 140.0 74.0 26.0 180.0 24.1 0.828 23.0 1
0.0 78.0 88.0 29.0 40.0 36.9 0.434 21.0 1
1.0 108.0 60.0 46.0 178.0 35.5 0.415 24.0 1
3.0 78.0 70.0 0.0 0.0 32.5 0.27 39.0 1
2.0 108.0 62.0 32.0 56.0 25.2 0.128 21.0 1
2.0 109.0 92.0 0.0 0.0 42.7 0.845 54.0 1
0.0 57.0 60.0 0.0 0.0 21.7 0.735 67.0 1
1.0 121.0 78.0 39.0 74.0 39.0 0.261 28.0 1
1.0 157.0 72.0 21.0 168.0 25.6 0.123 24.0 1
4.0 114.0 65.0 0.0 0.0 21.9 0.432 37.0 1
3.0 111.0 56.0 39.0 0.0 30.1 0.557 30.0 1
2.0 122.0 52.0 43.0 158.0 36.2 0.816 28.0 1
2.0 120.0 54.0 0.0 0.0 26.8 0.455 27.0 1
1.0 97.0 70.0 15.0 0.0 18.2 0.147 21.0 1
0.0 105.0 64.0 41.0 142.0 41.5 0.173 22.0 1
4.0 146.0 85.0 27.0 100.0 28.9 0.189 27.0 1
0.0 126.0 84.0 29.0 215.0 30.7 0.52 24.0 1
1.0 118.0 58.0 36.0 94.0 33.3 0.261 23.0 1
1.0 0.0 68.0 35.0 0.0 32.0 0.389 22.0 1
1.0 117.0 60.0 23.0 106.0 33.8 0.466 27.0 1
1.0 103.0 80.0 11.0 82.0 19.4 0.491 22.0 1
7.0 106.0 92.0 18.0 0.0 22.7 0.235 48.0 1
1.0 119.0 54.0 13.0 50.0 22.3 0.205 24.0 1
2.0 139.0 75.0 0.0 0.0 25.6 0.167 29.0 1
1.0 143.0 84.0 23.0 310.0 42.4 1.076 22.0 1
1.0 135.0 54.0 0.0 0.0 26.7 0.687 62.0 1
1.0 83.0 68.0 0.0 0.0 18.2 0.624 27.0 1
1.0 71.0 48.0 18.0 76.0 20.4 0.323 22.0 1
6.0 91.0 0.0 0.0 0.0 29.8 0.501 31.0 1
1.0 84.0 64.0 23.0 115.0 36.9 0.471 28.0 1
0.0 129.0 80.0 0.0 0.0 31.2 0.703 29.0 1
0.0 102.0 86.0 17.0 105.0 29.3 0.695 27.0 1
4.0 132.0 86.0 31.0 0.0 28.0 0.419 63.0 1
2.0 68.0 62.0 13.0 15.0 20.1 0.257 23.0 1
6.0 80.0 80.0 36.0 0.0 39.8 0.177 28.0 1
2.0 146.0 76.0 35.0 194.0 38.2 0.329 29.0 1
3.0 113.0 50.0 10.0 85.0 29.5 0.626 25.0 1
6.0 154.0 78.0 41.0 140.0 46.1 0.571 27.0 1
5.0 158.0 70.0 0.0 0.0 29.8 0.207 63.0 1
5.0 136.0 82.0 0.0 0.0 0.0 0.64 69.0 1
7.0 83.0 78.0 26.0 71.0 29.3 0.767 36.0 1
