3.0 173.0 84.0 33.0 474.0 35.7 0.258 22.0 0
1.0 147.0 94.0 41.0 0.0 49.3 0.358 27.0 0
7.0 103.0 66.0 32.0 0.0 39.1 0.344 31.0 0
0.0 109.0 88.0 30.0 0.0 32.5 0.855 38.0 0
8.0 167.0 106.0 46.0 231.0 37.6 0.165 43.0 0
1.0 128.0 88.0 39.0 110.0 36.5 1.057 37.0 0
10.0 108.0 66.0 0.0 0.0 32.4 0.272 42.0 0
6.0 125.0 78.0 31.0 0.0 27.6 0.565 49.0 0
3.0 174.0 58.0 22.0 194.0 32.9 0.593 36.0 0
0.0 131.0 88.0 0.0 0.0 31.6 0.743 32.0 0
4.0 134.0 72.0 0.0 0.0 23.8 0.277 60.0 0
0.0 137.0 40.0 35.0 168.0 43.1 2.288 33.0 0
7.0 159.0 66.0 0.0 0.0 30.4 0.383 36.0 0
5.0 162.0 104.0 0.0 0.0 37.7 0.151 52.0 0
9.0 145.0 80.0 46.0 130.0 37.9 0.637 40.0 0
5.0 187.0 76.0 27.0 207.0 43.6 1.034 53.0 0
3.0 158.0 70.0 30.0 328.0 35.5 0.344 35.0 0
7.0 194.0 68.0 28.0 0.0 35.9 0.745 41.0 0
3.0 176.0 86.0 27.0 156.0 33.3 1.154 52.0 0
0.0 138.0 0.0 0.0 0.0 36.3 0.933 25.0 0
5.0 168.0 64.0 0.0 0.0 32.9 0.135 41.0 0
2.0 100.0 66.0 20.0 90.0 32.9 0.867 28.0 0
14.0 175.0 62.0 30.0 0.0 33.6 0.212 38.0 0
0.0 129.0 110.0 46.0 130.0 67.1 0.319 26.0 0
5.0 144.0 82.0 26.0 285.0 32.0 0.452 58.0 0
9.0 122.0 56.0 0.0 0.0 33.3 1.114 33.0 0
0.0 104.0 64.0 37.0 64.0 33.6 0.51 22.0 0
1.0 106.0 70.0 28.0 135.0 34.2 0.142 22.0 1
2.0 114.0 68.0 22.0 0.0 28.7 0.092 25.0 1
7.0 133.0 88.0 15.0 155.0 32.4 0.262 37.0 1
2.0 127.0 58.0 24.0 275.0 27.7 1.6 25.0 1
1.0 124.0 60.0 32.0 0.0 35.8 0.514 21.0 1
2.0 122.0 76.0 27.0 200.0 35.9 0.483 26.0 1
1.0 90.0 68.0 8.0 0.0 24.5 1.138 36.0 1
5.0 128.0 80.0 0.0 0.0 34.6 0.144 45.0 1
5.0 78.0 48.0 0.0 0.0 33.7 0.654 25.0 1
1.0 131.0 64.0 14.0 415.0 23.7 0.389 21.0 1
0.0 102.0 78.0 40.0 90.0 34.5 0.238 24.0 1
0.0 101.0 76.0 0.0 0.0 35.7 0.198 26.0 1
2.0 87.0 58.0 16.0 52.0 32.7 0.166 25.0 1
2.0 108.0 64.0 0.0 0.0 30.8 0.158 21.0 1
2.0 94.0 76.0 18.0 66.0 31.6 0.649 23.0 1
1.0 97.0 68.0 21.0 0.0 27.2 1.095 22.0 1
3.0 74.0 68.0 28.0 45.0 29.7 0.293 23.0 1
3.0 142.0 80.0 15.0 0.0 32.4 0.2 63.0 1
2.0 129.0 0.0 0.0 0.0 38.5 0.304 41.0 1
6.0 93.0 50.0 30.0 64.0 28.7 0.356 23.0 1
6.0 99.0 60.0 19.0 54.0 26.9 0.497 32.0 1
4.0 90.0 0.0 0.0 0.0 28.0 0.61 31.0 1
2.0 175.0 88.0 0.0 0.0 22.9 0.326 22.0 1
2.0 110.0 74.0 29.0 125.0 32.4 0.698 27.0 1
1.0 89.0 76.0 34.0 37.0 31.2 0.192 23.0 1
0.0 94.0 70.0 27.0 115.0 43.5 0.347 21.0 1
12.0 100.0 84.0 33.0 105.0 30.0 0.488 46.0 1
2.0 130.0 96.0 0.0 0.0 22.6 0.268 21.0 1
5.0 114.0 74.0 0.0 0.0 24.9 0.744 57.0 1
8.0 100.0 76.0 0.0 0.0 38.7 0.19 42.0 1
4.0 110.0 92.0 0.0 0.0 37.6 0.191 30.0 1
1.0 79.0 75.0 30.0 0.0 32.0 0.396 22.0 1
3.0 123.0 100.0 35.0 240.0 57.3 0.88 22.0 1
1.0 99.0 72.0 30.0 18.0 38.6 0.412 21.0 1
0.0 173.0 78.0 32.0 265.0 46.5 1.159 58.0 1
9.0 134.0 74.0 33.0 60.0 25.9 0.46 81.0 1
0.0 102.0 86.0 17.0 105.0 29.3 0.695 27.0 1
1.0 97.0 70.0 40.0 0.0 38.1 0.218 30.0 1
10.0 101.0 76.0 48.0 180.0 32.9 0.171 63.0 1
5.0 116.0 74.0 0.0 0.0 25.6 0.201 30.0 1
2.0 109.0 92.0 0.0 0.0 42.7 0.845 54.0 1
3.0 99.0 62.0 19.0 74.0 21.8 0.279 26.0 1
8.0 65.0 72.0 23.0 0.0 32.0 0.6 42.0 1
1.0 87.0 68.0 34.0 77.0 37.6 0.401 24.0 1
2.0 123.0 48.0 32.0 165.0 42.1 0.52 26.0 1
9.0 123.0 70.0 44.0 94.0 33.1 0.374 40.0 1
3.0 113.0 44.0 13.0 0.0 22.4 0.14 22.0 1
0.0 118.0 64.0 23.0 89.0 0.0 1.731 21.0 1
1.0 146.0 56.0 0.0 0.0 29.7 0.564 29.0 1
0.0 147.0 85.0 54.0 0.0 42.8 0.375 24.0 1
