0.0 177.0 60.0 29.0 478.0 34.6 1.072 21.0 0
7.0 152.0 88.0 44.0 0.0 50.0 0.337 36.0 0
5.0 116.0 74.0 29.0 0.0 32.3 0.66 35.0 0
8.0 105.0 100.0 36.0 0.0 43.3 0.239 45.0 0
10.0 148.0 84.0 48.0 237.0 37.6 1.001 51.0 0
2.0 102.0 86.0 36.0 120.0 45.5 0.127 23.0 0
5.0 115.0 76.0 0.0 0.0 31.2 0.343 44.0 0
4.0 95.0 64.0 0.0 0.0 32.0 0.161 31.0 0
1.0 181.0 64.0 30.0 180.0 34.1 0.328 38.0 0
0.0 123.0 72.0 0.0 0.0 36.3 0.258 52.0 0
4.0 136.0 70.0 0.0 0.0 31.2 1.182 22.0 0
1.0 122.0 64.0 32.0 156.0 35.1 0.692 30.0 0
5.0 166.0 76.0 0.0 0.0 45.7 0.34 27.0 0
5.0 115.0 98.0 0.0 0.0 52.9 0.209 28.0 0
6.0 134.0 70.0 23.0 130.0 35.4 0.542 29.0 0
5.0 158.0 84.0 41.0 210.0 39.4 0.395 29.0 0
5.0 189.0 64.0 33.0 325.0 31.2 0.583 29.0 0
0.0 179.0 90.0 27.0 0.0 44.1 0.686 23.0 0
11.0 143.0 94.0 33.0 146.0 36.6 0.254 51.0 0
0.0 141.0 0.0 0.0 0.0 42.4 0.205 29.0 0
6.0 162.0 62.0 0.0 0.0 24.3 0.178 50.0 0
7.0 97.0 76.0 32.0 91.0 40.9 0.871 32.0 0
0.0 162.0 76.0 36.0 0.0 49.6 0.364 26.0 0
9.0 152.0 78.0 34.0 171.0 34.2 0.893 33.0 0
14.0 100.0 78.0 25.0 184.0 36.6 0.412 46.0 0
7.0 100.0 0.0 0.0 0.0 30.0 0.484 32.0 0
3.0 80.0 82.0 31.0 70.0 34.2 1.292 27.0 0
4.0 144.0 58.0 28.0 140.0 29.5 0.287 37.0 1
1.0 108.0 88.0 19.0 0.0 27.1 0.4 24.0 1
0.0 135.0 94.0 46.0 145.0 40.6 0.284 26.0 1
0.0 134.0 58.0 20.0 291.0 26.4 0.352 21.0 1
10.0 122.0 78.0 31.0 0.0 27.6 0.512 45.0 1
1.0 120.0 80.0 48.0 200.0 38.9 1.162 41.0 1
2.0 91.0 62.0 0.0 0.0 27.3 0.525 22.0 1
2.0 129.0 84.0 0.0 0.0 28.0 0.284 27.0 1
1.0 71.0 62.0 0.0 0.0 21.8 0.416 26.0 1
7.0 150.0 66.0 42.0 342.0 34.7 0.718 42.0 1
0.0 93.0 60.0 25.0 92.0 28.7 0.532 22.0 1
6.0 92.0 92.0 0.0 0.0 19.9 0.188 28.0 1
3.0 88.0 58.0 11.0 54.0 24.8 0.267 22.0 1
13.0 106.0 70.0 0.0 0.0 34.2 0.251 52.0 1
1.0 100.0 72.0 12.0 70.0 25.3 0.658 28.0 1
0.0 105.0 68.0 22.0 0.0 20.0 0.236 22.0 1
4.0 85.0 58.0 22.0 49.0 27.8 0.306 28.0 1
10.0 139.0 80.0 0.0 0.0 27.1 1.441 57.0 1
3.0 116.0 0.0 0.0 0.0 23.5 0.187 23.0 1
2.0 68.0 70.0 32.0 66.0 25.0 0.187 25.0 1
2.0 100.0 70.0 52.0 57.0 40.5 0.677 25.0 1
0.0 94.0 0.0 0.0 0.0 0.0 0.256 25.0 1
10.0 179.0 70.0 0.0 0.0 35.1 0.2 37.0 1
4.0 117.0 64.0 27.0 120.0 33.2 0.23 24.0 1
1.0 92.0 62.0 25.0 41.0 19.5 0.482 25.0 1
6.0 108.0 44.0 20.0 130.0 24.0 0.813 35.0 1
1.0 125.0 70.0 24.0 110.0 24.3 0.221 25.0 1
3.0 128.0 78.0 0.0 0.0 21.1 0.268 55.0 1
3.0 122.0 78.0 0.0 0.0 23.0 0.254 40.0 1
2.0 105.0 75.0 0.0 0.0 23.3 0.56 53.0 1
0.0 105.0 90.0 0.0 0.0 29.6 0.197 46.0 1
1.0 85.0 66.0 29.0 0.0 26.6 0.351 31.0 1
3.0 126.0 88.0 41.0 235.0 39.3 0.704 27.0 1
1.0 89.0 24.0 19.0 25.0 27.8 0.559 21.0 1
0.0 165.0 90.0 33.0 680.0 52.3 0.427 23.0 1
2.0 117.0 90.0 19.0 71.0 25.2 0.313 21.0 1
3.0 84.0 68.0 30.0 106.0 31.9 0.591 25.0 1
4.0 99.0 68.0 38.0 0.0 32.8 0.145 33.0 1
1.0 111.0 62.0 13.0 182.0 24.0 0.138 23.0 1
4.0 118.0 70.0 0.0 0.0 44.5 0.904 26.0 1
0.0 108.0 68.0 20.0 0.0 27.3 0.787 32.0 1
2.0 56.0 56.0 28.0 45.0 24.2 0.332 22.0 1
0.0 67.0 76.0 0.0 0.0 45.3 0.194 46.0 1
1.0 107.0 72.0 30.0 82.0 30.8 0.821 24.0 1
1.0 130.0 60.0 23.0 170.0 28.6 0.692 21.0 1
1.0 130.0 70.0 13.0 105.0 25.9 0.472 22.0 1
4.0 83.0 86.0 19.0 0.0 29.3 0.317 34.0 1
3.0 113.0 50.0 10.0 85.0 29.5 0.626 25.0 1
3.0 130.0 64.0 0.0 0.0 23.1 0.314 22.0 1
1.0 144.0 82.0 40.0 0.0 41.3 0.607 28.0 1
