88 87 47 19 241 0.3651452282157676 0.36099585062240663 0.1950207468879668 0.07883817427385892 288 131 20 11 450 0.64 0.2911111111111111 0.044444444444444446 0.024444444444444446 
84 85 49 23 241 0.34854771784232363 0.35269709543568467 0.2033195020746888 0.0954356846473029 272 144 26 8 450 0.6044444444444445 0.32 0.057777777777777775 0.017777777777777778 
79 95 46 21 241 0.3278008298755187 0.3941908713692946 0.1908713692946058 0.08713692946058091 282 134 24 10 450 0.6266666666666667 0.29777777777777775 0.05333333333333334 0.022222222222222223 
76 101 44 20 241 0.3153526970954357 0.4190871369294606 0.1825726141078838 0.08298755186721991 272 146 24 8 450 0.6044444444444445 0.3244444444444444 0.05333333333333334 0.017777777777777778 
70 105 43 23 241 0.29045643153526973 0.43568464730290457 0.17842323651452283 0.0954356846473029 283 136 24 7 450 0.6288888888888889 0.3022222222222222 0.05333333333333334 0.015555555555555555 
72 104 42 23 241 0.2987551867219917 0.4315352697095436 0.17427385892116182 0.0954356846473029 270 139 34 7 450 0.6 0.3088888888888889 0.07555555555555556 0.015555555555555555 
78 96 46 21 241 0.3236514522821577 0.3983402489626556 0.1908713692946058 0.08713692946058091 268 147 25 10 450 0.5955555555555555 0.32666666666666666 0.05555555555555555 0.022222222222222223 
73 103 42 23 241 0.3029045643153527 0.42738589211618255 0.17427385892116182 0.0954356846473029 269 144 30 7 450 0.5977777777777777 0.32 0.06666666666666667 0.015555555555555555 
78 99 44 21 242 0.32231404958677684 0.4090909090909091 0.18181818181818182 0.08677685950413223 279 133 31 7 450 0.62 0.29555555555555557 0.06888888888888889 0.015555555555555555 
79 92 45 26 242 0.32644628099173556 0.38016528925619836 0.1859504132231405 0.10743801652892562 285 129 31 5 450 0.6333333333333333 0.2866666666666667 0.06888888888888889 0.011111111111111112 
