7.0 107.0 74.0 0.0 0.0 29.6 0.254 31.0 0
9.0 171.0 110.0 24.0 240.0 45.4 0.721 54.0 0
0.0 180.0 66.0 39.0 0.0 42.0 1.893 25.0 0
0.0 109.0 88.0 30.0 0.0 32.5 0.855 38.0 0
5.0 137.0 108.0 0.0 0.0 48.8 0.227 37.0 0
0.0 95.0 85.0 25.0 36.0 37.4 0.247 24.0 0
4.0 146.0 92.0 0.0 0.0 31.2 0.539 61.0 0
9.0 112.0 82.0 32.0 175.0 34.2 0.26 36.0 0
5.0 85.0 74.0 22.0 0.0 29.0 1.224 32.0 0
3.0 162.0 52.0 38.0 0.0 37.2 0.652 24.0 0
6.0 134.0 80.0 37.0 370.0 46.2 0.238 46.0 0
2.0 108.0 80.0 0.0 0.0 27.0 0.259 52.0 0
6.0 194.0 78.0 0.0 0.0 23.5 0.129 59.0 0
13.0 129.0 0.0 30.0 0.0 39.9 0.569 44.0 0
5.0 144.0 82.0 26.0 285.0 32.0 0.452 58.0 0
3.0 193.0 70.0 31.0 0.0 34.9 0.241 25.0 0
4.0 184.0 78.0 39.0 277.0 37.0 0.264 31.0 0
7.0 195.0 70.0 33.0 145.0 25.1 0.163 55.0 0
8.0 100.0 74.0 40.0 215.0 39.4 0.661 43.0 0
0.0 188.0 82.0 14.0 185.0 32.0 0.682 22.0 0
8.0 167.0 106.0 46.0 231.0 37.6 0.165 43.0 0
10.0 111.0 70.0 27.0 0.0 27.5 0.141 40.0 0
6.0 195.0 70.0 0.0 0.0 30.9 0.328 31.0 0
1.0 149.0 68.0 29.0 127.0 29.3 0.349 42.0 0
6.0 162.0 62.0 0.0 0.0 24.3 0.178 50.0 0
4.0 136.0 70.0 0.0 0.0 31.2 1.182 22.0 0
1.0 128.0 88.0 39.0 110.0 36.5 1.057 37.0 0
6.0 92.0 92.0 0.0 0.0 19.9 0.188 28.0 1
3.0 180.0 64.0 25.0 70.0 34.0 0.271 26.0 1
7.0 106.0 92.0 18.0 0.0 22.7 0.235 48.0 1
3.0 113.0 44.0 13.0 0.0 22.4 0.14 22.0 1
7.0 83.0 78.0 26.0 71.0 29.3 0.767 36.0 1
2.0 110.0 74.0 29.0 125.0 32.4 0.698 27.0 1
1.0 80.0 55.0 0.0 0.0 19.1 0.258 21.0 1
4.0 76.0 62.0 0.0 0.0 34.0 0.391 25.0 1
0.0 100.0 70.0 26.0 50.0 30.8 0.597 21.0 1
2.0 75.0 64.0 24.0 55.0 29.7 0.37 33.0 1
0.0 119.0 64.0 18.0 92.0 34.9 0.725 23.0 1
0.0 165.0 90.0 33.0 680.0 52.3 0.427 23.0 1
4.0 95.0 70.0 32.0 0.0 32.1 0.612 24.0 1
5.0 114.0 74.0 0.0 0.0 24.9 0.744 57.0 1
2.0 108.0 62.0 10.0 278.0 25.3 0.881 22.0 1
10.0 129.0 76.0 28.0 122.0 35.9 0.28 39.0 1
4.0 96.0 56.0 17.0 49.0 20.8 0.34 26.0 1
3.0 81.0 86.0 16.0 66.0 27.5 0.306 22.0 1
0.0 98.0 82.0 15.0 84.0 25.2 0.299 22.0 1
3.0 100.0 68.0 23.0 81.0 31.6 0.949 28.0 1
6.0 137.0 61.0 0.0 0.0 24.2 0.151 55.0 1
0.0 135.0 94.0 46.0 145.0 40.6 0.284 26.0 1
1.0 80.0 74.0 11.0 60.0 30.0 0.527 22.0 1
0.0 120.0 74.0 18.0 63.0 30.5 0.285 26.0 1
1.0 82.0 64.0 13.0 95.0 21.2 0.415 23.0 1
2.0 100.0 54.0 28.0 105.0 37.8 0.498 24.0 1
4.0 114.0 64.0 0.0 0.0 28.9 0.126 24.0 1
6.0 129.0 90.0 7.0 326.0 19.6 0.582 60.0 1
3.0 116.0 74.0 15.0 105.0 26.3 0.107 24.0 1
0.0 111.0 65.0 0.0 0.0 24.6 0.66 31.0 1
1.0 164.0 82.0 43.0 67.0 32.8 0.341 50.0 1
1.0 88.0 62.0 24.0 44.0 29.9 0.422 23.0 1
2.0 98.0 60.0 17.0 120.0 34.7 0.198 22.0 1
1.0 143.0 86.0 30.0 330.0 30.1 0.892 23.0 1
12.0 121.0 78.0 17.0 0.0 26.5 0.259 62.0 1
6.0 105.0 80.0 28.0 0.0 32.5 0.878 26.0 1
2.0 68.0 62.0 13.0 15.0 20.1 0.257 23.0 1
0.0 107.0 60.0 25.0 0.0 26.4 0.133 23.0 1
11.0 127.0 106.0 0.0 0.0 39.0 0.19 51.0 1
1.0 112.0 80.0 45.0 132.0 34.8 0.217 24.0 1
3.0 130.0 64.0 0.0 0.0 23.1 0.314 22.0 1
2.0 122.0 76.0 27.0 200.0 35.9 0.483 26.0 1
3.0 158.0 64.0 13.0 387.0 31.2 0.295 24.0 1
0.0 134.0 58.0 20.0 291.0 26.4 0.352 21.0 1
3.0 102.0 74.0 0.0 0.0 29.5 0.121 32.0 1
4.0 83.0 86.0 19.0 0.0 29.3 0.317 34.0 1
1.0 114.0 66.0 36.0 200.0 38.1 0.289 21.0 1
1.0 111.0 94.0 0.0 0.0 32.8 0.265 45.0 1
2.0 99.0 60.0 17.0 160.0 36.6 0.453 21.0 1
3.0 102.0 44.0 20.0 94.0 30.8 0.4 26.0 1
