8.0 181.0 68.0 36.0 495.0 30.1 0.615 60.0 0
4.0 144.0 82.0 32.0 0.0 38.5 0.554 37.0 0
1.0 113.0 64.0 35.0 0.0 33.6 0.543 21.0 0
10.0 101.0 86.0 37.0 0.0 45.6 1.136 38.0 0
0.0 118.0 84.0 47.0 230.0 45.8 0.551 31.0 0
8.0 109.0 76.0 39.0 114.0 27.9 0.64 31.0 0
2.0 108.0 80.0 0.0 0.0 27.0 0.259 52.0 0
12.0 84.0 72.0 31.0 0.0 29.7 0.297 46.0 0
0.0 188.0 82.0 14.0 185.0 32.0 0.682 22.0 0
8.0 125.0 96.0 0.0 0.0 0.0 0.232 54.0 0
8.0 133.0 72.0 0.0 0.0 32.9 0.27 39.0 0
0.0 121.0 66.0 30.0 165.0 34.3 0.203 33.0 0
5.0 130.0 82.0 0.0 0.0 39.1 0.956 37.0 0
4.0 156.0 75.0 0.0 0.0 48.3 0.238 32.0 0
5.0 137.0 108.0 0.0 0.0 48.8 0.227 37.0 0
2.0 144.0 58.0 33.0 135.0 31.6 0.422 25.0 0
6.0 119.0 50.0 22.0 176.0 27.1 1.318 33.0 0
11.0 138.0 74.0 26.0 144.0 36.1 0.557 50.0 0
8.0 143.0 66.0 0.0 0.0 34.9 0.129 41.0 0
9.0 171.0 110.0 24.0 240.0 45.4 0.721 54.0 0
7.0 114.0 64.0 0.0 0.0 27.4 0.732 34.0 0
7.0 187.0 50.0 33.0 392.0 33.9 0.826 34.0 0
0.0 189.0 104.0 25.0 0.0 34.3 0.435 41.0 0
7.0 195.0 70.0 33.0 145.0 25.1 0.163 55.0 0
12.0 92.0 62.0 7.0 258.0 27.6 0.926 44.0 0
2.0 146.0 0.0 0.0 0.0 27.5 0.24 28.0 0
5.0 139.0 80.0 35.0 160.0 31.6 0.361 25.0 0
9.0 165.0 88.0 0.0 0.0 30.4 0.302 49.0 0
4.0 134.0 72.0 0.0 0.0 23.8 0.277 60.0 0
1.0 88.0 30.0 42.0 99.0 55.0 0.496 26.0 0
4.0 173.0 70.0 14.0 168.0 29.7 0.361 33.0 0
7.0 196.0 90.0 0.0 0.0 39.8 0.451 41.0 0
4.0 111.0 72.0 47.0 207.0 37.1 1.39 56.0 0
4.0 132.0 0.0 0.0 0.0 32.9 0.302 23.0 0
9.0 112.0 82.0 24.0 0.0 28.2 1.282 50.0 0
0.0 180.0 78.0 63.0 14.0 59.4 2.42 25.0 0
7.0 150.0 78.0 29.0 126.0 35.2 0.692 54.0 0
1.0 173.0 74.0 0.0 0.0 36.8 0.088 38.0 0
17.0 163.0 72.0 41.0 114.0 40.9 0.817 47.0 0
6.0 162.0 62.0 0.0 0.0 24.3 0.178 50.0 0
13.0 152.0 90.0 33.0 29.0 26.8 0.731 43.0 0
13.0 129.0 0.0 30.0 0.0 39.9 0.569 44.0 0
2.0 100.0 66.0 20.0 90.0 32.9 0.867 28.0 0
3.0 187.0 70.0 22.0 200.0 36.4 0.408 36.0 0
3.0 193.0 70.0 31.0 0.0 34.9 0.241 25.0 0
14.0 100.0 78.0 25.0 184.0 36.6 0.412 46.0 0
5.0 0.0 80.0 32.0 0.0 41.0 0.346 37.0 0
0.0 113.0 76.0 0.0 0.0 33.3 0.278 23.0 0
8.0 124.0 76.0 24.0 600.0 28.7 0.687 52.0 0
7.0 106.0 60.0 24.0 0.0 26.5 0.296 29.0 0
3.0 107.0 62.0 13.0 48.0 22.9 0.678 23.0 0
4.0 125.0 70.0 18.0 122.0 28.9 1.144 45.0 0
7.0 168.0 88.0 42.0 321.0 38.2 0.787 40.0 0
1.0 181.0 78.0 42.0 293.0 40.0 1.258 22.0 0
7.0 136.0 74.0 26.0 135.0 26.0 0.647 51.0 1
0.0 113.0 80.0 16.0 0.0 31.0 0.874 21.0 1
0.0 137.0 68.0 14.0 148.0 24.8 0.143 21.0 1
0.0 114.0 80.0 34.0 285.0 44.2 0.167 27.0 1
1.0 124.0 74.0 36.0 0.0 27.8 0.1 30.0 1
1.0 136.0 74.0 50.0 204.0 37.4 0.399 24.0 1
9.0 89.0 62.0 0.0 0.0 22.5 0.142 33.0 1
7.0 133.0 84.0 0.0 0.0 40.2 0.696 37.0 1
4.0 76.0 62.0 0.0 0.0 34.0 0.391 25.0 1
1.0 193.0 50.0 16.0 375.0 25.9 0.655 24.0 1
4.0 91.0 70.0 32.0 88.0 33.1 0.446 22.0 1
1.0 116.0 70.0 28.0 0.0 27.4 0.204 21.0 1
0.0 91.0 80.0 0.0 0.0 32.4 0.601 27.0 1
1.0 77.0 56.0 30.0 56.0 33.3 1.251 24.0 1
9.0 106.0 52.0 0.0 0.0 31.2 0.38 42.0 1
6.0 105.0 70.0 32.0 68.0 30.8 0.122 37.0 1
0.0 101.0 65.0 28.0 0.0 24.6 0.237 22.0 1
10.0 68.0 106.0 23.0 49.0 35.5 0.285 47.0 1
1.0 107.0 68.0 19.0 0.0 26.5 0.165 24.0 1
5.0 147.0 78.0 0.0 0.0 33.7 0.218 65.0 1
0.0 117.0 0.0 0.0 0.0 33.8 0.932 44.0 1
0.0 84.0 64.0 22.0 66.0 35.8 0.545 21.0 1
4.0 90.0 88.0 47.0 54.0 37.7 0.362 29.0 1
2.0 84.0 0.0 0.0 0.0 0.0 0.304 21.0 1
7.0 179.0 95.0 31.0 0.0 34.2 0.164 60.0 1
10.0 129.0 76.0 28.0 122.0 35.9 0.28 39.0 1
2.0 119.0 0.0 0.0 0.0 19.6 0.832 72.0 1
3.0 74.0 68.0 28.0 45.0 29.7 0.293 23.0 1
1.0 101.0 50.0 15.0 36.0 24.2 0.526 26.0 1
6.0 92.0 62.0 32.0 126.0 32.0 0.085 46.0 1
8.0 126.0 88.0 36.0 108.0 38.5 0.349 49.0 1
11.0 127.0 106.0 0.0 0.0 39.0 0.19 51.0 1
12.0 121.0 78.0 17.0 0.0 26.5 0.259 62.0 1
9.0 91.0 68.0 0.0 0.0 24.2 0.2 58.0 1
0.0 95.0 80.0 45.0 92.0 36.5 0.33 26.0 1
1.0 96.0 122.0 0.0 0.0 22.4 0.207 27.0 1
1.0 90.0 62.0 12.0 43.0 27.2 0.58 24.0 1
6.0 103.0 66.0 0.0 0.0 24.3 0.249 29.0 1
2.0 92.0 52.0 0.0 0.0 30.1 0.141 22.0 1
0.0 100.0 70.0 26.0 50.0 30.8 0.597 21.0 1
5.0 99.0 74.0 27.0 0.0 29.0 0.203 32.0 1
2.0 141.0 58.0 34.0 128.0 25.4 0.699 24.0 1
3.0 84.0 72.0 32.0 0.0 37.2 0.267 28.0 1
3.0 89.0 74.0 16.0 85.0 30.4 0.551 38.0 1
4.0 129.0 60.0 12.0 231.0 27.5 0.527 31.0 1
5.0 88.0 66.0 21.0 23.0 24.4 0.342 30.0 1
4.0 129.0 86.0 20.0 270.0 35.1 0.231 23.0 1
1.0 153.0 82.0 42.0 485.0 40.6 0.687 23.0 1
2.0 142.0 82.0 18.0 64.0 24.7 0.761 21.0 1
0.0 95.0 64.0 39.0 105.0 44.6 0.366 22.0 1
2.0 92.0 62.0 28.0 0.0 31.6 0.13 24.0 1
3.0 87.0 60.0 18.0 0.0 21.8 0.444 21.0 1
5.0 109.0 75.0 26.0 0.0 36.0 0.546 60.0 1
2.0 107.0 74.0 30.0 100.0 33.6 0.404 23.0 1
6.0 98.0 58.0 33.0 190.0 34.0 0.43 43.0 1
1.0 80.0 74.0 11.0 60.0 30.0 0.527 22.0 1
12.0 106.0 80.0 0.0 0.0 23.6 0.137 44.0 1
4.0 120.0 68.0 0.0 0.0 29.6 0.709 34.0 1
1.0 106.0 76.0 0.0 0.0 37.5 0.197 26.0 1
1.0 128.0 82.0 17.0 183.0 27.5 0.115 22.0 1
1.0 79.0 80.0 25.0 37.0 25.4 0.583 22.0 1
10.0 101.0 76.0 48.0 180.0 32.9 0.171 63.0 1
10.0 75.0 82.0 0.0 0.0 33.3 0.263 38.0 1
2.0 100.0 70.0 52.0 57.0 40.5 0.677 25.0 1
1.0 111.0 94.0 0.0 0.0 32.8 0.265 45.0 1
5.0 44.0 62.0 0.0 0.0 25.0 0.587 36.0 1
5.0 123.0 74.0 40.0 77.0 34.1 0.269 28.0 1
6.0 165.0 68.0 26.0 168.0 33.6 0.631 49.0 1
8.0 112.0 72.0 0.0 0.0 23.6 0.84 58.0 1
6.0 111.0 64.0 39.0 0.0 34.2 0.26 24.0 1
2.0 112.0 86.0 42.0 160.0 38.4 0.246 28.0 1
2.0 111.0 60.0 0.0 0.0 26.2 0.343 23.0 1
0.0 102.0 75.0 23.0 0.0 0.0 0.572 21.0 1
1.0 97.0 66.0 15.0 140.0 23.2 0.487 22.0 1
9.0 154.0 78.0 30.0 100.0 30.9 0.164 45.0 1
3.0 123.0 100.0 35.0 240.0 57.3 0.88 22.0 1
0.0 119.0 64.0 18.0 92.0 34.9 0.725 23.0 1
1.0 0.0 48.0 20.0 0.0 24.7 0.14 22.0 1
2.0 122.0 60.0 18.0 106.0 29.8 0.717 22.0 1
1.0 107.0 72.0 30.0 82.0 30.8 0.821 24.0 1
8.0 99.0 84.0 0.0 0.0 35.4 0.388 50.0 1
1.0 119.0 44.0 47.0 63.0 35.5 0.28 25.0 1
11.0 138.0 76.0 0.0 0.0 33.2 0.42 35.0 1
4.0 147.0 74.0 25.0 293.0 34.9 0.385 30.0 1
6.0 137.0 61.0 0.0 0.0 24.2 0.151 55.0 1
2.0 85.0 65.0 0.0 0.0 39.6 0.93 27.0 1
2.0 84.0 50.0 23.0 76.0 30.4 0.968 21.0 1
2.0 87.0 0.0 23.0 0.0 28.9 0.773 25.0 1
2.0 82.0 52.0 22.0 115.0 28.5 1.699 25.0 1
4.0 128.0 70.0 0.0 0.0 34.3 0.303 24.0 1
0.0 100.0 88.0 60.0 110.0 46.8 0.962 31.0 1
0.0 137.0 84.0 27.0 0.0 27.3 0.231 59.0 1
5.0 126.0 78.0 27.0 22.0 29.6 0.439 40.0 1
1.0 0.0 74.0 20.0 23.0 27.7 0.299 21.0 1
6.0 154.0 74.0 32.0 193.0 29.3 0.839 39.0 1
1.0 139.0 46.0 19.0 83.0 28.7 0.654 22.0 1
13.0 153.0 88.0 37.0 140.0 40.6 1.174 39.0 1
6.0 166.0 74.0 0.0 0.0 26.6 0.304 66.0 1
8.0 194.0 80.0 0.0 0.0 26.1 0.551 67.0 1
0.0 93.0 100.0 39.0 72.0 43.4 1.021 35.0 1
