1 18 5 3 27 0.037037037037037035 0.6666666666666666 0.18518518518518517 0.1111111111111111 26 23 1 0 50 0.52 0.46 0.02 0.0 
3 16 6 2 27 0.1111111111111111 0.5925925925925926 0.2222222222222222 0.07407407407407407 25 22 3 0 50 0.5 0.44 0.06 0.0 
2 14 9 2 27 0.07407407407407407 0.5185185185185185 0.3333333333333333 0.07407407407407407 27 21 2 0 50 0.54 0.42 0.04 0.0 
1 14 11 1 27 0.037037037037037035 0.5185185185185185 0.4074074074074074 0.037037037037037035 23 23 2 2 50 0.46 0.46 0.04 0.04 
2 15 6 4 27 0.07407407407407407 0.5555555555555556 0.2222222222222222 0.14814814814814814 30 18 2 0 50 0.6 0.36 0.04 0.0 
3 18 5 1 27 0.1111111111111111 0.6666666666666666 0.18518518518518517 0.037037037037037035 24 22 3 1 50 0.48 0.44 0.06 0.02 
0 18 7 2 27 0.0 0.6666666666666666 0.25925925925925924 0.07407407407407407 31 16 2 1 50 0.62 0.32 0.04 0.02 
5 17 1 4 27 0.18518518518518517 0.6296296296296297 0.037037037037037035 0.14814814814814814 36 13 1 0 50 0.72 0.26 0.02 0.0 
1 17 6 2 26 0.038461538461538464 0.6538461538461539 0.23076923076923078 0.07692307692307693 26 22 2 0 50 0.52 0.44 0.04 0.0 
3 15 4 4 26 0.11538461538461539 0.5769230769230769 0.15384615384615385 0.15384615384615385 35 10 5 0 50 0.7 0.2 0.1 0.0 
