3.0 78.0 50.0 32.0 88.0 31.0 0.248 26.0 0
10.0 168.0 74.0 0.0 0.0 38.0 0.537 34.0 0
0.0 118.0 84.0 47.0 230.0 45.8 0.551 31.0 0
7.0 196.0 90.0 0.0 0.0 39.8 0.451 41.0 0
7.0 103.0 66.0 32.0 0.0 39.1 0.344 31.0 0
1.0 163.0 72.0 0.0 0.0 39.0 1.222 33.0 0
1.0 88.0 30.0 42.0 99.0 55.0 0.496 26.0 0
8.0 179.0 72.0 42.0 130.0 32.7 0.719 36.0 0
5.0 130.0 82.0 0.0 0.0 39.1 0.956 37.0 0
7.0 184.0 84.0 33.0 0.0 35.5 0.355 41.0 0
3.0 141.0 0.0 0.0 0.0 30.0 0.761 27.0 0
7.0 161.0 86.0 0.0 0.0 30.4 0.165 47.0 0
14.0 100.0 78.0 25.0 184.0 36.6 0.412 46.0 0
5.0 115.0 98.0 0.0 0.0 52.9 0.209 28.0 0
13.0 152.0 90.0 33.0 29.0 26.8 0.731 43.0 0
1.0 133.0 102.0 28.0 140.0 32.8 0.234 45.0 0
1.0 181.0 64.0 30.0 180.0 34.1 0.328 38.0 0
4.0 117.0 62.0 12.0 0.0 29.7 0.38 30.0 0
0.0 104.0 64.0 37.0 64.0 33.6 0.51 22.0 0
2.0 105.0 80.0 45.0 191.0 33.7 0.711 29.0 0
0.0 151.0 90.0 46.0 0.0 42.1 0.371 21.0 0
4.0 183.0 0.0 0.0 0.0 28.4 0.212 36.0 0
9.0 112.0 82.0 24.0 0.0 28.2 1.282 50.0 0
0.0 162.0 76.0 36.0 0.0 49.6 0.364 26.0 0
7.0 142.0 90.0 24.0 480.0 30.4 0.128 43.0 0
9.0 164.0 78.0 0.0 0.0 32.8 0.148 45.0 0
3.0 130.0 78.0 23.0 79.0 28.4 0.323 34.0 0
3.0 126.0 88.0 41.0 235.0 39.3 0.704 27.0 1
5.0 117.0 92.0 0.0 0.0 34.1 0.337 38.0 1
5.0 88.0 66.0 21.0 23.0 24.4 0.342 30.0 1
2.0 84.0 0.0 0.0 0.0 0.0 0.304 21.0 1
4.0 146.0 85.0 27.0 100.0 28.9 0.189 27.0 1
1.0 71.0 48.0 18.0 76.0 20.4 0.323 22.0 1
0.0 125.0 96.0 0.0 0.0 22.5 0.262 21.0 1
1.0 126.0 56.0 29.0 152.0 28.7 0.801 21.0 1
1.0 96.0 122.0 0.0 0.0 22.4 0.207 27.0 1
5.0 78.0 48.0 0.0 0.0 33.7 0.654 25.0 1
1.0 118.0 58.0 36.0 94.0 33.3 0.261 23.0 1
8.0 84.0 74.0 31.0 0.0 38.3 0.457 39.0 1
9.0 57.0 80.0 37.0 0.0 32.8 0.096 41.0 1
1.0 109.0 56.0 21.0 135.0 25.2 0.833 23.0 1
7.0 102.0 74.0 40.0 105.0 37.2 0.204 45.0 1
1.0 0.0 74.0 20.0 23.0 27.7 0.299 21.0 1
2.0 99.0 70.0 16.0 44.0 20.4 0.235 27.0 1
4.0 122.0 68.0 0.0 0.0 35.0 0.394 29.0 1
2.0 100.0 70.0 52.0 57.0 40.5 0.677 25.0 1
0.0 104.0 64.0 23.0 116.0 27.8 0.454 23.0 1
4.0 129.0 60.0 12.0 231.0 27.5 0.527 31.0 1
10.0 179.0 70.0 0.0 0.0 35.1 0.2 37.0 1
8.0 95.0 72.0 0.0 0.0 36.8 0.485 57.0 1
3.0 99.0 62.0 19.0 74.0 21.8 0.279 26.0 1
2.0 127.0 58.0 24.0 275.0 27.7 1.6 25.0 1
2.0 94.0 68.0 18.0 76.0 26.0 0.561 21.0 1
9.0 134.0 74.0 33.0 60.0 25.9 0.46 81.0 1
7.0 136.0 90.0 0.0 0.0 29.9 0.21 50.0 1
7.0 114.0 76.0 17.0 110.0 23.8 0.466 31.0 1
0.0 123.0 88.0 37.0 0.0 35.2 0.197 29.0 1
2.0 68.0 70.0 32.0 66.0 25.0 0.187 25.0 1
4.0 131.0 68.0 21.0 166.0 33.1 0.16 28.0 1
1.0 116.0 70.0 28.0 0.0 27.4 0.204 21.0 1
11.0 85.0 74.0 0.0 0.0 30.1 0.3 35.0 1
0.0 91.0 80.0 0.0 0.0 32.4 0.601 27.0 1
6.0 103.0 66.0 0.0 0.0 24.3 0.249 29.0 1
6.0 117.0 96.0 0.0 0.0 28.7 0.157 30.0 1
2.0 112.0 86.0 42.0 160.0 38.4 0.246 28.0 1
2.0 111.0 60.0 0.0 0.0 26.2 0.343 23.0 1
1.0 128.0 82.0 17.0 183.0 27.5 0.115 22.0 1
10.0 92.0 62.0 0.0 0.0 25.9 0.167 31.0 1
5.0 104.0 74.0 0.0 0.0 28.8 0.153 48.0 1
2.0 120.0 54.0 0.0 0.0 26.8 0.455 27.0 1
1.0 106.0 70.0 28.0 135.0 34.2 0.142 22.0 1
10.0 162.0 84.0 0.0 0.0 27.7 0.182 54.0 1
5.0 136.0 82.0 0.0 0.0 0.0 0.64 69.0 1
2.0 105.0 75.0 0.0 0.0 23.3 0.56 53.0 1
4.0 95.0 60.0 32.0 0.0 35.4 0.284 28.0 1
8.0 65.0 72.0 23.0 0.0 32.0 0.6 42.0 1
2.0 88.0 58.0 26.0 16.0 28.4 0.766 22.0 1
