82 85 54 20 241 0.34024896265560167 0.35269709543568467 0.22406639004149378 0.08298755186721991 283 131 28 8 450 0.6288888888888889 0.2911111111111111 0.06222222222222222 0.017777777777777778 
76 99 43 23 241 0.3153526970954357 0.4107883817427386 0.17842323651452283 0.0954356846473029 286 130 29 5 450 0.6355555555555555 0.28888888888888886 0.06444444444444444 0.011111111111111112 
72 97 50 22 241 0.2987551867219917 0.4024896265560166 0.2074688796680498 0.0912863070539419 278 135 28 9 450 0.6177777777777778 0.3 0.06222222222222222 0.02 
67 107 45 22 241 0.27800829875518673 0.44398340248962653 0.18672199170124482 0.0912863070539419 277 142 25 6 450 0.6155555555555555 0.31555555555555553 0.05555555555555555 0.013333333333333334 
72 103 46 20 241 0.2987551867219917 0.42738589211618255 0.1908713692946058 0.08298755186721991 277 130 36 7 450 0.6155555555555555 0.28888888888888886 0.08 0.015555555555555555 
80 102 44 15 241 0.33195020746887965 0.42323651452282157 0.1825726141078838 0.06224066390041494 276 143 23 8 450 0.6133333333333333 0.31777777777777777 0.051111111111111114 0.017777777777777778 
78 95 46 22 241 0.3236514522821577 0.3941908713692946 0.1908713692946058 0.0912863070539419 268 148 24 10 450 0.5955555555555555 0.3288888888888889 0.05333333333333334 0.022222222222222223 
82 85 48 26 241 0.34024896265560167 0.35269709543568467 0.1991701244813278 0.1078838174273859 268 152 23 7 450 0.5955555555555555 0.3377777777777778 0.051111111111111114 0.015555555555555555 
86 93 40 23 242 0.35537190082644626 0.384297520661157 0.1652892561983471 0.09504132231404959 284 135 22 9 450 0.6311111111111111 0.3 0.04888888888888889 0.02 
82 96 40 24 242 0.33884297520661155 0.39669421487603307 0.1652892561983471 0.09917355371900827 276 140 24 10 450 0.6133333333333333 0.3111111111111111 0.05333333333333334 0.022222222222222223 
