0 12 7 3 22 0.0 0.5454545454545454 0.3181818181818182 0.13636363636363635 40 20 3 0 63 0.6349206349206349 0.31746031746031744 0.047619047619047616 0.0 
0 13 5 4 22 0.0 0.5909090909090909 0.22727272727272727 0.18181818181818182 33 29 1 0 63 0.5238095238095238 0.4603174603174603 0.015873015873015872 0.0 
0 17 3 2 22 0.0 0.7727272727272727 0.13636363636363635 0.09090909090909091 47 13 3 0 63 0.746031746031746 0.20634920634920634 0.047619047619047616 0.0 
0 8 8 6 22 0.0 0.36363636363636365 0.36363636363636365 0.2727272727272727 40 22 1 0 63 0.6349206349206349 0.3492063492063492 0.015873015873015872 0.0 
4 10 5 3 22 0.18181818181818182 0.45454545454545453 0.22727272727272727 0.13636363636363635 45 17 0 1 63 0.7142857142857143 0.2698412698412698 0.0 0.015873015873015872 
5 8 5 4 22 0.22727272727272727 0.36363636363636365 0.22727272727272727 0.18181818181818182 44 18 0 1 63 0.6984126984126984 0.2857142857142857 0.0 0.015873015873015872 
0 12 10 0 22 0.0 0.5454545454545454 0.45454545454545453 0.0 37 21 4 0 62 0.5967741935483871 0.3387096774193548 0.06451612903225806 0.0 
4 11 3 3 21 0.19047619047619047 0.5238095238095238 0.14285714285714285 0.14285714285714285 43 17 2 1 63 0.6825396825396826 0.2698412698412698 0.031746031746031744 0.015873015873015872 
4 8 7 2 21 0.19047619047619047 0.38095238095238093 0.3333333333333333 0.09523809523809523 46 16 1 0 63 0.7301587301587301 0.25396825396825395 0.015873015873015872 0.0 
0 14 4 3 21 0.0 0.6666666666666666 0.19047619047619047 0.14285714285714285 41 19 2 1 63 0.6507936507936508 0.30158730158730157 0.031746031746031744 0.015873015873015872 
