@relation  vehicle1
@attribute Compactness integer[73,119]
@attribute Circularity integer[33,59]
@attribute Distance_circularity integer[40,112]
@attribute Radius_ratio integer[104,333]
@attribute Praxis_aspect_ratio integer[47,138]
@attribute Max_length_aspect_ratio integer[2,55]
@attribute Scatter_ratio integer[112,265]
@attribute Elongatedness integer[26,61]
@attribute Praxis_rectangular integer[17,29]
@attribute Length_rectangular integer[118,188]
@attribute Major_variance integer[130,320]
@attribute Minor_variance integer[184,1018]
@attribute Gyration_radius integer[109,268]
@attribute Major_skewness integer[59,135]
@attribute Minor_skewness integer[0,22]
@attribute Minor_kurtosis integer[0,41]
@attribute Major_kurtosis integer[176,206]
@attribute Hollows_ratio integer[181,211]
@attribute Class{positive,negative}
@inputs Compactness,Circularity,Distance_circularity,Radius_ratio,Praxis_aspect_ratio,Max_length_aspect_ratio,Scatter_ratio,Elongatedness,Praxis_rectangular,Length_rectangular,Major_variance,Minor_variance,Gyration_radius,Major_skewness,Minor_skewness,Minor_kurtosis,Major_kurtosis,Hollows_ratio
@outputs Class
@data
94, 38, 88, 179, 60, 7, 170, 39, 21, 131, 188, 435, 144, 66, 2, 28, 195, 204, positive
106, 53, 98, 193, 60, 10, 215, 31, 24, 169, 224, 681, 218, 73, 8, 21, 188, 197, positive
110, 53, 104, 223, 66, 10, 211, 32, 24, 164, 223, 659, 210, 67, 5, 16, 190, 203, positive
109, 47, 96, 206, 64, 9, 198, 33, 23, 150, 219, 586, 191, 70, 4, 13, 190, 198, positive
104, 51, 108, 193, 59, 11, 217, 31, 24, 163, 232, 694, 203, 72, 15, 22, 190, 201, positive
82, 36, 51, 114, 53, 4, 135, 50, 18, 126, 150, 268, 144, 86, 15, 4, 181, 182, positive
97, 53, 105, 225, 71, 12, 221, 30, 25, 167, 226, 713, 202, 70, 3, 20, 186, 200, positive
108, 54, 105, 203, 62, 11, 202, 33, 23, 164, 216, 608, 235, 68, 12, 3, 190, 200, positive
93, 39, 63, 146, 58, 7, 128, 52, 18, 134, 149, 246, 158, 63, 9, 7, 198, 204, positive
109, 49, 109, 193, 59, 10, 207, 32, 24, 156, 225, 635, 213, 70, 13, 31, 191, 202, positive
107, 53, 108, 211, 63, 11, 219, 31, 25, 168, 228, 704, 198, 69, 10, 21, 190, 203, positive
94, 46, 77, 169, 60, 8, 158, 42, 20, 148, 181, 373, 181, 67, 12, 2, 193, 199, positive
94, 43, 69, 161, 59, 7, 152, 43, 19, 143, 175, 349, 187, 67, 12, 11, 193, 198, positive
86, 40, 62, 140, 62, 7, 150, 45, 19, 133, 165, 330, 173, 82, 2, 3, 180, 185, positive
79, 38, 55, 120, 55, 5, 142, 48, 19, 128, 153, 295, 145, 81, 4, 2, 180, 183, positive
104, 50, 96, 211, 65, 10, 187, 35, 22, 156, 207, 527, 195, 65, 3, 7, 195, 206, positive
91, 36, 83, 162, 61, 8, 142, 47, 19, 128, 163, 298, 137, 63, 0, 31, 193, 200, positive
90, 39, 85, 160, 59, 7, 163, 41, 20, 131, 189, 396, 158, 71, 7, 13, 186, 192, positive
96, 40, 78, 170, 58, 7, 174, 38, 21, 139, 197, 455, 160, 68, 3, 29, 191, 200, positive
96, 45, 101, 201, 66, 9, 192, 34, 22, 143, 218, 552, 195, 73, 3, 19, 189, 197, positive
103, 53, 106, 172, 55, 10, 212, 32, 24, 168, 220, 660, 223, 73, 16, 24, 187, 197, positive
90, 49, 83, 187, 63, 7, 176, 37, 21, 154, 205, 467, 222, 70, 1, 2, 189, 195, positive
88, 40, 79, 183, 62, 7, 176, 38, 21, 138, 200, 462, 150, 66, 0, 29, 189, 199, negative
89, 40, 79, 154, 64, 9, 144, 46, 19, 139, 168, 311, 149, 71, 8, 7, 188, 197, negative
97, 55, 96, 170, 54, 10, 216, 31, 24, 173, 219, 685, 218, 75, 0, 4, 184, 193, negative
93, 42, 64, 123, 51, 7, 135, 51, 18, 144, 164, 262, 155, 78, 16, 12, 185, 185, negative
96, 46, 74, 202, 74, 5, 163, 39, 20, 149, 185, 408, 191, 70, 7, 8, 196, 200, negative
87, 45, 77, 153, 59, 7, 154, 44, 19, 145, 181, 350, 172, 75, 15, 14, 184, 189, negative
100, 45, 100, 209, 65, 8, 201, 32, 23, 147, 231, 611, 189, 72, 5, 5, 189, 195, negative
99, 41, 77, 197, 69, 6, 177, 36, 21, 139, 202, 485, 151, 72, 4, 10, 198, 199, negative
88, 37, 51, 105, 52, 5, 119, 57, 17, 128, 135, 207, 125, 86, 8, 16, 179, 183, negative
107, 52, 103, 186, 57, 11, 214, 31, 24, 162, 217, 676, 189, 66, 6, 5, 189, 198, negative
109, 49, 103, 186, 57, 11, 206, 32, 23, 156, 212, 630, 186, 65, 12, 21, 192, 201, negative
94, 46, 79, 181, 62, 8, 167, 40, 20, 148, 190, 418, 193, 67, 12, 15, 191, 198, negative
91, 46, 75, 185, 75, 7, 154, 42, 19, 147, 178, 362, 192, 72, 8, 8, 192, 199, negative
109, 55, 96, 191, 57, 6, 241, 28, 26, 170, 267, 857, 242, 85, 8, 9, 184, 184, negative
99, 54, 100, 199, 62, 9, 200, 33, 23, 166, 222, 600, 241, 70, 2, 7, 189, 198, negative
90, 48, 85, 157, 64, 11, 161, 43, 20, 167, 175, 375, 186, 74, 3, 16, 185, 195, negative
98, 51, 84, 207, 72, 7, 184, 35, 21, 161, 199, 520, 198, 72, 9, 11, 196, 199, negative
97, 47, 87, 164, 64, 9, 156, 43, 20, 149, 173, 359, 182, 68, 1, 13, 192, 202, negative
85, 45, 80, 154, 64, 9, 147, 45, 19, 148, 169, 324, 174, 71, 1, 4, 188, 199, negative
89, 44, 70, 158, 64, 6, 141, 47, 18, 143, 164, 299, 173, 66, 9, 11, 193, 199, negative
87, 43, 70, 169, 72, 7, 152, 44, 19, 145, 177, 341, 171, 76, 6, 12, 184, 187, negative
88, 39, 76, 155, 62, 8, 137, 48, 18, 137, 156, 281, 124, 63, 3, 6, 201, 209, negative
106, 49, 96, 201, 61, 10, 181, 36, 21, 158, 197, 494, 180, 62, 19, 15, 202, 209, negative
94, 35, 66, 147, 62, 9, 131, 50, 18, 127, 159, 258, 115, 66, 8, 7, 196, 201, negative
94, 36, 68, 127, 54, 7, 127, 52, 18, 132, 155, 242, 116, 66, 1, 2, 195, 196, negative
96, 46, 70, 194, 70, 6, 167, 39, 20, 148, 183, 427, 171, 69, 17, 10, 200, 203, negative
85, 37, 80, 158, 59, 8, 153, 44, 19, 126, 179, 348, 136, 69, 6, 21, 191, 197, negative
89, 45, 85, 149, 59, 11, 158, 43, 20, 158, 177, 362, 173, 75, 12, 16, 183, 193, negative
90, 41, 71, 169, 68, 7, 150, 44, 19, 138, 175, 336, 157, 71, 3, 18, 192, 197, negative
94, 37, 72, 193, 72, 6, 158, 41, 19, 133, 184, 385, 127, 70, 0, 14, 200, 204, negative
98, 35, 70, 182, 68, 5, 155, 41, 19, 124, 184, 371, 117, 71, 3, 22, 202, 205, negative
104, 58, 103, 230, 69, 11, 219, 30, 25, 176, 231, 716, 246, 71, 7, 4, 187, 196, negative
89, 47, 80, 131, 54, 11, 160, 43, 20, 163, 175, 369, 174, 77, 1, 7, 182, 193, negative
83, 46, 68, 139, 59, 6, 150, 44, 19, 146, 172, 336, 183, 74, 5, 3, 185, 191, negative
89, 40, 60, 131, 56, 6, 118, 56, 17, 137, 143, 209, 153, 65, 10, 8, 193, 199, negative
98, 49, 84, 219, 74, 7, 190, 34, 22, 154, 208, 558, 209, 74, 4, 7, 195, 195, negative
100, 52, 109, 225, 68, 10, 222, 30, 25, 165, 241, 731, 207, 73, 7, 28, 188, 199, negative
81, 43, 68, 139, 62, 7, 149, 46, 19, 145, 172, 323, 171, 83, 1, 14, 180, 184, negative
82, 43, 73, 154, 65, 7, 151, 44, 19, 143, 178, 341, 160, 76, 5, 11, 185, 189, negative
86, 44, 65, 129, 56, 6, 152, 45, 19, 150, 168, 331, 177, 83, 4, 13, 178, 183, negative
98, 44, 78, 160, 63, 8, 142, 47, 18, 148, 160, 300, 171, 63, 19, 2, 201, 207, negative
85, 45, 73, 167, 69, 8, 143, 46, 18, 148, 173, 307, 176, 71, 2, 0, 190, 199, negative
89, 46, 77, 125, 52, 10, 156, 44, 20, 160, 171, 351, 177, 78, 7, 17, 183, 191, negative
86, 42, 65, 125, 54, 7, 150, 45, 19, 140, 171, 327, 172, 85, 2, 8, 180, 182, negative
81, 38, 53, 123, 58, 6, 134, 51, 18, 128, 147, 259, 148, 83, 10, 6, 177, 184, negative
105, 52, 107, 207, 60, 11, 218, 31, 24, 167, 221, 701, 197, 66, 0, 20, 191, 203, negative
101, 53, 103, 203, 63, 9, 195, 34, 22, 162, 210, 571, 210, 68, 5, 5, 191, 198, negative
85, 42, 59, 132, 58, 7, 149, 46, 19, 144, 166, 320, 172, 83, 8, 4, 179, 182, negative
77, 38, 75, 144, 59, 6, 147, 46, 19, 132, 167, 315, 136, 80, 16, 20, 181, 187, negative
102, 54, 101, 190, 58, 10, 222, 30, 25, 171, 224, 728, 203, 71, 13, 6, 189, 198, negative
90, 43, 72, 157, 64, 8, 136, 49, 18, 145, 158, 279, 167, 64, 4, 6, 201, 209, negative
95, 43, 76, 142, 57, 10, 151, 44, 19, 149, 173, 339, 159, 71, 2, 23, 187, 200, negative
89, 40, 58, 137, 58, 7, 122, 54, 17, 140, 146, 225, 150, 63, 7, 4, 199, 206, negative
111, 58, 105, 183, 51, 6, 265, 26, 29, 174, 285, 1018, 255, 85, 4, 8, 181, 183, negative
83, 40, 53, 114, 53, 6, 132, 53, 18, 140, 142, 247, 157, 86, 8, 7, 176, 183, negative
101, 56, 100, 215, 69, 10, 208, 32, 24, 169, 227, 651, 223, 74, 6, 5, 186, 193, negative
87, 39, 70, 148, 61, 7, 143, 46, 18, 136, 164, 307, 141, 69, 1, 2, 192, 199, negative
85, 42, 70, 130, 56, 7, 150, 45, 19, 145, 177, 328, 172, 82, 10, 14, 181, 185, negative
101, 56, 100, 204, 62, 12, 227, 30, 25, 178, 231, 757, 204, 73, 0, 11, 186, 197, negative
97, 45, 91, 161, 63, 10, 151, 45, 19, 148, 166, 334, 171, 65, 18, 20, 197, 205, negative
85, 38, 72, 130, 53, 9, 134, 51, 18, 132, 145, 261, 123, 65, 1, 24, 188, 198, negative
80, 34, 42, 110, 57, 3, 114, 59, 17, 119, 131, 191, 121, 87, 4, 7, 179, 183, negative
106, 54, 103, 161, 47, 4, 247, 27, 27, 166, 266, 892, 242, 85, 4, 11, 181, 183, negative
