@relation  vehicle1
@attribute Compactness integer[73,119]
@attribute Circularity integer[33,59]
@attribute Distance_circularity integer[40,112]
@attribute Radius_ratio integer[104,333]
@attribute Praxis_aspect_ratio integer[47,138]
@attribute Max_length_aspect_ratio integer[2,55]
@attribute Scatter_ratio integer[112,265]
@attribute Elongatedness integer[26,61]
@attribute Praxis_rectangular integer[17,29]
@attribute Length_rectangular integer[118,188]
@attribute Major_variance integer[130,320]
@attribute Minor_variance integer[184,1018]
@attribute Gyration_radius integer[109,268]
@attribute Major_skewness integer[59,135]
@attribute Minor_skewness integer[0,22]
@attribute Minor_kurtosis integer[0,41]
@attribute Major_kurtosis integer[176,206]
@attribute Hollows_ratio integer[181,211]
@attribute Class{positive,negative}
@inputs Compactness,Circularity,Distance_circularity,Radius_ratio,Praxis_aspect_ratio,Max_length_aspect_ratio,Scatter_ratio,Elongatedness,Praxis_rectangular,Length_rectangular,Major_variance,Minor_variance,Gyration_radius,Major_skewness,Minor_skewness,Minor_kurtosis,Major_kurtosis,Hollows_ratio
@outputs Class
@data
94, 40, 85, 186, 62, 9, 169, 39, 20, 139, 184, 430, 133, 61, 2, 9, 200, 210, positive
110, 54, 102, 201, 64, 11, 213, 31, 24, 171, 222, 669, 221, 73, 17, 16, 188, 198, positive
101, 51, 112, 201, 59, 11, 214, 32, 24, 162, 223, 667, 194, 65, 0, 36, 190, 206, positive
115, 51, 100, 201, 60, 12, 196, 34, 23, 162, 207, 573, 184, 62, 22, 1, 198, 208, positive
107, 54, 96, 201, 62, 12, 218, 31, 24, 170, 221, 694, 217, 71, 2, 21, 187, 198, positive
86, 40, 63, 135, 56, 5, 133, 50, 18, 135, 152, 262, 166, 70, 9, 2, 187, 191, positive
106, 54, 101, 222, 67, 12, 222, 30, 25, 173, 228, 721, 200, 70, 3, 4, 187, 201, positive
103, 46, 106, 209, 66, 10, 203, 33, 23, 149, 217, 612, 210, 70, 9, 10, 191, 199, positive
88, 37, 63, 130, 58, 5, 125, 54, 18, 130, 141, 230, 145, 74, 14, 20, 184, 188, positive
105, 54, 106, 215, 68, 10, 208, 32, 24, 166, 217, 640, 218, 69, 14, 23, 189, 199, positive
107, 54, 98, 210, 66, 11, 218, 31, 24, 169, 221, 704, 216, 71, 14, 0, 188, 197, positive
96, 37, 74, 187, 68, 8, 159, 42, 20, 134, 183, 378, 134, 69, 3, 16, 190, 197, positive
88, 45, 82, 155, 56, 8, 154, 43, 19, 149, 180, 357, 170, 69, 3, 0, 188, 193, positive
91, 39, 72, 133, 55, 7, 146, 46, 19, 132, 170, 314, 149, 77, 9, 18, 184, 189, positive
88, 42, 77, 151, 58, 8, 140, 47, 18, 142, 165, 293, 158, 64, 10, 11, 198, 205, positive
97, 44, 95, 202, 66, 9, 188, 35, 22, 144, 216, 526, 175, 72, 15, 11, 190, 197, positive
90, 34, 66, 158, 59, 7, 140, 47, 18, 124, 165, 298, 117, 61, 1, 3, 201, 207, positive
90, 36, 85, 184, 64, 6, 160, 41, 20, 125, 187, 385, 139, 66, 9, 31, 195, 203, positive
93, 47, 88, 200, 66, 7, 173, 38, 21, 151, 197, 452, 205, 66, 0, 3, 195, 202, positive
95, 46, 104, 208, 66, 9, 191, 35, 22, 148, 210, 543, 169, 68, 0, 28, 190, 200, positive
106, 52, 108, 207, 64, 12, 221, 31, 25, 168, 229, 709, 200, 73, 22, 38, 190, 205, positive
98, 42, 90, 192, 61, 9, 178, 37, 21, 144, 189, 480, 138, 61, 3, 8, 199, 208, positive
91, 42, 84, 209, 75, 6, 171, 38, 20, 138, 189, 446, 161, 69, 3, 12, 196, 201, negative
84, 45, 66, 154, 65, 6, 145, 46, 19, 144, 168, 312, 177, 73, 2, 3, 184, 188, negative
96, 55, 98, 161, 54, 10, 215, 31, 24, 175, 226, 683, 221, 76, 3, 6, 185, 193, negative
83, 39, 69, 127, 54, 5, 135, 49, 18, 131, 155, 274, 162, 69, 16, 6, 187, 190, negative
95, 45, 80, 186, 62, 7, 164, 40, 20, 145, 188, 406, 178, 65, 11, 18, 199, 204, negative
84, 47, 75, 153, 64, 6, 154, 43, 19, 145, 175, 354, 184, 75, 0, 3, 185, 192, negative
101, 49, 103, 212, 67, 10, 201, 33, 23, 156, 215, 601, 174, 69, 4, 11, 189, 196, negative
95, 49, 92, 193, 62, 10, 178, 37, 21, 154, 200, 478, 171, 64, 2, 0, 198, 206, negative
87, 36, 53, 117, 58, 4, 118, 57, 17, 125, 138, 205, 138, 85, 9, 15, 180, 183, negative
106, 49, 107, 194, 57, 11, 214, 31, 24, 161, 224, 670, 172, 67, 0, 39, 192, 206, negative
95, 48, 104, 214, 67, 9, 205, 32, 23, 151, 227, 628, 202, 74, 5, 9, 186, 193, negative
98, 38, 70, 186, 68, 6, 164, 39, 20, 136, 189, 413, 129, 71, 3, 17, 200, 203, negative
94, 48, 87, 162, 64, 10, 157, 43, 20, 161, 179, 363, 186, 75, 4, 15, 184, 195, negative
102, 53, 101, 238, 72, 4, 238, 28, 26, 163, 267, 844, 242, 85, 7, 22, 184, 184, negative
103, 48, 101, 204, 62, 12, 200, 33, 23, 158, 215, 595, 164, 66, 8, 22, 192, 202, negative
86, 48, 75, 136, 58, 10, 161, 43, 20, 163, 170, 371, 185, 75, 3, 1, 183, 192, negative
93, 45, 86, 201, 69, 7, 184, 35, 22, 145, 203, 523, 183, 72, 0, 4, 194, 197, negative
94, 45, 85, 163, 68, 10, 157, 44, 20, 156, 170, 357, 176, 73, 17, 11, 187, 195, negative
95, 43, 71, 159, 64, 6, 145, 45, 19, 141, 169, 322, 171, 67, 8, 4, 195, 200, negative
89, 36, 68, 141, 59, 8, 139, 47, 18, 130, 166, 291, 127, 73, 7, 1, 189, 196, negative
93, 43, 78, 166, 59, 7, 151, 44, 19, 141, 182, 342, 174, 68, 15, 2, 193, 197, negative
84, 37, 70, 145, 62, 9, 136, 48, 18, 134, 159, 280, 140, 68, 11, 9, 194, 202, negative
96, 41, 77, 177, 64, 5, 177, 36, 21, 134, 205, 485, 148, 74, 0, 4, 196, 198, negative
98, 38, 66, 130, 55, 7, 130, 51, 18, 138, 160, 251, 123, 69, 3, 12, 191, 194, negative
80, 36, 69, 127, 56, 7, 128, 53, 18, 124, 147, 240, 133, 70, 2, 21, 183, 191, negative
94, 38, 84, 158, 55, 9, 169, 39, 20, 130, 196, 430, 155, 69, 9, 15, 190, 195, negative
93, 44, 90, 166, 65, 10, 153, 44, 19, 156, 170, 348, 143, 66, 9, 17, 194, 203, negative
98, 44, 88, 176, 67, 10, 158, 43, 20, 149, 173, 367, 154, 66, 14, 9, 194, 202, negative
91, 42, 80, 162, 66, 8, 148, 44, 19, 145, 171, 331, 147, 70, 3, 5, 189, 199, negative
97, 37, 78, 181, 62, 8, 161, 41, 20, 131, 182, 389, 117, 62, 2, 28, 203, 211, negative
89, 41, 76, 183, 73, 7, 157, 42, 19, 136, 181, 373, 153, 74, 8, 12, 191, 195, negative
106, 53, 98, 203, 63, 11, 220, 30, 25, 167, 228, 710, 214, 71, 10, 24, 188, 197, negative
89, 46, 78, 150, 63, 11, 160, 43, 20, 160, 170, 367, 176, 73, 5, 9, 185, 194, negative
87, 46, 71, 159, 66, 6, 151, 44, 19, 146, 175, 343, 189, 73, 2, 0, 186, 190, negative
83, 37, 62, 113, 53, 6, 122, 55, 17, 129, 143, 218, 135, 79, 0, 7, 181, 185, negative
98, 46, 88, 191, 63, 6, 192, 34, 22, 147, 215, 563, 174, 73, 2, 26, 194, 197, negative
97, 59, 108, 227, 70, 11, 224, 30, 25, 186, 225, 732, 218, 70, 10, 25, 186, 198, negative
87, 44, 65, 124, 56, 6, 149, 46, 19, 144, 170, 321, 171, 87, 4, 12, 179, 182, negative
86, 45, 73, 152, 63, 6, 149, 44, 19, 145, 170, 335, 176, 71, 6, 1, 189, 196, negative
85, 45, 70, 130, 58, 8, 151, 45, 19, 146, 171, 334, 187, 79, 2, 5, 181, 186, negative
86, 43, 68, 150, 64, 9, 138, 48, 18, 143, 161, 285, 174, 69, 6, 0, 192, 201, negative
91, 39, 82, 164, 68, 10, 143, 46, 19, 137, 164, 308, 158, 68, 13, 9, 191, 201, negative
89, 47, 85, 147, 58, 10, 153, 44, 19, 151, 175, 349, 186, 74, 13, 7, 186, 197, negative
86, 43, 69, 123, 54, 6, 150, 46, 19, 144, 174, 325, 177, 87, 3, 7, 180, 182, negative
91, 43, 70, 133, 55, 8, 130, 51, 18, 146, 159, 253, 156, 70, 1, 8, 190, 194, negative
105, 56, 98, 209, 64, 11, 217, 31, 24, 173, 225, 696, 216, 72, 2, 19, 188, 199, negative
102, 45, 85, 193, 64, 6, 192, 33, 22, 146, 217, 570, 163, 76, 6, 7, 195, 193, negative
82, 44, 72, 136, 61, 7, 147, 46, 19, 143, 173, 317, 183, 81, 6, 17, 181, 185, negative
87, 39, 74, 165, 66, 6, 145, 45, 19, 134, 173, 318, 139, 70, 3, 21, 195, 200, negative
98, 58, 101, 208, 65, 12, 226, 30, 25, 182, 225, 748, 216, 71, 6, 1, 185, 196, negative
91, 44, 66, 151, 63, 7, 137, 48, 18, 146, 166, 280, 167, 72, 1, 9, 188, 194, negative
82, 40, 73, 141, 57, 8, 153, 44, 19, 133, 173, 342, 153, 75, 11, 9, 181, 187, negative
86, 40, 66, 139, 59, 7, 122, 54, 17, 139, 145, 225, 143, 63, 7, 11, 202, 208, negative
108, 57, 106, 177, 51, 5, 256, 26, 28, 170, 285, 966, 261, 87, 11, 2, 182, 181, negative
77, 38, 63, 135, 59, 5, 130, 52, 18, 130, 145, 247, 139, 79, 13, 21, 183, 187, negative
98, 55, 101, 228, 70, 9, 210, 31, 24, 168, 236, 661, 245, 72, 1, 6, 188, 197, negative
83, 41, 70, 155, 65, 7, 144, 46, 19, 141, 168, 309, 147, 71, 4, 12, 188, 195, negative
81, 44, 68, 120, 53, 6, 151, 45, 19, 147, 170, 333, 178, 86, 4, 5, 179, 183, negative
100, 57, 107, 207, 63, 11, 227, 30, 25, 180, 234, 756, 205, 72, 6, 19, 186, 198, negative
82, 39, 86, 140, 54, 7, 153, 45, 19, 134, 174, 338, 139, 71, 11, 18, 183, 189, negative
98, 39, 68, 121, 49, 7, 134, 51, 18, 142, 164, 261, 134, 75, 4, 1, 186, 186, negative
88, 35, 50, 121, 58, 5, 114, 59, 17, 122, 132, 192, 138, 74, 21, 4, 182, 187, negative
86, 39, 84, 149, 57, 8, 156, 43, 20, 133, 185, 358, 157, 74, 0, 23, 183, 190, negative
