83 36 54 119 57 6 128 53 18 125 143 238 139 82 6 3 179 183 0
108 53 103 202 64 10 220 30 25 168 224 711 214 73 11 10 188 199 0
97 42 101 186 59 9 186 36 22 138 208 511 168 67 7 41 194 206 0
104 50 96 211 65 10 187 35 22 156 207 527 195 65 3 7 195 206 0
106 49 106 211 64 9 208 32 24 158 224 645 184 68 1 24 190 202 0
91 39 83 176 59 7 169 39 20 132 190 426 142 67 0 24 192 199 0
91 36 77 157 56 7 155 42 19 126 177 361 123 65 8 15 195 201 0
100 46 81 187 61 9 166 40 20 154 189 415 175 63 13 9 198 207 0
97 45 76 175 60 9 157 42 20 149 180 370 169 63 16 12 198 206 0
88 48 90 178 60 8 175 38 21 152 200 460 198 68 13 16 192 199 0
102 55 101 213 67 12 222 30 25 177 226 719 213 71 2 21 187 199 0
90 39 89 181 62 8 175 38 21 132 200 458 154 70 11 15 189 195 0
101 56 101 231 72 10 217 31 24 171 232 698 216 72 2 6 187 197 0
108 54 103 212 65 11 208 32 24 162 228 648 240 71 9 0 189 197 0
93 39 63 146 58 7 128 52 18 134 149 246 158 63 9 7 198 204 0
96 41 69 153 56 7 141 47 18 141 162 297 169 61 11 8 202 209 0
100 43 92 197 62 10 180 36 21 143 200 489 153 64 6 9 195 205 0
100 54 102 206 65 10 198 33 23 164 224 587 240 72 4 11 187 196 0
91 36 83 162 61 8 142 47 19 128 163 298 137 63 0 31 193 200 0
107 55 103 213 68 11 219 30 25 172 221 709 216 70 10 7 187 197 0
108 49 109 204 61 11 212 31 24 159 229 665 215 71 16 11 190 199 0
94 46 77 169 60 8 158 42 20 148 181 373 181 67 12 2 193 199 0
88 46 74 171 68 6 152 43 19 148 180 349 192 71 5 11 189 195 1
89 42 85 144 58 10 152 44 19 144 173 345 161 72 8 13 187 197 1
82 44 72 118 52 7 152 44 19 147 174 340 177 82 2 2 180 185 1
93 46 82 145 58 11 159 43 20 160 180 371 189 77 2 4 183 194 1
89 47 84 133 55 11 157 44 20 160 169 354 176 74 5 9 182 192 1
96 40 70 120 50 8 137 50 18 141 162 269 139 80 10 13 183 183 1
89 41 75 143 56 7 146 46 19 137 170 317 156 76 18 5 184 188 1
101 53 103 203 63 9 195 34 22 162 210 571 210 68 5 5 191 198 1
91 42 84 209 75 6 171 38 20 138 189 446 161 69 3 12 196 201 1
88 35 50 121 58 5 114 59 17 122 132 192 138 74 21 4 182 187 1
85 43 64 128 56 8 150 46 19 144 168 324 173 82 9 14 180 184 1
94 44 84 216 74 6 184 35 22 145 208 525 154 73 4 22 196 197 1
110 56 103 223 64 5 250 26 27 169 280 928 239 85 4 6 184 183 1
107 52 101 218 64 11 202 33 23 164 219 610 192 65 17 2 197 206 1
108 51 103 197 60 11 211 31 24 160 222 661 187 67 7 3 190 200 1
88 40 78 186 73 6 158 41 20 134 185 379 148 73 1 11 193 197 1
93 37 73 174 68 7 151 43 19 131 175 347 135 68 1 22 196 205 1
81 44 68 120 53 6 151 45 19 147 170 333 178 86 4 5 179 183 1
96 37 74 199 74 5 165 39 20 128 188 419 136 72 1 3 196 200 1
85 42 59 132 58 7 149 46 19 144 166 320 172 83 8 4 179 182 1
93 41 75 124 51 7 140 49 18 141 164 284 149 77 5 15 184 185 1
104 58 103 230 69 11 219 30 25 176 231 716 246 71 7 4 187 196 1
86 41 66 129 55 7 135 50 18 136 154 266 165 74 3 4 180 187 1
90 38 75 164 64 7 151 43 19 131 168 345 139 66 0 0 195 204 1
98 40 77 171 61 6 172 37 21 139 197 457 141 72 4 17 199 201 1
89 36 68 149 60 8 133 50 18 134 153 265 119 62 6 18 201 209 1
85 45 70 130 58 8 151 45 19 146 171 334 187 79 2 5 181 186 1
90 42 63 126 55 7 152 45 19 142 173 336 173 81 0 15 180 184 1
86 42 65 125 54 7 150 45 19 140 171 327 172 85 2 8 180 182 1
99 51 88 188 62 5 203 32 23 158 222 625 219 77 8 26 191 190 1
87 41 73 158 64 7 151 44 19 138 175 341 152 73 3 8 190 194 1
86 40 75 146 62 6 140 48 18 135 158 290 162 72 3 21 183 190 1
89 40 69 147 58 6 132 50 18 137 155 260 151 61 16 6 203 209 1
87 45 77 153 59 7 154 44 19 145 181 350 172 75 15 14 184 189 1
109 52 95 189 58 4 227 29 25 158 262 776 217 82 0 19 187 186 1
108 57 106 177 51 5 256 26 28 170 285 966 261 87 11 2 182 181 1
87 42 64 150 64 10 133 50 18 141 157 265 159 67 7 0 193 201 1
101 52 105 162 53 10 212 31 24 163 226 669 204 74 12 11 186 194 1
85 42 70 130 56 7 150 45 19 145 177 328 172 82 10 14 181 185 1
94 37 74 169 59 7 162 41 20 133 178 394 130 63 6 6 198 204 1
89 46 78 150 63 11 160 43 20 160 170 367 176 73 5 9 185 194 1
104 57 103 222 72 12 221 30 25 177 223 718 218 72 11 12 186 195 1
88 43 70 177 74 19 152 44 19 143 180 342 168 76 1 9 186 189 1
88 44 84 135 55 12 155 44 20 158 176 351 164 75 7 11 183 195 1
92 40 66 111 48 7 139 50 19 140 159 277 148 85 12 19 182 183 1
105 55 96 181 56 9 219 30 25 175 231 713 216 74 4 5 187 194 1
90 48 81 144 60 9 150 44 19 156 173 333 200 75 2 0 185 195 1
98 51 84 207 72 7 184 35 21 161 199 520 198 72 9 11 196 199 1
97 37 78 181 62 8 161 41 20 131 182 389 117 62 2 28 203 211 1
90 47 85 161 64 10 163 42 20 160 177 389 185 73 9 0 185 195 1
114 57 102 181 52 6 257 26 28 169 287 968 261 85 2 21 182 184 1
96 46 88 174 68 10 155 43 19 148 173 354 182 69 14 15 194 202 1
86 39 58 125 55 5 117 57 17 134 140 204 148 69 7 6 190 194 1
90 44 69 152 64 7 135 49 18 145 165 272 162 75 3 2 187 191 1
91 46 101 199 65 9 196 34 23 146 219 574 199 73 5 8 186 194 1
93 37 70 126 52 9 127 53 18 137 156 238 119 71 2 13 191 190 1
85 43 66 120 54 5 148 46 19 145 168 320 174 87 8 2 179 181 1
90 48 85 157 64 11 161 43 20 167 175 375 186 74 3 16 185 195 1
99 57 100 177 54 13 224 30 25 188 223 726 213 72 4 7 185 198 1
100 47 70 185 70 7 162 40 20 153 179 406 172 68 9 6 200 205 1
95 43 76 142 57 10 151 44 19 149 173 339 159 71 2 23 187 200 1
90 44 72 157 64 8 137 48 18 144 159 283 171 65 9 4 196 203 1
93 34 66 140 56 7 130 51 18 120 151 251 114 62 5 29 201 207 1
