@relation  vehicle1
@attribute Compactness integer[73,119]
@attribute Circularity integer[33,59]
@attribute Distance_circularity integer[40,112]
@attribute Radius_ratio integer[104,333]
@attribute Praxis_aspect_ratio integer[47,138]
@attribute Max_length_aspect_ratio integer[2,55]
@attribute Scatter_ratio integer[112,265]
@attribute Elongatedness integer[26,61]
@attribute Praxis_rectangular integer[17,29]
@attribute Length_rectangular integer[118,188]
@attribute Major_variance integer[130,320]
@attribute Minor_variance integer[184,1018]
@attribute Gyration_radius integer[109,268]
@attribute Major_skewness integer[59,135]
@attribute Minor_skewness integer[0,22]
@attribute Minor_kurtosis integer[0,41]
@attribute Major_kurtosis integer[176,206]
@attribute Hollows_ratio integer[181,211]
@attribute Class{positive,negative}
@inputs Compactness,Circularity,Distance_circularity,Radius_ratio,Praxis_aspect_ratio,Max_length_aspect_ratio,Scatter_ratio,Elongatedness,Praxis_rectangular,Length_rectangular,Major_variance,Minor_variance,Gyration_radius,Major_skewness,Minor_skewness,Minor_kurtosis,Major_kurtosis,Hollows_ratio
@outputs Class
@data
89, 48, 85, 189, 64, 8, 169, 39, 20, 153, 188, 427, 190, 64, 16, 5, 195, 201, positive
105, 53, 105, 184, 57, 11, 211, 31, 24, 168, 224, 661, 218, 71, 0, 15, 186, 197, positive
111, 50, 103, 199, 60, 11, 211, 31, 24, 156, 223, 663, 188, 68, 9, 9, 190, 200, positive
104, 52, 100, 191, 59, 9, 197, 33, 23, 158, 218, 583, 234, 70, 10, 10, 191, 198, positive
115, 52, 100, 203, 62, 10, 217, 31, 24, 165, 229, 697, 214, 72, 14, 4, 188, 197, positive
86, 36, 78, 146, 58, 7, 135, 50, 18, 124, 155, 270, 148, 66, 0, 25, 190, 195, positive
107, 55, 103, 213, 68, 11, 219, 30, 25, 172, 221, 709, 216, 70, 10, 7, 187, 197, positive
107, 53, 108, 213, 64, 12, 206, 32, 23, 163, 216, 627, 202, 65, 21, 22, 194, 205, positive
90, 36, 57, 130, 57, 6, 121, 56, 17, 127, 137, 216, 132, 68, 22, 23, 190, 195, positive
104, 49, 105, 209, 61, 11, 207, 32, 24, 157, 217, 637, 168, 64, 0, 19, 193, 207, positive
104, 53, 108, 204, 64, 11, 220, 31, 25, 172, 226, 707, 203, 71, 14, 30, 189, 203, positive
90, 43, 72, 172, 59, 8, 154, 42, 19, 144, 174, 360, 158, 61, 15, 9, 203, 209, positive
85, 40, 75, 137, 56, 7, 152, 44, 19, 134, 173, 339, 160, 76, 7, 16, 182, 187, positive
89, 42, 80, 151, 62, 6, 144, 46, 19, 139, 166, 308, 170, 74, 17, 13, 185, 189, positive
78, 38, 63, 115, 51, 6, 142, 47, 19, 130, 162, 299, 146, 77, 2, 4, 181, 185, positive
101, 52, 101, 197, 62, 9, 188, 35, 22, 162, 208, 527, 203, 67, 14, 15, 193, 202, positive
86, 36, 77, 165, 60, 7, 150, 45, 19, 128, 174, 331, 131, 66, 0, 32, 196, 203, positive
89, 47, 83, 169, 61, 8, 164, 40, 20, 150, 189, 402, 190, 72, 7, 10, 187, 193, positive
90, 39, 89, 181, 62, 8, 175, 38, 21, 132, 200, 458, 154, 70, 11, 15, 189, 195, positive
110, 46, 100, 197, 61, 9, 193, 34, 22, 149, 209, 561, 160, 65, 11, 7, 194, 203, positive
108, 54, 103, 212, 65, 11, 208, 32, 24, 162, 228, 648, 240, 71, 9, 0, 189, 197, positive
98, 38, 72, 192, 69, 5, 166, 38, 20, 131, 189, 427, 138, 70, 1, 3, 200, 202, negative
89, 41, 75, 143, 56, 7, 146, 46, 19, 137, 170, 317, 156, 76, 18, 5, 184, 188, negative
101, 53, 108, 184, 54, 12, 216, 31, 24, 172, 220, 685, 187, 68, 4, 24, 190, 201, negative
90, 39, 57, 114, 48, 7, 135, 51, 18, 139, 155, 261, 151, 85, 12, 8, 183, 182, negative
90, 47, 85, 161, 64, 10, 163, 42, 20, 160, 177, 389, 185, 73, 9, 0, 185, 195, negative
93, 47, 85, 161, 65, 12, 155, 43, 19, 157, 179, 354, 178, 76, 2, 9, 184, 196, negative
105, 54, 105, 213, 67, 10, 200, 33, 23, 163, 214, 597, 214, 68, 10, 20, 190, 198, negative
93, 47, 84, 205, 71, 7, 176, 36, 21, 152, 190, 476, 201, 70, 7, 19, 198, 201, negative
89, 36, 51, 109, 52, 6, 118, 57, 17, 129, 137, 206, 125, 80, 2, 14, 181, 185, negative
99, 52, 104, 177, 55, 10, 210, 32, 24, 166, 219, 657, 215, 73, 3, 2, 187, 194, negative
99, 47, 91, 226, 74, 5, 202, 32, 23, 148, 234, 629, 186, 79, 4, 11, 192, 191, negative
98, 46, 77, 199, 71, 7, 166, 39, 20, 150, 184, 422, 180, 69, 13, 9, 200, 203, negative
89, 46, 84, 163, 66, 11, 159, 43, 20, 159, 173, 368, 176, 72, 1, 20, 186, 197, negative
109, 55, 102, 169, 51, 6, 241, 27, 26, 165, 265, 870, 247, 84, 10, 11, 184, 183, negative
96, 52, 104, 222, 67, 9, 198, 33, 23, 163, 217, 589, 226, 67, 12, 20, 192, 201, negative
94, 49, 82, 137, 56, 10, 159, 43, 20, 160, 176, 367, 186, 76, 10, 7, 183, 192, negative
107, 45, 92, 197, 62, 10, 188, 35, 22, 148, 202, 526, 159, 64, 12, 20, 195, 203, negative
93, 48, 84, 150, 63, 11, 156, 44, 20, 165, 171, 354, 188, 73, 8, 15, 185, 195, negative
86, 45, 71, 155, 66, 7, 146, 45, 19, 144, 167, 322, 176, 72, 5, 6, 189, 196, negative
93, 35, 66, 154, 59, 6, 142, 46, 18, 128, 162, 304, 120, 64, 5, 13, 197, 202, negative
91, 45, 75, 154, 57, 6, 150, 44, 19, 146, 170, 335, 180, 66, 16, 2, 193, 198, negative
80, 39, 60, 122, 56, 6, 139, 49, 18, 131, 151, 281, 142, 80, 0, 5, 179, 186, negative
91, 41, 93, 197, 65, 9, 183, 36, 21, 137, 202, 504, 153, 66, 11, 24, 193, 200, negative
88, 42, 64, 151, 62, 8, 130, 51, 18, 142, 150, 253, 161, 63, 3, 2, 203, 210, negative
97, 35, 66, 151, 64, 8, 128, 52, 18, 129, 148, 246, 112, 66, 6, 2, 195, 200, negative
88, 38, 77, 156, 56, 7, 163, 41, 20, 129, 184, 395, 140, 67, 1, 9, 192, 198, negative
89, 40, 76, 188, 76, 7, 150, 44, 19, 136, 174, 342, 148, 72, 3, 8, 193, 197, negative
95, 49, 82, 139, 56, 11, 159, 43, 20, 162, 173, 365, 185, 75, 7, 10, 182, 191, negative
85, 44, 70, 205, 103, 52, 149, 45, 19, 144, 241, 325, 188, 127, 9, 11, 180, 183, negative
93, 45, 73, 164, 59, 7, 159, 42, 20, 146, 182, 379, 188, 65, 11, 15, 195, 201, negative
96, 44, 68, 190, 70, 7, 155, 41, 19, 145, 179, 372, 166, 67, 5, 7, 202, 206, negative
105, 55, 96, 181, 56, 9, 219, 30, 25, 175, 231, 713, 216, 74, 4, 5, 187, 194, negative
90, 48, 77, 132, 56, 10, 157, 44, 20, 164, 169, 354, 187, 78, 1, 3, 182, 191, negative
79, 43, 72, 141, 62, 8, 153, 44, 19, 144, 175, 344, 174, 78, 0, 8, 182, 188, negative
86, 39, 58, 125, 55, 5, 117, 57, 17, 134, 140, 204, 148, 69, 7, 6, 190, 194, negative
94, 44, 84, 216, 74, 6, 184, 35, 22, 145, 208, 525, 154, 73, 4, 22, 196, 197, negative
100, 50, 98, 204, 63, 6, 218, 30, 24, 156, 232, 719, 213, 77, 8, 7, 189, 189, negative
84, 44, 65, 128, 55, 8, 150, 46, 19, 148, 169, 325, 176, 82, 1, 11, 179, 183, negative
90, 42, 63, 126, 55, 7, 152, 45, 19, 142, 173, 336, 173, 81, 0, 15, 180, 184, negative
83, 46, 73, 137, 59, 6, 148, 45, 19, 146, 167, 327, 183, 75, 8, 0, 185, 191, negative
83, 45, 73, 161, 68, 8, 142, 46, 18, 144, 169, 305, 179, 71, 10, 3, 191, 199, negative
83, 44, 70, 166, 69, 5, 143, 46, 18, 143, 166, 306, 170, 69, 7, 6, 188, 193, negative
82, 44, 72, 150, 64, 7, 154, 44, 19, 144, 181, 350, 177, 80, 0, 16, 183, 187, negative
85, 42, 66, 120, 53, 7, 149, 46, 19, 143, 169, 321, 160, 85, 10, 7, 180, 182, negative
94, 37, 72, 146, 60, 9, 133, 50, 18, 135, 161, 262, 128, 69, 2, 7, 192, 195, negative
104, 52, 110, 172, 53, 10, 219, 30, 25, 166, 235, 711, 218, 74, 10, 28, 188, 198, negative
100, 44, 93, 193, 62, 8, 186, 35, 22, 147, 202, 521, 151, 66, 0, 2, 193, 198, negative
78, 43, 70, 147, 65, 8, 147, 46, 19, 145, 169, 319, 168, 77, 1, 12, 181, 186, negative
85, 39, 77, 151, 59, 8, 150, 45, 19, 134, 176, 331, 133, 73, 0, 16, 184, 193, negative
98, 55, 101, 219, 69, 11, 225, 30, 25, 178, 231, 748, 216, 74, 6, 14, 187, 195, negative
92, 40, 66, 111, 48, 7, 139, 50, 19, 140, 159, 277, 148, 85, 12, 19, 182, 183, negative
85, 40, 66, 121, 52, 4, 152, 44, 19, 133, 170, 340, 163, 87, 13, 3, 180, 183, negative
85, 39, 68, 119, 52, 5, 128, 53, 18, 135, 148, 241, 142, 75, 8, 8, 182, 187, negative
107, 57, 106, 179, 51, 8, 257, 26, 28, 172, 275, 954, 232, 83, 2, 20, 181, 184, negative
83, 40, 59, 116, 53, 7, 132, 52, 18, 137, 145, 250, 157, 84, 12, 6, 177, 183, negative
106, 55, 98, 224, 68, 11, 215, 31, 24, 170, 222, 679, 214, 68, 2, 29, 189, 201, negative
86, 45, 71, 170, 70, 6, 146, 45, 19, 146, 172, 321, 189, 71, 10, 8, 187, 191, negative
85, 43, 66, 130, 57, 6, 151, 45, 19, 143, 173, 333, 168, 86, 4, 9, 180, 183, negative
102, 43, 96, 197, 63, 10, 185, 36, 22, 142, 202, 513, 139, 65, 8, 12, 195, 204, negative
89, 41, 84, 141, 58, 9, 149, 45, 19, 145, 172, 330, 162, 72, 4, 18, 188, 200, negative
94, 36, 66, 151, 61, 8, 133, 50, 18, 135, 154, 265, 119, 62, 9, 3, 201, 208, negative
86, 42, 64, 122, 54, 6, 148, 46, 19, 143, 170, 319, 171, 87, 1, 3, 179, 182, negative
110, 56, 109, 199, 57, 5, 251, 27, 27, 169, 272, 928, 268, 82, 11, 10, 183, 183, negative
