@relation  vehicle1
@attribute Compactness integer[73,119]
@attribute Circularity integer[33,59]
@attribute Distance_circularity integer[40,112]
@attribute Radius_ratio integer[104,333]
@attribute Praxis_aspect_ratio integer[47,138]
@attribute Max_length_aspect_ratio integer[2,55]
@attribute Scatter_ratio integer[112,265]
@attribute Elongatedness integer[26,61]
@attribute Praxis_rectangular integer[17,29]
@attribute Length_rectangular integer[118,188]
@attribute Major_variance integer[130,320]
@attribute Minor_variance integer[184,1018]
@attribute Gyration_radius integer[109,268]
@attribute Major_skewness integer[59,135]
@attribute Minor_skewness integer[0,22]
@attribute Minor_kurtosis integer[0,41]
@attribute Major_kurtosis integer[176,206]
@attribute Hollows_ratio integer[181,211]
@attribute Class{positive,negative}
@inputs Compactness,Circularity,Distance_circularity,Radius_ratio,Praxis_aspect_ratio,Max_length_aspect_ratio,Scatter_ratio,Elongatedness,Praxis_rectangular,Length_rectangular,Major_variance,Minor_variance,Gyration_radius,Major_skewness,Minor_skewness,Minor_kurtosis,Major_kurtosis,Hollows_ratio
@outputs Class
@data
98, 38, 78, 191, 65, 8, 169, 39, 20, 136, 197, 430, 141, 67, 9, 20, 192, 199, positive
104, 54, 101, 197, 64, 11, 213, 31, 24, 172, 218, 669, 222, 74, 14, 4, 187, 196, positive
104, 53, 101, 199, 65, 11, 213, 31, 24, 168, 216, 667, 221, 72, 12, 12, 187, 198, positive
105, 45, 100, 195, 61, 10, 198, 33, 23, 149, 214, 586, 186, 67, 8, 5, 192, 200, positive
109, 52, 104, 199, 60, 12, 215, 31, 24, 162, 220, 691, 212, 67, 11, 7, 189, 199, positive
83, 37, 54, 131, 61, 4, 135, 50, 18, 127, 152, 271, 141, 85, 3, 6, 180, 183, positive
109, 54, 103, 205, 63, 11, 222, 30, 25, 175, 229, 720, 213, 71, 6, 14, 187, 200, positive
113, 48, 98, 208, 62, 9, 203, 33, 23, 151, 216, 613, 183, 64, 17, 29, 193, 204, positive
111, 50, 103, 199, 60, 11, 211, 31, 24, 156, 223, 663, 188, 68, 9, 9, 190, 200, positive
87, 37, 60, 132, 57, 6, 128, 52, 18, 129, 154, 243, 132, 71, 1, 14, 186, 192, positive
85, 34, 53, 127, 58, 6, 116, 58, 17, 121, 137, 197, 127, 70, 3, 20, 185, 189, positive
99, 53, 105, 219, 66, 11, 204, 32, 23, 165, 221, 623, 224, 68, 0, 6, 191, 201, positive
107, 56, 104, 231, 71, 11, 219, 31, 25, 172, 226, 705, 217, 71, 19, 11, 189, 196, positive
95, 37, 71, 171, 61, 9, 157, 43, 20, 134, 178, 365, 125, 63, 5, 40, 196, 208, positive
93, 45, 81, 177, 64, 7, 160, 41, 20, 147, 180, 383, 188, 70, 11, 11, 192, 199, positive
92, 38, 71, 174, 66, 7, 154, 43, 19, 133, 181, 355, 130, 70, 4, 24, 189, 195, positive
80, 38, 63, 129, 55, 7, 146, 46, 19, 130, 168, 314, 158, 83, 9, 20, 180, 185, positive
86, 36, 78, 146, 58, 7, 135, 50, 18, 124, 155, 270, 148, 66, 0, 25, 190, 195, positive
86, 40, 62, 140, 62, 7, 150, 45, 19, 133, 165, 330, 173, 82, 2, 3, 180, 185, positive
108, 53, 103, 202, 64, 10, 220, 30, 25, 168, 224, 711, 214, 73, 11, 10, 188, 199, positive
104, 51, 108, 193, 59, 11, 217, 31, 24, 163, 232, 694, 203, 72, 15, 22, 190, 201, positive
97, 44, 96, 195, 63, 9, 185, 36, 22, 144, 202, 512, 165, 66, 4, 8, 191, 199, positive
90, 39, 85, 160, 59, 7, 163, 41, 20, 131, 189, 396, 158, 71, 7, 13, 186, 192, positive
93, 39, 63, 146, 58, 7, 128, 52, 18, 134, 149, 246, 158, 63, 9, 7, 198, 204, positive
112, 50, 104, 197, 58, 11, 208, 32, 24, 159, 223, 639, 186, 67, 15, 22, 191, 202, positive
106, 52, 108, 207, 64, 12, 221, 31, 25, 168, 229, 709, 200, 73, 22, 38, 190, 205, positive
93, 39, 86, 180, 59, 9, 167, 39, 20, 134, 186, 418, 129, 63, 6, 17, 197, 204, positive
93, 51, 90, 209, 69, 8, 183, 36, 22, 156, 211, 506, 230, 70, 6, 1, 189, 196, positive
85, 40, 75, 137, 56, 7, 152, 44, 19, 134, 173, 339, 160, 76, 7, 16, 182, 187, positive
98, 51, 96, 203, 66, 10, 188, 35, 22, 157, 207, 533, 231, 68, 10, 1, 191, 199, positive
94, 38, 88, 179, 60, 7, 170, 39, 21, 131, 188, 435, 144, 66, 2, 28, 195, 204, positive
95, 53, 95, 202, 65, 10, 193, 34, 22, 160, 220, 559, 237, 71, 3, 2, 188, 196, positive
113, 53, 93, 197, 62, 11, 216, 31, 24, 165, 221, 688, 196, 72, 6, 25, 188, 199, positive
91, 39, 88, 189, 63, 9, 175, 38, 21, 132, 197, 457, 156, 69, 0, 23, 191, 198, positive
86, 36, 77, 165, 60, 7, 150, 45, 19, 128, 174, 331, 131, 66, 0, 32, 196, 203, positive
98, 50, 90, 192, 63, 9, 177, 37, 21, 155, 195, 472, 197, 65, 10, 1, 193, 201, positive
91, 40, 98, 192, 64, 9, 177, 38, 21, 135, 194, 465, 165, 66, 9, 35, 195, 205, positive
102, 54, 106, 221, 68, 11, 207, 32, 24, 164, 228, 638, 238, 71, 0, 26, 189, 200, positive
90, 34, 66, 158, 59, 7, 140, 47, 18, 124, 165, 298, 117, 61, 1, 3, 201, 207, positive
100, 54, 102, 206, 65, 10, 198, 33, 23, 164, 224, 587, 240, 72, 4, 11, 187, 196, positive
104, 55, 100, 201, 66, 10, 214, 31, 24, 173, 224, 680, 221, 74, 1, 1, 185, 194, positive
91, 38, 75, 136, 53, 6, 144, 47, 19, 131, 165, 305, 149, 69, 1, 7, 186, 191, positive
102, 51, 104, 217, 67, 10, 204, 32, 23, 162, 220, 621, 195, 68, 3, 19, 188, 197, positive
94, 39, 89, 194, 62, 9, 172, 38, 21, 135, 191, 444, 121, 63, 4, 23, 201, 209, negative
95, 44, 84, 158, 62, 10, 145, 46, 19, 148, 163, 312, 166, 64, 10, 6, 199, 206, negative
103, 56, 100, 185, 59, 11, 216, 31, 24, 173, 219, 684, 219, 75, 15, 11, 186, 194, negative
87, 42, 64, 150, 64, 10, 133, 50, 18, 142, 157, 264, 159, 67, 7, 1, 193, 201, negative
95, 42, 96, 197, 65, 9, 178, 37, 21, 141, 199, 474, 149, 67, 1, 29, 193, 200, negative
100, 47, 70, 185, 70, 7, 162, 40, 20, 153, 179, 406, 172, 68, 9, 6, 200, 205, negative
92, 39, 76, 180, 71, 6, 152, 43, 19, 131, 179, 350, 143, 72, 6, 14, 195, 200, negative
96, 47, 103, 215, 69, 10, 200, 33, 23, 147, 220, 598, 200, 73, 6, 6, 187, 194, negative
85, 35, 47, 110, 55, 3, 117, 57, 17, 122, 136, 203, 139, 89, 5, 9, 180, 184, negative
103, 55, 100, 194, 62, 11, 212, 31, 24, 175, 217, 666, 219, 73, 10, 14, 187, 194, negative
101, 48, 107, 222, 68, 10, 208, 32, 24, 154, 232, 641, 204, 70, 5, 38, 190, 202, negative
96, 37, 74, 199, 74, 5, 165, 39, 20, 128, 188, 419, 136, 72, 1, 3, 196, 200, negative
89, 45, 81, 246, 102, 43, 155, 44, 20, 160, 200, 347, 177, 90, 9, 17, 183, 192, negative
103, 52, 103, 170, 52, 7, 236, 28, 26, 160, 254, 816, 250, 82, 3, 23, 183, 184, negative
109, 48, 107, 215, 62, 10, 205, 32, 23, 158, 222, 624, 168, 65, 9, 32, 195, 206, negative
90, 48, 78, 142, 59, 11, 160, 43, 20, 160, 173, 370, 185, 76, 10, 11, 183, 192, negative
99, 48, 79, 199, 68, 6, 185, 35, 22, 153, 202, 524, 171, 74, 5, 8, 195, 195, negative
93, 47, 85, 163, 66, 11, 156, 44, 20, 158, 172, 355, 178, 74, 7, 15, 183, 195, negative
97, 47, 87, 164, 64, 9, 156, 43, 20, 149, 173, 359, 182, 68, 1, 13, 192, 202, negative
87, 44, 70, 179, 75, 6, 146, 45, 19, 141, 167, 326, 178, 69, 6, 1, 194, 201, negative
87, 41, 73, 158, 64, 7, 151, 44, 19, 138, 175, 341, 152, 73, 3, 8, 190, 194, negative
91, 39, 77, 153, 59, 8, 139, 48, 18, 139, 159, 289, 123, 62, 8, 17, 201, 209, negative
88, 44, 77, 167, 59, 6, 151, 44, 19, 145, 175, 343, 177, 64, 9, 12, 202, 208, negative
86, 37, 69, 150, 63, 8, 138, 48, 18, 134, 163, 284, 124, 71, 1, 6, 189, 195, negative
105, 51, 80, 207, 71, 6, 195, 33, 22, 159, 214, 579, 188, 75, 6, 20, 194, 194, negative
87, 49, 86, 190, 64, 9, 177, 37, 21, 153, 197, 471, 209, 67, 11, 7, 192, 199, negative
83, 45, 73, 161, 68, 8, 142, 46, 18, 144, 169, 305, 179, 71, 10, 3, 191, 199, negative
91, 37, 76, 138, 55, 8, 132, 51, 18, 135, 157, 256, 124, 69, 0, 12, 191, 192, negative
85, 36, 72, 127, 56, 7, 127, 54, 18, 125, 144, 233, 123, 70, 3, 30, 184, 194, negative
91, 42, 81, 193, 69, 5, 169, 38, 20, 137, 184, 434, 156, 68, 3, 23, 198, 204, negative
95, 42, 85, 174, 66, 9, 153, 44, 19, 144, 168, 347, 150, 65, 11, 5, 196, 204, negative
88, 34, 69, 152, 57, 5, 138, 48, 18, 122, 158, 284, 120, 62, 9, 29, 204, 210, negative
96, 46, 70, 194, 70, 6, 167, 39, 20, 148, 183, 427, 171, 69, 17, 10, 200, 203, negative
91, 46, 75, 185, 75, 7, 154, 42, 19, 147, 178, 362, 192, 72, 8, 8, 192, 199, negative
82, 45, 66, 252, 126, 52, 148, 45, 19, 144, 237, 326, 185, 119, 1, 1, 181, 185, negative
88, 38, 77, 156, 56, 7, 163, 41, 20, 129, 184, 395, 140, 67, 1, 9, 192, 198, negative
81, 43, 68, 139, 62, 7, 149, 46, 19, 145, 172, 323, 171, 83, 1, 14, 180, 184, negative
98, 44, 88, 176, 67, 10, 158, 43, 20, 149, 173, 367, 154, 66, 14, 9, 194, 202, negative
104, 57, 103, 216, 69, 11, 219, 30, 25, 176, 228, 708, 219, 73, 4, 3, 186, 196, negative
90, 46, 80, 143, 62, 11, 159, 43, 20, 156, 169, 366, 186, 74, 17, 7, 185, 193, negative
81, 46, 71, 130, 56, 7, 153, 44, 19, 149, 172, 342, 191, 81, 3, 14, 180, 186, negative
86, 39, 60, 140, 60, 7, 119, 55, 17, 134, 140, 212, 141, 61, 7, 8, 200, 207, negative
95, 43, 96, 202, 65, 10, 189, 35, 22, 143, 217, 534, 166, 71, 6, 27, 190, 197, negative
103, 54, 107, 218, 64, 12, 222, 30, 25, 174, 221, 728, 199, 67, 0, 18, 189, 200, negative
106, 55, 96, 196, 60, 12, 221, 30, 25, 173, 225, 717, 214, 72, 9, 13, 186, 196, negative
87, 43, 65, 127, 56, 8, 149, 46, 19, 143, 169, 322, 171, 85, 6, 3, 180, 182, negative
86, 44, 70, 140, 64, 6, 148, 45, 19, 145, 170, 322, 185, 82, 10, 1, 181, 183, negative
81, 45, 68, 154, 69, 22, 151, 45, 19, 147, 186, 335, 186, 88, 1, 10, 180, 185, negative
83, 42, 71, 152, 64, 7, 149, 45, 19, 142, 172, 331, 158, 74, 2, 2, 184, 190, negative
92, 42, 69, 153, 58, 8, 140, 48, 18, 138, 165, 290, 151, 64, 10, 21, 199, 206, negative
96, 45, 80, 162, 63, 9, 146, 46, 19, 148, 161, 316, 161, 64, 5, 10, 199, 207, negative
84, 44, 80, 140, 58, 11, 156, 44, 20, 157, 166, 349, 176, 74, 5, 17, 183, 193, negative
85, 43, 66, 123, 55, 7, 150, 45, 19, 146, 172, 326, 173, 83, 4, 15, 180, 183, negative
89, 42, 66, 125, 53, 7, 131, 51, 18, 144, 162, 254, 162, 73, 10, 17, 188, 191, negative
86, 38, 58, 119, 56, 4, 118, 57, 17, 129, 140, 208, 152, 78, 9, 2, 184, 186, negative
106, 54, 105, 164, 48, 5, 247, 27, 27, 165, 269, 891, 243, 84, 12, 1, 181, 182, negative
93, 45, 73, 164, 59, 7, 159, 42, 20, 146, 182, 379, 188, 65, 11, 15, 195, 201, negative
100, 41, 75, 205, 71, 5, 176, 36, 21, 138, 204, 479, 151, 72, 7, 19, 197, 197, negative
85, 43, 66, 120, 54, 5, 148, 46, 19, 145, 168, 320, 174, 87, 8, 2, 179, 181, negative
100, 57, 107, 207, 63, 11, 227, 30, 25, 180, 234, 756, 205, 72, 6, 19, 186, 198, negative
78, 43, 70, 147, 65, 8, 147, 46, 19, 145, 169, 319, 168, 77, 1, 12, 181, 186, negative
80, 43, 68, 120, 54, 8, 150, 45, 19, 145, 171, 329, 176, 85, 4, 8, 179, 183, negative
97, 41, 62, 133, 56, 7, 130, 52, 18, 143, 158, 247, 157, 78, 5, 7, 184, 186, negative
93, 42, 88, 188, 62, 10, 183, 36, 21, 141, 208, 504, 168, 70, 3, 12, 189, 197, negative
88, 43, 70, 177, 74, 19, 152, 44, 19, 143, 180, 342, 168, 76, 1, 9, 186, 189, negative
84, 43, 76, 180, 75, 7, 155, 43, 19, 143, 180, 359, 173, 77, 5, 12, 185, 190, negative
89, 47, 84, 133, 55, 11, 157, 44, 20, 160, 169, 354, 176, 74, 5, 9, 182, 192, negative
91, 46, 101, 199, 65, 9, 196, 34, 23, 146, 219, 574, 199, 73, 5, 8, 186, 194, negative
104, 54, 91, 209, 67, 11, 218, 31, 24, 170, 223, 697, 196, 74, 4, 21, 187, 196, negative
103, 54, 91, 179, 57, 11, 220, 31, 25, 170, 220, 707, 198, 72, 1, 32, 186, 198, negative
94, 37, 72, 193, 72, 6, 158, 41, 19, 133, 184, 385, 127, 70, 0, 14, 200, 204, negative
94, 45, 85, 160, 63, 10, 158, 43, 20, 157, 174, 367, 162, 68, 1, 6, 189, 199, negative
87, 39, 74, 165, 66, 6, 145, 45, 19, 134, 173, 318, 139, 70, 3, 21, 195, 200, negative
99, 55, 101, 219, 68, 10, 224, 30, 25, 178, 228, 737, 213, 74, 11, 20, 187, 196, negative
107, 52, 103, 186, 57, 11, 214, 31, 24, 162, 217, 676, 189, 66, 6, 5, 189, 198, negative
91, 44, 66, 151, 63, 7, 137, 48, 18, 146, 166, 280, 167, 72, 1, 9, 188, 194, negative
90, 47, 85, 145, 58, 9, 152, 44, 19, 155, 175, 345, 184, 73, 4, 2, 186, 197, negative
109, 49, 103, 186, 57, 11, 206, 32, 23, 156, 212, 630, 186, 65, 12, 21, 192, 201, negative
89, 40, 79, 154, 64, 9, 144, 46, 19, 139, 168, 311, 149, 71, 8, 7, 188, 197, negative
86, 45, 70, 122, 56, 7, 148, 45, 19, 144, 170, 324, 186, 84, 9, 5, 180, 183, negative
82, 44, 72, 136, 61, 7, 147, 46, 19, 143, 173, 317, 183, 81, 6, 17, 181, 185, negative
101, 55, 107, 200, 61, 11, 225, 30, 25, 178, 228, 730, 204, 74, 8, 35, 187, 201, negative
85, 45, 70, 130, 58, 8, 151, 45, 19, 146, 171, 334, 187, 79, 2, 5, 181, 186, negative
78, 36, 60, 116, 56, 6, 123, 55, 17, 124, 141, 221, 121, 78, 3, 16, 178, 185, negative
114, 57, 102, 181, 52, 6, 257, 26, 28, 169, 287, 968, 261, 85, 2, 21, 182, 184, negative
91, 41, 64, 148, 61, 8, 129, 51, 18, 142, 161, 249, 153, 68, 6, 12, 194, 201, negative
104, 52, 94, 208, 66, 5, 208, 31, 24, 161, 227, 666, 218, 76, 11, 4, 193, 191, negative
89, 46, 77, 125, 52, 10, 156, 44, 20, 160, 171, 351, 177, 78, 7, 17, 183, 191, negative
90, 41, 78, 145, 55, 7, 138, 48, 18, 138, 161, 284, 158, 67, 0, 1, 192, 197, negative
90, 41, 71, 169, 68, 7, 150, 44, 19, 138, 175, 336, 157, 71, 3, 18, 192, 197, negative
86, 42, 65, 125, 54, 7, 150, 45, 19, 140, 171, 327, 172, 85, 2, 8, 180, 182, negative
82, 39, 86, 140, 54, 7, 153, 45, 19, 134, 174, 338, 139, 71, 11, 18, 183, 189, negative
77, 38, 63, 135, 59, 5, 130, 52, 18, 130, 145, 247, 139, 79, 13, 21, 183, 187, negative
110, 56, 103, 223, 64, 5, 250, 26, 27, 169, 280, 928, 239, 85, 4, 6, 184, 183, negative
91, 52, 98, 196, 62, 9, 193, 34, 22, 161, 216, 562, 244, 69, 3, 1, 190, 199, negative
88, 39, 70, 166, 66, 7, 148, 44, 19, 134, 167, 332, 143, 69, 5, 13, 193, 201, negative
86, 38, 76, 143, 59, 8, 142, 47, 18, 131, 167, 301, 138, 71, 5, 10, 189, 196, negative
93, 47, 83, 165, 60, 7, 167, 40, 20, 147, 197, 417, 201, 73, 12, 4, 187, 192, negative
87, 45, 82, 164, 60, 8, 156, 42, 19, 144, 181, 366, 174, 70, 2, 2, 190, 196, negative
102, 52, 98, 225, 71, 10, 214, 31, 24, 164, 228, 682, 199, 71, 0, 16, 187, 196, negative
100, 49, 96, 206, 63, 9, 186, 35, 22, 156, 202, 519, 176, 62, 3, 5, 197, 205, negative
85, 37, 80, 158, 59, 8, 153, 44, 19, 126, 179, 348, 136, 69, 6, 21, 191, 197, negative
93, 42, 70, 131, 56, 7, 127, 53, 18, 145, 156, 240, 152, 74, 5, 4, 189, 190, negative
82, 44, 72, 118, 52, 7, 152, 44, 19, 147, 174, 340, 177, 82, 2, 2, 180, 185, negative
89, 41, 84, 141, 58, 9, 149, 45, 19, 145, 172, 330, 162, 72, 4, 18, 188, 200, negative
111, 58, 105, 183, 51, 6, 265, 26, 29, 174, 285, 1018, 255, 85, 4, 8, 181, 183, negative
76, 38, 58, 125, 58, 5, 133, 51, 18, 127, 152, 259, 145, 87, 0, 21, 177, 184, negative
89, 36, 69, 142, 57, 7, 135, 50, 18, 126, 154, 266, 128, 66, 3, 36, 193, 203, negative
85, 45, 82, 133, 56, 11, 159, 43, 20, 156, 170, 362, 173, 76, 10, 21, 183, 193, negative
84, 44, 65, 128, 55, 8, 150, 46, 19, 148, 169, 325, 176, 82, 1, 11, 179, 183, negative
85, 39, 57, 126, 56, 6, 114, 58, 17, 135, 134, 195, 145, 64, 17, 7, 197, 202, negative
88, 42, 66, 133, 57, 6, 123, 54, 17, 144, 147, 227, 160, 66, 8, 4, 193, 198, negative
89, 41, 76, 183, 73, 7, 157, 42, 19, 136, 181, 373, 153, 74, 8, 12, 191, 195, negative
85, 45, 71, 150, 63, 8, 143, 46, 19, 147, 171, 307, 179, 72, 2, 3, 187, 196, negative
86, 34, 62, 140, 61, 7, 122, 54, 17, 127, 141, 223, 112, 64, 2, 14, 200, 208, negative
90, 48, 85, 157, 64, 11, 161, 43, 20, 167, 175, 375, 186, 74, 3, 16, 185, 195, negative
92, 43, 70, 124, 52, 6, 139, 49, 18, 144, 164, 282, 172, 79, 4, 16, 183, 185, negative
95, 57, 104, 228, 74, 10, 212, 31, 24, 175, 224, 670, 223, 74, 0, 4, 186, 193, negative
96, 39, 64, 111, 48, 8, 134, 52, 18, 141, 160, 258, 139, 80, 7, 20, 183, 184, negative
100, 49, 80, 206, 70, 6, 183, 35, 21, 156, 206, 517, 198, 73, 3, 13, 198, 199, negative
105, 50, 93, 173, 54, 4, 222, 30, 25, 159, 254, 735, 206, 83, 4, 12, 186, 184, negative
85, 44, 70, 205, 103, 52, 149, 45, 19, 144, 241, 325, 188, 127, 9, 11, 180, 183, negative
104, 55, 105, 216, 68, 11, 205, 32, 23, 169, 221, 623, 216, 71, 9, 18, 189, 196, negative
98, 39, 68, 121, 49, 7, 134, 51, 18, 142, 164, 261, 134, 75, 4, 1, 186, 186, negative
92, 52, 93, 204, 67, 9, 189, 35, 22, 161, 214, 536, 240, 72, 2, 5, 188, 195, negative
98, 46, 88, 191, 63, 6, 192, 34, 22, 147, 215, 563, 174, 73, 2, 26, 194, 197, negative
