80 38 63 129 55 7 146 46 19 130 168 314 158 83 9 20 180 185 0
97 44 96 195 63 9 185 36 22 144 202 512 165 66 4 8 191 199 0
86 40 62 140 62 7 150 45 19 133 165 330 173 82 2 3 180 185 0
104 55 107 222 68 11 218 31 24 173 232 703 229 71 3 10 188 199 0
91 39 88 189 63 9 175 38 21 132 197 457 156 69 0 23 191 198 0
90 50 90 188 61 10 181 36 21 158 211 492 220 69 6 19 191 199 0
89 38 80 169 59 7 161 41 20 131 186 389 137 68 5 15 192 197 0
95 47 81 176 59 7 168 39 20 152 196 425 185 67 4 4 191 198 0
89 45 77 188 64 9 161 41 20 151 190 390 174 66 4 2 194 201 0
101 51 98 194 60 10 195 34 22 161 219 572 219 67 0 10 192 201 0
106 52 101 213 64 11 201 33 23 158 214 607 204 65 2 4 192 204 0
98 42 90 192 61 9 178 37 21 144 189 480 138 61 3 8 199 208 0
91 39 72 133 55 7 146 46 19 132 170 314 149 77 9 18 184 189 0
101 51 112 201 59 11 214 32 24 162 223 667 194 65 0 36 190 206 0
109 54 103 220 66 11 214 31 24 167 229 677 212 70 1 23 188 201 0
87 41 66 140 58 6 148 46 19 136 164 318 178 79 19 2 181 185 0
108 49 103 200 62 10 206 32 23 155 227 635 215 72 6 16 189 198 0
107 53 108 211 63 11 219 31 25 168 228 704 198 69 10 21 190 203 0
105 54 108 234 70 12 215 31 24 168 226 687 228 68 4 22 189 201 0
115 52 100 203 62 10 217 31 24 165 229 697 214 72 14 4 188 197 0
82 36 51 114 53 4 135 50 18 126 150 268 144 86 15 4 181 182 0
95 48 83 178 72 10 162 42 20 159 176 379 184 70 6 16 187 197 1
102 45 85 193 64 6 192 33 22 146 217 570 163 76 6 7 195 193 1
103 50 98 212 63 9 193 34 22 161 214 567 185 64 5 5 198 204 1
93 45 86 201 69 7 184 35 22 145 203 523 183 72 0 4 194 197 1
98 49 84 219 74 7 190 34 22 154 208 558 209 74 4 7 195 195 1
89 41 84 141 58 9 149 45 19 145 172 330 162 72 4 18 188 200 1
86 43 68 152 62 7 150 44 19 142 179 337 164 75 4 9 188 192 1
87 44 65 124 56 6 149 46 19 144 170 321 171 87 4 12 179 182 1
102 54 100 163 53 10 213 31 24 173 219 669 201 76 12 27 187 195 1
81 42 63 125 55 8 149 46 19 145 166 320 172 86 7 7 179 182 1
93 36 64 165 69 8 136 49 18 136 161 279 127 67 2 29 193 204 1
103 54 91 179 57 11 220 31 25 170 220 707 198 72 1 32 186 198 1
84 39 90 180 60 7 177 37 21 131 209 469 145 71 4 38 190 198 1
91 42 81 193 69 5 169 38 20 137 184 434 156 68 3 23 198 204 1
86 43 66 130 56 7 152 44 19 142 177 340 173 81 6 14 181 185 1
81 46 71 130 56 7 153 44 19 149 172 342 191 81 3 14 180 186 1
93 47 85 163 66 11 156 44 20 158 172 355 178 74 7 15 183 195 1
93 41 79 159 63 8 144 46 19 150 165 309 134 67 4 9 195 203 1
89 36 77 172 62 8 157 42 19 125 174 367 126 63 5 22 198 205 1
93 47 85 161 65 12 155 43 19 157 179 354 178 76 2 9 184 196 1
86 39 60 140 60 7 119 55 17 134 140 212 141 61 7 8 200 207 1
94 37 73 186 71 7 154 42 19 127 171 362 132 67 2 8 197 206 1
100 44 93 193 62 8 186 35 22 147 202 521 151 66 0 2 193 198 1
82 43 73 154 65 7 151 44 19 143 178 341 160 76 5 11 185 189 1
83 41 70 155 65 7 144 46 19 141 168 309 147 71 4 12 188 195 1
98 52 86 207 69 5 192 33 22 161 212 570 221 75 4 6 194 195 1
102 51 92 194 60 6 220 30 25 162 247 731 209 80 7 7 188 186 1
99 57 109 220 66 11 221 30 25 176 234 725 236 70 10 25 188 200 1
102 54 101 190 58 10 222 30 25 171 224 728 203 71 13 6 189 198 1
89 47 81 156 57 8 161 41 20 149 187 388 197 72 9 15 187 193 1
94 49 87 159 64 10 157 43 20 158 179 363 203 75 4 0 183 194 1
86 47 75 165 68 6 154 43 19 146 176 356 190 74 7 3 188 194 1
85 37 80 158 59 8 153 44 19 126 179 348 136 69 6 21 191 197 1
85 45 70 120 54 7 149 45 19 145 169 326 186 81 8 4 181 184 1
85 40 66 121 52 4 152 44 19 133 170 340 163 87 13 3 180 183 1
92 40 62 144 59 8 127 52 17 139 149 241 150 62 13 1 204 210 1
91 44 66 151 63 7 137 48 18 146 166 280 167 72 1 9 188 194 1
105 50 93 173 54 4 222 30 25 159 254 735 206 83 4 12 186 184 1
106 54 105 164 48 5 247 27 27 165 269 891 243 84 12 1 181 182 1
94 43 82 136 54 10 155 43 19 149 176 359 161 74 1 6 186 197 1
89 38 74 138 59 7 136 49 18 133 167 278 128 72 7 7 189 193 1
90 43 81 231 97 46 150 45 19 149 200 332 164 91 5 9 186 196 1
86 43 61 119 53 8 150 46 19 144 169 326 172 85 8 8 179 182 1
107 55 103 167 49 7 252 27 28 172 269 904 239 83 5 30 179 186 1
87 49 86 190 64 9 177 37 21 153 197 471 209 67 11 7 192 199 1
88 39 88 194 69 8 168 40 20 133 199 416 151 74 3 22 186 192 1
104 55 105 223 70 10 223 30 25 177 237 737 218 75 14 11 188 196 1
83 40 59 116 53 7 132 52 18 137 145 250 157 84 12 6 177 183 1
88 42 66 133 57 6 123 54 17 144 147 227 160 66 8 4 193 198 1
103 49 107 179 54 12 208 32 24 159 214 644 183 66 1 12 191 200 1
97 41 62 133 56 7 130 52 18 143 158 247 157 78 5 7 184 186 1
88 35 60 143 59 7 128 52 18 129 147 246 109 62 1 6 202 209 1
95 51 96 196 63 9 190 35 22 161 208 543 235 68 13 0 191 198 1
97 47 88 183 60 7 197 33 23 148 214 596 201 74 8 0 192 191 1
105 51 80 207 71 6 195 33 22 159 214 579 188 75 6 20 194 194 1
99 38 74 184 66 6 164 39 20 131 193 414 137 71 2 22 200 202 1
88 40 69 146 59 7 130 51 18 134 147 252 144 64 1 1 193 200 1
86 45 71 170 70 6 146 45 19 146 172 321 189 71 10 8 187 191 1
86 43 68 150 64 9 138 48 18 143 161 285 174 69 6 0 192 201 1
88 41 80 147 62 8 146 45 19 144 169 318 161 71 4 16 188 197 1
90 48 77 132 56 10 157 44 20 164 169 354 187 78 1 3 182 191 1
86 39 84 149 57 8 156 43 20 133 185 358 157 74 0 23 183 190 1
95 49 92 193 62 10 178 37 21 154 200 478 171 64 2 0 198 206 1
