91 39 83 176 59 7 169 39 20 132 190 426 142 67 0 24 192 199 0
107 51 103 182 56 11 213 31 24 162 226 673 217 72 2 4 188 198 0
117 52 110 228 65 12 212 31 24 163 228 668 220 66 21 25 194 205 0
101 46 105 195 61 10 198 34 23 150 213 578 195 66 7 38 192 205 0
106 53 98 176 54 10 216 31 24 171 235 691 218 74 1 9 187 197 0
82 37 59 134 63 7 135 51 18 128 151 264 143 82 11 24 179 185 0
108 56 103 234 73 10 221 30 25 174 232 718 214 73 8 3 187 197 0
102 48 105 214 64 10 201 33 23 152 214 600 178 64 0 25 192 204 0
110 53 104 223 66 10 211 32 24 164 223 659 210 67 5 16 190 203 0
83 36 54 119 57 6 128 53 18 125 143 238 139 82 6 3 179 183 0
90 36 57 130 57 6 121 56 17 127 137 216 132 68 22 23 190 195 0
98 55 104 213 67 9 206 32 23 167 223 629 220 72 5 19 187 196 0
107 54 108 228 68 12 218 31 25 170 223 700 224 67 13 25 190 204 0
90 37 80 171 58 9 157 42 20 132 172 373 115 60 3 18 201 209 0
94 46 77 169 60 8 158 42 20 148 181 373 181 67 12 2 193 199 0
89 38 82 156 59 8 153 43 19 129 179 351 137 70 1 1 187 192 0
87 41 66 140 58 6 148 46 19 136 164 318 178 79 19 2 181 185 0
86 41 66 133 56 6 136 49 18 136 155 274 162 74 5 14 183 189 0
91 43 72 142 56 7 149 45 19 140 168 327 165 72 13 23 186 191 0
109 53 109 221 69 12 221 31 25 169 226 712 212 72 13 28 188 201 0
115 52 100 203 62 10 217 31 24 165 229 697 214 72 14 4 188 197 0
95 45 105 208 64 10 187 36 22 150 202 520 158 64 7 32 198 211 0
91 40 83 166 60 8 160 41 20 133 189 383 155 72 5 7 186 191 0
85 33 50 104 53 4 115 59 17 118 136 193 127 83 1 30 179 185 0
109 49 109 193 59 10 207 32 24 156 225 635 213 70 13 31 191 202 0
107 53 108 211 63 11 219 31 25 168 228 704 198 69 10 21 190 203 0
100 46 81 187 61 9 166 40 20 154 189 415 175 63 13 9 198 207 0
93 42 98 192 63 9 185 36 22 138 206 508 173 70 10 21 189 197 0
84 44 77 150 59 5 152 44 19 143 175 344 177 77 8 2 183 187 0
96 50 94 215 67 9 187 35 22 158 214 525 214 67 8 6 193 201 0
89 47 83 169 61 8 164 40 20 150 189 402 190 72 7 10 187 193 0
95 46 104 208 66 9 191 35 22 148 210 543 169 68 0 28 190 200 0
108 53 104 181 56 11 220 31 25 167 226 712 214 72 15 18 189 199 0
91 39 83 170 60 8 172 38 21 134 197 445 152 72 0 10 188 194 0
91 36 77 157 56 7 155 42 19 126 177 361 123 65 8 15 195 201 0
90 50 90 188 61 10 181 36 21 158 211 492 220 69 6 19 191 199 0
93 47 88 200 66 7 173 38 21 151 197 452 205 66 0 3 195 202 0
104 49 105 209 61 11 207 32 24 157 217 637 168 64 0 19 193 207 0
89 36 69 162 63 6 140 48 18 131 164 291 126 66 1 38 193 204 0
98 47 109 202 59 11 199 34 23 154 207 586 165 61 1 33 194 208 0
105 54 108 234 70 12 215 31 24 168 226 687 228 68 4 22 189 201 0
79 38 55 120 55 5 142 48 19 128 153 295 145 81 4 2 180 183 0
103 53 106 172 55 10 212 32 24 168 220 660 223 73 16 24 187 197 0
89 43 77 147 54 8 144 46 19 146 163 308 174 64 13 5 194 201 0
97 38 75 188 68 6 171 37 20 129 199 450 137 74 2 6 197 199 1
89 42 75 140 55 6 145 46 19 139 170 312 166 71 15 26 191 198 1
96 54 104 175 58 10 215 31 24 175 221 682 222 75 13 23 186 194 1
86 41 66 129 55 7 135 50 18 136 154 266 165 74 3 4 180 187 1
92 39 91 191 62 8 176 37 21 137 196 466 151 67 3 23 192 200 1
97 45 72 187 71 5 161 40 20 144 178 399 186 70 7 7 196 203 1
89 41 75 162 66 5 153 43 19 136 175 352 154 72 2 0 188 195 1
100 48 95 209 68 7 199 32 23 150 216 605 200 73 7 11 192 194 1
86 35 44 110 54 2 119 57 17 121 139 208 137 90 6 1 180 183 1
102 54 100 163 53 10 213 31 24 173 219 669 201 76 12 27 187 195 1
101 53 91 194 65 6 204 32 23 161 231 636 214 78 5 14 192 192 1
88 39 88 194 69 8 168 40 20 133 199 416 151 74 3 22 186 192 1
89 47 83 322 133 48 158 43 20 163 229 364 176 97 0 14 184 194 1
101 54 106 188 57 7 236 28 26 164 256 833 253 81 6 14 185 185 1
102 52 101 213 64 10 203 33 23 157 214 616 186 65 0 19 193 203 1
90 48 78 143 60 11 161 43 20 159 172 374 186 75 2 2 184 193 1
100 50 81 197 67 6 186 34 22 158 206 531 198 74 6 1 197 198 1
86 47 75 165 68 6 154 43 19 146 176 356 190 74 7 3 188 194 1
96 46 88 174 68 10 155 43 19 148 173 354 182 69 14 15 194 202 1
91 42 66 169 66 7 145 44 19 140 169 325 159 67 4 0 201 207 1
86 44 77 155 60 7 152 44 19 141 174 345 161 72 9 0 187 192 1
91 38 70 160 66 25 140 47 18 139 162 296 130 67 4 11 192 202 1
93 46 85 169 66 9 151 44 19 147 169 339 179 67 0 4 195 204 1
84 38 74 138 57 8 139 49 18 127 160 282 127 72 9 20 183 191 1
104 52 101 206 62 10 198 33 23 161 207 587 204 64 2 5 195 204 1
89 50 83 195 65 6 178 37 21 156 207 481 210 71 1 6 189 194 1
89 44 70 158 64 6 141 47 18 143 164 299 173 66 9 11 193 199 1
85 37 68 145 60 6 130 51 18 130 150 253 121 65 3 14 195 203 1
89 35 70 138 58 7 126 53 17 128 147 237 112 64 4 19 199 207 1
96 48 83 177 59 8 171 39 21 152 195 438 196 67 15 0 195 201 1
90 38 75 164 64 7 151 43 19 131 168 345 139 66 0 0 195 204 1
84 37 70 150 61 7 137 49 18 140 156 278 121 64 0 23 196 205 1
86 38 89 176 59 9 169 39 20 132 190 428 148 67 7 33 193 202 1
100 46 90 172 67 9 157 43 20 150 170 363 184 67 17 7 192 200 1
90 43 81 231 97 46 150 45 19 149 200 332 164 91 5 9 186 196 1
97 37 76 169 60 8 161 41 20 131 189 391 136 72 0 0 188 192 1
89 42 70 148 62 7 147 45 19 143 176 323 153 76 2 6 186 189 1
90 36 78 179 64 8 157 42 19 126 182 367 142 66 1 20 192 198 1
104 56 96 231 74 11 220 30 25 172 223 713 218 73 6 16 186 195 1
90 48 78 134 56 11 160 43 20 167 169 366 185 76 1 14 182 192 1
81 47 69 146 64 6 151 44 19 147 171 340 195 75 5 0 183 188 1
85 36 66 123 55 5 120 56 17 128 140 212 131 73 1 18 186 190 1
97 46 101 210 66 8 192 35 22 151 208 546 169 66 1 32 191 200 1
99 57 109 220 66 11 221 30 25 176 234 725 236 70 10 25 188 200 1
104 58 103 230 69 11 219 30 25 176 231 716 246 71 7 4 187 196 1
81 43 68 125 57 8 149 46 19 146 169 323 172 83 6 18 179 184 1
83 44 68 144 61 8 147 45 19 143 170 325 180 74 1 1 185 191 1
82 43 73 158 68 7 151 44 19 145 181 337 173 80 2 17 183 188 1
86 46 70 149 65 8 149 45 19 146 170 331 185 77 6 6 183 188 1
87 45 66 139 58 8 140 47 18 148 168 294 175 73 3 12 188 196 1
94 45 81 166 67 9 145 46 19 147 164 313 179 66 11 14 194 202 1
88 43 84 136 55 11 154 44 19 150 174 350 164 73 6 2 185 196 1
87 42 60 116 51 6 150 46 19 141 169 324 171 85 2 14 178 182 1
90 42 63 144 59 7 131 50 18 142 154 259 162 65 15 3 197 204 1
88 37 51 105 52 5 119 57 17 128 135 207 125 86 8 16 179 183 1
109 55 102 169 51 6 241 27 26 165 265 870 247 84 10 11 184 183 1
89 47 81 156 57 8 161 41 20 149 187 388 197 72 9 15 187 193 1
94 49 79 203 71 5 174 37 21 154 196 465 206 71 6 2 197 199 1
81 42 63 125 55 8 149 46 19 145 166 320 172 86 7 7 179 182 1
109 52 95 189 58 4 227 29 25 158 262 776 217 82 0 19 187 186 1
86 45 71 155 66 7 146 45 19 144 167 322 176 72 5 6 189 196 1
80 44 68 135 59 8 150 45 19 145 170 329 173 80 7 12 180 185 1
91 43 70 133 55 8 130 51 18 146 159 253 156 70 1 8 190 194 1
106 49 96 201 61 10 181 36 21 158 197 494 180 62 19 15 202 209 1
94 43 64 173 69 7 150 43 19 142 169 344 177 68 9 1 199 206 1
94 37 73 186 71 7 154 42 19 127 171 362 132 67 2 8 197 206 1
94 45 85 163 68 10 157 44 20 156 170 357 176 73 17 11 187 195 1
99 46 105 209 64 11 197 34 23 152 212 575 159 65 0 33 194 205 1
100 51 109 224 67 9 217 30 24 162 238 704 206 72 6 18 189 199 1
105 51 93 160 51 7 217 30 24 165 240 703 208 81 9 25 188 188 1
97 37 78 181 62 8 161 41 20 131 182 389 117 62 2 28 203 211 1
89 46 78 150 63 11 160 43 20 160 170 367 176 73 5 9 185 194 1
85 36 78 149 55 7 147 45 19 128 168 321 134 64 10 24 197 203 1
101 55 101 183 57 13 225 30 25 177 225 741 204 71 5 10 186 198 1
97 55 103 197 63 11 215 31 24 172 219 677 219 75 5 24 185 194 1
89 44 70 137 58 6 136 49 18 146 168 273 166 78 10 3 186 187 1
81 46 71 141 61 7 153 44 19 148 177 347 190 80 1 14 182 187 1
103 49 107 179 54 12 208 32 24 159 214 644 183 66 1 12 191 200 1
91 39 82 164 68 10 143 46 19 137 164 308 158 68 13 9 191 201 1
91 46 78 148 61 9 147 45 19 152 168 323 199 70 13 11 189 200 1
88 41 80 147 62 8 146 45 19 144 169 318 161 71 4 16 188 197 1
111 54 103 171 50 11 221 30 25 172 227 727 201 69 15 6 190 198 1
81 45 68 137 60 7 152 45 19 151 167 333 179 81 3 13 179 183 1
80 37 57 116 55 6 125 54 18 125 142 229 132 81 8 5 178 184 1
106 57 107 235 67 6 262 26 28 171 285 987 260 86 9 31 180 184 1
90 41 62 147 60 6 128 52 18 141 149 246 157 61 13 4 201 208 1
108 51 103 197 60 11 211 31 24 160 222 661 187 67 7 3 190 200 1
87 45 77 153 59 7 154 44 19 145 181 350 172 75 15 14 184 189 1
82 43 70 250 105 55 139 48 18 145 231 289 172 99 4 9 190 199 1
81 45 68 169 73 6 151 44 19 146 173 336 186 75 7 0 183 189 1
82 44 63 123 54 7 151 45 19 147 166 329 185 81 3 4 179 182 1
95 43 76 142 57 10 151 44 19 149 173 339 159 71 2 23 187 200 1
83 40 53 114 53 6 132 53 18 140 142 247 157 86 8 7 176 183 1
108 56 102 246 75 6 239 28 26 167 264 855 228 82 9 13 186 185 1
98 52 86 207 69 5 192 33 22 161 212 570 221 75 4 6 194 195 1
91 43 88 157 61 9 149 45 19 157 165 326 140 64 1 26 197 207 1
93 35 66 154 59 6 142 46 18 128 162 304 120 64 5 13 197 202 1
96 46 74 202 74 5 163 39 20 149 185 408 191 70 7 8 196 200 1
94 49 87 159 64 10 157 43 20 158 179 363 203 75 4 0 183 194 1
104 49 89 168 54 4 212 31 24 153 238 682 198 78 1 23 190 189 1
94 44 84 216 74 6 184 35 22 145 208 525 154 73 4 22 196 197 1
96 36 74 183 70 6 149 43 19 127 178 341 127 69 0 17 201 205 1
98 38 70 125 52 8 130 53 18 139 157 243 132 74 0 13 186 185 1
86 42 65 116 53 6 152 45 19 141 175 335 172 85 5 4 179 183 1
90 48 81 144 60 9 150 44 19 156 173 333 200 75 2 0 185 195 1
101 56 104 185 53 6 257 26 28 168 275 956 230 83 5 26 180 184 1
86 36 66 128 57 8 131 52 18 127 148 252 139 76 5 27 183 187 1
94 36 66 151 61 8 133 50 18 135 154 265 119 62 9 3 201 208 1
90 48 77 132 56 10 157 44 20 164 169 354 187 78 1 3 182 191 1
85 41 66 155 65 22 149 45 19 139 173 330 155 75 6 16 184 191 1
86 39 62 129 59 6 116 57 17 135 137 203 145 64 7 9 199 204 1
89 41 63 134 59 6 123 55 17 137 148 223 150 76 12 3 186 188 1
92 45 74 187 74 7 157 41 19 143 179 375 183 70 8 6 195 201 1
79 40 80 133 55 7 147 47 19 135 172 311 144 76 8 30 181 193 1
83 37 62 113 53 6 122 55 17 129 143 218 135 79 0 7 181 185 1
90 46 75 133 55 11 160 43 20 161 173 369 171 77 0 16 182 192 1
80 39 60 122 56 6 139 49 18 131 151 281 142 80 0 5 179 186 1
101 56 100 215 69 10 208 32 24 169 227 651 223 74 6 5 186 193 1
80 34 42 110 57 3 114 59 17 119 131 191 121 87 4 7 179 183 1
96 41 77 177 64 5 177 36 21 134 205 485 148 74 0 4 196 198 1
100 52 109 225 68 10 222 30 25 165 241 731 207 73 7 28 188 199 1
85 45 73 167 69 8 143 46 18 148 173 307 176 71 2 0 190 199 1
103 55 103 211 65 11 212 31 24 165 229 673 249 72 5 16 188 196 1
86 39 84 149 57 8 156 43 20 133 185 358 157 74 0 23 183 190 1
93 36 63 139 57 8 132 50 18 136 158 260 121 67 3 27 193 201 1
99 54 100 199 62 9 200 33 23 166 222 600 241 70 2 7 189 198 1
