98 38 78 191 65 8 169 39 20 136 197 430 141 67 9 20 192 199 0
104 54 101 197 64 11 213 31 24 172 218 669 222 74 14 4 187 196 0
119 54 106 220 65 12 213 31 24 167 223 675 232 66 20 1 192 202 0
105 45 100 195 61 10 198 33 23 149 214 586 186 67 8 5 192 200 0
109 52 104 199 60 12 215 31 24 162 220 691 212 67 11 7 189 199 0
83 37 54 131 61 4 135 50 18 127 152 271 141 85 3 6 180 183 0
109 54 103 205 63 11 222 30 25 175 229 720 213 71 6 14 187 200 0
113 48 98 208 62 9 203 33 23 151 216 613 183 64 17 29 193 204 0
87 37 60 132 57 6 128 52 18 129 154 243 132 71 1 14 186 192 0
111 53 108 211 61 11 207 32 23 167 217 636 216 64 21 2 196 205 0
116 53 110 231 67 12 217 31 24 165 231 692 222 67 16 28 192 206 0
95 37 71 171 61 9 157 43 20 134 178 365 125 63 5 40 196 208 0
92 38 71 174 66 7 154 43 19 133 181 355 130 70 4 24 189 195 0
80 38 63 129 55 7 146 46 19 130 168 314 158 83 9 20 180 185 0
84 36 75 136 55 6 140 48 18 125 166 290 138 71 4 36 189 195 0
97 44 96 195 63 9 185 36 22 144 202 512 165 66 4 8 191 199 0
85 33 40 115 57 3 112 61 17 119 130 184 127 86 12 21 181 183 0
92 45 76 162 57 7 159 41 20 147 184 381 177 69 8 10 190 195 0
101 48 85 191 60 11 175 38 21 153 192 458 187 62 5 22 197 210 0
105 51 105 197 60 11 191 35 22 162 207 545 194 64 18 4 196 205 0
105 51 108 201 62 11 220 30 25 163 232 711 202 72 12 16 189 200 0
96 40 100 178 58 8 181 37 21 134 205 486 160 68 5 34 192 202 0
94 39 89 194 62 9 172 38 21 135 191 444 121 63 4 23 201 209 1
95 44 84 158 62 10 145 46 19 148 163 312 166 64 10 6 199 206 1
103 56 100 185 59 11 216 31 24 173 219 684 219 75 15 11 186 194 1
87 42 64 150 64 10 133 50 18 142 157 264 159 67 7 1 193 201 1
100 47 70 185 70 7 162 40 20 153 179 406 172 68 9 6 200 205 1
92 39 76 180 71 6 152 43 19 131 179 350 143 72 6 14 195 200 1
96 47 103 215 69 10 200 33 23 147 220 598 200 73 6 6 187 194 1
97 41 92 197 63 10 179 37 21 140 197 481 136 63 4 3 197 204 1
85 35 47 110 55 3 117 57 17 122 136 203 139 89 5 9 180 184 1
103 55 100 194 62 11 212 31 24 175 217 666 219 73 10 14 187 194 1
101 48 107 222 68 10 208 32 24 154 232 641 204 70 5 38 190 202 1
96 37 74 199 74 5 165 39 20 128 188 419 136 72 1 3 196 200 1
89 45 81 246 102 43 155 44 20 160 200 347 177 90 9 17 183 192 1
103 52 103 170 52 7 236 28 26 160 254 816 250 82 3 23 183 184 1
96 55 103 201 65 9 204 32 23 166 227 624 246 74 6 2 186 194 1
90 48 78 142 59 11 160 43 20 160 173 370 185 76 10 11 183 192 1
99 48 79 199 68 6 185 35 22 153 202 524 171 74 5 8 195 195 1
90 47 85 149 60 10 155 43 19 155 179 355 186 75 1 5 185 196 1
87 44 70 179 75 6 146 45 19 141 167 326 178 69 6 1 194 201 1
91 39 77 153 59 8 139 48 18 139 159 289 123 62 8 17 201 209 1
88 44 77 167 59 6 151 44 19 145 175 343 177 64 9 12 202 208 1
86 37 69 150 63 8 138 48 18 134 163 284 124 71 1 6 189 195 1
94 49 79 203 71 5 174 37 21 154 196 465 206 71 6 2 197 199 1
91 37 76 138 55 8 132 51 18 135 157 256 124 69 0 12 191 192 1
85 36 72 127 56 7 127 54 18 125 144 233 123 70 3 30 184 194 1
96 47 77 204 72 6 167 38 20 150 188 429 182 69 6 16 199 203 1
95 42 85 174 66 9 153 44 19 144 168 347 150 65 11 5 196 204 1
94 49 87 159 64 10 157 43 20 158 179 363 203 75 4 0 183 194 1
82 45 66 252 126 52 148 45 19 144 237 326 185 119 1 1 181 185 1
92 38 74 178 62 9 161 41 20 135 181 388 132 63 7 29 197 206 1
92 37 75 184 70 6 154 42 19 131 184 363 127 71 0 4 198 202 1
104 57 103 216 69 11 219 30 25 176 228 708 219 73 4 3 186 196 1
90 46 75 133 55 11 160 43 20 161 173 369 171 77 0 16 182 192 1
81 46 71 130 56 7 153 44 19 149 172 342 191 81 3 14 180 186 1
89 37 51 111 54 5 120 56 17 127 138 213 147 82 7 4 181 183 1
95 51 96 196 63 9 190 35 22 161 208 543 235 68 13 0 191 198 1
99 55 101 206 62 13 222 30 25 180 225 722 213 71 2 3 186 196 1
87 43 65 127 56 8 149 46 19 143 169 322 171 85 6 3 180 182 1
81 45 68 154 69 22 151 45 19 147 186 335 186 88 1 10 180 185 1
80 43 71 133 60 7 150 45 19 146 170 330 176 81 6 15 180 184 1
79 39 72 127 53 9 142 48 19 135 165 295 144 77 7 21 181 189 1
95 41 82 170 65 9 145 46 19 145 163 314 140 64 4 8 199 207 1
84 44 80 140 58 11 156 44 20 157 166 349 176 74 5 17 183 193 1
85 42 66 120 53 7 149 45 19 145 173 325 163 85 5 4 180 182 1
82 38 53 125 59 5 133 51 18 128 152 259 146 87 0 0 177 183 1
102 54 98 177 56 10 219 31 25 171 219 706 223 72 5 17 186 196 1
91 46 101 199 65 9 196 34 23 146 219 574 199 73 5 8 186 194 1
86 45 66 126 57 8 148 46 19 145 170 321 186 86 0 7 179 182 1
92 40 82 163 63 9 146 45 19 140 165 319 137 64 9 0 199 206 1
99 55 101 219 68 10 224 30 25 178 228 737 213 74 11 20 187 196 1
93 40 73 139 58 6 136 49 18 138 166 275 137 73 0 0 187 188 1
89 47 81 147 64 11 156 44 20 163 170 352 188 76 6 13 184 193 1
88 42 66 133 57 6 123 54 17 144 147 227 160 66 8 4 193 198 1
114 57 102 181 52 6 257 26 28 169 287 968 261 85 2 21 182 184 1
97 41 62 133 56 7 130 52 18 143 158 247 157 78 5 7 184 186 1
101 51 105 212 68 10 209 32 24 162 222 653 224 73 5 23 186 195 1
93 36 64 165 69 8 136 49 18 136 161 279 127 67 2 29 193 204 1
84 43 70 123 54 8 151 45 19 146 173 332 176 81 1 12 181 184 1
102 51 92 194 60 6 220 30 25 162 247 731 209 80 7 7 188 186 1
88 39 70 166 66 7 148 44 19 134 167 332 143 69 5 13 193 201 1
96 39 64 111 48 8 134 52 18 141 160 258 139 80 7 20 183 184 1
87 37 52 116 54 6 115 58 17 126 135 196 144 74 11 22 186 190 1
95 46 92 159 63 11 160 42 20 157 176 372 171 70 7 21 189 200 1
