98 39 81 191 64 9 166 40 20 138 184 415 131 62 8 19 197 205 0
109 54 103 220 66 11 214 31 24 167 229 677 212 70 1 23 188 201 0
101 55 108 228 69 12 215 31 24 168 229 684 214 71 2 16 188 199 0
98 47 109 202 59 11 199 34 23 154 207 586 165 61 1 33 194 208 0
113 53 93 197 62 11 216 31 24 165 221 688 196 72 6 25 188 199 0
82 37 66 126 54 7 132 52 18 127 148 252 142 72 17 7 183 187 0
107 56 104 231 71 11 219 31 25 172 226 705 217 71 19 11 189 196 0
99 53 105 219 66 11 204 32 23 165 221 623 224 68 0 6 191 201 0
87 38 71 123 53 8 137 49 18 127 158 277 145 75 0 9 181 186 0
112 50 104 197 58 11 208 32 24 159 223 639 186 67 15 22 191 202 0
115 53 100 205 64 11 220 30 25 166 229 710 214 71 21 11 189 199 0
91 40 83 166 60 8 160 41 20 133 189 383 155 72 5 7 186 191 0
91 36 72 162 60 8 150 44 19 133 166 334 121 63 2 22 196 205 0
86 41 64 148 61 5 150 45 19 138 165 333 173 80 5 8 182 185 0
91 38 75 136 53 6 144 47 19 131 165 305 149 69 1 7 186 191 0
93 42 98 192 63 9 185 36 22 138 206 508 173 70 10 21 189 197 0
93 43 76 149 57 7 149 44 19 143 172 335 176 69 14 0 189 194 0
93 37 76 183 63 8 164 40 20 134 191 405 139 67 4 7 192 197 0
88 48 90 178 60 8 175 38 21 152 200 460 198 68 13 16 192 199 0
100 43 92 197 62 10 180 36 21 143 200 489 153 64 6 9 195 205 0
100 52 104 189 59 10 208 32 24 163 220 642 197 70 1 22 187 198 0
84 39 90 180 60 7 177 37 21 131 209 469 145 71 4 38 190 198 1
88 41 80 147 62 8 146 45 19 144 169 318 161 71 4 16 188 197 1
97 50 108 211 65 10 214 31 24 156 232 683 218 72 7 29 188 197 1
93 42 64 158 68 9 134 49 18 142 163 268 170 71 7 13 192 201 1
100 36 73 199 73 6 162 40 20 127 189 401 125 72 6 19 200 204 1
89 43 85 160 64 11 155 43 19 151 173 356 174 72 5 9 185 196 1
97 47 88 183 60 7 197 33 23 148 214 596 201 74 8 0 192 191 1
87 49 86 190 64 9 177 37 21 153 197 471 209 67 11 7 192 199 1
86 37 60 115 54 5 119 56 17 132 141 209 129 72 2 8 186 190 1
104 52 94 208 66 5 208 31 24 161 227 666 218 76 11 4 193 191 1
103 56 105 183 59 10 210 32 24 173 217 648 218 72 13 22 188 196 1
92 46 82 170 58 8 165 40 20 149 181 409 164 61 8 11 200 208 1
97 45 88 173 67 10 157 43 20 157 173 365 157 67 8 12 192 200 1
109 52 95 189 58 4 227 29 25 158 262 776 217 82 0 19 187 186 1
105 51 80 207 71 6 195 33 22 159 214 579 188 75 6 20 194 194 1
95 47 88 162 64 11 159 43 20 157 176 371 185 71 12 13 189 198 1
87 44 98 211 70 10 189 35 22 141 214 535 178 71 2 21 187 194 1
88 46 74 171 68 6 152 43 19 148 180 349 192 71 5 11 189 195 1
83 44 68 144 61 8 147 45 19 143 170 325 180 74 1 1 185 191 1
92 42 69 153 58 8 140 48 18 138 165 290 151 64 10 21 199 206 1
101 42 62 175 67 6 149 43 19 139 169 341 165 65 7 11 202 209 1
93 41 75 124 51 7 140 49 18 141 164 284 149 77 5 15 184 185 1
99 50 88 204 64 10 185 35 22 159 209 517 193 66 12 11 194 201 1
93 36 63 139 57 8 132 50 18 136 158 260 121 67 3 27 193 201 1
91 41 66 131 56 9 126 53 18 144 159 237 155 72 3 10 191 194 1
100 46 85 164 64 11 163 42 20 163 176 387 170 71 18 0 189 196 1
89 42 85 144 58 10 152 44 19 144 173 345 161 72 8 13 187 197 1
94 45 85 160 63 10 158 43 20 157 174 367 162 68 1 6 189 199 1
82 43 71 154 68 7 150 45 19 143 171 330 173 78 7 11 181 186 1
95 36 73 191 73 6 156 41 19 126 184 374 124 71 2 19 199 204 1
98 45 76 166 60 7 157 42 20 148 184 371 186 69 13 10 190 196 1
100 51 109 231 70 11 220 30 25 163 238 722 206 73 11 19 189 198 1
89 46 74 135 59 9 157 44 20 158 170 356 177 79 12 3 184 191 1
90 47 85 145 58 9 152 44 19 155 175 345 184 73 4 2 186 197 1
78 36 60 116 56 6 123 55 17 124 141 221 121 78 3 16 178 185 1
96 43 82 161 55 5 186 34 22 141 215 534 162 75 0 6 195 196 1
99 57 100 177 54 13 224 30 25 188 223 726 213 72 4 7 185 198 1
81 42 63 125 55 8 149 46 19 145 166 320 172 86 7 7 179 182 1
88 43 70 177 74 19 152 44 19 143 180 342 168 76 1 9 186 189 1
90 48 81 144 60 9 150 44 19 156 173 333 200 75 2 0 185 195 1
86 44 78 164 68 9 142 46 18 147 168 305 171 70 1 11 190 201 1
84 45 68 148 64 6 146 46 19 142 168 317 180 75 5 1 183 187 1
89 44 76 125 54 10 156 44 20 151 163 352 176 76 12 12 184 193 1
85 43 66 120 54 5 148 46 19 145 168 320 174 87 8 2 179 181 1
91 41 64 148 61 8 129 51 18 142 161 249 153 68 6 12 194 201 1
105 51 93 160 51 7 217 30 24 165 240 703 208 81 9 25 188 188 1
100 49 96 206 63 9 186 35 22 156 202 519 176 62 3 5 197 205 1
91 46 78 148 61 9 147 45 19 152 168 323 199 70 13 11 189 200 1
93 35 78 162 60 8 150 45 19 125 172 331 137 67 2 33 191 198 1
111 54 103 171 50 11 221 30 25 172 227 727 201 69 15 6 190 198 1
90 41 78 145 55 7 138 48 18 138 161 284 158 67 0 1 192 197 1
94 43 82 136 54 10 155 43 19 149 176 359 161 74 1 6 186 197 1
86 34 62 140 61 7 122 54 17 127 141 223 112 64 2 14 200 208 1
110 56 103 223 64 5 250 26 27 169 280 928 239 85 4 6 184 183 1
88 40 55 114 53 7 132 53 18 139 142 249 158 87 0 7 176 183 1
102 52 98 225 71 10 214 31 24 164 228 682 199 71 0 16 187 196 1
86 43 70 126 56 6 148 46 19 145 166 317 171 86 6 9 179 182 1
86 42 65 116 53 6 152 45 19 141 175 335 172 85 5 4 179 183 1
106 54 105 164 48 5 247 27 27 165 269 891 243 84 12 1 181 182 1
89 44 82 136 54 6 149 45 19 144 170 332 168 68 10 14 188 193 1
86 39 62 129 59 6 116 57 17 135 137 203 145 64 7 9 199 204 1
87 42 70 139 59 7 149 45 19 142 177 327 156 78 6 9 185 188 1
