33 100 40 22 195 0.16923076923076924 0.5128205128205128 0.20512820512820512 0.11282051282051282 392 150 22 2 566 0.6925795053003534 0.26501766784452296 0.038869257950530034 0.0035335689045936395 
37 106 37 15 195 0.18974358974358974 0.5435897435897435 0.18974358974358974 0.07692307692307693 393 146 25 2 566 0.6943462897526502 0.2579505300353357 0.044169611307420496 0.0035335689045936395 
35 101 41 18 195 0.1794871794871795 0.517948717948718 0.21025641025641026 0.09230769230769231 386 160 18 2 566 0.6819787985865724 0.2826855123674912 0.03180212014134275 0.0035335689045936395 
40 100 36 19 195 0.20512820512820512 0.5128205128205128 0.18461538461538463 0.09743589743589744 398 142 23 3 566 0.7031802120141343 0.2508833922261484 0.04063604240282685 0.00530035335689046 
33 114 32 16 195 0.16923076923076924 0.5846153846153846 0.1641025641025641 0.08205128205128205 391 149 25 1 566 0.6908127208480566 0.26325088339222613 0.044169611307420496 0.0017667844522968198 
39 102 34 20 195 0.2 0.5230769230769231 0.17435897435897435 0.10256410256410256 396 145 21 4 566 0.6996466431095406 0.25618374558303886 0.037102473498233215 0.007067137809187279 
38 105 37 15 195 0.19487179487179487 0.5384615384615384 0.18974358974358974 0.07692307692307693 387 155 23 2 567 0.6825396825396826 0.27336860670194 0.04056437389770723 0.003527336860670194 
30 107 43 16 196 0.15306122448979592 0.5459183673469388 0.2193877551020408 0.08163265306122448 380 165 19 2 566 0.6713780918727915 0.2915194346289753 0.03356890459363958 0.0035335689045936395 
41 100 35 20 196 0.20918367346938777 0.5102040816326531 0.17857142857142858 0.10204081632653061 390 152 23 1 566 0.6890459363957597 0.26855123674911663 0.04063604240282685 0.0017667844522968198 
43 103 33 17 196 0.2193877551020408 0.5255102040816326 0.1683673469387755 0.08673469387755102 395 143 23 5 566 0.6978798586572438 0.25265017667844525 0.04063604240282685 0.0088339222614841 
