33 106 41 15 195 0.16923076923076924 0.5435897435897435 0.21025641025641026 0.07692307692307693 393 148 22 3 566 0.6943462897526502 0.26148409893992935 0.038869257950530034 0.00530035335689046 
35 103 38 19 195 0.1794871794871795 0.5282051282051282 0.19487179487179487 0.09743589743589744 392 152 20 2 566 0.6925795053003534 0.26855123674911663 0.0353356890459364 0.0035335689045936395 
32 100 45 18 195 0.1641025641025641 0.5128205128205128 0.23076923076923078 0.09230769230769231 388 158 19 1 566 0.6855123674911661 0.2791519434628975 0.03356890459363958 0.0017667844522968198 
34 103 38 20 195 0.17435897435897435 0.5282051282051282 0.19487179487179487 0.10256410256410256 384 157 23 2 566 0.6784452296819788 0.2773851590106007 0.04063604240282685 0.0035335689045936395 
36 106 37 16 195 0.18461538461538463 0.5435897435897435 0.18974358974358974 0.08205128205128205 395 144 25 2 566 0.6978798586572438 0.254416961130742 0.044169611307420496 0.0035335689045936395 
34 111 31 19 195 0.17435897435897435 0.5692307692307692 0.15897435897435896 0.09743589743589744 386 156 20 4 566 0.6819787985865724 0.2756183745583039 0.0353356890459364 0.007067137809187279 
31 116 33 15 195 0.15897435897435896 0.5948717948717949 0.16923076923076924 0.07692307692307693 391 151 22 2 566 0.6908127208480566 0.2667844522968198 0.038869257950530034 0.0035335689045936395 
42 99 39 16 196 0.21428571428571427 0.5051020408163265 0.1989795918367347 0.08163265306122448 391 152 20 3 566 0.6908127208480566 0.26855123674911663 0.0353356890459364 0.00530035335689046 
38 105 35 18 196 0.19387755102040816 0.5357142857142857 0.17857142857142858 0.09183673469387756 389 155 19 3 566 0.6872791519434629 0.27385159010600707 0.03356890459363958 0.00530035335689046 
35 104 39 18 196 0.17857142857142858 0.5306122448979592 0.1989795918367347 0.09183673469387756 393 153 19 2 567 0.6931216931216931 0.2698412698412698 0.03350970017636684 0.003527336860670194 
