363.0 -242.0 0
-50.0 -311.0 0
335.0 170.0 0
116.0 136.0 0
309.0 -146.0 0
33.0 129.0 0
-90.0 99.0 0
-138.0 -63.0 0
-173.0 -240.0 0
-72.0 223.0 0
-109.0 267.0 0
-130.0 -69.0 0
-332.0 -61.0 0
27.0 76.0 0
314.0 193.0 0
117.0 -7.0 0
101.0 186.0 0
-86.0 21.0 0
189.0 35.0 0
83.0 173.0 0
105.0 24.0 0
-327.0 19.0 0
-170.0 76.0 0
-127.0 -196.0 0
-32.0 -226.0 0
-135.0 -239.0 0
-78.0 -189.0 0
-115.0 185.0 0
8.0 -255.0 0
-89.0 -295.0 0
8.0 -250.0 0
-163.0 212.0 0
-299.0 79.0 0
32.0 -29.0 0
32.0 -96.0 0
-14.0 13.0 0
275.0 -214.0 0
222.0 -141.0 0
19.0 -203.0 0
171.0 -116.0 0
303.0 -208.0 0
-123.0 391.0 0
133.0 114.0 0
-87.0 -39.0 0
120.0 -20.0 0
-150.0 144.0 0
-176.0 -268.0 0
-96.0 -18.0 0
-373.0 13.0 0
-136.0 172.0 0
-73.0 -144.0 0
193.0 -53.0 0
-230.0 67.0 0
-132.0 357.0 0
114.0 -280.0 1
200.0 193.0 1
112.0 208.0 1
-22.0 238.0 1
-243.0 413.0 1
-33.0 -288.0 1
-422.0 333.0 1
165.0 -14.0 1
-186.0 -348.0 1
-104.0 -121.0 1
-389.0 -53.0 1
-462.0 -108.0 1
89.0 -299.0 1
-501.0 246.0 1
-385.0 -405.0 1
496.0 311.0 1
428.0 66.0 1
465.0 342.0 1
-420.0 -36.0 1
-442.0 51.0 1
324.0 -395.0 1
-18.0 406.0 1
427.0 -277.0 1
528.0 394.0 1
-286.0 343.0 1
291.0 -7.0 1
-420.0 97.0 1
441.0 -174.0 1
174.0 -220.0 1
-14.0 214.0 1
-294.0 -127.0 1
180.0 208.0 1
-102.0 48.0 1
81.0 239.0 1
-405.0 -383.0 1
-226.0 97.0 1
209.0 379.0 1
-450.0 291.0 1
-433.0 -107.0 1
408.0 -183.0 1
76.0 -164.0 1
-256.0 -182.0 1
13.0 -249.0 1
0.0 178.0 1
494.0 344.0 1
533.0 54.0 1
211.0 328.0 1
327.0 190.0 1
-287.0 89.0 1
315.0 380.0 1
-3.0 353.0 1
498.0 226.0 1
99.0 -193.0 1
26.0 -247.0 1
150.0 -2.0 1
-374.0 279.0 1
-435.0 -41.0 1
-226.0 -267.0 1
354.0 379.0 1
396.0 16.0 1
496.0 -377.0 1
526.0 -377.0 1
-571.0 40.0 1
520.0 317.0 1
-484.0 28.0 1
198.0 227.0 1
-557.0 273.0 1
-169.0 71.0 1
357.0 391.0 1
-8.0 3.0 1
474.0 -356.0 1
-484.0 18.0 1
-452.0 -69.0 1
1.0 138.0 1
-434.0 83.0 1
-306.0 113.0 1
-397.0 -201.0 1
-512.0 377.0 1
-531.0 81.0 1
89.0 -396.0 1
-353.0 358.0 1
392.0 -343.0 1
-428.0 -224.0 1
471.0 -293.0 1
-376.0 188.0 1
137.0 350.0 1
-534.0 6.0 1
-502.0 151.0 1
-509.0 154.0 1
-541.0 327.0 1
-254.0 -282.0 1
-17.0 370.0 1
-511.0 -43.0 1
-171.0 201.0 1
388.0 -36.0 1
-365.0 258.0 1
-416.0 110.0 1
-132.0 -317.0 1
361.0 7.0 1
271.0 1.0 1
-508.0 233.0 1
-48.0 -48.0 1
57.0 -212.0 1
-404.0 36.0 1
420.0 349.0 1
-291.0 -271.0 1
-48.0 -397.0 1
-469.0 -116.0 1
-381.0 73.0 1
88.0 251.0 1
-428.0 -82.0 1
108.0 -272.0 1
70.0 -252.0 1
355.0 -107.0 1
327.0 54.0 1
-500.0 -331.0 1
349.0 -177.0 1
146.0 -387.0 1
137.0 401.0 1
483.0 -410.0 1
-369.0 -338.0 1
-434.0 17.0 1
-230.0 136.0 1
504.0 391.0 1
238.0 -276.0 1
-416.0 348.0 1
87.0 121.0 1
229.0 -77.0 1
-395.0 -114.0 1
-547.0 198.0 1
-50.0 338.0 1
474.0 272.0 1
-424.0 -77.0 1
-288.0 70.0 1
-190.0 142.0 1
-254.0 -136.0 1
281.0 385.0 1
-367.0 -276.0 1
-378.0 198.0 1
0.0 -362.0 1
-352.0 -35.0 1
331.0 308.0 1
-141.0 131.0 1
118.0 404.0 1
83.0 -158.0 1
149.0 23.0 1
-149.0 -286.0 1
405.0 -231.0 1
492.0 -23.0 1
-565.0 -371.0 1
297.0 -294.0 1
275.0 -257.0 1
-326.0 56.0 1
465.0 136.0 1
-368.0 64.0 1
475.0 -179.0 1
-402.0 72.0 1
-207.0 85.0 1
-476.0 -406.0 1
-168.0 -234.0 1
407.0 347.0 1
-154.0 66.0 1
121.0 -341.0 1
244.0 103.0 1
221.0 -228.0 1
-181.0 154.0 1
302.0 254.0 1
517.0 -413.0 1
464.0 -225.0 1
417.0 163.0 1
459.0 -258.0 1
-393.0 -285.0 1
-217.0 258.0 1
-185.0 -317.0 1
-100.0 165.0 1
272.0 -116.0 1
254.0 305.0 1
-220.0 -236.0 1
-285.0 -162.0 1
-238.0 -389.0 1
-163.0 412.0 1
-144.0 -156.0 1
366.0 258.0 1
79.0 -230.0 1
370.0 -387.0 1
-217.0 389.0 1
-124.0 -95.0 1
418.0 -257.0 1
-275.0 378.0 1
486.0 -394.0 1
-185.0 155.0 1
233.0 294.0 1
-191.0 397.0 1
-351.0 -42.0 1
-510.0 -331.0 1
-272.0 53.0 1
-162.0 -234.0 1
360.0 67.0 1
-346.0 175.0 1
-175.0 -40.0 1
-182.0 -81.0 1
-76.0 -374.0 1
403.0 288.0 1
-175.0 41.0 1
-116.0 -81.0 1
-212.0 345.0 1
438.0 -187.0 1
20.0 276.0 1
-250.0 -85.0 1
-302.0 261.0 1
-173.0 -359.0 1
91.0 -243.0 1
-293.0 124.0 1
49.0 354.0 1
375.0 -203.0 1
453.0 138.0 1
-79.0 41.0 1
-395.0 -81.0 1
-311.0 114.0 1
273.0 -282.0 1
-173.0 -406.0 1
144.0 -196.0 1
-340.0 -283.0 1
-165.0 -358.0 1
378.0 -286.0 1
62.0 -332.0 1
-87.0 52.0 1
-175.0 209.0 1
-370.0 -215.0 1
350.0 193.0 1
57.0 -216.0 1
95.0 397.0 1
-403.0 -383.0 1
107.0 -320.0 1
-351.0 -385.0 1
136.0 297.0 1
482.0 351.0 1
462.0 32.0 1
-225.0 57.0 1
28.0 139.0 1
178.0 28.0 1
316.0 235.0 1
-436.0 161.0 1
480.0 162.0 1
-191.0 44.0 1
-2.0 404.0 1
