363.0 -242.0 0
175.0 87.0 0
334.0 152.0 0
50.0 17.0 0
60.0 60.0 0
-173.0 -240.0 0
-109.0 267.0 0
-332.0 -61.0 0
314.0 193.0 0
-327.0 19.0 0
-32.0 -226.0 0
153.0 195.0 0
-135.0 -239.0 0
8.0 -255.0 0
160.0 9.0 0
-89.0 -295.0 0
148.0 -127.0 0
-299.0 79.0 0
19.0 -203.0 0
303.0 -208.0 0
-13.0 -322.0 1
518.0 297.0 1
-186.0 -348.0 1
-166.0 260.0 1
-161.0 346.0 1
-462.0 -108.0 1
-501.0 246.0 1
263.0 403.0 1
-442.0 51.0 1
324.0 -395.0 1
-18.0 406.0 1
528.0 394.0 1
336.0 274.0 1
-427.0 18.0 1
28.0 -139.0 1
413.0 -120.0 1
-102.0 48.0 1
-405.0 -383.0 1
208.0 21.0 1
343.0 -324.0 1
211.0 328.0 1
327.0 190.0 1
-264.0 138.0 1
99.0 -193.0 1
187.0 -244.0 1
150.0 -2.0 1
457.0 26.0 1
396.0 16.0 1
526.0 -377.0 1
520.0 317.0 1
-484.0 28.0 1
-422.0 295.0 1
-169.0 71.0 1
-532.0 -97.0 1
357.0 391.0 1
99.0 -348.0 1
-297.0 99.0 1
-484.0 18.0 1
504.0 -261.0 1
-332.0 183.0 1
-402.0 349.0 1
-512.0 377.0 1
125.0 -154.0 1
88.0 20.0 1
285.0 77.0 1
532.0 116.0 1
434.0 -232.0 1
-502.0 151.0 1
377.0 6.0 1
431.0 163.0 1
-541.0 327.0 1
-17.0 370.0 1
-257.0 340.0 1
393.0 -382.0 1
271.0 1.0 1
-48.0 -48.0 1
-418.0 295.0 1
-481.0 373.0 1
-301.0 92.0 1
-417.0 266.0 1
-272.0 -159.0 1
-161.0 -105.0 1
-428.0 -82.0 1
70.0 -252.0 1
349.0 -177.0 1
356.0 390.0 1
483.0 -410.0 1
-434.0 17.0 1
-416.0 348.0 1
-134.0 -119.0 1
229.0 -77.0 1
-395.0 -114.0 1
-139.0 89.0 1
-424.0 -77.0 1
478.0 351.0 1
297.0 -342.0 1
-254.0 -136.0 1
-224.0 -304.0 1
0.0 -362.0 1
-141.0 131.0 1
149.0 23.0 1
385.0 384.0 1
-462.0 -9.0 1
342.0 186.0 1
199.0 -316.0 1
-402.0 72.0 1
-423.0 -52.0 1
-168.0 -234.0 1
-424.0 -318.0 1
121.0 -341.0 1
221.0 -228.0 1
-417.0 213.0 1
272.0 -116.0 1
290.0 -369.0 1
-220.0 -236.0 1
-163.0 412.0 1
271.0 147.0 1
-410.0 90.0 1
-123.0 -62.0 1
28.0 294.0 1
