-163.0 212.0 0
-164.0 -253.0 0
-222.0 7.0 0
153.0 195.0 0
223.0 96.0 0
-18.0 135.0 0
8.0 -250.0 0
259.0 -133.0 0
-87.0 -39.0 0
-186.0 82.0 0
188.0 385.0 1
-491.0 -294.0 1
-478.0 -158.0 1
99.0 -348.0 1
428.0 66.0 1
316.0 235.0 1
441.0 -174.0 1
-370.0 -215.0 1
-190.0 142.0 1
-102.0 48.0 1
504.0 217.0 1
-291.0 -271.0 1
144.0 -196.0 1
281.0 385.0 1
-165.0 -131.0 1
-389.0 -53.0 1
405.0 -231.0 1
-348.0 384.0 1
-404.0 36.0 1
-381.0 73.0 1
-8.0 3.0 1
275.0 -257.0 1
-256.0 -182.0 1
-18.0 406.0 1
-161.0 346.0 1
57.0 -212.0 1
-511.0 -43.0 1
-341.0 203.0 1
88.0 251.0 1
-351.0 -385.0 1
445.0 358.0 1
-264.0 138.0 1
23.0 212.0 1
455.0 33.0 1
-165.0 -358.0 1
-212.0 345.0 1
329.0 -299.0 1
-374.0 279.0 1
504.0 -387.0 1
361.0 7.0 1
492.0 -23.0 1
187.0 -244.0 1
-557.0 273.0 1
446.0 312.0 1
-243.0 413.0 1
273.0 -282.0 1
315.0 380.0 1
-450.0 291.0 1
-33.0 -288.0 1
-512.0 377.0 1
