-115.0 185.0 0
-135.0 -239.0 0
-299.0 79.0 0
117.0 116.0 0
314.0 193.0 0
-96.0 -18.0 0
27.0 76.0 0
148.0 -127.0 0
363.0 -242.0 0
-22.0 265.0 0
154.0 195.0 0
-170.0 76.0 0
160.0 9.0 0
-163.0 212.0 0
-78.0 -189.0 0
-102.0 110.0 0
259.0 -133.0 0
-136.0 172.0 0
-139.0 113.0 0
8.0 -255.0 0
137.0 350.0 1
-507.0 -324.0 1
-478.0 -306.0 1
40.0 -292.0 1
439.0 107.0 1
350.0 193.0 1
424.0 -53.0 1
-357.0 -240.0 1
-191.0 44.0 1
-104.0 -121.0 1
480.0 162.0 1
-224.0 -304.0 1
109.0 -292.0 1
211.0 328.0 1
-126.0 -233.0 1
-165.0 -131.0 1
-395.0 -81.0 1
470.0 -92.0 1
-317.0 403.0 1
-389.0 -53.0 1
-402.0 72.0 1
-428.0 -224.0 1
178.0 28.0 1
331.0 -147.0 1
-294.0 -127.0 1
-2.0 404.0 1
-174.0 202.0 1
86.0 -139.0 1
-484.0 18.0 1
-249.0 -189.0 1
-378.0 198.0 1
457.0 26.0 1
-249.0 349.0 1
159.0 273.0 1
-384.0 -195.0 1
491.0 375.0 1
-434.0 17.0 1
-501.0 -122.0 1
-165.0 -358.0 1
-301.0 92.0 1
136.0 297.0 1
-149.0 -286.0 1
-50.0 407.0 1
89.0 -299.0 1
411.0 46.0 1
-384.0 -349.0 1
40.0 152.0 1
-230.0 136.0 1
-139.0 89.0 1
427.0 -277.0 1
-326.0 56.0 1
517.0 -413.0 1
504.0 -387.0 1
328.0 7.0 1
-404.0 36.0 1
-418.0 295.0 1
20.0 276.0 1
-424.0 -318.0 1
-484.0 28.0 1
361.0 7.0 1
388.0 -36.0 1
-369.0 -338.0 1
-21.0 195.0 1
144.0 -196.0 1
-510.0 67.0 1
-450.0 291.0 1
285.0 77.0 1
-140.0 -284.0 1
94.0 177.0 1
494.0 344.0 1
-161.0 346.0 1
238.0 -276.0 1
70.0 -252.0 1
266.0 -320.0 1
209.0 379.0 1
-287.0 241.0 1
-291.0 263.0 1
-532.0 -97.0 1
453.0 395.0 1
420.0 337.0 1
486.0 222.0 1
407.0 347.0 1
208.0 21.0 1
405.0 -231.0 1
342.0 186.0 1
-191.0 397.0 1
245.0 111.0 1
-501.0 246.0 1
343.0 -324.0 1
-512.0 377.0 1
223.0 -246.0 1
-353.0 358.0 1
297.0 -294.0 1
125.0 -154.0 1
428.0 66.0 1
374.0 -200.0 1
-33.0 -288.0 1
-163.0 412.0 1
-371.0 371.0 1
-571.0 40.0 1
