-109.0 267.0 0
-99.0 -384.0 0
-199.0 -62.0 0
31.0 187.0 0
334.0 258.0 0
-86.0 21.0 0
32.0 -96.0 0
299.0 -109.0 0
135.0 29.0 0
-150.0 144.0 0
86.0 403.0 1
-510.0 -331.0 1
-486.0 -181.0 1
0.0 -362.0 1
453.0 138.0 1
403.0 288.0 1
408.0 -183.0 1
-389.0 -291.0 1
-225.0 57.0 1
-124.0 -95.0 1
480.0 162.0 1
-238.0 -389.0 1
108.0 -272.0 1
275.0 337.0 1
-183.0 -264.0 1
-331.0 -131.0 1
434.0 -232.0 1
-266.0 384.0 1
-423.0 -52.0 1
-420.0 97.0 1
150.0 -2.0 1
353.0 -185.0 1
-182.0 -81.0 1
-39.0 350.0 1
-171.0 201.0 1
86.0 -139.0 1
-554.0 -41.0 1
-378.0 198.0 1
159.0 273.0 1
-397.0 -201.0 1
465.0 342.0 1
-311.0 114.0 1
28.0 294.0 1
457.0 10.0 1
-442.0 -377.0 1
-100.0 165.0 1
330.0 -278.0 1
-462.0 -9.0 1
486.0 -394.0 1
312.0 -9.0 1
301.0 122.0 1
70.0 -252.0 1
-538.0 229.0 1
474.0 272.0 1
-50.0 407.0 1
223.0 -246.0 1
354.0 379.0 1
-426.0 314.0 1
-60.0 -329.0 1
324.0 -395.0 1
