31.0 187.0 0
117.0 116.0 0
116.0 136.0 0
158.0 192.0 0
33.0 129.0 0
-18.0 135.0 0
-68.0 157.0 0
234.0 -237.0 0
27.0 76.0 0
117.0 -7.0 0
101.0 186.0 0
-86.0 21.0 0
105.0 24.0 0
-127.0 -196.0 0
-226.0 75.0 0
234.0 249.0 0
-147.0 264.0 0
-109.0 -306.0 0
-102.0 110.0 0
-14.0 13.0 0
-22.0 238.0 1
-33.0 -288.0 1
-403.0 -298.0 1
-257.0 -341.0 1
266.0 -320.0 1
-389.0 -53.0 1
89.0 -299.0 1
-77.0 -348.0 1
348.0 141.0 1
-142.0 -151.0 1
441.0 -174.0 1
362.0 321.0 1
312.0 102.0 1
257.0 118.0 1
43.0 -357.0 1
-294.0 -127.0 1
180.0 208.0 1
464.0 -43.0 1
-450.0 291.0 1
-433.0 -107.0 1
76.0 -164.0 1
302.0 -183.0 1
0.0 178.0 1
494.0 344.0 1
488.0 -412.0 1
533.0 54.0 1
315.0 380.0 1
-3.0 353.0 1
26.0 -247.0 1
-374.0 279.0 1
496.0 -377.0 1
198.0 227.0 1
199.0 -287.0 1
-557.0 273.0 1
-189.0 256.0 1
-452.0 -69.0 1
1.0 138.0 1
-397.0 -201.0 1
89.0 -396.0 1
-567.0 -214.0 1
392.0 -343.0 1
471.0 -293.0 1
-472.0 55.0 1
-534.0 6.0 1
-208.0 -63.0 1
-174.0 202.0 1
-478.0 -306.0 1
-509.0 154.0 1
-254.0 -282.0 1
-171.0 201.0 1
388.0 -36.0 1
-416.0 110.0 1
-546.0 339.0 1
-384.0 -195.0 1
-381.0 73.0 1
449.0 53.0 1
355.0 -107.0 1
-229.0 -357.0 1
89.0 275.0 1
137.0 401.0 1
-310.0 -162.0 1
457.0 10.0 1
-230.0 136.0 1
-537.0 348.0 1
-60.0 -329.0 1
87.0 121.0 1
245.0 111.0 1
-547.0 198.0 1
-158.0 374.0 1
320.0 -388.0 1
86.0 403.0 1
-24.0 -270.0 1
329.0 -299.0 1
-378.0 198.0 1
-426.0 314.0 1
331.0 308.0 1
83.0 -158.0 1
-149.0 -286.0 1
268.0 307.0 1
492.0 -23.0 1
-501.0 -122.0 1
297.0 -294.0 1
-264.0 328.0 1
275.0 -257.0 1
275.0 45.0 1
-503.0 -21.0 1
-368.0 64.0 1
407.0 347.0 1
486.0 222.0 1
-181.0 154.0 1
302.0 254.0 1
-291.0 263.0 1
-332.0 348.0 1
470.0 -92.0 1
-185.0 -317.0 1
254.0 305.0 1
-285.0 -162.0 1
-238.0 -389.0 1
-144.0 -156.0 1
-165.0 -131.0 1
