329.0 210.0 0
-173.0 -240.0 0
-32.0 -226.0 0
234.0 249.0 0
-78.0 -189.0 0
32.0 -96.0 0
133.0 114.0 0
120.0 -20.0 0
-199.0 -62.0 0
-73.0 -144.0 0
160.0 -369.0 1
-462.0 -108.0 1
-442.0 51.0 1
-140.0 -284.0 1
208.0 -254.0 1
34.0 274.0 1
-363.0 174.0 1
-554.0 -41.0 1
-446.0 -117.0 1
187.0 -70.0 1
-386.0 175.0 1
-433.0 -107.0 1
343.0 -324.0 1
302.0 -183.0 1
494.0 344.0 1
53.0 -92.0 1
315.0 380.0 1
150.0 -2.0 1
354.0 379.0 1
526.0 -377.0 1
504.0 -261.0 1
-397.0 -201.0 1
417.0 362.0 1
125.0 -154.0 1
-404.0 36.0 1
-310.0 -162.0 1
504.0 391.0 1
245.0 111.0 1
-50.0 338.0 1
-158.0 374.0 1
453.0 187.0 1
385.0 384.0 1
-168.0 -234.0 1
517.0 -413.0 1
417.0 163.0 1
-100.0 165.0 1
-220.0 -236.0 1
504.0 -375.0 1
370.0 -387.0 1
86.0 -139.0 1
233.0 294.0 1
-39.0 350.0 1
-212.0 345.0 1
273.0 -282.0 1
72.0 -226.0 1
-165.0 -358.0 1
8.0 -122.0 1
-225.0 57.0 1
28.0 139.0 1
-426.0 -244.0 1
