334.0 152.0 0
-138.0 -63.0 0
-86.0 21.0 0
-222.0 7.0 0
-115.0 185.0 0
-299.0 79.0 0
-120.0 94.0 0
171.0 -116.0 0
-373.0 13.0 0
-132.0 357.0 0
114.0 -280.0 1
251.0 -270.0 1
528.0 367.0 1
413.0 -120.0 1
-102.0 48.0 1
330.0 -278.0 1
-169.0 71.0 1
365.0 86.0 1
-567.0 -214.0 1
285.0 77.0 1
-509.0 154.0 1
-17.0 370.0 1
-546.0 339.0 1
420.0 349.0 1
-428.0 -82.0 1
70.0 -252.0 1
-115.0 371.0 1
356.0 390.0 1
483.0 -410.0 1
-369.0 -338.0 1
457.0 10.0 1
-417.0 336.0 1
-537.0 348.0 1
6.0 242.0 1
502.0 9.0 1
-126.0 -233.0 1
465.0 136.0 1
-368.0 64.0 1
199.0 -316.0 1
-402.0 72.0 1
-341.0 203.0 1
121.0 -341.0 1
302.0 254.0 1
-332.0 348.0 1
464.0 -225.0 1
159.0 273.0 1
271.0 147.0 1
40.0 152.0 1
-275.0 378.0 1
-175.0 -40.0 1
-76.0 -374.0 1
512.0 235.0 1
-485.0 -175.0 1
-173.0 -359.0 1
143.0 -280.0 1
-522.0 -258.0 1
107.0 -320.0 1
316.0 235.0 1
-191.0 44.0 1
-2.0 404.0 1
