335.0 170.0 0
244.0 250.0 0
309.0 -146.0 0
-90.0 99.0 0
-130.0 -69.0 0
189.0 35.0 0
-127.0 -31.0 0
259.0 -133.0 0
-78.0 -189.0 0
-115.0 185.0 0
-164.0 -253.0 0
8.0 -250.0 0
154.0 195.0 0
61.0 -63.0 0
32.0 -29.0 0
32.0 -96.0 0
275.0 -214.0 0
98.0 -53.0 0
-120.0 94.0 0
171.0 -116.0 0
-243.0 413.0 1
165.0 -14.0 1
-325.0 -206.0 1
-533.0 -388.0 1
160.0 -369.0 1
528.0 367.0 1
-385.0 -405.0 1
428.0 66.0 1
-420.0 -36.0 1
427.0 -277.0 1
-140.0 -284.0 1
-286.0 343.0 1
452.0 -133.0 1
-361.0 116.0 1
-420.0 97.0 1
34.0 274.0 1
-363.0 174.0 1
40.0 -292.0 1
-243.0 84.0 1
-14.0 214.0 1
-554.0 -41.0 1
275.0 337.0 1
68.0 347.0 1
81.0 239.0 1
187.0 -70.0 1
-386.0 175.0 1
73.0 372.0 1
-226.0 97.0 1
-90.0 367.0 1
209.0 379.0 1
35.0 -326.0 1
13.0 -249.0 1
53.0 -92.0 1
-287.0 89.0 1
354.0 379.0 1
330.0 -197.0 1
-362.0 -27.0 1
-105.0 -52.0 1
23.0 212.0 1
445.0 358.0 1
420.0 337.0 1
474.0 -356.0 1
365.0 86.0 1
417.0 362.0 1
-442.0 -377.0 1
-353.0 358.0 1
-511.0 -43.0 1
-365.0 258.0 1
-132.0 -317.0 1
361.0 7.0 1
-437.0 298.0 1
-404.0 36.0 1
420.0 349.0 1
-48.0 -397.0 1
446.0 312.0 1
-469.0 -116.0 1
-6.0 334.0 1
423.0 -1.0 1
108.0 -272.0 1
327.0 54.0 1
-555.0 11.0 1
-369.0 -338.0 1
504.0 391.0 1
-373.0 -123.0 1
-507.0 -324.0 1
374.0 -200.0 1
474.0 272.0 1
-288.0 70.0 1
-190.0 142.0 1
411.0 304.0 1
-367.0 -276.0 1
-31.0 295.0 1
-50.0 407.0 1
424.0 -53.0 1
502.0 9.0 1
-344.0 201.0 1
-565.0 -371.0 1
-470.0 -212.0 1
-126.0 -233.0 1
465.0 136.0 1
410.0 -366.0 1
453.0 395.0 1
-358.0 -47.0 1
-207.0 85.0 1
412.0 135.0 1
-476.0 -406.0 1
-341.0 203.0 1
244.0 103.0 1
464.0 -225.0 1
417.0 163.0 1
-393.0 -285.0 1
71.0 -391.0 1
159.0 273.0 1
-100.0 165.0 1
-174.0 -214.0 1
366.0 258.0 1
79.0 -230.0 1
370.0 -387.0 1
-217.0 389.0 1
-460.0 245.0 1
