-50.0 -311.0 0
244.0 250.0 0
-90.0 99.0 0
-109.0 267.0 0
314.0 193.0 0
223.0 96.0 0
105.0 24.0 0
-170.0 76.0 0
-127.0 -196.0 0
-96.0 -18.0 0
-266.0 384.0 1
-249.0 349.0 1
518.0 297.0 1
-322.0 -183.0 1
-161.0 346.0 1
-396.0 110.0 1
-427.0 18.0 1
28.0 -139.0 1
-542.0 352.0 1
-226.0 97.0 1
-256.0 -182.0 1
327.0 190.0 1
-264.0 138.0 1
-226.0 -267.0 1
23.0 212.0 1
520.0 317.0 1
445.0 358.0 1
-557.0 273.0 1
-8.0 3.0 1
-484.0 18.0 1
476.0 358.0 1
-320.0 -202.0 1
392.0 -343.0 1
-428.0 -224.0 1
-534.0 6.0 1
431.0 163.0 1
-511.0 -43.0 1
-437.0 298.0 1
-418.0 295.0 1
349.0 -177.0 1
247.0 -94.0 1
474.0 272.0 1
-426.0 314.0 1
301.0 122.0 1
-503.0 -21.0 1
-154.0 66.0 1
486.0 222.0 1
-217.0 258.0 1
366.0 258.0 1
-123.0 -62.0 1
188.0 385.0 1
-490.0 -309.0 1
-393.0 -154.0 1
-79.0 41.0 1
-395.0 -81.0 1
-510.0 67.0 1
452.0 273.0 1
-175.0 209.0 1
-351.0 -385.0 1
480.0 162.0 1
