-22.0 265.0 0
-78.0 -189.0 0
-373.0 13.0 0
33.0 129.0 0
329.0 210.0 0
-37.0 105.0 0
98.0 -53.0 0
234.0 -237.0 0
189.0 35.0 0
-170.0 76.0 0
73.0 372.0 1
-490.0 -309.0 1
-426.0 -244.0 1
71.0 -391.0 1
465.0 136.0 1
302.0 254.0 1
355.0 -107.0 1
-369.0 -338.0 1
-169.0 71.0 1
-48.0 -48.0 1
481.0 52.0 1
-186.0 -348.0 1
199.0 -287.0 1
263.0 403.0 1
-220.0 -236.0 1
-409.0 -161.0 1
504.0 -261.0 1
-332.0 348.0 1
-362.0 -27.0 1
-361.0 116.0 1
165.0 -14.0 1
272.0 -116.0 1
-272.0 -159.0 1
-46.0 344.0 1
-217.0 258.0 1
83.0 -158.0 1
-531.0 81.0 1
-344.0 201.0 1
81.0 239.0 1
-352.0 -35.0 1
494.0 344.0 1
-287.0 89.0 1
6.0 242.0 1
457.0 26.0 1
-173.0 -406.0 1
-87.0 52.0 1
392.0 -343.0 1
-417.0 213.0 1
496.0 -377.0 1
285.0 77.0 1
257.0 118.0 1
26.0 -247.0 1
-501.0 246.0 1
528.0 394.0 1
-217.0 389.0 1
251.0 -270.0 1
407.0 347.0 1
-422.0 333.0 1
-76.0 -374.0 1
-302.0 261.0 1
