-147.0 264.0 0
-32.0 -226.0 0
-130.0 -69.0 0
158.0 192.0 0
334.0 152.0 0
-96.0 -18.0 0
171.0 -116.0 0
218.0 -59.0 0
-102.0 110.0 0
-391.0 53.0 0
136.0 297.0 1
-476.0 -406.0 1
-501.0 -122.0 1
-13.0 -322.0 1
348.0 141.0 1
342.0 186.0 1
470.0 -92.0 1
-384.0 -349.0 1
-175.0 41.0 1
-134.0 -119.0 1
502.0 9.0 1
-185.0 -317.0 1
121.0 -341.0 1
209.0 379.0 1
-144.0 -156.0 1
-358.0 -47.0 1
418.0 -257.0 1
-249.0 349.0 1
-424.0 -77.0 1
-434.0 83.0 1
53.0 -92.0 1
374.0 -203.0 1
-285.0 -162.0 1
-63.0 355.0 1
-227.0 303.0 1
125.0 -154.0 1
-484.0 28.0 1
-370.0 274.0 1
245.0 111.0 1
-428.0 -82.0 1
504.0 391.0 1
-272.0 53.0 1
40.0 152.0 1
462.0 32.0 1
-462.0 -108.0 1
-21.0 195.0 1
370.0 -387.0 1
-502.0 151.0 1
474.0 -356.0 1
327.0 54.0 1
486.0 222.0 1
221.0 -228.0 1
-532.0 -97.0 1
420.0 337.0 1
-371.0 371.0 1
297.0 -342.0 1
28.0 139.0 1
-402.0 349.0 1
-24.0 -270.0 1
-546.0 339.0 1
