-50.0 -311.0 0
-186.0 82.0 0
329.0 210.0 0
-50.0 166.0 0
-138.0 -63.0 0
-37.0 105.0 0
-139.0 113.0 0
-72.0 223.0 0
223.0 96.0 0
-305.0 -74.0 0
-391.0 53.0 0
83.0 173.0 0
-222.0 7.0 0
-170.0 76.0 0
334.0 258.0 0
-73.0 -47.0 0
-163.0 212.0 0
-167.0 403.0 0
222.0 -141.0 0
-123.0 391.0 0
-266.0 384.0 1
114.0 -280.0 1
200.0 193.0 1
-498.0 -86.0 1
112.0 208.0 1
-249.0 349.0 1
-422.0 333.0 1
251.0 -270.0 1
-409.0 -161.0 1
-322.0 -183.0 1
481.0 52.0 1
-466.0 -17.0 1
-104.0 -121.0 1
109.0 -292.0 1
-396.0 110.0 1
496.0 311.0 1
465.0 342.0 1
-366.0 73.0 1
-249.0 -189.0 1
291.0 -7.0 1
-433.0 -328.0 1
208.0 -254.0 1
174.0 -220.0 1
-542.0 352.0 1
196.0 254.0 1
-446.0 -117.0 1
-183.0 -264.0 1
526.0 228.0 1
408.0 -183.0 1
-256.0 -182.0 1
-21.0 195.0 1
504.0 -387.0 1
498.0 226.0 1
-435.0 -41.0 1
-226.0 -267.0 1
-571.0 40.0 1
330.0 -278.0 1
420.0 -4.0 1
-8.0 3.0 1
372.0 -258.0 1
-434.0 83.0 1
476.0 358.0 1
-306.0 113.0 1
-320.0 -202.0 1
-531.0 81.0 1
-428.0 -224.0 1
-134.0 340.0 1
-376.0 188.0 1
137.0 350.0 1
285.0 401.0 1
-384.0 -349.0 1
-508.0 233.0 1
-295.0 372.0 1
57.0 -212.0 1
46.0 -128.0 1
11.0 63.0 1
-291.0 -271.0 1
374.0 -203.0 1
88.0 251.0 1
-317.0 403.0 1
439.0 107.0 1
-331.0 -131.0 1
-500.0 -331.0 1
-115.0 371.0 1
146.0 -387.0 1
-417.0 336.0 1
247.0 -94.0 1
353.0 -185.0 1
238.0 -276.0 1
-50.0 338.0 1
6.0 242.0 1
453.0 187.0 1
-538.0 229.0 1
281.0 385.0 1
-352.0 -35.0 1
118.0 404.0 1
405.0 -231.0 1
-493.0 -354.0 1
301.0 122.0 1
-326.0 56.0 1
-478.0 -158.0 1
331.0 -147.0 1
475.0 -179.0 1
-357.0 -240.0 1
397.0 -323.0 1
-54.0 -332.0 1
349.0 354.0 1
-154.0 66.0 1
-407.0 -25.0 1
328.0 7.0 1
517.0 -413.0 1
-287.0 241.0 1
459.0 -258.0 1
-217.0 258.0 1
455.0 33.0 1
411.0 46.0 1
504.0 -375.0 1
312.0 -9.0 1
-124.0 -95.0 1
188.0 385.0 1
