-72.0 223.0 0
-89.0 -295.0 0
-305.0 -74.0 0
83.0 173.0 0
244.0 250.0 0
-14.0 13.0 0
67.0 -164.0 0
303.0 -208.0 0
120.0 -20.0 0
-123.0 391.0 0
118.0 404.0 1
-493.0 -354.0 1
-522.0 -258.0 1
43.0 -357.0 1
412.0 135.0 1
366.0 258.0 1
413.0 -120.0 1
-367.0 -276.0 1
-207.0 85.0 1
-105.0 -52.0 1
532.0 116.0 1
-257.0 -341.0 1
143.0 -280.0 1
254.0 305.0 1
-174.0 -214.0 1
-373.0 -123.0 1
475.0 -179.0 1
-295.0 372.0 1
-407.0 -25.0 1
-396.0 110.0 1
88.0 20.0 1
302.0 -183.0 1
-250.0 -85.0 1
-3.0 353.0 1
-166.0 260.0 1
46.0 -128.0 1
-534.0 6.0 1
-363.0 174.0 1
198.0 227.0 1
-320.0 -202.0 1
476.0 358.0 1
-293.0 124.0 1
89.0 275.0 1
423.0 -1.0 1
-405.0 -383.0 1
-181.0 154.0 1
378.0 -286.0 1
-368.0 64.0 1
483.0 -410.0 1
271.0 1.0 1
365.0 86.0 1
99.0 -193.0 1
-537.0 117.0 1
518.0 297.0 1
-115.0 371.0 1
199.0 -316.0 1
385.0 384.0 1
-418.0 295.0 1
-132.0 -317.0 1
393.0 -382.0 1
