309.0 -146.0 0
-18.0 135.0 0
234.0 -237.0 0
189.0 35.0 0
334.0 258.0 0
160.0 9.0 0
-102.0 110.0 0
154.0 195.0 0
-163.0 212.0 0
303.0 -208.0 0
-33.0 -288.0 1
-13.0 -322.0 1
-166.0 260.0 1
266.0 -320.0 1
263.0 403.0 1
-77.0 -348.0 1
-286.0 343.0 1
-294.0 -127.0 1
68.0 347.0 1
-90.0 367.0 1
209.0 379.0 1
13.0 -249.0 1
533.0 54.0 1
498.0 226.0 1
420.0 -4.0 1
357.0 391.0 1
-134.0 340.0 1
-208.0 -63.0 1
285.0 401.0 1
-48.0 -48.0 1
57.0 -212.0 1
11.0 63.0 1
446.0 312.0 1
-6.0 334.0 1
-381.0 73.0 1
-317.0 403.0 1
355.0 -107.0 1
137.0 401.0 1
-555.0 11.0 1
-424.0 -77.0 1
492.0 -23.0 1
-493.0 -354.0 1
-326.0 56.0 1
275.0 45.0 1
475.0 -179.0 1
-357.0 -240.0 1
-423.0 -52.0 1
407.0 347.0 1
349.0 354.0 1
-393.0 -285.0 1
411.0 46.0 1
290.0 -369.0 1
-163.0 412.0 1
-124.0 -95.0 1
-370.0 274.0 1
-185.0 155.0 1
91.0 -243.0 1
-293.0 124.0 1
280.0 -266.0 1
-340.0 -283.0 1
