-72.0 223.0 0
-89.0 -295.0 0
-305.0 -74.0 0
83.0 173.0 0
244.0 250.0 0
-130.0 -69.0 0
-14.0 13.0 0
67.0 -164.0 0
303.0 -208.0 0
-18.0 135.0 0
133.0 114.0 0
-222.0 7.0 0
120.0 -20.0 0
-123.0 391.0 0
-176.0 -268.0 0
60.0 60.0 0
171.0 -116.0 0
329.0 210.0 0
-73.0 -47.0 0
-150.0 144.0 0
118.0 404.0 1
-493.0 -354.0 1
-522.0 -258.0 1
43.0 -357.0 1
412.0 135.0 1
366.0 258.0 1
413.0 -120.0 1
-367.0 -276.0 1
-207.0 85.0 1
-105.0 -52.0 1
532.0 116.0 1
-257.0 -341.0 1
143.0 -280.0 1
254.0 305.0 1
-174.0 -214.0 1
-134.0 -119.0 1
-373.0 -123.0 1
475.0 -179.0 1
-295.0 372.0 1
-407.0 -25.0 1
-396.0 110.0 1
-470.0 -212.0 1
88.0 20.0 1
302.0 -183.0 1
-250.0 -85.0 1
-3.0 353.0 1
-166.0 260.0 1
46.0 -128.0 1
-534.0 6.0 1
-272.0 -159.0 1
-363.0 174.0 1
475.0 42.0 1
-227.0 303.0 1
198.0 227.0 1
-320.0 -202.0 1
476.0 358.0 1
-435.0 -41.0 1
-446.0 -117.0 1
-185.0 -317.0 1
-293.0 124.0 1
89.0 275.0 1
-226.0 -267.0 1
-50.0 338.0 1
89.0 -396.0 1
423.0 -1.0 1
-405.0 -383.0 1
11.0 63.0 1
-181.0 154.0 1
-87.0 52.0 1
378.0 -286.0 1
-368.0 64.0 1
483.0 -410.0 1
474.0 -356.0 1
271.0 1.0 1
-352.0 -35.0 1
-370.0 274.0 1
49.0 354.0 1
-565.0 -371.0 1
-442.0 51.0 1
365.0 86.0 1
492.0 -23.0 1
-426.0 -244.0 1
23.0 212.0 1
99.0 -193.0 1
-537.0 117.0 1
-436.0 161.0 1
301.0 122.0 1
-351.0 -385.0 1
-22.0 238.0 1
518.0 297.0 1
-115.0 371.0 1
199.0 -316.0 1
13.0 -249.0 1
290.0 -369.0 1
263.0 403.0 1
-287.0 89.0 1
-341.0 203.0 1
-466.0 -17.0 1
504.0 391.0 1
445.0 358.0 1
452.0 273.0 1
385.0 384.0 1
187.0 -70.0 1
459.0 -258.0 1
526.0 228.0 1
-175.0 41.0 1
188.0 385.0 1
-547.0 198.0 1
393.0 -382.0 1
-537.0 348.0 1
160.0 -369.0 1
-257.0 340.0 1
275.0 -257.0 1
57.0 -212.0 1
244.0 103.0 1
221.0 -228.0 1
-60.0 -329.0 1
526.0 -377.0 1
-402.0 349.0 1
-422.0 295.0 1
