0 7 0 0 7 0.0 1.0 0.0 0.0 7 7 0 1 15 0.4666666666666667 0.4666666666666667 0.0 0.06666666666666667 
2 5 0 0 7 0.2857142857142857 0.7142857142857143 0.0 0.0 7 6 1 1 15 0.4666666666666667 0.4 0.06666666666666667 0.06666666666666667 
1 3 1 2 7 0.14285714285714285 0.42857142857142855 0.14285714285714285 0.2857142857142857 8 6 0 1 15 0.5333333333333333 0.4 0.0 0.06666666666666667 
0 5 2 0 7 0.0 0.7142857142857143 0.2857142857142857 0.0 9 5 1 0 15 0.6 0.3333333333333333 0.06666666666666667 0.0 
0 6 1 0 7 0.0 0.8571428571428571 0.14285714285714285 0.0 5 9 0 0 14 0.35714285714285715 0.6428571428571429 0.0 0.0 
0 6 1 0 7 0.0 0.8571428571428571 0.14285714285714285 0.0 3 11 0 0 14 0.21428571428571427 0.7857142857142857 0.0 0.0 
5 1 1 0 7 0.7142857142857143 0.14285714285714285 0.14285714285714285 0.0 5 9 0 0 14 0.35714285714285715 0.6428571428571429 0.0 0.0 
0 7 0 0 7 0.0 1.0 0.0 0.0 6 7 1 0 14 0.42857142857142855 0.5 0.07142857142857142 0.0 
0 6 1 0 7 0.0 0.8571428571428571 0.14285714285714285 0.0 9 4 1 0 14 0.6428571428571429 0.2857142857142857 0.07142857142857142 0.0 
0 4 1 2 7 0.0 0.5714285714285714 0.14285714285714285 0.2857142857142857 9 5 0 0 14 0.6428571428571429 0.35714285714285715 0.0 0.0 
