1.51755118 12.99765 3.60098 1.35893 72.9908 0.57132 8.39976 0.0 0.0561 0
1.52666318 13.9885 3.69976 0.71051 71.5684 0.01863 9.82008 0.0 0.051 0
1.51566044 13.29025 3.44832 1.21127 72.7388 0.5589 8.57192 0.0 0.0 0
1.51905466 13.6028 3.61894 1.10855 72.638 0.14283 8.75484 0.0 0.0 0
1.5175284 12.57205 3.47077 1.3814 73.3884 0.60237 8.5504 0.0 0.0306 0
1.51869018 13.1905 3.37199 1.17917 72.722 0.57132 8.83016 0.0 0.0816 0
1.51595658 12.7915 3.60996 1.61894 72.9684 0.63963 8.0662 0.0 0.1326 0
1.5162755 12.99765 3.57853 1.53869 72.8284 0.60858 8.04468 0.0 0.0 1
1.51727782 14.70005 0.0 2.34119 73.282 0.0 8.94852 0.6615 0.0 1
1.51686778 13.2304 3.53812 1.48091 72.8396 0.5589 8.09848 0.0 0.0 1
1.5166172 12.85135 3.51118 1.43918 73.0076 0.6831 8.2276 0.5985 0.1275 1
1.51645774 13.4432 3.60996 1.53869 72.3916 0.65826 8.03392 0.0 0.0 1
1.5193508 13.6427 3.53812 0.74903 72.6492 0.16146 8.89472 0.1512 0.1224 1
1.5151365 14.853 0.0 2.42144 73.7188 0.0 8.389 0.5607 0.0 1
1.51693612 12.858 3.57853 1.31078 72.61 0.60858 8.78712 0.0 0.0 1
1.51115 17.38 0.0 0.34136 75.41 0.0 6.64588 0.0 0.0 1
1.51789288 13.1905 3.90181 1.30115 72.33 0.55269 8.4428 0.0 0.1428 1
1.52067204 13.5496 2.08785 1.6703 72.1788 0.52785 9.5726 0.2709 0.0867 1
1.5173006 12.3526 2.72094 1.62857 72.8676 0.70173 9.22828 0.0 0.0 1
1.52725546 13.8023 3.15198 0.65915 70.5716 0.08073 11.63852 0.0 0.0 1
1.52474966 11.4482 0.0 1.87895 72.19 0.8073 13.24176 0.0 0.1734 1
