1.5176423 12.9777 3.53812 1.21127 73.002 0.65205 8.52888 0.0 0.0 0
1.52212996 14.20795 3.82099 0.46976 71.77 0.11178 9.5726 0.0 0.0 0
1.51777898 13.21045 3.38995 1.33004 72.7612 0.58995 8.59344 0.0 0.0 0
1.51898632 13.58285 3.34954 1.23053 72.078 0.58995 8.90548 0.0 0.0 0
1.51793844 12.7915 3.5022 1.12139 73.03 0.63963 8.7656 0.0 0.0 0
1.51768786 12.45235 2.71196 1.29152 73.702 0.5589 9.05612 0.0 0.1224 0
1.51919134 14.417 3.57853 1.36856 72.078 0.5589 8.30292 0.0 0.0 0
1.51663998 12.93115 3.53812 1.61894 72.9572 0.63963 8.03392 0.0 0.1071 1
1.51556932 13.8688 0.0 2.54021 73.2316 0.14283 9.4112 0.80955 0.0051 1
1.51568322 13.23705 3.48873 1.47128 73.2484 0.37881 8.03392 0.0 0.0 1
1.51645774 13.03755 3.39893 1.25942 73.0076 0.52164 8.58268 0.0 0.0 1
1.51848516 13.6427 3.87038 1.26905 71.9604 0.54027 8.32444 0.0 0.1632 1
1.51841682 13.0176 3.61894 1.0604 72.3412 0.63963 9.13144 0.0 0.0765 1
1.51732338 14.95275 0.0 1.7987 72.9908 0.0 8.61496 1.5498 0.0 1
1.51670832 13.23705 3.56955 1.3814 72.6996 0.5589 8.4428 0.0 0.051 1
1.51130946 13.68925 3.20137 1.81154 72.8116 1.75743 5.43 1.1907 0.0 1
1.51609326 13.42325 3.39893 1.2209 72.6884 0.58995 8.32444 0.0 0.0 1
1.52080872 13.78235 2.28092 1.42955 71.9884 0.49059 9.85236 0.0 0.0867 1
1.51743728 12.19965 3.25076 1.15991 73.5508 0.621 8.89472 0.0 0.1224 1
1.52176548 13.7491 1.01025 1.35893 72.19 0.32913 11.14356 0.0 0.0 1
1.5196925 12.63855 0.0 1.65104 73.7524 0.37881 11.53092 0.0 0.0 1
