1.51823458 12.8713 3.47975 1.29152 72.9516 0.60237 8.43204 0.0 0.0 0
1.52320062 13.7225 3.72221 0.51149 71.7476 0.08694 10.568 0.0 0.0816 0
1.51734616 13.0176 3.53812 1.68956 72.7276 0.54027 8.4428 0.0 0.0357 0
1.51777898 13.21045 3.38995 1.33004 72.7612 0.58995 8.59344 0.0 0.0 0
1.52099096 13.68925 3.592 1.12139 71.9604 0.08694 9.40044 0.0 0.0 0
1.5215149 13.05085 3.65037 0.87101 72.3188 0.19251 9.85236 0.0 0.0867 0
1.51755118 12.7117 3.42138 1.19843 73.198 0.58995 8.63648 0.0 0.0 0
1.51837126 13.1373 2.84217 1.27868 72.8508 0.55269 9.06688 0.0 0.0 0
1.51748284 12.858 3.56057 1.26905 73.2092 0.54027 8.37824 0.0 0.0867 0
1.51910022 13.88875 3.52914 1.32041 71.8092 0.50922 8.77636 0.11025 0.0 0
1.51761952 13.88875 3.60098 1.35893 72.7276 0.47817 7.82948 0.0 0.0 0
1.51766508 13.21045 3.69078 1.29152 72.61 0.57132 8.21684 0.0 0.0 0
1.51793844 12.7915 3.5022 1.12139 73.03 0.63963 8.7656 0.0 0.0 0
1.51966972 14.7732 3.74915 0.29 72.022 0.03105 9.00232 0.0 0.0 0
1.51591102 13.0176 3.57853 1.5098 73.1196 0.68931 7.9586 0.0 0.0 1
1.51652608 11.94695 0.0 1.1888 75.1804 2.70135 8.927 0.0 0.0 1
1.51602492 14.853 0.0 2.37971 73.282 0.0 8.75484 0.63945 0.459 1
1.51613882 13.922 3.52016 1.24979 72.8788 0.3726 7.93708 0.0 0.0714 1
1.5160477 12.8979 3.43934 1.44881 73.58 0.44091 8.27064 0.0 0.0 1
1.51572878 14.85965 3.66833 1.74092 71.8708 0.16146 7.35604 0.0 0.0612 1
1.52121876 14.0284 3.75813 0.5789 71.7924 0.11178 9.64792 0.0 0.0 1
1.51666276 12.9378 3.60996 1.25942 72.75 0.5589 8.6042 0.0 0.0 1
1.51830292 14.3875 0.0 1.82117 72.862 1.40967 6.47372 2.8791 0.0 1
1.51812068 13.4299 3.97814 1.17917 72.4924 0.57753 8.15228 0.0 0.0 1
1.52365622 15.79065 1.83192 1.31078 70.4316 0.3105 8.61496 1.67895 0.0 1
1.51711836 12.89125 3.61894 1.57079 72.9572 0.60858 8.10924 0.0 0.0 1
1.51689056 12.6718 2.87809 1.70882 73.2092 0.73278 8.53964 0.0 0.0 1
1.51115 17.38 0.0 0.34136 75.41 0.0 6.64588 0.0 0.0 1
1.51645774 13.4033 3.48873 1.51943 72.6492 0.67068 8.07696 0.0 0.051 1
1.5151365 14.00845 2.68053 3.5 69.8884 1.68291 5.87116 2.1987 0.0 1
1.51805234 12.99765 3.79854 1.07966 73.0692 0.5589 8.37824 0.0 0.0612 1
1.51937358 13.789 2.41113 1.1888 72.7612 0.0 9.76628 0.0 0.0 1
1.51859906 13.35675 3.43036 1.42955 72.2628 0.50922 8.6042 0.0 0.0 1
1.5132002 12.99765 0.0 3.0185 70.7004 6.21 6.92564 0.0 0.0 1
1.52042146 13.3767 0.0 1.40066 72.2516 0.32913 12.49932 0.0 0.0 1
1.51828014 13.23705 3.90181 1.41029 72.33 0.55269 8.31368 0.0 0.051 1
1.52119598 12.97105 0.32777 1.5098 73.3884 0.13041 11.27268 0.0 0.1428 1
1.51914578 12.73165 1.84988 1.85969 72.6884 0.60237 10.08908 0.0 0.0 1
1.5215149 11.02925 1.71069 1.56116 73.4388 0.57753 11.617 0.0 0.0 1
1.5277794 12.63855 0.0 0.66878 72.022 0.0621 14.40384 0.0 0.0 1
1.51643496 12.15975 3.52016 1.3493 72.89 0.57132 8.52888 0.0 0.0 1
1.5167311 12.7915 3.52016 1.53869 73.3604 0.65826 7.9048 0.0 0.0 1
1.51887242 14.99265 0.78126 1.74092 72.498 0.0 9.9492 0.0 0.0 1
