1.51748284 12.858 3.56057 1.26905 73.2092 0.54027 8.37824 0.0 0.0867 0
1.52171992 13.4831 3.74017 0.8999 72.0108 0.18009 9.60488 0.0 0.0357 0
1.51761952 12.79815 3.65935 1.26905 73.0076 0.60237 8.56116 0.0 0.0 0
1.51910022 13.88875 3.52914 1.32041 71.8092 0.50922 8.77636 0.11025 0.0 0
1.51782454 12.69175 3.53812 1.33967 72.9516 0.57132 8.75484 0.0 0.0 0
1.51755118 13.39 3.65935 1.1888 72.7892 0.57132 8.27064 0.0 0.0561 0
1.52101374 13.6427 4.49 1.09892 71.7812 0.0621 8.75484 0.0 0.0 0
1.5167311 12.7915 3.52016 1.53869 73.3604 0.65826 7.9048 0.0 0.0 1
1.51711836 14.2279 0.0 2.08118 73.3604 0.0 8.61496 1.6695 0.0 1
1.51645774 13.4033 3.48873 1.51943 72.6492 0.67068 8.07696 0.0 0.051 1
1.5163894 12.5521 3.47975 1.86932 73.2316 0.62721 8.07696 0.0 0.459 1
1.51689056 13.33015 3.53812 1.60931 72.5428 0.6831 8.10924 0.0 0.0 1
1.51768786 13.64935 3.65935 1.10855 72.7724 0.11178 8.6042 0.0 0.0 1
1.5171867 14.75325 0.0 2.00093 73.0188 0.0 8.52888 1.59075 0.0408 1
1.51654886 13.40995 3.38995 1.27868 72.638 0.52164 8.64724 0.0 0.0 1
1.51299518 14.4008 1.74212 1.53869 74.5476 0.0 7.59276 0.0 0.0 1
1.51859906 13.35675 3.43036 1.42955 72.2628 0.50922 8.6042 0.0 0.0 1
1.51887242 14.99265 0.78126 1.74092 72.498 0.0 9.9492 0.0 0.0 1
1.51818902 12.6186 2.76135 0.82928 73.8084 0.34776 9.42196 0.0 0.102 1
1.51916856 14.1481 0.0 2.09081 72.7388 0.0 10.88532 0.0 0.0 1
1.5277794 12.63855 0.0 0.66878 72.022 0.0621 14.40384 0.0 0.0 1
