1.51750562 12.81145 3.56955 1.3493 73.0188 0.621 8.59344 0.0 0.0 0
1.52171992 13.5097 3.8614 0.88064 71.7924 0.22977 9.54032 0.0 0.0561 0
1.51766508 13.21045 3.69078 1.29152 72.61 0.57132 8.21684 0.0 0.0 0
1.5215149 13.05085 3.65037 0.87101 72.3188 0.19251 9.85236 0.0 0.0867 0
1.51761952 12.61195 3.592 1.31078 73.2876 0.57753 8.4966 0.0 0.0 0
1.51755118 13.1506 3.60996 1.05077 73.2372 0.57132 8.23836 0.0 0.0 0
1.51966972 14.7732 3.74915 0.29 72.022 0.03105 9.00232 0.0 0.0 0
1.51711836 12.89125 3.61894 1.57079 72.9572 0.60858 8.10924 0.0 0.0 1
1.5165033 14.38085 0.0 1.93994 73.6124 0.0 8.47508 1.5687 0.0 1
1.51625272 13.35675 3.57853 1.49054 72.722 0.44712 8.20608 0.0 0.0 1
1.51609326 13.33015 3.52914 1.33967 72.6716 0.5589 8.3352 0.0 0.0 1
1.51891798 13.46315 3.82997 1.25942 72.5484 0.57132 8.20608 0.0 0.0714 1
1.5177562 13.52965 3.40791 1.51943 72.0388 0.57753 8.78712 0.0 0.0 1
1.516845 14.9195 0.0 1.9913 73.58 0.0 8.39976 1.59075 0.0 1
1.51643496 12.15975 3.52016 1.3493 72.89 0.57132 8.52888 0.0 0.0 1
1.51613882 13.8821 1.77804 1.78907 73.0972 0.0 8.66876 0.75915 0.0 1
1.52315506 13.4432 3.34056 1.23053 72.3804 0.60237 8.83016 0.0 0.0 1
1.51937358 13.789 2.41113 1.1888 72.7612 0.0 9.76628 0.0 0.0 1
1.5183257 13.33015 3.34056 1.53869 72.1396 0.5589 8.99156 0.0 0.0 1
1.51994308 13.2703 0.0 1.76018 73.03 0.47196 11.31572 0.0 0.0 1
1.5196925 14.5604 0.0 0.55964 73.478 0.0 11.21888 0.0 0.0 1
