1.51588824 12.87795 3.43036 1.40066 73.282 0.68931 8.04468 0.0 0.1224 0
1.52212996 14.20795 3.82099 0.46976 71.77 0.11178 9.5726 0.0 0.0 0
1.52222108 13.21045 3.7716 0.79076 71.9884 0.13041 10.2452 0.0 0.0 0
1.51755118 13.39 3.65935 1.1888 72.7892 0.57132 8.27064 0.0 0.0561 0
1.51755118 13.1506 3.60996 1.05077 73.2372 0.57132 8.23836 0.0 0.0 0
1.51910022 13.90205 3.73119 1.17917 72.1228 0.0621 8.89472 0.0 0.0 0
1.51215232 12.991 3.47077 1.12139 72.9796 0.621 8.34596 0.0 0.1581 0
1.51761952 13.88875 3.60098 1.35893 72.7276 0.47817 7.82948 0.0 0.0 0
1.51784732 12.67845 3.66833 1.15991 73.1084 0.60858 8.70104 0.0 0.0 0
1.51720948 13.3767 3.5022 1.15028 72.8508 0.50301 8.43204 0.0 0.0 0
1.51823458 12.8713 3.47975 1.29152 72.9516 0.60237 8.43204 0.0 0.0 0
1.51919134 14.417 3.57853 1.36856 72.078 0.5589 8.30292 0.0 0.0 0
1.51761952 12.79815 3.65935 1.26905 73.0076 0.60237 8.56116 0.0 0.0 0
1.51750562 12.81145 3.56955 1.3493 73.0188 0.621 8.59344 0.0 0.0 0
1.51782454 12.69175 3.53812 1.33967 72.9516 0.57132 8.75484 0.0 0.0 0
1.51837126 13.1373 2.84217 1.27868 72.8508 0.55269 9.06688 0.0 0.0 0
1.5215149 13.05085 3.65037 0.87101 72.218 0.19251 9.85236 0.0 0.0867 0
1.51595658 12.7915 3.60996 1.61894 72.9684 0.63963 8.0662 0.0 0.1326 0
1.51734616 13.0176 3.53812 1.68956 72.7276 0.54027 8.4428 0.0 0.0357 0
1.51777898 13.21045 3.38995 1.33004 72.7612 0.58995 8.59344 0.0 0.0 0
1.5215149 13.05085 3.65037 0.87101 72.3188 0.19251 9.85236 0.0 0.0867 0
1.51869018 13.1905 3.37199 1.17917 72.722 0.57132 8.83016 0.0 0.0816 0
1.51755118 12.99765 3.60098 1.35893 72.9908 0.57132 8.39976 0.0 0.0561 0
1.51761952 12.81145 3.53812 1.23053 73.2372 0.57753 8.389 0.0 0.0 0
1.5175284 12.57205 3.47077 1.3814 73.3884 0.60237 8.5504 0.0 0.0306 0
1.5178701 12.73165 3.43036 1.1888 72.9516 0.621 8.75484 0.0 0.153 0
1.52320062 13.7225 3.72221 0.51149 71.7476 0.08694 10.568 0.0 0.0816 0
1.5229956 13.3102 3.57853 0.81965 71.9884 0.11799 10.17516 0.0 0.0153 0
1.52101374 13.6427 4.49 1.09892 71.7812 0.0621 8.75484 0.0 0.0 0
1.51925968 13.19715 3.33158 1.27868 72.358 0.60237 9.1422 0.0 0.0561 0
1.51618438 13.52965 3.55159 1.53869 72.9908 0.39123 7.77568 0.0 0.0 0
1.51807512 13.4299 2.86911 1.1888 72.8396 0.55269 9.0346 0.0 0.0 0
1.5215149 13.11735 3.57853 0.8999 72.2012 0.22977 9.82008 0.0 0.0816 0
1.51755118 12.7117 3.42138 1.19843 73.198 0.58995 8.63648 0.0 0.0 0
1.51766508 13.21045 3.69078 1.29152 72.61 0.57132 8.21684 0.0 0.0 0
1.51566044 13.29025 3.44832 1.21127 72.7388 0.5589 8.57192 0.0 0.0 0
1.5190091 13.48975 3.47975 1.3493 71.9492 0.55269 9.00232 0.0 0.0 0
1.51818902 13.7225 0.0 0.55964 74.4524 0.0 10.99292 0.0 0.0 1
1.51663998 12.93115 3.53812 1.61894 72.9572 0.63963 8.03392 0.0 0.1071 1
1.51850794 13.19715 3.62792 1.07003 72.8284 0.57132 8.41052 0.09135 0.0867 1
1.51645774 13.40995 3.55159 1.24979 72.8116 0.6831 8.09848 0.0 0.0 1
1.51629828 12.7117 3.33158 1.49054 73.282 0.67068 8.23836 0.0 0.0 1
1.51891798 13.46315 3.82997 1.25942 72.5484 0.57132 8.20608 0.0 0.0714 1
1.52176548 13.7491 1.01025 1.35893 72.19 0.32913 11.14356 0.0 0.0 1
1.5170728 13.7225 3.6818 1.81154 72.0612 0.63963 7.88328 0.0 0.0 1
1.51666276 12.9378 3.60996 1.25942 72.75 0.5589 8.6042 0.0 0.0 1
1.52613924 13.70255 0.0 1.35893 71.238 0.19251 13.43544 0.0 0.051 1
1.51645774 13.4432 3.60996 1.53869 72.3916 0.65826 8.03392 0.0 0.0 1
1.51743728 12.19965 3.25076 1.15991 73.5508 0.621 8.89472 0.0 0.1224 1
1.52474966 11.4482 0.0 1.87895 72.19 0.8073 13.24176 0.0 0.1734 1
1.5159338 13.09075 3.592 1.51943 73.0972 0.67068 7.82948 0.0 0.0 1
1.51818902 12.6186 2.76135 0.82928 73.8084 0.34776 9.42196 0.0 0.102 1
1.51846238 13.0974 3.96916 1.1888 72.442 0.60237 8.43204 0.0 0.0 1
1.52080872 13.78235 2.28092 1.42955 71.9884 0.49059 9.85236 0.0 0.0867 1
1.51613882 13.922 3.52016 1.24979 72.8788 0.3726 7.93708 0.0 0.0714 1
1.51591102 12.858 3.52016 2.1197 72.6604 0.68931 7.96936 0.0 0.0 1
1.52408904 13.8289 2.90054 1.16954 71.1484 0.08073 10.78848 0.0 0.0 1
1.51632106 13.3368 3.56955 1.57079 72.8676 0.60858 7.89404 0.0 0.0 1
1.52222108 14.4274 0.0 0.99941 72.6716 0.09936 11.52016 0.0 0.0408 1
1.5166172 12.85135 3.51118 1.43918 73.0076 0.6831 8.2276 0.5985 0.1275 1
1.51805234 12.99765 3.79854 1.07966 73.0692 0.5589 8.37824 0.0 0.0612 1
1.53393 12.2994 0.0 0.99941 70.1628 0.11799 16.19 0.0 0.1224 1
1.5277794 12.63855 0.0 0.66878 72.022 0.0621 14.40384 0.0 0.0 1
1.52019366 13.98185 1.35149 1.62857 71.7588 0.39123 10.56252 0.0 0.51 1
1.51800678 13.7092 3.92875 1.53869 71.8092 0.54027 8.20608 0.0 0.0765 1
1.51654886 12.7516 2.85115 1.43918 73.2708 0.57132 8.78712 0.11025 0.1122 1
1.5167311 13.2969 3.64139 1.52906 72.5316 0.65205 8.03392 0.0 0.1479 1
1.51408862 14.24785 3.08912 2.08118 72.2796 1.09917 7.07628 0.0 0.0 1
1.51846238 13.40995 3.88834 1.33004 72.3804 0.50922 8.2814 0.0 0.0 1
1.5167311 12.7915 3.52016 1.53869 73.3604 0.65826 7.9048 0.0 0.0 1
1.51609326 13.33015 3.52914 1.33967 72.6716 0.5589 8.3352 0.0 0.0 1
1.51663998 13.1373 3.44832 1.76018 72.4812 0.60237 8.37824 0.0 0.0867 1
1.52121876 14.0284 3.75813 0.5789 71.7924 0.11178 9.64792 0.0 0.0 1
1.51645774 13.03755 3.39893 1.25942 73.0076 0.52164 8.58268 0.0 0.0 1
1.52210718 14.188 3.78058 0.90953 71.3612 0.22977 9.1422 0.0 0.1887 1
1.51777898 13.6427 3.65037 0.64952 73.002 0.0621 8.927 0.0 0.0 1
1.51609326 13.42325 3.39893 1.2209 72.6884 0.58995 8.32444 0.0 0.0 1
1.5193508 13.6427 3.53812 0.74903 72.6492 0.16146 8.89472 0.1512 0.1224 1
1.51768786 13.64935 3.65935 1.10855 72.7724 0.11178 8.6042 0.0 0.0 1
1.5183257 13.33015 3.34056 1.53869 72.1396 0.5589 8.99156 0.0 0.0 1
1.51670832 13.23705 3.56955 1.3814 72.6996 0.5589 8.4428 0.0 0.051 1
1.51654886 13.40995 3.38995 1.27868 72.638 0.52164 8.64724 0.0 0.0 1
1.52126432 14.321 3.90181 0.82928 71.5012 0.0 9.48652 0.0 0.0 1
1.51643496 12.15975 3.52016 1.3493 72.89 0.57132 8.52888 0.0 0.0 1
1.5196925 12.63855 0.0 1.65104 73.7524 0.37881 11.53092 0.0 0.0 1
1.52171992 11.56125 1.88131 1.56116 72.862 0.47196 11.41256 0.0 0.0 1
1.51115 17.38 0.0 0.34136 75.41 0.0 6.64588 0.0 0.0 1
1.51853072 14.08825 2.19112 1.66067 72.6716 0.0 9.32512 0.0 0.0 1
1.51887242 14.99265 0.78126 1.74092 72.498 0.0 9.9492 0.0 0.0 1
1.51905466 14.0018 2.38868 1.56116 72.3692 0.0 9.5726 0.0 0.0 1
1.51916856 14.1481 0.0 2.09081 72.7388 0.0 10.88532 0.0 0.0 1
1.51613882 13.8821 1.77804 1.78907 73.0972 0.0 8.66876 0.75915 0.0 1
1.51509094 15.15225 0.0 2.25131 73.5004 0.0 8.3352 0.63 0.0 1
1.51652608 11.94695 0.0 1.1888 75.1804 2.70135 8.927 0.0 0.0 1
1.52064926 14.3609 0.0 2.02019 73.422 0.0 8.4428 1.64115 0.0 1
1.5163894 14.36755 0.0 2.73923 72.8508 0.0 9.45424 0.53865 0.0 1
1.51545542 14.14145 0.0 2.68145 73.3884 0.08073 9.06688 0.6111 0.0255 1
1.51645774 14.93945 0.0 1.86932 73.1084 0.0 8.66876 1.3797 0.0 1
1.5161616 14.95275 0.0 2.27057 73.2988 0.0 8.7118 0.67095 0.0 1
1.52365622 15.79065 1.83192 1.31078 70.4316 0.3105 8.61496 1.67895 0.0 1
1.5151365 14.853 0.0 2.42144 73.7188 0.0 8.389 0.5607 0.0 1
1.51622994 14.2013 0.0 2.79059 73.4612 0.03726 9.04536 0.40005 0.459 1
1.51609326 15.126 0.0 2.51132 73.0524 0.04968 8.83016 0.5292 0.0 1
1.51727782 14.70005 0.0 2.34119 73.282 0.0 8.94852 0.6615 0.0 1
1.51622994 14.14145 0.0 2.88047 72.61 0.08073 9.18524 1.06155 0.0 1
1.51657164 14.7998 0.0 1.9913 73.1084 0.0 8.2814 1.71045 0.0 1
1.51732338 14.95275 0.0 1.7987 72.9908 0.0 8.61496 1.5498 0.0 1
