268.0 287.0 0
288.0 868.0 0
321.0 472.0 0
59.0 249.0 0
258.0 1.0 0
135.0 398.0 0
266.0 1177.0 0
161.0 977.0 0
295.0 714.0 0
196.0 -81.0 0
-17.0 1234.0 1
334.0 837.0 1
0.0 256.0 1
371.0 1103.0 1
58.0 328.0 1
437.0 1366.0 1
395.0 977.0 1
204.0 -186.0 1
258.0 1448.0 1
-69.0 -77.0 1
46.0 1461.0 1
72.0 828.0 1
-10.0 120.0 1
81.0 195.0 1
61.0 750.0 1
345.0 -83.0 1
18.0 571.0 1
121.0 1030.0 1
-14.0 990.0 1
421.0 343.0 1
102.0 464.0 1
408.0 523.0 1
268.0 446.0 1
238.0 137.0 1
336.0 930.0 1
307.0 1329.0 1
-17.0 710.0 1
-10.0 422.0 1
-34.0 -153.0 1
-39.0 639.0 1
471.0 822.0 1
41.0 151.0 1
61.0 790.0 1
122.0 1463.0 1
391.0 1433.0 1
418.0 454.0 1
124.0 -166.0 1
-18.0 1029.0 1
234.0 1356.0 1
323.0 112.0 1
394.0 616.0 1
349.0 -3.0 1
381.0 1185.0 1
451.0 697.0 1
331.0 10.0 1
475.0 1234.0 1
410.0 -216.0 1
0.0 545.0 1
461.0 990.0 1
304.0 1424.0 1
-12.0 931.0 1
305.0 275.0 1
-66.0 1090.0 1
162.0 1385.0 1
120.0 -268.0 1
247.0 1098.0 1
19.0 1187.0 1
434.0 198.0 1
95.0 17.0 1
130.0 742.0 1
-66.0 1344.0 1
15.0 807.0 1
9.0 486.0 1
73.0 1301.0 1
291.0 -189.0 1
95.0 -46.0 1
262.0 1032.0 1
249.0 107.0 1
358.0 583.0 1
92.0 1248.0 1
