227.0 342.0 0
268.0 858.0 0
315.0 451.0 0
204.0 89.0 0
121.0 -38.0 0
246.0 651.0 0
213.0 1253.0 0
179.0 1137.0 0
168.0 789.0 0
53.0 1176.0 0
42.0 1245.0 1
400.0 829.0 1
0.0 276.0 1
307.0 1069.0 1
82.0 367.0 1
456.0 1349.0 1
312.0 1012.0 1
65.0 -226.0 1
183.0 1470.0 1
-47.0 -107.0 1
111.0 1448.0 1
-11.0 838.0 1
96.0 94.0 1
45.0 167.0 1
-52.0 743.0 1
372.0 -129.0 1
94.0 572.0 1
156.0 1011.0 1
10.0 974.0 1
321.0 381.0 1
38.0 468.0 1
321.0 559.0 1
48.0 406.0 1
260.0 187.0 1
443.0 941.0 1
205.0 1315.0 1
41.0 719.0 1
-22.0 452.0 1
11.0 -152.0 1
-30.0 561.0 1
334.0 820.0 1
-32.0 147.0 1
178.0 787.0 1
57.0 1394.0 1
461.0 1401.0 1
326.0 512.0 1
104.0 -137.0 1
-69.0 1043.0 1
255.0 1383.0 1
396.0 68.0 1
443.0 656.0 1
311.0 -13.0 1
367.0 1165.0 1
429.0 742.0 1
400.0 48.0 1
424.0 1319.0 1
365.0 -188.0 1
28.0 508.0 1
342.0 1045.0 1
293.0 1433.0 1
-51.0 929.0 1
396.0 226.0 1
25.0 1123.0 1
479.0 1383.0 1
459.0 -281.0 1
344.0 1222.0 1
-76.0 1185.0 1
378.0 178.0 1
20.0 9.0 1
255.0 738.0 1
-68.0 1352.0 1
289.0 780.0 1
184.0 495.0 1
100.0 1337.0 1
181.0 -110.0 1
29.0 -223.0 1
302.0 1046.0 1
467.0 -202.0 1
446.0 668.0 1
-24.0 -213.0 1
