152.0 -97.0 0
201.0 354.0 0
59.0 249.0 0
87.0 182.0 0
284.0 1117.0 0
179.0 1137.0 0
116.0 421.0 0
119.0 211.0 0
155.0 586.0 0
178.0 934.0 0
122.0 1463.0 1
204.0 -186.0 1
82.0 367.0 1
438.0 446.0 1
45.0 338.0 1
323.0 28.0 1
396.0 1441.0 1
327.0 929.0 1
5.0 -76.0 1
326.0 307.0 1
-60.0 199.0 1
54.0 927.0 1
65.0 -226.0 1
18.0 571.0 1
-66.0 712.0 1
312.0 1012.0 1
126.0 1339.0 1
435.0 227.0 1
61.0 790.0 1
169.0 -199.0 1
437.0 1366.0 1
311.0 -13.0 1
122.0 752.0 1
461.0 1401.0 1
-22.0 452.0 1
38.0 991.0 1
-63.0 774.0 1
355.0 1457.0 1
78.0 -2.0 1
200.0 1391.0 1
410.0 -216.0 1
331.0 888.0 1
-51.0 1099.0 1
1.0 677.0 1
-4.0 1168.0 1
-10.0 422.0 1
434.0 829.0 1
254.0 418.0 1
149.0 1394.0 1
94.0 572.0 1
388.0 220.0 1
85.0 549.0 1
90.0 891.0 1
441.0 1001.0 1
61.0 750.0 1
28.0 523.0 1
269.0 1463.0 1
455.0 801.0 1
41.0 719.0 1
350.0 697.0 1
93.0 722.0 1
38.0 1343.0 1
245.0 -236.0 1
397.0 1151.0 1
249.0 107.0 1
-1.0 793.0 1
86.0 1071.0 1
387.0 762.0 1
14.0 968.0 1
461.0 990.0 1
410.0 359.0 1
76.0 905.0 1
387.0 901.0 1
205.0 1315.0 1
439.0 713.0 1
-36.0 261.0 1
442.0 670.0 1
62.0 253.0 1
450.0 347.0 1
-12.0 250.0 1
