290.0 -57.0 0
194.0 -80.0 0
58.0 566.0 0
201.0 354.0 0
358.0 91.0 0
203.0 251.0 0
189.0 224.0 0
186.0 290.0 0
84.0 -1.0 0
201.0 510.0 0
79.0 566.0 0
65.0 196.0 0
107.0 671.0 0
235.0 147.0 0
121.0 948.0 0
315.0 451.0 0
55.0 768.0 0
284.0 1117.0 0
353.0 -14.0 0
179.0 1137.0 0
395.0 977.0 1
-56.0 1152.0 1
289.0 780.0 1
204.0 -186.0 1
89.0 -175.0 1
419.0 227.0 1
61.0 927.0 1
34.0 906.0 1
72.0 828.0 1
458.0 1215.0 1
69.0 1074.0 1
83.0 564.0 1
112.0 159.0 1
482.0 1228.0 1
45.0 338.0 1
86.0 883.0 1
120.0 1393.0 1
358.0 14.0 1
-47.0 1387.0 1
179.0 494.0 1
-14.0 990.0 1
323.0 28.0 1
6.0 994.0 1
464.0 288.0 1
371.0 1469.0 1
398.0 1079.0 1
326.0 512.0 1
103.0 1431.0 1
-19.0 1388.0 1
255.0 1383.0 1
-24.0 -213.0 1
335.0 529.0 1
-76.0 1370.0 1
-66.0 712.0 1
19.0 1187.0 1
312.0 1012.0 1
-46.0 415.0 1
266.0 1044.0 1
84.0 1483.0 1
67.0 1408.0 1
337.0 23.0 1
-30.0 561.0 1
92.0 194.0 1
9.0 486.0 1
448.0 1331.0 1
-17.0 710.0 1
199.0 1468.0 1
428.0 6.0 1
248.0 725.0 1
62.0 1333.0 1
-9.0 639.0 1
435.0 227.0 1
421.0 343.0 1
395.0 1287.0 1
-52.0 -108.0 1
23.0 972.0 1
188.0 1348.0 1
341.0 852.0 1
231.0 -163.0 1
69.0 714.0 1
447.0 506.0 1
93.0 807.0 1
364.0 207.0 1
370.0 1411.0 1
-37.0 -121.0 1
305.0 77.0 1
315.0 866.0 1
30.0 1421.0 1
169.0 -199.0 1
296.0 411.0 1
443.0 656.0 1
475.0 1278.0 1
122.0 752.0 1
-63.0 391.0 1
260.0 -144.0 1
63.0 652.0 1
-53.0 1405.0 1
254.0 -247.0 1
-17.0 -205.0 1
482.0 849.0 1
355.0 1457.0 1
-52.0 507.0 1
401.0 166.0 1
12.0 -146.0 1
324.0 916.0 1
-4.0 835.0 1
348.0 604.0 1
184.0 495.0 1
-5.0 1231.0 1
215.0 736.0 1
438.0 1266.0 1
-37.0 1396.0 1
-4.0 1168.0 1
391.0 370.0 1
94.0 572.0 1
284.0 -227.0 1
176.0 1359.0 1
391.0 1433.0 1
90.0 891.0 1
331.0 10.0 1
-4.0 1345.0 1
327.0 434.0 1
241.0 -109.0 1
61.0 750.0 1
78.0 308.0 1
258.0 1448.0 1
28.0 523.0 1
269.0 1463.0 1
-32.0 147.0 1
-28.0 580.0 1
441.0 1444.0 1
452.0 691.0 1
412.0 -91.0 1
315.0 999.0 1
130.0 742.0 1
-8.0 -80.0 1
323.0 112.0 1
447.0 118.0 1
97.0 1152.0 1
339.0 1253.0 1
358.0 -188.0 1
455.0 947.0 1
86.0 -230.0 1
467.0 -202.0 1
397.0 1151.0 1
249.0 107.0 1
398.0 -226.0 1
146.0 467.0 1
305.0 1423.0 1
445.0 56.0 1
9.0 104.0 1
-3.0 1369.0 1
369.0 1444.0 1
339.0 985.0 1
48.0 406.0 1
160.0 166.0 1
122.0 736.0 1
-69.0 -77.0 1
-14.0 933.0 1
478.0 1369.0 1
