194.0 -80.0 0
189.0 224.0 0
186.0 290.0 0
288.0 1016.0 0
291.0 867.0 0
53.0 1176.0 0
315.0 451.0 0
201.0 733.0 0
265.0 671.0 0
341.0 1039.0 0
344.0 1222.0 1
431.0 979.0 1
69.0 1074.0 1
12.0 533.0 1
314.0 940.0 1
38.0 468.0 1
265.0 187.0 1
73.0 359.0 1
332.0 1268.0 1
464.0 303.0 1
142.0 451.0 1
268.0 446.0 1
254.0 1341.0 1
365.0 -188.0 1
-84.0 720.0 1
-7.0 1311.0 1
337.0 23.0 1
-47.0 1126.0 1
448.0 1331.0 1
199.0 1468.0 1
248.0 725.0 1
358.0 583.0 1
296.0 791.0 1
316.0 645.0 1
31.0 974.0 1
73.0 895.0 1
260.0 187.0 1
30.0 1421.0 1
443.0 656.0 1
412.0 634.0 1
-76.0 1185.0 1
80.0 417.0 1
355.0 765.0 1
482.0 849.0 1
432.0 103.0 1
394.0 616.0 1
348.0 604.0 1
184.0 495.0 1
391.0 370.0 1
336.0 398.0 1
-66.0 1344.0 1
401.0 171.0 1
164.0 712.0 1
-66.0 1090.0 1
15.0 1023.0 1
183.0 1470.0 1
45.0 615.0 1
-28.0 580.0 1
25.0 499.0 1
420.0 888.0 1
-4.0 1056.0 1
467.0 -202.0 1
348.0 914.0 1
146.0 467.0 1
339.0 985.0 1
-14.0 933.0 1
81.0 1345.0 1
-74.0 511.0 1
-7.0 1231.0 1
52.0 843.0 1
430.0 949.0 1
58.0 865.0 1
-31.0 352.0 1
426.0 596.0 1
32.0 591.0 1
3.0 574.0 1
119.0 142.0 1
11.0 -152.0 1
242.0 1098.0 1
15.0 807.0 1
