237.0 287.0 0
178.0 934.0 0
133.0 471.0 0
87.0 182.0 0
187.0 34.0 0
315.0 451.0 0
290.0 1202.0 0
290.0 1011.0 0
358.0 91.0 0
172.0 1245.0 0
184.0 340.0 0
268.0 858.0 0
112.0 673.0 0
152.0 -97.0 0
202.0 1159.0 0
201.0 733.0 0
289.0 4.0 0
79.0 566.0 0
113.0 870.0 0
292.0 238.0 0
58.0 1270.0 1
341.0 852.0 1
62.0 253.0 1
458.0 1074.0 1
99.0 310.0 1
425.0 1346.0 1
315.0 999.0 1
169.0 -199.0 1
269.0 1463.0 1
183.0 1470.0 1
5.0 -76.0 1
30.0 1421.0 1
49.0 844.0 1
-23.0 108.0 1
43.0 207.0 1
-52.0 -108.0 1
21.0 757.0 1
385.0 -93.0 1
79.0 592.0 1
119.0 1046.0 1
6.0 994.0 1
317.0 366.0 1
146.0 467.0 1
458.0 536.0 1
254.0 418.0 1
240.0 156.0 1
348.0 914.0 1
315.0 1284.0 1
-66.0 712.0 1
-46.0 415.0 1
462.0 1373.0 1
149.0 426.0 1
-68.0 609.0 1
44.0 85.0 1
475.0 806.0 1
86.0 -230.0 1
112.0 159.0 1
41.0 719.0 1
102.0 782.0 1
125.0 1479.0 1
480.0 1442.0 1
426.0 486.0 1
426.0 596.0 1
-53.0 1405.0 1
120.0 -166.0 1
-31.0 352.0 1
268.0 446.0 1
32.0 1031.0 1
254.0 1341.0 1
432.0 103.0 1
401.0 165.0 1
466.0 621.0 1
428.0 6.0 1
452.0 1182.0 1
-30.0 561.0 1
-11.0 838.0 1
456.0 713.0 1
337.0 23.0 1
344.0 1461.0 1
369.0 819.0 1
463.0 1265.0 1
398.0 -226.0 1
23.0 972.0 1
23.0 541.0 1
462.0 1335.0 1
246.0 1395.0 1
460.0 -273.0 1
118.0 1013.0 1
25.0 499.0 1
423.0 948.0 1
370.0 1411.0 1
45.0 167.0 1
-43.0 -157.0 1
149.0 1409.0 1
54.0 927.0 1
-5.0 1231.0 1
-36.0 -53.0 1
393.0 743.0 1
441.0 1001.0 1
167.0 133.0 1
378.0 -39.0 1
326.0 274.0 1
-52.0 1104.0 1
372.0 -129.0 1
305.0 77.0 1
255.0 112.0 1
233.0 -253.0 1
364.0 1143.0 1
4.0 1124.0 1
-21.0 1185.0 1
435.0 227.0 1
423.0 51.0 1
-64.0 1306.0 1
56.0 -5.0 1
149.0 752.0 1
2.0 1345.0 1
-30.0 793.0 1
-46.0 491.0 1
209.0 -174.0 1
14.0 443.0 1
60.0 20.0 1
-9.0 639.0 1
361.0 729.0 1
207.0 1355.0 1
450.0 403.0 1
473.0 1390.0 1
344.0 1222.0 1
276.0 741.0 1
77.0 -128.0 1
-14.0 945.0 1
-49.0 695.0 1
56.0 812.0 1
86.0 883.0 1
126.0 1339.0 1
-79.0 1187.0 1
316.0 645.0 1
473.0 1.0 1
377.0 615.0 1
266.0 1044.0 1
181.0 -110.0 1
-36.0 261.0 1
464.0 303.0 1
-3.0 1049.0 1
247.0 1098.0 1
351.0 1017.0 1
-24.0 -213.0 1
463.0 -206.0 1
446.0 668.0 1
73.0 1301.0 1
-76.0 1370.0 1
184.0 495.0 1
474.0 -282.0 1
120.0 1393.0 1
420.0 1249.0 1
82.0 367.0 1
-40.0 212.0 1
-66.0 851.0 1
420.0 888.0 1
381.0 964.0 1
365.0 -188.0 1
