268.0 287.0 0
288.0 868.0 0
321.0 472.0 0
59.0 249.0 0
116.0 56.0 0
216.0 387.0 0
266.0 1177.0 0
161.0 977.0 0
215.0 149.0 0
213.0 1298.0 0
76.0 361.0 0
185.0 849.0 0
265.0 671.0 0
196.0 -81.0 0
233.0 1102.0 0
168.0 789.0 0
84.0 -1.0 0
183.0 604.0 0
211.0 881.0 0
177.0 825.0 0
-17.0 1234.0 1
334.0 837.0 1
0.0 256.0 1
371.0 1103.0 1
58.0 328.0 1
437.0 1366.0 1
395.0 977.0 1
204.0 -186.0 1
258.0 1448.0 1
146.0 1476.0 1
-69.0 -77.0 1
46.0 1461.0 1
72.0 828.0 1
-10.0 120.0 1
81.0 195.0 1
-34.0 -135.0 1
61.0 750.0 1
345.0 -83.0 1
18.0 571.0 1
121.0 1030.0 1
-14.0 990.0 1
421.0 343.0 1
102.0 464.0 1
408.0 523.0 1
336.0 398.0 1
238.0 137.0 1
336.0 930.0 1
307.0 1329.0 1
-17.0 710.0 1
-10.0 422.0 1
478.0 1369.0 1
80.0 417.0 1
-39.0 639.0 1
96.0 94.0 1
471.0 822.0 1
2.0 -219.0 1
60.0 148.0 1
164.0 712.0 1
61.0 790.0 1
103.0 1431.0 1
391.0 1433.0 1
418.0 454.0 1
369.0 580.0 1
-47.0 1387.0 1
124.0 -166.0 1
17.0 336.0 1
263.0 466.0 1
-18.0 1029.0 1
234.0 1356.0 1
323.0 112.0 1
378.0 178.0 1
394.0 616.0 1
349.0 -3.0 1
381.0 1185.0 1
-28.0 580.0 1
-6.0 807.0 1
451.0 697.0 1
331.0 10.0 1
369.0 1444.0 1
400.0 829.0 1
395.0 1287.0 1
410.0 -216.0 1
31.0 974.0 1
-6.0 522.0 1
424.0 1319.0 1
200.0 1391.0 1
459.0 -281.0 1
312.0 1012.0 1
-52.0 507.0 1
443.0 941.0 1
304.0 1424.0 1
-32.0 147.0 1
12.0 -146.0 1
128.0 1400.0 1
76.0 905.0 1
-21.0 1222.0 1
2.0 -37.0 1
382.0 752.0 1
412.0 1018.0 1
160.0 166.0 1
315.0 -14.0 1
305.0 275.0 1
-66.0 1090.0 1
318.0 -104.0 1
396.0 68.0 1
260.0 187.0 1
120.0 -268.0 1
336.0 1116.0 1
61.0 1115.0 1
19.0 1187.0 1
419.0 227.0 1
445.0 56.0 1
-70.0 1324.0 1
95.0 17.0 1
228.0 755.0 1
-66.0 1344.0 1
5.0 792.0 1
-22.0 452.0 1
169.0 -144.0 1
155.0 487.0 1
7.0 -8.0 1
-39.0 660.0 1
420.0 700.0 1
185.0 1336.0 1
364.0 425.0 1
391.0 1411.0 1
346.0 1256.0 1
215.0 736.0 1
108.0 -129.0 1
-48.0 923.0 1
-63.0 774.0 1
137.0 791.0 1
34.0 906.0 1
77.0 1327.0 1
54.0 1159.0 1
289.0 780.0 1
378.0 208.0 1
411.0 655.0 1
275.0 1034.0 1
104.0 -137.0 1
0.0 276.0 1
388.0 220.0 1
69.0 1074.0 1
327.0 1102.0 1
389.0 1013.0 1
-17.0 -205.0 1
467.0 -226.0 1
396.0 784.0 1
81.0 1345.0 1
28.0 1366.0 1
326.0 512.0 1
291.0 -189.0 1
478.0 1472.0 1
458.0 1215.0 1
-27.0 367.0 1
293.0 183.0 1
94.0 572.0 1
447.0 890.0 1
314.0 940.0 1
93.0 -49.0 1
