289.0 4.0 0
199.0 38.0 0
168.0 789.0 0
292.0 238.0 0
297.0 426.0 0
183.0 604.0 0
59.0 249.0 0
270.0 588.0 0
177.0 825.0 0
171.0 886.0 0
113.0 870.0 0
268.0 858.0 0
213.0 1298.0 0
238.0 1169.0 0
87.0 310.0 0
299.0 1182.0 0
172.0 1245.0 0
125.0 1263.0 0
266.0 1177.0 0
242.0 1245.0 0
122.0 1463.0 1
104.0 -137.0 1
85.0 158.0 1
-26.0 796.0 1
344.0 1222.0 1
93.0 761.0 1
255.0 112.0 1
44.0 85.0 1
321.0 559.0 1
146.0 1435.0 1
-42.0 413.0 1
476.0 295.0 1
381.0 964.0 1
413.0 -63.0 1
12.0 533.0 1
-49.0 695.0 1
149.0 752.0 1
265.0 187.0 1
255.0 738.0 1
378.0 1403.0 1
73.0 359.0 1
23.0 91.0 1
-12.0 931.0 1
382.0 752.0 1
327.0 929.0 1
447.0 575.0 1
228.0 755.0 1
231.0 1323.0 1
326.0 307.0 1
-5.0 -137.0 1
-69.0 1043.0 1
321.0 381.0 1
-60.0 199.0 1
-55.0 1308.0 1
54.0 927.0 1
65.0 -226.0 1
418.0 605.0 1
365.0 -188.0 1
113.0 -143.0 1
42.0 159.0 1
418.0 454.0 1
77.0 -128.0 1
169.0 -144.0 1
21.0 757.0 1
24.0 849.0 1
-13.0 -100.0 1
84.0 779.0 1
10.0 974.0 1
296.0 791.0 1
162.0 1385.0 1
-12.0 370.0 1
316.0 645.0 1
393.0 743.0 1
77.0 210.0 1
385.0 -93.0 1
482.0 717.0 1
198.0 1017.0 1
207.0 1355.0 1
73.0 895.0 1
463.0 -206.0 1
479.0 -206.0 1
378.0 6.0 1
23.0 541.0 1
221.0 1052.0 1
437.0 1366.0 1
311.0 -13.0 1
-76.0 1185.0 1
461.0 1401.0 1
-39.0 639.0 1
-22.0 452.0 1
423.0 1374.0 1
2.0 1345.0 1
45.0 167.0 1
-63.0 774.0 1
-81.0 142.0 1
28.0 1366.0 1
120.0 -166.0 1
-42.0 -29.0 1
410.0 -134.0 1
140.0 1327.0 1
279.0 1347.0 1
-64.0 614.0 1
102.0 464.0 1
408.0 523.0 1
441.0 896.0 1
6.0 425.0 1
-70.0 1324.0 1
331.0 888.0 1
-51.0 1099.0 1
425.0 1346.0 1
60.0 20.0 1
-10.0 422.0 1
46.0 1461.0 1
384.0 375.0 1
376.0 716.0 1
254.0 418.0 1
49.0 253.0 1
19.0 -122.0 1
120.0 -268.0 1
246.0 116.0 1
6.0 356.0 1
137.0 791.0 1
-8.0 433.0 1
164.0 712.0 1
454.0 1351.0 1
150.0 -111.0 1
389.0 1013.0 1
238.0 137.0 1
379.0 1259.0 1
346.0 1256.0 1
461.0 549.0 1
363.0 862.0 1
45.0 615.0 1
315.0 897.0 1
20.0 736.0 1
2.0 754.0 1
102.0 782.0 1
420.0 888.0 1
446.0 668.0 1
-35.0 -267.0 1
418.0 1342.0 1
388.0 1357.0 1
271.0 -129.0 1
478.0 1472.0 1
38.0 1343.0 1
348.0 914.0 1
97.0 1431.0 1
-26.0 1124.0 1
323.0 74.0 1
207.0 1464.0 1
453.0 483.0 1
86.0 1071.0 1
318.0 -104.0 1
-46.0 491.0 1
41.0 151.0 1
76.0 -108.0 1
-21.0 1185.0 1
-62.0 923.0 1
-21.0 984.0 1
-18.0 1029.0 1
