223.0 763.0 0
204.0 89.0 0
277.0 78.0 0
152.0 -97.0 0
258.0 1.0 0
290.0 1011.0 0
237.0 287.0 0
153.0 307.0 0
227.0 342.0 0
126.0 551.0 0
321.0 472.0 0
161.0 977.0 0
267.0 898.0 0
277.0 816.0 0
211.0 881.0 0
274.0 931.0 0
290.0 1202.0 0
295.0 714.0 0
213.0 1253.0 0
257.0 1215.0 0
141.0 473.0 1
361.0 729.0 1
48.0 -28.0 1
113.0 776.0 1
275.0 1034.0 1
-50.0 267.0 1
46.0 522.0 1
27.0 828.0 1
82.0 367.0 1
293.0 1433.0 1
26.0 1440.0 1
438.0 446.0 1
-52.0 1104.0 1
315.0 1284.0 1
240.0 156.0 1
247.0 1098.0 1
146.0 1476.0 1
-56.0 779.0 1
392.0 734.0 1
314.0 940.0 1
400.0 829.0 1
14.0 443.0 1
0.0 276.0 1
404.0 1188.0 1
186.0 -217.0 1
259.0 -179.0 1
332.0 1268.0 1
-47.0 1365.0 1
467.0 -180.0 1
210.0 1423.0 1
78.0 1430.0 1
265.0 1410.0 1
264.0 156.0 1
3.0 285.0 1
95.0 17.0 1
458.0 536.0 1
185.0 -166.0 1
5.0 792.0 1
18.0 571.0 1
-3.0 1049.0 1
-7.0 1311.0 1
2.0 -37.0 1
291.0 -189.0 1
126.0 1339.0 1
-27.0 367.0 1
-47.0 1126.0 1
344.0 1461.0 1
429.0 742.0 1
-6.0 522.0 1
375.0 -243.0 1
480.0 1442.0 1
329.0 1228.0 1
358.0 583.0 1
156.0 1011.0 1
201.0 1057.0 1
58.0 328.0 1
309.0 1142.0 1
244.0 1342.0 1
1.0 -219.0 1
305.0 450.0 1
316.0 1410.0 1
31.0 974.0 1
459.0 -281.0 1
376.0 1007.0 1
61.0 790.0 1
167.0 133.0 1
464.0 1083.0 1
115.0 426.0 1
17.0 1196.0 1
391.0 1411.0 1
7.0 269.0 1
378.0 178.0 1
472.0 1103.0 1
311.0 1085.0 1
434.0 198.0 1
-13.0 778.0 1
38.0 991.0 1
396.0 784.0 1
5.0 169.0 1
80.0 417.0 1
450.0 -27.0 1
355.0 765.0 1
432.0 103.0 1
-36.0 -53.0 1
326.0 274.0 1
-51.0 929.0 1
263.0 466.0 1
121.0 1030.0 1
21.0 1151.0 1
351.0 1017.0 1
57.0 1394.0 1
238.0 147.0 1
1.0 677.0 1
317.0 366.0 1
-47.0 -107.0 1
149.0 1394.0 1
85.0 549.0 1
-13.0 637.0 1
178.0 -102.0 1
283.0 179.0 1
34.0 -5.0 1
-71.0 1024.0 1
401.0 171.0 1
441.0 1001.0 1
253.0 1460.0 1
119.0 1046.0 1
350.0 1006.0 1
353.0 1422.0 1
15.0 1023.0 1
209.0 -174.0 1
183.0 1470.0 1
426.0 486.0 1
406.0 1420.0 1
41.0 719.0 1
447.0 890.0 1
384.0 998.0 1
378.0 284.0 1
25.0 499.0 1
311.0 -76.0 1
34.0 1033.0 1
334.0 820.0 1
377.0 615.0 1
-66.0 851.0 1
19.0 1392.0 1
185.0 1336.0 1
60.0 1162.0 1
-14.0 945.0 1
253.0 726.0 1
-1.0 793.0 1
378.0 208.0 1
451.0 697.0 1
387.0 762.0 1
293.0 183.0 1
14.0 968.0 1
-50.0 477.0 1
75.0 -174.0 1
305.0 275.0 1
208.0 143.0 1
78.0 -29.0 1
108.0 -129.0 1
