204.0 89.0 0
133.0 471.0 0
297.0 426.0 0
358.0 1233.0 0
161.0 977.0 0
113.0 870.0 0
267.0 850.0 0
274.0 931.0 0
290.0 1202.0 0
96.0 -108.0 0
361.0 729.0 1
-34.0 -153.0 1
-50.0 267.0 1
-83.0 682.0 1
482.0 1228.0 1
378.0 1403.0 1
-47.0 1387.0 1
259.0 -179.0 1
6.0 994.0 1
-23.0 108.0 1
467.0 -180.0 1
-55.0 1308.0 1
255.0 1383.0 1
3.0 285.0 1
84.0 1483.0 1
329.0 1228.0 1
21.0 757.0 1
62.0 1333.0 1
24.0 849.0 1
-68.0 1352.0 1
188.0 1348.0 1
341.0 852.0 1
316.0 1410.0 1
-12.0 370.0 1
393.0 743.0 1
167.0 133.0 1
207.0 1355.0 1
115.0 426.0 1
7.0 269.0 1
221.0 1052.0 1
311.0 1085.0 1
467.0 41.0 1
-53.0 1405.0 1
410.0 -134.0 1
-10.0 120.0 1
140.0 1327.0 1
121.0 1030.0 1
184.0 -249.0 1
376.0 716.0 1
91.0 -163.0 1
-71.0 1024.0 1
452.0 1182.0 1
241.0 -109.0 1
379.0 1259.0 1
346.0 1256.0 1
461.0 549.0 1
311.0 -76.0 1
446.0 668.0 1
388.0 1357.0 1
0.0 545.0 1
185.0 1336.0 1
9.0 104.0 1
344.0 747.0 1
41.0 151.0 1
304.0 1424.0 1
313.0 1383.0 1
435.0 1338.0 1
141.0 1363.0 1
146.0 1462.0 1
42.0 1245.0 1
313.0 947.0 1
424.0 1319.0 1
392.0 1436.0 1
54.0 1159.0 1
49.0 844.0 1
-75.0 623.0 1
197.0 440.0 1
-9.0 77.0 1
61.0 1115.0 1
327.0 475.0 1
