201.0 354.0 0
267.0 850.0 0
270.0 588.0 0
116.0 56.0 0
358.0 91.0 0
171.0 662.0 0
202.0 1159.0 0
277.0 816.0 0
113.0 870.0 0
213.0 1298.0 0
9.0 1229.0 1
315.0 897.0 1
3.0 285.0 1
472.0 1103.0 1
6.0 356.0 1
462.0 1373.0 1
431.0 979.0 1
185.0 -166.0 1
146.0 1462.0 1
2.0 -37.0 1
67.0 1408.0 1
56.0 812.0 1
144.0 102.0 1
42.0 159.0 1
-1.0 793.0 1
378.0 -39.0 1
56.0 553.0 1
266.0 1044.0 1
14.0 968.0 1
326.0 307.0 1
197.0 440.0 1
369.0 580.0 1
305.0 450.0 1
298.0 130.0 1
447.0 890.0 1
339.0 1253.0 1
93.0 722.0 1
14.0 443.0 1
35.0 -114.0 1
63.0 652.0 1
296.0 791.0 1
-81.0 142.0 1
-56.0 779.0 1
120.0 1393.0 1
369.0 1444.0 1
450.0 403.0 1
169.0 -144.0 1
69.0 1074.0 1
313.0 1383.0 1
246.0 116.0 1
411.0 655.0 1
311.0 -20.0 1
318.0 1168.0 1
361.0 729.0 1
305.0 77.0 1
448.0 1331.0 1
463.0 -206.0 1
85.0 549.0 1
275.0 1034.0 1
371.0 1469.0 1
-14.0 945.0 1
419.0 227.0 1
61.0 1115.0 1
-37.0 1396.0 1
474.0 -282.0 1
185.0 1085.0 1
-21.0 1222.0 1
444.0 47.0 1
93.0 29.0 1
156.0 702.0 1
62.0 1333.0 1
1.0 677.0 1
-12.0 370.0 1
140.0 1327.0 1
178.0 -102.0 1
1.0 -219.0 1
344.0 747.0 1
-39.0 225.0 1
393.0 743.0 1
-16.0 -248.0 1
