184.0 340.0 0
291.0 867.0 0
222.0 598.0 0
235.0 147.0 0
277.0 78.0 0
58.0 566.0 0
358.0 1233.0 0
284.0 1117.0 0
223.0 763.0 0
290.0 -57.0 0
-7.0 1231.0 1
420.0 888.0 1
-12.0 250.0 1
311.0 1085.0 1
17.0 336.0 1
423.0 1374.0 1
376.0 1007.0 1
284.0 -227.0 1
199.0 1468.0 1
-42.0 -60.0 1
72.0 1421.0 1
27.0 828.0 1
44.0 85.0 1
12.0 182.0 1
-13.0 778.0 1
318.0 -104.0 1
45.0 615.0 1
221.0 1052.0 1
31.0 974.0 1
384.0 375.0 1
155.0 487.0 1
347.0 536.0 1
115.0 426.0 1
265.0 187.0 1
313.0 947.0 1
395.0 1287.0 1
-49.0 695.0 1
-63.0 391.0 1
12.0 -146.0 1
-9.0 639.0 1
396.0 784.0 1
160.0 166.0 1
137.0 791.0 1
149.0 1409.0 1
396.0 1441.0 1
327.0 475.0 1
123.0 -150.0 1
-3.0 1049.0 1
207.0 1355.0 1
445.0 56.0 1
418.0 605.0 1
361.0 -29.0 1
458.0 1215.0 1
376.0 716.0 1
316.0 56.0 1
379.0 1259.0 1
386.0 -263.0 1
46.0 522.0 1
412.0 1018.0 1
316.0 1410.0 1
-14.0 933.0 1
464.0 303.0 1
-26.0 1124.0 1
19.0 1392.0 1
460.0 -273.0 1
97.0 1152.0 1
54.0 1159.0 1
390.0 203.0 1
60.0 20.0 1
215.0 736.0 1
-4.0 1319.0 1
-66.0 851.0 1
-74.0 511.0 1
77.0 1327.0 1
394.0 -165.0 1
-42.0 -29.0 1
248.0 725.0 1
467.0 -180.0 1
316.0 645.0 1
382.0 752.0 1
