277.0 78.0 0
358.0 91.0 0
222.0 598.0 0
107.0 671.0 0
171.0 886.0 0
295.0 714.0 0
266.0 1177.0 0
242.0 1245.0 0
150.0 603.0 0
233.0 1102.0 0
275.0 1034.0 1
27.0 828.0 1
4.0 1124.0 1
321.0 559.0 1
146.0 1435.0 1
381.0 964.0 1
396.0 68.0 1
447.0 575.0 1
210.0 1423.0 1
412.0 1018.0 1
469.0 956.0 1
-69.0 1043.0 1
321.0 381.0 1
103.0 1431.0 1
185.0 1085.0 1
67.0 1408.0 1
92.0 194.0 1
381.0 1185.0 1
81.0 195.0 1
-9.0 639.0 1
28.0 508.0 1
369.0 819.0 1
201.0 1057.0 1
231.0 -163.0 1
156.0 702.0 1
162.0 1385.0 1
296.0 411.0 1
378.0 6.0 1
100.0 1337.0 1
396.0 784.0 1
254.0 -247.0 1
77.0 1327.0 1
401.0 166.0 1
441.0 896.0 1
6.0 425.0 1
49.0 253.0 1
2.0 -219.0 1
-80.0 -194.0 1
73.0 1301.0 1
350.0 51.0 1
315.0 897.0 1
452.0 691.0 1
412.0 -91.0 1
-35.0 -267.0 1
315.0 999.0 1
-14.0 945.0 1
97.0 1152.0 1
358.0 -188.0 1
86.0 -230.0 1
97.0 1431.0 1
305.0 1423.0 1
207.0 1464.0 1
-16.0 -248.0 1
305.0 275.0 1
386.0 -263.0 1
122.0 736.0 1
478.0 819.0 1
178.0 787.0 1
-17.0 1234.0 1
350.0 1320.0 1
418.0 207.0 1
415.0 1216.0 1
155.0 487.0 1
336.0 930.0 1
19.0 140.0 1
-43.0 -157.0 1
-40.0 212.0 1
347.0 536.0 1
367.0 1165.0 1
-68.0 609.0 1
