186.0 290.0 0
274.0 931.0 0
201.0 510.0 0
65.0 196.0 0
199.0 38.0 0
297.0 426.0 0
257.0 1215.0 0
288.0 1016.0 0
354.0 136.0 0
213.0 1253.0 0
227.0 342.0 0
267.0 850.0 0
107.0 671.0 0
116.0 -95.0 0
179.0 1137.0 0
295.0 714.0 0
258.0 1.0 0
58.0 566.0 0
69.0 879.0 0
121.0 -38.0 0
-9.0 1271.0 1
363.0 862.0 1
69.0 258.0 1
398.0 1079.0 1
78.0 308.0 1
388.0 1357.0 1
339.0 985.0 1
186.0 -217.0 1
253.0 1460.0 1
199.0 1468.0 1
-8.0 -80.0 1
26.0 1440.0 1
52.0 843.0 1
9.0 104.0 1
47.0 205.0 1
-47.0 -107.0 1
13.0 757.0 1
412.0 -91.0 1
32.0 591.0 1
139.0 1046.0 1
38.0 991.0 1
349.0 351.0 1
138.0 463.0 1
461.0 549.0 1
236.0 402.0 1
264.0 156.0 1
324.0 916.0 1
317.0 1300.0 1
-84.0 720.0 1
-42.0 413.0 1
423.0 1374.0 1
115.0 426.0 1
-64.0 614.0 1
-9.0 77.0 1
455.0 801.0 1
65.0 -226.0 1
85.0 158.0 1
69.0 714.0 1
84.0 779.0 1
84.0 1483.0 1
467.0 1434.0 1
453.0 483.0 1
424.0 590.0 1
-68.0 1457.0 1
91.0 -163.0 1
-47.0 338.0 1
305.0 450.0 1
15.0 1023.0 1
279.0 1347.0 1
447.0 118.0 1
401.0 166.0 1
443.0 622.0 1
403.0 -12.0 1
441.0 1183.0 1
-49.0 553.0 1
-4.0 835.0 1
482.0 717.0 1
323.0 28.0 1
355.0 1457.0 1
334.0 820.0 1
475.0 1278.0 1
373.0 -230.0 1
14.0 968.0 1
12.0 533.0 1
448.0 1331.0 1
255.0 1383.0 1
386.0 -263.0 1
156.0 1011.0 1
28.0 508.0 1
430.0 949.0 1
353.0 1422.0 1
5.0 169.0 1
-34.0 -153.0 1
146.0 1435.0 1
61.0 927.0 1
-7.0 1231.0 1
-42.0 -60.0 1
429.0 742.0 1
461.0 990.0 1
119.0 142.0 1
361.0 -29.0 1
378.0 284.0 1
-61.0 1103.0 1
361.0 -130.0 1
323.0 74.0 1
246.0 116.0 1
222.0 -273.0 1
309.0 1142.0 1
-26.0 1124.0 1
-4.0 1168.0 1
452.0 216.0 1
400.0 48.0 1
-68.0 1298.0 1
78.0 -2.0 1
166.0 756.0 1
-4.0 1345.0 1
-26.0 796.0 1
-50.0 477.0 1
185.0 -166.0 1
38.0 468.0 1
93.0 29.0 1
63.0 652.0 1
376.0 716.0 1
176.0 1359.0 1
384.0 375.0 1
461.0 1401.0 1
329.0 1228.0 1
255.0 738.0 1
76.0 -108.0 1
-14.0 933.0 1
-83.0 682.0 1
93.0 807.0 1
90.0 891.0 1
140.0 1327.0 1
17.0 1196.0 1
221.0 707.0 1
463.0 37.0 1
362.0 611.0 1
221.0 1052.0 1
178.0 -102.0 1
-12.0 250.0 1
476.0 295.0 1
-69.0 1043.0 1
242.0 1098.0 1
342.0 1045.0 1
-64.0 -230.0 1
479.0 -206.0 1
443.0 656.0 1
92.0 1248.0 1
-47.0 1365.0 1
179.0 494.0 1
-35.0 -267.0 1
293.0 1433.0 1
379.0 1259.0 1
73.0 359.0 1
3.0 285.0 1
-56.0 779.0 1
335.0 529.0 1
472.0 1103.0 1
260.0 -144.0 1
