187.0 34.0 0
201.0 733.0 0
116.0 -95.0 0
121.0 -38.0 0
116.0 56.0 0
116.0 421.0 0
119.0 211.0 0
135.0 398.0 0
215.0 149.0 0
171.0 662.0 0
96.0 -108.0 0
155.0 586.0 0
150.0 603.0 0
265.0 671.0 0
288.0 868.0 0
114.0 805.0 0
178.0 934.0 0
202.0 1159.0 0
341.0 1039.0 0
233.0 1102.0 0
443.0 941.0 1
276.0 741.0 1
411.0 655.0 1
-61.0 1103.0 1
304.0 1424.0 1
462.0 1373.0 1
-68.0 1457.0 1
56.0 553.0 1
454.0 447.0 1
-79.0 1187.0 1
166.0 756.0 1
262.0 1032.0 1
425.0 1205.0 1
222.0 -273.0 1
117.0 439.0 1
313.0 1383.0 1
307.0 1329.0 1
435.0 1338.0 1
25.0 1123.0 1
478.0 819.0 1
95.0 -46.0 1
178.0 787.0 1
394.0 -165.0 1
-17.0 1234.0 1
52.0 944.0 1
141.0 1363.0 1
461.0 990.0 1
410.0 359.0 1
146.0 1462.0 1
42.0 1245.0 1
336.0 1116.0 1
76.0 905.0 1
72.0 1421.0 1
467.0 1064.0 1
81.0 1345.0 1
475.0 1234.0 1
458.0 -242.0 1
-64.0 -230.0 1
43.0 207.0 1
345.0 -83.0 1
479.0 1383.0 1
262.0 788.0 1
6.0 836.0 1
463.0 1265.0 1
387.0 901.0 1
316.0 56.0 1
-74.0 511.0 1
350.0 1320.0 1
302.0 1046.0 1
-19.0 349.0 1
246.0 1395.0 1
478.0 1087.0 1
418.0 207.0 1
317.0 1300.0 1
313.0 947.0 1
467.0 -226.0 1
-42.0 -60.0 1
415.0 1216.0 1
155.0 487.0 1
9.0 -23.0 1
424.0 590.0 1
424.0 1319.0 1
-39.0 660.0 1
-7.0 1231.0 1
149.0 426.0 1
336.0 930.0 1
392.0 1436.0 1
452.0 -160.0 1
52.0 843.0 1
54.0 1159.0 1
16.0 1002.0 1
402.0 614.0 1
430.0 949.0 1
58.0 865.0 1
-68.0 1298.0 1
460.0 -273.0 1
49.0 844.0 1
401.0 165.0 1
349.0 -3.0 1
-31.0 352.0 1
205.0 1315.0 1
69.0 258.0 1
426.0 596.0 1
439.0 713.0 1
457.0 -275.0 1
-75.0 623.0 1
443.0 622.0 1
-4.0 1319.0 1
-51.0 -93.0 1
441.0 1183.0 1
124.0 -166.0 1
183.0 1322.0 1
403.0 -12.0 1
56.0 575.0 1
361.0 -130.0 1
93.0 -49.0 1
303.0 816.0 1
19.0 140.0 1
32.0 591.0 1
420.0 1249.0 1
378.0 -39.0 1
-47.0 338.0 1
-43.0 -157.0 1
361.0 -29.0 1
144.0 102.0 1
-36.0 261.0 1
342.0 1045.0 1
25.0 87.0 1
197.0 440.0 1
123.0 -150.0 1
-7.0 487.0 1
181.0 -110.0 1
364.0 1143.0 1
-9.0 77.0 1
474.0 -282.0 1
61.0 1115.0 1
423.0 948.0 1
257.0 479.0 1
7.0 -8.0 1
442.0 670.0 1
3.0 574.0 1
96.0 94.0 1
-40.0 212.0 1
62.0 253.0 1
125.0 1479.0 1
119.0 142.0 1
369.0 580.0 1
347.0 536.0 1
149.0 1409.0 1
11.0 -152.0 1
450.0 347.0 1
318.0 1168.0 1
-12.0 250.0 1
-34.0 -135.0 1
-43.0 426.0 1
367.0 1165.0 1
242.0 1098.0 1
15.0 807.0 1
327.0 475.0 1
-68.0 609.0 1
