223.0 763.0 0
290.0 -57.0 0
204.0 89.0 0
289.0 4.0 0
58.0 566.0 0
133.0 471.0 0
133.0 34.0 0
258.0 1.0 0
168.0 789.0 0
216.0 387.0 0
354.0 136.0 0
358.0 91.0 0
268.0 287.0 0
186.0 290.0 0
237.0 287.0 0
184.0 340.0 0
153.0 307.0 0
288.0 1016.0 0
358.0 1233.0 0
246.0 651.0 0
222.0 598.0 0
84.0 -1.0 0
183.0 604.0 0
201.0 510.0 0
79.0 566.0 0
65.0 196.0 0
107.0 671.0 0
291.0 867.0 0
185.0 849.0 0
53.0 1176.0 0
161.0 977.0 0
267.0 898.0 0
277.0 816.0 0
113.0 870.0 0
151.0 978.0 0
213.0 1298.0 0
290.0 1202.0 0
87.0 310.0 0
299.0 1182.0 0
172.0 1245.0 0
284.0 1117.0 0
125.0 1263.0 0
266.0 1177.0 0
242.0 1245.0 0
187.0 34.0 0
116.0 -95.0 0
116.0 421.0 0
119.0 211.0 0
215.0 149.0 0
155.0 586.0 0
150.0 603.0 0
288.0 868.0 0
178.0 934.0 0
141.0 473.0 1
104.0 -137.0 1
395.0 977.0 1
361.0 729.0 1
-56.0 1152.0 1
275.0 1034.0 1
289.0 780.0 1
-50.0 267.0 1
-26.0 796.0 1
344.0 1222.0 1
46.0 522.0 1
27.0 828.0 1
82.0 367.0 1
93.0 761.0 1
293.0 1433.0 1
26.0 1440.0 1
255.0 112.0 1
438.0 446.0 1
463.0 37.0 1
-52.0 1104.0 1
146.0 1435.0 1
61.0 927.0 1
-42.0 413.0 1
34.0 906.0 1
138.0 463.0 1
-83.0 682.0 1
72.0 828.0 1
240.0 156.0 1
458.0 1215.0 1
69.0 1074.0 1
413.0 -63.0 1
247.0 1098.0 1
146.0 1476.0 1
314.0 940.0 1
112.0 159.0 1
400.0 829.0 1
38.0 468.0 1
-49.0 695.0 1
14.0 443.0 1
0.0 276.0 1
265.0 187.0 1
120.0 1393.0 1
118.0 1013.0 1
358.0 14.0 1
-47.0 1387.0 1
382.0 752.0 1
323.0 28.0 1
99.0 310.0 1
178.0 1099.0 1
56.0 -5.0 1
396.0 1441.0 1
5.0 -76.0 1
-23.0 108.0 1
447.0 575.0 1
228.0 755.0 1
210.0 1423.0 1
327.0 1102.0 1
231.0 1323.0 1
326.0 512.0 1
32.0 1005.0 1
469.0 956.0 1
58.0 1270.0 1
362.0 611.0 1
-60.0 199.0 1
-19.0 1388.0 1
-55.0 1308.0 1
233.0 -253.0 1
255.0 1383.0 1
311.0 -20.0 1
-24.0 -213.0 1
396.0 226.0 1
3.0 285.0 1
95.0 17.0 1
65.0 -226.0 1
-72.0 450.0 1
18.0 571.0 1
365.0 -188.0 1
-3.0 1049.0 1
19.0 1187.0 1
185.0 1085.0 1
266.0 1044.0 1
-7.0 1311.0 1
113.0 -143.0 1
0.0 256.0 1
42.0 159.0 1
77.0 -128.0 1
-30.0 561.0 1
126.0 1339.0 1
92.0 194.0 1
169.0 -144.0 1
448.0 1331.0 1
-6.0 522.0 1
199.0 1468.0 1
428.0 6.0 1
329.0 1228.0 1
62.0 1333.0 1
111.0 1448.0 1
358.0 583.0 1
24.0 849.0 1
-9.0 639.0 1
28.0 508.0 1
-13.0 -100.0 1
435.0 227.0 1
298.0 130.0 1
369.0 819.0 1
23.0 972.0 1
156.0 1011.0 1
201.0 1057.0 1
188.0 1348.0 1
341.0 852.0 1
231.0 -163.0 1
58.0 328.0 1
244.0 1342.0 1
156.0 702.0 1
305.0 450.0 1
447.0 506.0 1
93.0 807.0 1
162.0 1385.0 1
316.0 1410.0 1
-21.0 1222.0 1
-12.0 370.0 1
316.0 645.0 1
77.0 210.0 1
364.0 207.0 1
462.0 1335.0 1
236.0 402.0 1
376.0 1007.0 1
61.0 790.0 1
-37.0 -121.0 1
198.0 1017.0 1
464.0 1083.0 1
73.0 895.0 1
260.0 187.0 1
315.0 866.0 1
30.0 1421.0 1
17.0 1196.0 1
169.0 -199.0 1
93.0 29.0 1
296.0 411.0 1
437.0 1366.0 1
311.0 1085.0 1
122.0 752.0 1
434.0 198.0 1
260.0 -144.0 1
400.0 48.0 1
92.0 1248.0 1
-22.0 452.0 1
467.0 41.0 1
453.0 1365.0 1
-39.0 225.0 1
2.0 1345.0 1
45.0 167.0 1
-81.0 142.0 1
-42.0 -29.0 1
450.0 -27.0 1
355.0 765.0 1
102.0 464.0 1
432.0 103.0 1
119.0 1031.0 1
-48.0 923.0 1
-36.0 -53.0 1
-51.0 929.0 1
263.0 466.0 1
401.0 166.0 1
408.0 523.0 1
-4.0 835.0 1
6.0 425.0 1
-70.0 1324.0 1
-52.0 743.0 1
394.0 616.0 1
348.0 604.0 1
351.0 1017.0 1
353.0 30.0 1
57.0 1394.0 1
425.0 1346.0 1
-5.0 1231.0 1
60.0 20.0 1
184.0 -249.0 1
438.0 1266.0 1
12.0 182.0 1
-37.0 1396.0 1
54.0 797.0 1
13.0 757.0 1
46.0 1461.0 1
434.0 829.0 1
376.0 716.0 1
-47.0 -107.0 1
149.0 1394.0 1
94.0 572.0 1
284.0 -227.0 1
85.0 549.0 1
90.0 891.0 1
467.0 1434.0 1
17.0 336.0 1
-58.0 48.0 1
390.0 203.0 1
120.0 -268.0 1
-66.0 1344.0 1
331.0 10.0 1
178.0 -102.0 1
334.0 837.0 1
246.0 116.0 1
6.0 356.0 1
-71.0 1024.0 1
373.0 -230.0 1
253.0 1460.0 1
241.0 -109.0 1
-8.0 433.0 1
454.0 1351.0 1
350.0 1006.0 1
150.0 -111.0 1
389.0 1013.0 1
20.0 9.0 1
15.0 1023.0 1
-9.0 1271.0 1
183.0 1470.0 1
379.0 1259.0 1
426.0 486.0 1
466.0 621.0 1
461.0 549.0 1
2.0 -219.0 1
406.0 1420.0 1
29.0 -223.0 1
45.0 615.0 1
73.0 1301.0 1
455.0 801.0 1
315.0 897.0 1
-28.0 580.0 1
447.0 890.0 1
384.0 998.0 1
350.0 697.0 1
419.0 -183.0 1
378.0 284.0 1
20.0 736.0 1
311.0 -76.0 1
2.0 754.0 1
102.0 782.0 1
412.0 -91.0 1
-35.0 -267.0 1
315.0 999.0 1
130.0 742.0 1
-8.0 -80.0 1
271.0 -129.0 1
478.0 1472.0 1
334.0 820.0 1
458.0 1074.0 1
19.0 1392.0 1
60.0 1162.0 1
38.0 1343.0 1
450.0 403.0 1
245.0 -236.0 1
349.0 351.0 1
339.0 1253.0 1
253.0 726.0 1
467.0 -202.0 1
249.0 107.0 1
348.0 914.0 1
97.0 1431.0 1
146.0 467.0 1
-26.0 1124.0 1
305.0 1423.0 1
207.0 1464.0 1
318.0 -104.0 1
451.0 697.0 1
387.0 762.0 1
307.0 1069.0 1
344.0 747.0 1
-30.0 793.0 1
-50.0 477.0 1
473.0 1390.0 1
47.0 205.0 1
315.0 -14.0 1
305.0 275.0 1
-21.0 1185.0 1
160.0 166.0 1
478.0 1369.0 1
443.0 941.0 1
276.0 741.0 1
-61.0 1103.0 1
304.0 1424.0 1
462.0 1373.0 1
-68.0 1457.0 1
56.0 553.0 1
166.0 756.0 1
262.0 1032.0 1
425.0 1205.0 1
222.0 -273.0 1
307.0 1329.0 1
435.0 1338.0 1
25.0 1123.0 1
478.0 819.0 1
178.0 787.0 1
394.0 -165.0 1
-17.0 1234.0 1
52.0 944.0 1
141.0 1363.0 1
461.0 990.0 1
336.0 1116.0 1
76.0 905.0 1
467.0 1064.0 1
345.0 -83.0 1
479.0 1383.0 1
6.0 836.0 1
316.0 56.0 1
-19.0 349.0 1
478.0 1087.0 1
155.0 487.0 1
424.0 590.0 1
424.0 1319.0 1
-39.0 660.0 1
149.0 426.0 1
392.0 1436.0 1
452.0 -160.0 1
16.0 1002.0 1
430.0 949.0 1
58.0 865.0 1
349.0 -3.0 1
-31.0 352.0 1
69.0 258.0 1
426.0 596.0 1
457.0 -275.0 1
-4.0 1319.0 1
403.0 -12.0 1
361.0 -130.0 1
303.0 816.0 1
32.0 591.0 1
420.0 1249.0 1
378.0 -39.0 1
-47.0 338.0 1
361.0 -29.0 1
144.0 102.0 1
-36.0 261.0 1
342.0 1045.0 1
181.0 -110.0 1
474.0 -282.0 1
442.0 670.0 1
3.0 574.0 1
96.0 94.0 1
125.0 1479.0 1
369.0 580.0 1
318.0 1168.0 1
-12.0 250.0 1
-34.0 -135.0 1
-43.0 426.0 1
367.0 1165.0 1
15.0 807.0 1
-68.0 609.0 1
