289.0 4.0 0
69.0 879.0 0
268.0 287.0 0
203.0 251.0 0
79.0 566.0 0
270.0 588.0 0
126.0 551.0 0
267.0 898.0 0
125.0 1263.0 0
135.0 398.0 0
-26.0 796.0 1
240.0 156.0 1
247.0 1098.0 1
56.0 -5.0 1
9.0 1229.0 1
231.0 1323.0 1
326.0 512.0 1
-5.0 -137.0 1
335.0 529.0 1
418.0 605.0 1
185.0 -166.0 1
35.0 -114.0 1
266.0 1044.0 1
9.0 486.0 1
111.0 1448.0 1
-6.0 807.0 1
23.0 972.0 1
462.0 1335.0 1
236.0 402.0 1
370.0 1411.0 1
198.0 1017.0 1
305.0 77.0 1
17.0 1196.0 1
472.0 1103.0 1
-13.0 778.0 1
279.0 1347.0 1
-64.0 614.0 1
119.0 1031.0 1
57.0 1394.0 1
238.0 147.0 1
425.0 1346.0 1
215.0 736.0 1
284.0 -227.0 1
176.0 1359.0 1
17.0 336.0 1
-58.0 48.0 1
6.0 356.0 1
283.0 179.0 1
34.0 -5.0 1
128.0 1400.0 1
373.0 -230.0 1
119.0 1046.0 1
150.0 -111.0 1
238.0 137.0 1
417.0 105.0 1
29.0 -223.0 1
447.0 890.0 1
271.0 -129.0 1
293.0 183.0 1
473.0 1390.0 1
75.0 -174.0 1
315.0 -14.0 1
48.0 406.0 1
160.0 166.0 1
276.0 741.0 1
25.0 1123.0 1
467.0 1064.0 1
458.0 -242.0 1
-19.0 349.0 1
246.0 1395.0 1
424.0 590.0 1
443.0 622.0 1
183.0 1322.0 1
420.0 1249.0 1
378.0 -39.0 1
-47.0 338.0 1
342.0 1045.0 1
123.0 -150.0 1
-7.0 487.0 1
474.0 -282.0 1
