87.0 310.0 0
211.0 881.0 0
79.0 566.0 0
292.0 238.0 0
84.0 -1.0 0
150.0 603.0 0
238.0 1169.0 0
233.0 1102.0 0
114.0 805.0 0
69.0 879.0 0
-5.0 1231.0 1
369.0 819.0 1
-36.0 261.0 1
467.0 1064.0 1
73.0 359.0 1
453.0 1365.0 1
381.0 964.0 1
86.0 -230.0 1
344.0 1461.0 1
-36.0 -53.0 1
103.0 1431.0 1
58.0 865.0 1
-9.0 77.0 1
-40.0 212.0 1
93.0 761.0 1
311.0 -76.0 1
-28.0 580.0 1
118.0 1013.0 1
23.0 972.0 1
450.0 347.0 1
117.0 439.0 1
424.0 590.0 1
364.0 425.0 1
208.0 143.0 1
441.0 896.0 1
231.0 1323.0 1
-83.0 682.0 1
-8.0 433.0 1
19.0 -122.0 1
-39.0 660.0 1
482.0 849.0 1
5.0 169.0 1
93.0 807.0 1
128.0 1400.0 1
406.0 1420.0 1
257.0 479.0 1
113.0 -143.0 1
-4.0 1056.0 1
185.0 1336.0 1
401.0 166.0 1
377.0 615.0 1
315.0 -14.0 1
415.0 1216.0 1
420.0 700.0 1
350.0 51.0 1
482.0 1228.0 1
458.0 -242.0 1
-13.0 511.0 1
389.0 1013.0 1
378.0 1403.0 1
73.0 895.0 1
440.0 315.0 1
4.0 1124.0 1
473.0 1390.0 1
457.0 -275.0 1
178.0 1099.0 1
17.0 1196.0 1
364.0 207.0 1
7.0 -8.0 1
164.0 712.0 1
81.0 1345.0 1
262.0 788.0 1
179.0 494.0 1
-76.0 1370.0 1
241.0 -109.0 1
-17.0 -205.0 1
253.0 726.0 1
419.0 -183.0 1
350.0 697.0 1
-80.0 -194.0 1
