203.0 251.0 0
121.0 948.0 0
155.0 586.0 0
189.0 224.0 0
204.0 89.0 0
135.0 398.0 0
299.0 1182.0 0
151.0 978.0 0
277.0 78.0 0
358.0 1233.0 0
87.0 310.0 0
277.0 816.0 0
246.0 651.0 0
194.0 -80.0 0
284.0 1117.0 0
55.0 768.0 0
290.0 -57.0 0
222.0 598.0 0
114.0 805.0 0
53.0 1176.0 0
-7.0 1311.0 1
331.0 888.0 1
7.0 269.0 1
478.0 1087.0 1
45.0 338.0 1
454.0 1351.0 1
384.0 998.0 1
245.0 -236.0 1
207.0 1464.0 1
122.0 1463.0 1
-51.0 -93.0 1
97.0 1431.0 1
6.0 836.0 1
25.0 87.0 1
92.0 194.0 1
35.0 -114.0 1
20.0 736.0 1
410.0 -134.0 1
3.0 574.0 1
201.0 1057.0 1
16.0 1002.0 1
391.0 370.0 1
142.0 451.0 1
447.0 506.0 1
321.0 381.0 1
283.0 179.0 1
315.0 897.0 1
332.0 1268.0 1
-83.0 687.0 1
6.0 425.0 1
479.0 1383.0 1
197.0 440.0 1
45.0 615.0 1
19.0 140.0 1
434.0 829.0 1
1.0 -219.0 1
41.0 151.0 1
122.0 736.0 1
93.0 761.0 1
72.0 1421.0 1
392.0 1436.0 1
438.0 446.0 1
358.0 583.0 1
-19.0 1388.0 1
75.0 -174.0 1
6.0 356.0 1
327.0 475.0 1
-71.0 1024.0 1
188.0 1348.0 1
298.0 130.0 1
390.0 203.0 1
412.0 634.0 1
450.0 -27.0 1
425.0 1205.0 1
56.0 553.0 1
15.0 807.0 1
452.0 691.0 1
358.0 14.0 1
396.0 1441.0 1
296.0 791.0 1
475.0 1234.0 1
284.0 -227.0 1
-21.0 984.0 1
46.0 522.0 1
456.0 1349.0 1
265.0 1410.0 1
458.0 -242.0 1
262.0 1032.0 1
9.0 486.0 1
469.0 956.0 1
406.0 1420.0 1
-60.0 199.0 1
-5.0 -137.0 1
149.0 1394.0 1
-12.0 931.0 1
42.0 1245.0 1
9.0 -23.0 1
344.0 747.0 1
376.0 1007.0 1
144.0 102.0 1
311.0 -13.0 1
326.0 307.0 1
-47.0 1126.0 1
394.0 -165.0 1
350.0 51.0 1
265.0 187.0 1
11.0 -265.0 1
397.0 1151.0 1
-56.0 1152.0 1
60.0 1162.0 1
434.0 198.0 1
467.0 41.0 1
-4.0 1319.0 1
78.0 -29.0 1
130.0 742.0 1
-3.0 1369.0 1
-13.0 778.0 1
-72.0 450.0 1
123.0 -150.0 1
48.0 406.0 1
48.0 -28.0 1
1.0 677.0 1
387.0 762.0 1
162.0 1385.0 1
440.0 315.0 1
316.0 1410.0 1
415.0 1216.0 1
248.0 725.0 1
19.0 -122.0 1
-62.0 923.0 1
156.0 702.0 1
178.0 787.0 1
58.0 865.0 1
100.0 1337.0 1
97.0 1152.0 1
355.0 765.0 1
452.0 -160.0 1
321.0 559.0 1
185.0 1085.0 1
113.0 -143.0 1
-39.0 225.0 1
364.0 207.0 1
86.0 1071.0 1
311.0 1085.0 1
467.0 1064.0 1
-80.0 -194.0 1
467.0 -180.0 1
347.0 536.0 1
205.0 1315.0 1
19.0 1392.0 1
85.0 549.0 1
358.0 -188.0 1
57.0 1394.0 1
367.0 1165.0 1
-63.0 391.0 1
-74.0 511.0 1
83.0 564.0 1
441.0 896.0 1
231.0 1323.0 1
95.0 -46.0 1
