58.0 566.0 0
290.0 1011.0 0
321.0 472.0 0
185.0 849.0 0
177.0 825.0 0
299.0 1182.0 0
187.0 34.0 0
116.0 -95.0 0
215.0 149.0 0
114.0 805.0 0
104.0 -137.0 1
475.0 806.0 1
89.0 -175.0 1
419.0 227.0 1
476.0 295.0 1
458.0 1215.0 1
413.0 -63.0 1
-56.0 779.0 1
112.0 159.0 1
-49.0 695.0 1
23.0 91.0 1
-14.0 990.0 1
186.0 -217.0 1
178.0 1099.0 1
464.0 288.0 1
264.0 156.0 1
471.0 822.0 1
5.0 792.0 1
19.0 1187.0 1
77.0 -128.0 1
169.0 -144.0 1
-13.0 -100.0 1
298.0 130.0 1
-52.0 -108.0 1
305.0 450.0 1
364.0 207.0 1
-37.0 -121.0 1
260.0 -144.0 1
-39.0 639.0 1
92.0 1248.0 1
-81.0 142.0 1
120.0 -166.0 1
326.0 274.0 1
12.0 -146.0 1
-4.0 835.0 1
-5.0 1231.0 1
39.0 318.0 1
-47.0 -107.0 1
19.0 -122.0 1
-13.0 637.0 1
-8.0 433.0 1
454.0 1351.0 1
350.0 1006.0 1
20.0 9.0 1
384.0 998.0 1
441.0 1444.0 1
102.0 782.0 1
458.0 1074.0 1
60.0 1162.0 1
323.0 74.0 1
139.0 1046.0 1
47.0 205.0 1
-21.0 1185.0 1
-62.0 923.0 1
-21.0 984.0 1
454.0 447.0 1
262.0 1032.0 1
425.0 1205.0 1
222.0 -273.0 1
117.0 439.0 1
394.0 -165.0 1
336.0 1116.0 1
-68.0 1298.0 1
401.0 165.0 1
69.0 258.0 1
457.0 -275.0 1
-51.0 -93.0 1
441.0 1183.0 1
56.0 575.0 1
125.0 1479.0 1
