290.0 -57.0 0
199.0 38.0 0
292.0 238.0 0
237.0 287.0 0
227.0 342.0 0
84.0 -1.0 0
76.0 361.0 0
235.0 147.0 0
112.0 673.0 0
171.0 662.0 0
395.0 977.0 1
289.0 780.0 1
221.0 707.0 1
-52.0 1104.0 1
315.0 1284.0 1
138.0 463.0 1
146.0 1476.0 1
120.0 1393.0 1
179.0 494.0 1
-47.0 1365.0 1
-19.0 1388.0 1
-46.0 415.0 1
0.0 256.0 1
291.0 -189.0 1
-6.0 522.0 1
428.0 6.0 1
421.0 343.0 1
69.0 714.0 1
10.0 974.0 1
464.0 1083.0 1
391.0 1411.0 1
-83.0 687.0 1
400.0 48.0 1
56.0 812.0 1
45.0 167.0 1
-17.0 -205.0 1
-52.0 507.0 1
234.0 1356.0 1
408.0 523.0 1
21.0 1151.0 1
-70.0 1324.0 1
351.0 1017.0 1
353.0 30.0 1
-37.0 1396.0 1
384.0 375.0 1
390.0 203.0 1
120.0 -268.0 1
-4.0 1345.0 1
246.0 116.0 1
78.0 308.0 1
466.0 621.0 1
-32.0 147.0 1
406.0 1420.0 1
334.0 820.0 1
377.0 615.0 1
445.0 56.0 1
372.0 -129.0 1
378.0 208.0 1
369.0 1444.0 1
-69.0 -77.0 1
-61.0 1103.0 1
307.0 1329.0 1
95.0 -46.0 1
475.0 1234.0 1
262.0 788.0 1
316.0 56.0 1
302.0 1046.0 1
317.0 1300.0 1
149.0 426.0 1
452.0 -160.0 1
16.0 1002.0 1
402.0 614.0 1
349.0 -3.0 1
361.0 -130.0 1
303.0 816.0 1
144.0 102.0 1
257.0 479.0 1
7.0 -8.0 1
-34.0 -135.0 1
-43.0 426.0 1
