153.0 307.0 0
267.0 898.0 0
126.0 551.0 0
119.0 211.0 0
133.0 34.0 0
216.0 387.0 0
242.0 1245.0 0
341.0 1039.0 0
201.0 733.0 0
96.0 -108.0 0
-14.0 1237.0 1
315.0 866.0 1
49.0 253.0 1
464.0 1083.0 1
39.0 318.0 1
418.0 1342.0 1
350.0 1006.0 1
184.0 -249.0 1
279.0 1457.0 1
-13.0 -100.0 1
78.0 1430.0 1
24.0 849.0 1
23.0 91.0 1
77.0 210.0 1
2.0 754.0 1
413.0 -63.0 1
56.0 575.0 1
119.0 1031.0 1
32.0 1005.0 1
410.0 359.0 1
141.0 473.0 1
447.0 575.0 1
296.0 411.0 1
238.0 147.0 1
327.0 929.0 1
350.0 1320.0 1
-32.0 719.0 1
-43.0 426.0 1
-37.0 -121.0 1
-75.0 623.0 1
478.0 819.0 1
60.0 148.0 1
113.0 776.0 1
146.0 1476.0 1
441.0 1444.0 1
454.0 447.0 1
89.0 -175.0 1
34.0 1033.0 1
244.0 1342.0 1
417.0 105.0 1
402.0 614.0 1
378.0 6.0 1
404.0 1188.0 1
439.0 713.0 1
353.0 30.0 1
438.0 1266.0 1
375.0 -243.0 1
28.0 523.0 1
469.0 956.0 1
305.0 1423.0 1
76.0 905.0 1
464.0 288.0 1
-51.0 1099.0 1
149.0 1394.0 1
254.0 -247.0 1
336.0 1116.0 1
21.0 1151.0 1
418.0 207.0 1
34.0 -5.0 1
228.0 755.0 1
38.0 1343.0 1
-6.0 807.0 1
-7.0 487.0 1
-70.0 1324.0 1
260.0 -144.0 1
93.0 -49.0 1
303.0 816.0 1
423.0 51.0 1
335.0 529.0 1
126.0 1339.0 1
