133.0 471.0 0
267.0 850.0 0
227.0 342.0 0
87.0 310.0 0
121.0 -38.0 0
238.0 1169.0 0
172.0 1245.0 0
116.0 -95.0 0
223.0 763.0 0
150.0 1342.0 0
337.0 23.0 1
382.0 752.0 1
69.0 714.0 1
90.0 891.0 1
421.0 343.0 1
-64.0 1306.0 1
11.0 -265.0 1
45.0 615.0 1
120.0 -166.0 1
-74.0 511.0 1
420.0 1249.0 1
391.0 1433.0 1
263.0 466.0 1
19.0 -122.0 1
258.0 1448.0 1
23.0 972.0 1
401.0 171.0 1
-37.0 1396.0 1
45.0 167.0 1
149.0 426.0 1
178.0 787.0 1
73.0 359.0 1
-66.0 1090.0 1
435.0 1338.0 1
205.0 1315.0 1
401.0 165.0 1
443.0 622.0 1
361.0 -130.0 1
-5.0 1231.0 1
247.0 1098.0 1
-46.0 415.0 1
450.0 -27.0 1
5.0 792.0 1
49.0 253.0 1
265.0 1410.0 1
85.0 549.0 1
140.0 1327.0 1
303.0 816.0 1
-42.0 -29.0 1
60.0 20.0 1
296.0 791.0 1
389.0 1013.0 1
238.0 147.0 1
183.0 1470.0 1
18.0 571.0 1
-76.0 1185.0 1
327.0 929.0 1
141.0 1363.0 1
169.0 -144.0 1
460.0 -273.0 1
