290.0 -57.0 0
194.0 -80.0 0
58.0 566.0 0
323.0 1296.0 0
358.0 91.0 0
339.0 246.0 0
189.0 224.0 0
224.0 427.0 0
84.0 -1.0 0
201.0 510.0 0
79.0 566.0 0
65.0 196.0 0
107.0 671.0 0
235.0 147.0 0
121.0 948.0 0
315.0 451.0 0
55.0 768.0 0
284.0 1117.0 0
353.0 -14.0 0
138.0 463.0 0
12.0 533.0 1
-64.0 1306.0 1
247.0 1098.0 1
146.0 1476.0 1
83.0 564.0 1
400.0 829.0 1
482.0 1228.0 1
-49.0 695.0 1
265.0 187.0 1
404.0 1188.0 1
118.0 1013.0 1
73.0 359.0 1
-12.0 931.0 1
323.0 28.0 1
99.0 310.0 1
56.0 -5.0 1
396.0 1441.0 1
-17.0 1234.0 1
371.0 1469.0 1
228.0 755.0 1
231.0 1323.0 1
412.0 1018.0 1
32.0 1005.0 1
321.0 381.0 1
461.0 990.0 1
410.0 359.0 1
418.0 605.0 1
5.0 792.0 1
18.0 571.0 1
-66.0 712.0 1
-7.0 1311.0 1
337.0 23.0 1
42.0 159.0 1
345.0 -83.0 1
92.0 194.0 1
6.0 836.0 1
463.0 1265.0 1
199.0 1468.0 1
-13.0 -100.0 1
395.0 1287.0 1
201.0 1057.0 1
350.0 1320.0 1
231.0 -163.0 1
-19.0 349.0 1
69.0 714.0 1
316.0 645.0 1
478.0 1087.0 1
393.0 743.0 1
364.0 207.0 1
370.0 1411.0 1
115.0 426.0 1
378.0 6.0 1
155.0 487.0 1
221.0 1052.0 1
424.0 590.0 1
424.0 1319.0 1
-39.0 660.0 1
100.0 1337.0 1
400.0 48.0 1
-13.0 778.0 1
63.0 652.0 1
-39.0 225.0 1
423.0 1374.0 1
2.0 1345.0 1
45.0 167.0 1
410.0 -134.0 1
-10.0 120.0 1
355.0 765.0 1
102.0 464.0 1
200.0 1391.0 1
77.0 1327.0 1
12.0 -146.0 1
-51.0 1099.0 1
238.0 147.0 1
438.0 1266.0 1
349.0 -3.0 1
426.0 596.0 1
376.0 716.0 1
149.0 1394.0 1
49.0 253.0 1
391.0 1433.0 1
336.0 398.0 1
390.0 203.0 1
441.0 1183.0 1
178.0 -102.0 1
-71.0 1024.0 1
128.0 1400.0 1
137.0 791.0 1
164.0 712.0 1
454.0 1351.0 1
303.0 816.0 1
19.0 140.0 1
389.0 1013.0 1
378.0 -39.0 1
209.0 -174.0 1
379.0 1259.0 1
-47.0 338.0 1
350.0 51.0 1
447.0 890.0 1
384.0 998.0 1
