141.0 473.0 0
268.0 858.0 0
184.0 340.0 0
235.0 147.0 0
84.0 -1.0 0
202.0 1159.0 0
213.0 1253.0 0
304.0 -153.0 0
69.0 879.0 0
213.0 1298.0 0
311.0 -20.0 1
482.0 717.0 1
-52.0 743.0 1
73.0 895.0 1
296.0 411.0 1
-76.0 1370.0 1
-64.0 -230.0 1
156.0 702.0 1
284.0 -227.0 1
-52.0 507.0 1
475.0 1234.0 1
461.0 1401.0 1
335.0 529.0 1
-52.0 -108.0 1
253.0 1460.0 1
10.0 974.0 1
378.0 178.0 1
72.0 1421.0 1
-23.0 108.0 1
117.0 439.0 1
61.0 750.0 1
3.0 285.0 1
121.0 1030.0 1
456.0 1349.0 1
244.0 1342.0 1
305.0 77.0 1
394.0 616.0 1
365.0 -188.0 1
9.0 1229.0 1
311.0 1085.0 1
-63.0 391.0 1
260.0 -144.0 1
56.0 812.0 1
265.0 187.0 1
176.0 1359.0 1
327.0 434.0 1
346.0 1256.0 1
324.0 916.0 1
2.0 -37.0 1
95.0 17.0 1
262.0 788.0 1
467.0 1064.0 1
238.0 137.0 1
146.0 1476.0 1
455.0 801.0 1
17.0 1196.0 1
336.0 930.0 1
-47.0 1387.0 1
231.0 -163.0 1
373.0 -230.0 1
