333.0 1300.0 0
265.0 1057.0 0
201.0 510.0 0
65.0 196.0 0
277.0 816.0 0
268.0 858.0 0
172.0 1245.0 0
353.0 -14.0 0
213.0 1253.0 0
288.0 868.0 0
378.0 1403.0 1
186.0 -217.0 1
259.0 -179.0 1
228.0 755.0 1
398.0 1079.0 1
326.0 512.0 1
54.0 927.0 1
-76.0 1370.0 1
-7.0 1311.0 1
418.0 454.0 1
262.0 788.0 1
329.0 1228.0 1
62.0 1333.0 1
24.0 849.0 1
395.0 1287.0 1
93.0 807.0 1
418.0 207.0 1
393.0 743.0 1
77.0 210.0 1
459.0 -281.0 1
317.0 1300.0 1
313.0 947.0 1
296.0 411.0 1
424.0 590.0 1
100.0 1337.0 1
392.0 1436.0 1
461.0 1401.0 1
400.0 48.0 1
-39.0 639.0 1
-39.0 225.0 1
52.0 843.0 1
102.0 464.0 1
121.0 1030.0 1
434.0 829.0 1
457.0 -275.0 1
-4.0 1319.0 1
336.0 398.0 1
178.0 -102.0 1
373.0 -230.0 1
164.0 712.0 1
454.0 1351.0 1
120.0 1393.0 1
179.0 494.0 1
336.0 1116.0 1
448.0 1331.0 1
-74.0 511.0 1
49.0 844.0 1
46.0 1461.0 1
119.0 1046.0 1
353.0 1422.0 1
