223.0 763.0 0
204.0 89.0 0
277.0 78.0 0
152.0 -97.0 0
258.0 1.0 0
290.0 1011.0 0
237.0 287.0 0
153.0 307.0 0
227.0 342.0 0
199.0 1033.0 0
321.0 472.0 0
335.0 695.0 0
344.0 1222.0 0
277.0 816.0 0
211.0 881.0 0
274.0 931.0 0
290.0 1202.0 0
295.0 714.0 0
213.0 1253.0 0
257.0 1215.0 0
45.0 338.0 1
0.0 276.0 1
149.0 752.0 1
307.0 1329.0 1
-47.0 1387.0 1
396.0 68.0 1
259.0 -179.0 1
25.0 1123.0 1
-47.0 1365.0 1
464.0 303.0 1
95.0 -46.0 1
464.0 288.0 1
467.0 -180.0 1
210.0 1423.0 1
327.0 1102.0 1
326.0 307.0 1
311.0 -20.0 1
335.0 529.0 1
-76.0 1370.0 1
76.0 905.0 1
467.0 1064.0 1
84.0 1483.0 1
-64.0 -230.0 1
2.0 -37.0 1
43.0 207.0 1
-30.0 561.0 1
479.0 1383.0 1
-27.0 367.0 1
344.0 1461.0 1
-17.0 710.0 1
480.0 1442.0 1
381.0 1185.0 1
440.0 315.0 1
24.0 849.0 1
-9.0 639.0 1
421.0 343.0 1
298.0 130.0 1
369.0 819.0 1
-68.0 1352.0 1
341.0 852.0 1
302.0 1046.0 1
1.0 -219.0 1
10.0 974.0 1
316.0 1410.0 1
385.0 -93.0 1
31.0 974.0 1
459.0 -281.0 1
317.0 1300.0 1
376.0 1007.0 1
167.0 133.0 1
467.0 -226.0 1
207.0 1355.0 1
464.0 1083.0 1
260.0 187.0 1
-83.0 687.0 1
415.0 1216.0 1
437.0 1366.0 1
336.0 930.0 1
392.0 1436.0 1
461.0 1401.0 1
452.0 -160.0 1
260.0 -144.0 1
56.0 812.0 1
467.0 41.0 1
80.0 417.0 1
254.0 -247.0 1
-17.0 -205.0 1
-42.0 -29.0 1
432.0 103.0 1
355.0 1457.0 1
-36.0 -53.0 1
326.0 274.0 1
410.0 -216.0 1
-4.0 835.0 1
460.0 -273.0 1
348.0 604.0 1
351.0 1017.0 1
-14.0 1237.0 1
317.0 366.0 1
401.0 165.0 1
54.0 797.0 1
91.0 -163.0 1
457.0 -275.0 1
19.0 -122.0 1
-58.0 48.0 1
-51.0 -93.0 1
6.0 356.0 1
34.0 -5.0 1
373.0 -230.0 1
401.0 171.0 1
56.0 575.0 1
61.0 750.0 1
269.0 1463.0 1
466.0 621.0 1
32.0 1031.0 1
-80.0 -194.0 1
363.0 862.0 1
45.0 615.0 1
315.0 897.0 1
41.0 719.0 1
