315.0 451.0 0
288.0 868.0 0
270.0 588.0 0
59.0 249.0 0
258.0 1.0 0
114.0 1011.0 0
242.0 1245.0 0
88.0 -36.0 0
277.0 816.0 0
316.0 727.0 0
358.0 14.0 1
350.0 697.0 1
-66.0 712.0 1
76.0 905.0 1
384.0 375.0 1
-70.0 1324.0 1
65.0 -226.0 1
-13.0 637.0 1
233.0 -253.0 1
12.0 533.0 1
381.0 1185.0 1
406.0 1420.0 1
408.0 523.0 1
-37.0 -121.0 1
279.0 1457.0 1
38.0 991.0 1
388.0 220.0 1
128.0 1400.0 1
5.0 169.0 1
142.0 451.0 1
122.0 752.0 1
58.0 328.0 1
-71.0 1024.0 1
479.0 1383.0 1
254.0 1341.0 1
423.0 51.0 1
447.0 575.0 1
410.0 -134.0 1
92.0 1248.0 1
312.0 1012.0 1
-47.0 338.0 1
378.0 -39.0 1
52.0 843.0 1
43.0 207.0 1
255.0 1383.0 1
254.0 418.0 1
379.0 1259.0 1
331.0 888.0 1
-42.0 -60.0 1
467.0 41.0 1
84.0 779.0 1
178.0 1099.0 1
56.0 -5.0 1
146.0 1462.0 1
316.0 645.0 1
54.0 1159.0 1
482.0 849.0 1
62.0 1333.0 1
440.0 315.0 1
458.0 -242.0 1
