290.0 -57.0 0
141.0 473.0 0
277.0 78.0 0
152.0 -97.0 0
333.0 1300.0 0
258.0 1.0 0
168.0 789.0 0
76.0 1221.0 0
354.0 136.0 0
55.0 402.0 0
237.0 287.0 0
184.0 340.0 0
153.0 307.0 0
227.0 342.0 0
358.0 1233.0 0
150.0 1342.0 0
59.0 249.0 0
79.0 566.0 0
65.0 196.0 0
270.0 588.0 0
235.0 147.0 0
166.0 756.0 0
121.0 948.0 0
315.0 451.0 0
344.0 1222.0 0
309.0 1207.0 0
277.0 816.0 0
274.0 931.0 0
151.0 978.0 0
213.0 1298.0 0
238.0 1169.0 0
172.0 1245.0 0
284.0 1117.0 0
125.0 1263.0 0
213.0 1253.0 0
242.0 1245.0 0
257.0 1215.0 0
138.0 463.0 0
121.0 -38.0 0
116.0 421.0 0
215.0 149.0 0
88.0 -36.0 0
304.0 -153.0 0
150.0 603.0 0
114.0 805.0 0
202.0 1159.0 0
276.0 741.0 0
12.0 533.0 1
247.0 1098.0 1
146.0 1476.0 1
222.0 -273.0 1
-49.0 695.0 1
14.0 443.0 1
149.0 752.0 1
265.0 187.0 1
313.0 1383.0 1
86.0 883.0 1
404.0 1188.0 1
378.0 1403.0 1
118.0 1013.0 1
73.0 359.0 1
307.0 1329.0 1
-14.0 990.0 1
435.0 1338.0 1
186.0 -217.0 1
259.0 -179.0 1
25.0 1123.0 1
56.0 -5.0 1
6.0 994.0 1
396.0 1441.0 1
478.0 819.0 1
327.0 929.0 1
464.0 303.0 1
95.0 -46.0 1
464.0 288.0 1
-17.0 1234.0 1
467.0 -180.0 1
371.0 1469.0 1
327.0 1102.0 1
268.0 446.0 1
78.0 1430.0 1
-5.0 -137.0 1
58.0 1270.0 1
-60.0 199.0 1
265.0 1410.0 1
54.0 927.0 1
233.0 -253.0 1
410.0 359.0 1
396.0 226.0 1
42.0 1245.0 1
18.0 571.0 1
365.0 -188.0 1
-66.0 712.0 1
76.0 905.0 1
185.0 1085.0 1
467.0 1064.0 1
84.0 1483.0 1
423.0 51.0 1
81.0 1345.0 1
337.0 23.0 1
113.0 -143.0 1
42.0 159.0 1
-64.0 -230.0 1
418.0 454.0 1
-30.0 561.0 1
345.0 -83.0 1
92.0 194.0 1
9.0 486.0 1
-27.0 367.0 1
11.0 -265.0 1
262.0 788.0 1
344.0 1461.0 1
6.0 836.0 1
387.0 901.0 1
-17.0 710.0 1
428.0 6.0 1
248.0 725.0 1
329.0 1228.0 1
381.0 1185.0 1
358.0 583.0 1
-9.0 639.0 1
316.0 56.0 1
395.0 1287.0 1
-68.0 1352.0 1
341.0 852.0 1
231.0 -163.0 1
244.0 1342.0 1
302.0 1046.0 1
447.0 506.0 1
246.0 1395.0 1
316.0 1410.0 1
-12.0 370.0 1
316.0 645.0 1
418.0 207.0 1
77.0 210.0 1
236.0 402.0 1
482.0 717.0 1
376.0 1007.0 1
313.0 947.0 1
198.0 1017.0 1
-42.0 -60.0 1
207.0 1355.0 1
17.0 1196.0 1
169.0 -199.0 1
412.0 634.0 1
378.0 178.0 1
-83.0 687.0 1
378.0 6.0 1
415.0 1216.0 1
155.0 487.0 1
221.0 1052.0 1
475.0 1278.0 1
9.0 -23.0 1
424.0 590.0 1
122.0 752.0 1
-63.0 391.0 1
392.0 1436.0 1
434.0 198.0 1
461.0 1401.0 1
56.0 812.0 1
-22.0 452.0 1
63.0 652.0 1
453.0 1365.0 1
5.0 169.0 1
45.0 167.0 1
-53.0 1405.0 1
-17.0 -205.0 1
28.0 1366.0 1
120.0 -166.0 1
-42.0 -29.0 1
140.0 1327.0 1
355.0 765.0 1
279.0 1347.0 1
482.0 849.0 1
102.0 464.0 1
432.0 103.0 1
-48.0 923.0 1
402.0 614.0 1
430.0 949.0 1
355.0 1457.0 1
200.0 1391.0 1
410.0 -216.0 1
234.0 1356.0 1
12.0 -146.0 1
21.0 1151.0 1
-70.0 1324.0 1
460.0 -273.0 1
331.0 888.0 1
348.0 604.0 1
351.0 1017.0 1
-14.0 1237.0 1
184.0 495.0 1
1.0 677.0 1
60.0 20.0 1
184.0 -249.0 1
317.0 366.0 1
-37.0 1396.0 1
-31.0 352.0 1
205.0 1315.0 1
54.0 797.0 1
13.0 757.0 1
-4.0 1168.0 1
69.0 258.0 1
426.0 596.0 1
384.0 375.0 1
376.0 716.0 1
91.0 -163.0 1
-47.0 -107.0 1
94.0 572.0 1
279.0 1457.0 1
49.0 253.0 1
-75.0 623.0 1
-13.0 637.0 1
-4.0 1319.0 1
17.0 336.0 1
-66.0 1344.0 1
178.0 -102.0 1
124.0 -166.0 1
128.0 1400.0 1
373.0 -230.0 1
441.0 1001.0 1
164.0 712.0 1
150.0 -111.0 1
303.0 816.0 1
32.0 591.0 1
389.0 1013.0 1
378.0 -39.0 1
238.0 137.0 1
-9.0 1271.0 1
258.0 1448.0 1
209.0 -174.0 1
269.0 1463.0 1
426.0 486.0 1
466.0 621.0 1
32.0 1031.0 1
461.0 549.0 1
-32.0 147.0 1
-43.0 -157.0 1
406.0 1420.0 1
29.0 -223.0 1
361.0 -29.0 1
363.0 862.0 1
45.0 615.0 1
73.0 1301.0 1
350.0 51.0 1
315.0 897.0 1
456.0 1349.0 1
447.0 890.0 1
413.0 -63.0 1
314.0 940.0 1
38.0 468.0 1
120.0 1393.0 1
179.0 494.0 1
-23.0 108.0 1
178.0 787.0 1
142.0 451.0 1
-19.0 1388.0 1
264.0 156.0 1
336.0 1116.0 1
35.0 -114.0 1
312.0 1012.0 1
67.0 1408.0 1
458.0 -242.0 1
0.0 256.0 1
77.0 -128.0 1
456.0 713.0 1
-47.0 1126.0 1
169.0 -144.0 1
21.0 757.0 1
84.0 779.0 1
-74.0 511.0 1
188.0 1348.0 1
156.0 702.0 1
305.0 450.0 1
162.0 1385.0 1
-21.0 1222.0 1
61.0 790.0 1
30.0 1421.0 1
-13.0 511.0 1
7.0 269.0 1
38.0 991.0 1
-64.0 614.0 1
58.0 865.0 1
-51.0 929.0 1
263.0 466.0 1
78.0 -2.0 1
408.0 523.0 1
353.0 30.0 1
49.0 844.0 1
46.0 1461.0 1
391.0 370.0 1
254.0 418.0 1
284.0 -227.0 1
334.0 837.0 1
327.0 434.0 1
253.0 1460.0 1
350.0 1006.0 1
353.0 1422.0 1
183.0 1470.0 1
346.0 1256.0 1
