277.0 78.0 0
358.0 91.0 0
222.0 598.0 0
107.0 671.0 0
309.0 1207.0 0
295.0 714.0 0
266.0 1177.0 0
242.0 1245.0 0
150.0 603.0 0
276.0 741.0 0
-64.0 1306.0 1
-49.0 695.0 1
435.0 1338.0 1
326.0 307.0 1
311.0 -20.0 1
463.0 1265.0 1
440.0 315.0 1
58.0 328.0 1
246.0 1395.0 1
385.0 -93.0 1
198.0 1017.0 1
207.0 1355.0 1
412.0 634.0 1
9.0 -23.0 1
56.0 812.0 1
467.0 41.0 1
2.0 1345.0 1
254.0 -247.0 1
-17.0 -205.0 1
28.0 1366.0 1
120.0 -166.0 1
410.0 -134.0 1
482.0 849.0 1
77.0 1327.0 1
13.0 757.0 1
279.0 1457.0 1
-75.0 623.0 1
17.0 336.0 1
-58.0 48.0 1
-51.0 -93.0 1
124.0 -166.0 1
401.0 171.0 1
-8.0 433.0 1
93.0 -49.0 1
-66.0 1090.0 1
-9.0 1271.0 1
363.0 862.0 1
69.0 1074.0 1
38.0 468.0 1
0.0 256.0 1
126.0 1339.0 1
169.0 -144.0 1
188.0 1348.0 1
162.0 1385.0 1
391.0 1411.0 1
-32.0 719.0 1
391.0 370.0 1
420.0 1249.0 1
144.0 102.0 1
350.0 697.0 1
