135.0 398.0 0
291.0 867.0 0
58.0 566.0 0
189.0 224.0 0
289.0 4.0 0
341.0 1039.0 0
344.0 1222.0 0
194.0 -80.0 0
168.0 789.0 0
276.0 741.0 0
311.0 -13.0 1
456.0 713.0 1
41.0 719.0 1
-51.0 929.0 1
410.0 359.0 1
2.0 1345.0 1
-24.0 -213.0 1
63.0 652.0 1
254.0 -247.0 1
28.0 508.0 1
415.0 1216.0 1
353.0 1422.0 1
326.0 512.0 1
91.0 -163.0 1
396.0 1441.0 1
15.0 1023.0 1
434.0 198.0 1
149.0 1394.0 1
-10.0 120.0 1
102.0 464.0 1
255.0 738.0 1
45.0 338.0 1
69.0 1074.0 1
425.0 1346.0 1
231.0 1323.0 1
400.0 48.0 1
358.0 583.0 1
463.0 -206.0 1
73.0 1301.0 1
198.0 1017.0 1
-27.0 367.0 1
241.0 -109.0 1
49.0 844.0 1
-60.0 199.0 1
210.0 1423.0 1
-22.0 452.0 1
395.0 1287.0 1
315.0 897.0 1
-36.0 -53.0 1
473.0 1.0 1
61.0 790.0 1
464.0 1083.0 1
144.0 102.0 1
46.0 1461.0 1
32.0 591.0 1
-4.0 1168.0 1
447.0 890.0 1
100.0 1337.0 1
7.0 269.0 1
185.0 -166.0 1
