223.0 763.0 0
290.0 -57.0 0
277.0 78.0 0
152.0 -97.0 0
333.0 1300.0 0
69.0 879.0 0
168.0 789.0 0
76.0 1221.0 0
55.0 402.0 0
339.0 246.0 0
189.0 224.0 0
224.0 427.0 0
237.0 287.0 0
184.0 340.0 0
297.0 426.0 0
153.0 307.0 0
288.0 1016.0 0
84.0 -1.0 0
166.0 756.0 0
291.0 867.0 0
321.0 472.0 0
335.0 695.0 0
315.0 451.0 0
344.0 1222.0 0
177.0 825.0 0
309.0 1207.0 0
267.0 850.0 0
274.0 931.0 0
151.0 978.0 0
268.0 858.0 0
238.0 1169.0 0
290.0 1202.0 0
87.0 182.0 0
172.0 1245.0 0
353.0 -14.0 0
213.0 1253.0 0
242.0 1245.0 0
257.0 1215.0 0
187.0 34.0 0
201.0 733.0 0
121.0 -38.0 0
316.0 727.0 0
96.0 -108.0 0
150.0 603.0 0
202.0 1159.0 0
341.0 1039.0 0
12.0 533.0 1
146.0 1476.0 1
83.0 564.0 1
-56.0 779.0 1
112.0 159.0 1
400.0 829.0 1
482.0 1228.0 1
45.0 338.0 1
0.0 276.0 1
149.0 752.0 1
265.0 187.0 1
255.0 738.0 1
86.0 883.0 1
404.0 1188.0 1
118.0 1013.0 1
73.0 359.0 1
23.0 91.0 1
307.0 1329.0 1
-12.0 931.0 1
382.0 752.0 1
323.0 28.0 1
396.0 68.0 1
25.0 1123.0 1
99.0 310.0 1
6.0 994.0 1
396.0 1441.0 1
-47.0 1365.0 1
464.0 303.0 1
-17.0 1234.0 1
467.0 -180.0 1
447.0 575.0 1
52.0 944.0 1
371.0 1469.0 1
228.0 755.0 1
473.0 1.0 1
210.0 1423.0 1
231.0 1323.0 1
326.0 307.0 1
469.0 956.0 1
58.0 1270.0 1
103.0 1431.0 1
265.0 1410.0 1
54.0 927.0 1
141.0 1363.0 1
311.0 -20.0 1
410.0 359.0 1
-24.0 -213.0 1
146.0 1462.0 1
95.0 17.0 1
42.0 1245.0 1
418.0 605.0 1
185.0 -166.0 1
-76.0 1370.0 1
5.0 792.0 1
365.0 -188.0 1
76.0 905.0 1
-3.0 1049.0 1
-84.0 720.0 1
72.0 1421.0 1
185.0 1085.0 1
84.0 1483.0 1
423.0 51.0 1
81.0 1345.0 1
-7.0 1311.0 1
337.0 23.0 1
113.0 -143.0 1
42.0 159.0 1
-30.0 561.0 1
291.0 -189.0 1
345.0 -83.0 1
9.0 486.0 1
479.0 1383.0 1
11.0 -265.0 1
262.0 788.0 1
429.0 742.0 1
428.0 6.0 1
248.0 725.0 1
329.0 1228.0 1
440.0 315.0 1
-13.0 -100.0 1
435.0 227.0 1
316.0 56.0 1
395.0 1287.0 1
156.0 1011.0 1
231.0 -163.0 1
309.0 1142.0 1
302.0 1046.0 1
-19.0 349.0 1
1.0 -219.0 1
447.0 506.0 1
246.0 1395.0 1
316.0 645.0 1
418.0 207.0 1
77.0 210.0 1
364.0 207.0 1
462.0 1335.0 1
31.0 974.0 1
376.0 1007.0 1
313.0 947.0 1
-42.0 -60.0 1
464.0 1083.0 1
73.0 895.0 1
260.0 187.0 1
305.0 77.0 1
115.0 426.0 1
17.0 1196.0 1
412.0 634.0 1
378.0 178.0 1
479.0 -206.0 1
-83.0 687.0 1
415.0 1216.0 1
155.0 487.0 1
221.0 1052.0 1
9.0 -23.0 1
424.0 590.0 1
122.0 752.0 1
-63.0 391.0 1
434.0 198.0 1
260.0 -144.0 1
56.0 812.0 1
-39.0 639.0 1
92.0 1248.0 1
-22.0 452.0 1
-13.0 778.0 1
-39.0 225.0 1
423.0 1374.0 1
2.0 1345.0 1
80.0 417.0 1
45.0 167.0 1
-53.0 1405.0 1
-17.0 -205.0 1
-81.0 142.0 1
28.0 1366.0 1
410.0 -134.0 1
-10.0 120.0 1
450.0 -27.0 1
16.0 1002.0 1
355.0 765.0 1
432.0 103.0 1
430.0 949.0 1
355.0 1457.0 1
-36.0 -53.0 1
-68.0 1298.0 1
200.0 1391.0 1
77.0 1327.0 1
410.0 -216.0 1
401.0 166.0 1
324.0 916.0 1
-4.0 835.0 1
-70.0 1324.0 1
460.0 -273.0 1
351.0 1017.0 1
-14.0 1237.0 1
184.0 495.0 1
238.0 147.0 1
1.0 677.0 1
425.0 1346.0 1
-5.0 1231.0 1
184.0 -249.0 1
317.0 366.0 1
12.0 182.0 1
349.0 -3.0 1
-4.0 1168.0 1
434.0 829.0 1
39.0 318.0 1
384.0 375.0 1
376.0 716.0 1
85.0 549.0 1
19.0 -122.0 1
443.0 622.0 1
90.0 891.0 1
467.0 1434.0 1
17.0 336.0 1
-51.0 -93.0 1
6.0 356.0 1
283.0 179.0 1
-71.0 1024.0 1
124.0 -166.0 1
128.0 1400.0 1
373.0 -230.0 1
401.0 171.0 1
441.0 1001.0 1
56.0 575.0 1
241.0 -109.0 1
-8.0 433.0 1
164.0 712.0 1
61.0 750.0 1
150.0 -111.0 1
93.0 -49.0 1
303.0 816.0 1
19.0 140.0 1
389.0 1013.0 1
20.0 9.0 1
378.0 -39.0 1
15.0 1023.0 1
-9.0 1271.0 1
269.0 1463.0 1
426.0 486.0 1
32.0 1031.0 1
461.0 549.0 1
2.0 -219.0 1
-47.0 338.0 1
-80.0 -194.0 1
-43.0 -157.0 1
29.0 -223.0 1
350.0 51.0 1
315.0 897.0 1
447.0 890.0 1
384.0 998.0 1
69.0 1074.0 1
413.0 -63.0 1
120.0 1393.0 1
358.0 14.0 1
179.0 494.0 1
-23.0 108.0 1
178.0 787.0 1
-19.0 1388.0 1
336.0 1116.0 1
35.0 -114.0 1
0.0 256.0 1
456.0 713.0 1
169.0 -144.0 1
448.0 1331.0 1
21.0 757.0 1
111.0 1448.0 1
81.0 195.0 1
-52.0 -108.0 1
-74.0 511.0 1
188.0 1348.0 1
162.0 1385.0 1
-37.0 -121.0 1
-13.0 511.0 1
391.0 1411.0 1
23.0 541.0 1
-76.0 1185.0 1
-32.0 719.0 1
-64.0 614.0 1
58.0 865.0 1
-51.0 929.0 1
263.0 466.0 1
78.0 -2.0 1
-52.0 743.0 1
46.0 1461.0 1
391.0 370.0 1
176.0 1359.0 1
334.0 837.0 1
246.0 116.0 1
119.0 1046.0 1
78.0 308.0 1
420.0 1249.0 1
353.0 1422.0 1
144.0 102.0 1
-28.0 580.0 1
350.0 697.0 1
