224.0 427.0 0
274.0 931.0 0
201.0 510.0 0
65.0 196.0 0
199.0 38.0 0
199.0 1033.0 0
257.0 1215.0 0
354.0 136.0 0
213.0 1253.0 0
227.0 342.0 0
267.0 850.0 0
339.0 246.0 0
341.0 1039.0 0
107.0 671.0 0
116.0 -95.0 0
88.0 -36.0 0
295.0 714.0 0
69.0 879.0 0
76.0 1221.0 0
168.0 789.0 0
349.0 -3.0 1
376.0 716.0 1
-32.0 719.0 1
54.0 927.0 1
317.0 366.0 1
-66.0 1344.0 1
29.0 -223.0 1
326.0 307.0 1
1.0 677.0 1
120.0 -268.0 1
-6.0 522.0 1
441.0 1183.0 1
31.0 974.0 1
378.0 1403.0 1
426.0 486.0 1
-43.0 -157.0 1
355.0 1457.0 1
16.0 1002.0 1
390.0 203.0 1
57.0 1394.0 1
-32.0 147.0 1
155.0 487.0 1
164.0 712.0 1
99.0 310.0 1
316.0 1410.0 1
-3.0 1049.0 1
423.0 1374.0 1
113.0 -143.0 1
307.0 1329.0 1
417.0 105.0 1
424.0 590.0 1
462.0 1335.0 1
482.0 717.0 1
452.0 -160.0 1
58.0 1270.0 1
-52.0 -108.0 1
266.0 1044.0 1
402.0 614.0 1
329.0 1228.0 1
-19.0 349.0 1
345.0 -83.0 1
-4.0 835.0 1
258.0 1448.0 1
92.0 194.0 1
200.0 1391.0 1
-10.0 422.0 1
-39.0 639.0 1
335.0 529.0 1
424.0 1319.0 1
241.0 -109.0 1
56.0 812.0 1
80.0 417.0 1
17.0 336.0 1
-17.0 -205.0 1
435.0 227.0 1
236.0 402.0 1
-39.0 225.0 1
137.0 791.0 1
-30.0 561.0 1
315.0 866.0 1
94.0 572.0 1
323.0 28.0 1
-47.0 1365.0 1
-7.0 1231.0 1
387.0 901.0 1
2.0 -37.0 1
369.0 819.0 1
284.0 -227.0 1
350.0 1006.0 1
479.0 -206.0 1
-56.0 779.0 1
-23.0 108.0 1
327.0 1102.0 1
265.0 187.0 1
45.0 167.0 1
401.0 165.0 1
103.0 1431.0 1
466.0 621.0 1
25.0 1123.0 1
450.0 -27.0 1
119.0 1031.0 1
391.0 1433.0 1
146.0 1462.0 1
-4.0 1168.0 1
244.0 1342.0 1
21.0 757.0 1
-7.0 1311.0 1
9.0 486.0 1
327.0 929.0 1
34.0 -5.0 1
482.0 849.0 1
62.0 1333.0 1
464.0 1083.0 1
-63.0 391.0 1
461.0 990.0 1
73.0 895.0 1
457.0 -275.0 1
-37.0 1396.0 1
93.0 29.0 1
19.0 -122.0 1
