187.0 34.0 0
201.0 733.0 0
116.0 -95.0 0
121.0 -38.0 0
316.0 727.0 0
116.0 421.0 0
119.0 211.0 0
135.0 398.0 0
215.0 149.0 0
88.0 -36.0 0
96.0 -108.0 0
304.0 -153.0 0
150.0 603.0 0
265.0 671.0 0
288.0 868.0 0
114.0 805.0 0
178.0 934.0 0
202.0 1159.0 0
341.0 1039.0 0
276.0 741.0 0
69.0 1074.0 1
413.0 -63.0 1
392.0 734.0 1
314.0 940.0 1
38.0 468.0 1
117.0 439.0 1
120.0 1393.0 1
358.0 14.0 1
179.0 494.0 1
-23.0 108.0 1
178.0 787.0 1
142.0 451.0 1
9.0 1229.0 1
254.0 1341.0 1
-19.0 1388.0 1
264.0 156.0 1
336.0 1116.0 1
35.0 -114.0 1
312.0 1012.0 1
67.0 1408.0 1
475.0 1234.0 1
458.0 -242.0 1
0.0 256.0 1
77.0 -128.0 1
456.0 713.0 1
126.0 1339.0 1
-47.0 1126.0 1
169.0 -144.0 1
448.0 1331.0 1
375.0 -243.0 1
21.0 757.0 1
111.0 1448.0 1
81.0 195.0 1
28.0 508.0 1
-6.0 807.0 1
-52.0 -108.0 1
84.0 779.0 1
-74.0 511.0 1
188.0 1348.0 1
156.0 702.0 1
305.0 450.0 1
162.0 1385.0 1
-21.0 1222.0 1
61.0 790.0 1
-37.0 -121.0 1
315.0 866.0 1
30.0 1421.0 1
-13.0 511.0 1
93.0 29.0 1
391.0 1411.0 1
443.0 656.0 1
7.0 269.0 1
463.0 -206.0 1
23.0 541.0 1
-7.0 1231.0 1
-76.0 1185.0 1
38.0 991.0 1
54.0 1159.0 1
-32.0 719.0 1
-64.0 614.0 1
119.0 1031.0 1
58.0 865.0 1
-51.0 929.0 1
263.0 466.0 1
78.0 -2.0 1
408.0 523.0 1
441.0 896.0 1
6.0 425.0 1
-52.0 743.0 1
394.0 616.0 1
353.0 30.0 1
57.0 1394.0 1
215.0 736.0 1
49.0 844.0 1
46.0 1461.0 1
391.0 370.0 1
254.0 418.0 1
388.0 220.0 1
284.0 -227.0 1
176.0 1359.0 1
331.0 10.0 1
-4.0 1345.0 1
334.0 837.0 1
327.0 434.0 1
246.0 116.0 1
452.0 1182.0 1
253.0 1460.0 1
119.0 1046.0 1
361.0 -130.0 1
78.0 308.0 1
350.0 1006.0 1
420.0 1249.0 1
353.0 1422.0 1
183.0 1470.0 1
346.0 1256.0 1
417.0 105.0 1
144.0 102.0 1
-36.0 261.0 1
-28.0 580.0 1
350.0 697.0 1
