321.0 472.0 0
290.0 1011.0 0
265.0 671.0 0
339.0 246.0 0
353.0 -14.0 0
266.0 1177.0 0
76.0 1221.0 0
96.0 -108.0 0
166.0 756.0 0
323.0 1296.0 0
361.0 -29.0 1
429.0 742.0 1
-83.0 687.0 1
86.0 883.0 1
326.0 307.0 1
-55.0 1308.0 1
186.0 -217.0 1
-75.0 623.0 1
124.0 -166.0 1
9.0 486.0 1
329.0 1228.0 1
392.0 1436.0 1
461.0 549.0 1
113.0 -143.0 1
480.0 1442.0 1
32.0 1031.0 1
435.0 227.0 1
30.0 1421.0 1
12.0 182.0 1
115.0 426.0 1
137.0 791.0 1
69.0 258.0 1
-51.0 1099.0 1
448.0 1331.0 1
183.0 1322.0 1
246.0 116.0 1
348.0 604.0 1
410.0 -216.0 1
-7.0 1231.0 1
350.0 1006.0 1
-10.0 422.0 1
150.0 -111.0 1
58.0 865.0 1
-39.0 225.0 1
234.0 1356.0 1
83.0 564.0 1
472.0 1103.0 1
387.0 901.0 1
9.0 -23.0 1
78.0 -2.0 1
355.0 765.0 1
376.0 1007.0 1
264.0 156.0 1
199.0 1468.0 1
-28.0 580.0 1
-21.0 1222.0 1
430.0 949.0 1
384.0 998.0 1
291.0 -189.0 1
457.0 -275.0 1
