135.0 398.0 0
291.0 867.0 0
321.0 472.0 0
189.0 224.0 0
289.0 4.0 0
290.0 1011.0 0
344.0 1222.0 0
277.0 78.0 0
358.0 1233.0 0
76.0 361.0 0
211.0 881.0 0
290.0 -57.0 0
266.0 1177.0 0
335.0 695.0 0
121.0 -38.0 0
58.0 566.0 0
166.0 756.0 0
55.0 768.0 0
150.0 1342.0 0
333.0 1300.0 0
311.0 -13.0 1
456.0 713.0 1
41.0 719.0 1
-51.0 929.0 1
410.0 359.0 1
2.0 1345.0 1
-24.0 -213.0 1
464.0 288.0 1
-9.0 639.0 1
233.0 -253.0 1
28.0 508.0 1
415.0 1216.0 1
6.0 994.0 1
353.0 1422.0 1
326.0 512.0 1
-80.0 -194.0 1
396.0 1441.0 1
32.0 1031.0 1
434.0 198.0 1
149.0 1394.0 1
-10.0 120.0 1
102.0 464.0 1
215.0 736.0 1
45.0 338.0 1
255.0 1383.0 1
69.0 1074.0 1
425.0 1346.0 1
77.0 -128.0 1
231.0 1323.0 1
400.0 48.0 1
358.0 583.0 1
454.0 1351.0 1
443.0 656.0 1
463.0 -206.0 1
73.0 1301.0 1
35.0 -114.0 1
312.0 1012.0 1
412.0 634.0 1
482.0 1228.0 1
-27.0 367.0 1
378.0 -39.0 1
49.0 844.0 1
210.0 1423.0 1
12.0 182.0 1
234.0 1356.0 1
14.0 443.0 1
63.0 652.0 1
263.0 466.0 1
475.0 1278.0 1
231.0 -163.0 1
-6.0 807.0 1
254.0 418.0 1
0.0 276.0 1
186.0 -217.0 1
401.0 166.0 1
327.0 434.0 1
49.0 253.0 1
262.0 788.0 1
83.0 564.0 1
315.0 897.0 1
45.0 615.0 1
350.0 51.0 1
-19.0 1388.0 1
-14.0 1237.0 1
336.0 930.0 1
-42.0 -60.0 1
434.0 829.0 1
375.0 -243.0 1
389.0 1013.0 1
365.0 -188.0 1
-52.0 743.0 1
42.0 159.0 1
309.0 1142.0 1
238.0 147.0 1
69.0 258.0 1
467.0 41.0 1
30.0 1421.0 1
255.0 738.0 1
-51.0 1099.0 1
428.0 6.0 1
198.0 1017.0 1
461.0 1401.0 1
84.0 1483.0 1
-21.0 1222.0 1
126.0 1339.0 1
228.0 755.0 1
-68.0 1298.0 1
-74.0 511.0 1
469.0 956.0 1
60.0 20.0 1
296.0 791.0 1
140.0 1327.0 1
398.0 1079.0 1
421.0 343.0 1
178.0 1099.0 1
-48.0 923.0 1
209.0 -174.0 1
420.0 1249.0 1
311.0 -20.0 1
475.0 1234.0 1
