116.0 421.0 0
121.0 948.0 0
79.0 566.0 0
119.0 211.0 0
204.0 89.0 0
288.0 1016.0 0
309.0 1207.0 0
290.0 -57.0 0
113.0 870.0 0
55.0 768.0 0
331.0 10.0 1
439.0 713.0 1
-84.0 720.0 1
-12.0 931.0 1
391.0 370.0 1
-4.0 1345.0 1
1.0 -219.0 1
-9.0 639.0 1
184.0 -249.0 1
-13.0 511.0 1
404.0 1188.0 1
391.0 1411.0 1
418.0 454.0 1
-5.0 -137.0 1
371.0 1469.0 1
6.0 994.0 1
418.0 207.0 1
120.0 1393.0 1
19.0 140.0 1
184.0 495.0 1
149.0 752.0 1
39.0 318.0 1
119.0 1046.0 1
453.0 1365.0 1
279.0 1347.0 1
396.0 68.0 1
418.0 605.0 1
467.0 -180.0 1
42.0 1245.0 1
221.0 1052.0 1
6.0 356.0 1
413.0 -63.0 1
24.0 849.0 1
77.0 210.0 1
246.0 1395.0 1
14.0 443.0 1
475.0 1278.0 1
341.0 852.0 1
5.0 -76.0 1
428.0 6.0 1
-13.0 778.0 1
398.0 1079.0 1
34.0 -5.0 1
111.0 1448.0 1
443.0 656.0 1
21.0 1151.0 1
471.0 822.0 1
77.0 1327.0 1
464.0 303.0 1
313.0 947.0 1
