315.0 451.0 0
288.0 868.0 0
138.0 463.0 0
59.0 249.0 0
258.0 1.0 0
114.0 1011.0 0
242.0 1245.0 0
215.0 149.0 0
213.0 1298.0 0
153.0 307.0 0
277.0 816.0 0
353.0 -14.0 0
299.0 1182.0 0
201.0 733.0 0
194.0 -80.0 0
79.0 566.0 0
223.0 763.0 0
177.0 825.0 0
238.0 1169.0 0
323.0 1296.0 0
358.0 14.0 1
350.0 697.0 1
-66.0 712.0 1
76.0 905.0 1
384.0 375.0 1
-70.0 1324.0 1
65.0 -226.0 1
464.0 303.0 1
-83.0 687.0 1
184.0 -249.0 1
12.0 533.0 1
381.0 1185.0 1
38.0 991.0 1
406.0 1420.0 1
408.0 523.0 1
-37.0 -121.0 1
279.0 1457.0 1
-14.0 990.0 1
388.0 220.0 1
128.0 1400.0 1
5.0 169.0 1
142.0 451.0 1
248.0 725.0 1
58.0 328.0 1
246.0 1395.0 1
-71.0 1024.0 1
479.0 1383.0 1
124.0 -166.0 1
254.0 1341.0 1
423.0 51.0 1
447.0 575.0 1
456.0 1349.0 1
382.0 752.0 1
410.0 -134.0 1
92.0 1248.0 1
-13.0 -100.0 1
201.0 1057.0 1
443.0 622.0 1
379.0 1259.0 1
-47.0 338.0 1
361.0 -130.0 1
52.0 843.0 1
199.0 1468.0 1
43.0 207.0 1
176.0 1359.0 1
-46.0 415.0 1
-64.0 614.0 1
348.0 604.0 1
438.0 1266.0 1
260.0 -144.0 1
61.0 790.0 1
117.0 439.0 1
3.0 285.0 1
91.0 -163.0 1
378.0 178.0 1
268.0 446.0 1
0.0 256.0 1
149.0 752.0 1
23.0 541.0 1
331.0 888.0 1
32.0 591.0 1
316.0 56.0 1
28.0 1366.0 1
9.0 1229.0 1
324.0 916.0 1
-36.0 -53.0 1
334.0 837.0 1
291.0 -189.0 1
384.0 998.0 1
458.0 -242.0 1
5.0 792.0 1
-58.0 48.0 1
247.0 1098.0 1
264.0 156.0 1
238.0 137.0 1
305.0 77.0 1
72.0 1421.0 1
455.0 801.0 1
54.0 1159.0 1
473.0 1.0 1
156.0 1011.0 1
480.0 1442.0 1
46.0 1461.0 1
-76.0 1185.0 1
183.0 1322.0 1
122.0 752.0 1
-64.0 1306.0 1
-22.0 452.0 1
430.0 949.0 1
20.0 9.0 1
396.0 784.0 1
81.0 1345.0 1
472.0 1103.0 1
305.0 450.0 1
185.0 1085.0 1
58.0 865.0 1
259.0 -179.0 1
463.0 1265.0 1
93.0 -49.0 1
-66.0 1090.0 1
