289.0 4.0 0
69.0 879.0 0
114.0 1011.0 0
339.0 246.0 0
79.0 566.0 0
270.0 588.0 0
199.0 1033.0 0
344.0 1222.0 0
125.0 1263.0 0
135.0 398.0 0
478.0 819.0 1
5.0 -76.0 1
78.0 1430.0 1
265.0 1410.0 1
42.0 1245.0 1
185.0 -166.0 1
423.0 51.0 1
43.0 207.0 1
291.0 -189.0 1
345.0 -83.0 1
479.0 1383.0 1
-27.0 367.0 1
6.0 836.0 1
381.0 1185.0 1
23.0 972.0 1
296.0 791.0 1
316.0 1410.0 1
467.0 -226.0 1
17.0 1196.0 1
336.0 930.0 1
452.0 -160.0 1
-22.0 452.0 1
423.0 1374.0 1
-42.0 -29.0 1
410.0 -216.0 1
184.0 495.0 1
-5.0 1231.0 1
438.0 1266.0 1
12.0 182.0 1
205.0 1315.0 1
54.0 797.0 1
19.0 -122.0 1
-13.0 637.0 1
238.0 137.0 1
15.0 1023.0 1
-32.0 147.0 1
406.0 1420.0 1
361.0 -29.0 1
41.0 719.0 1
254.0 1341.0 1
264.0 156.0 1
28.0 508.0 1
305.0 450.0 1
463.0 -206.0 1
441.0 896.0 1
215.0 736.0 1
388.0 220.0 1
284.0 -227.0 1
-4.0 1345.0 1
327.0 434.0 1
