289.0 4.0 0
199.0 38.0 0
168.0 789.0 0
55.0 402.0 0
297.0 426.0 0
150.0 1342.0 0
59.0 249.0 0
270.0 588.0 0
177.0 825.0 0
309.0 1207.0 0
113.0 870.0 0
268.0 858.0 0
213.0 1298.0 0
238.0 1169.0 0
87.0 310.0 0
299.0 1182.0 0
172.0 1245.0 0
125.0 1263.0 0
266.0 1177.0 0
242.0 1245.0 0
222.0 -273.0 1
14.0 443.0 1
313.0 1383.0 1
255.0 738.0 1
23.0 91.0 1
435.0 1338.0 1
332.0 1268.0 1
6.0 994.0 1
478.0 819.0 1
5.0 -76.0 1
394.0 -165.0 1
447.0 575.0 1
473.0 1.0 1
398.0 1079.0 1
268.0 446.0 1
-5.0 -137.0 1
58.0 1270.0 1
-69.0 1043.0 1
103.0 1431.0 1
362.0 611.0 1
-60.0 199.0 1
265.0 1410.0 1
233.0 -253.0 1
-24.0 -213.0 1
146.0 1462.0 1
396.0 226.0 1
95.0 17.0 1
65.0 -226.0 1
458.0 536.0 1
-72.0 450.0 1
185.0 -166.0 1
-84.0 720.0 1
185.0 1085.0 1
423.0 51.0 1
9.0 486.0 1
262.0 788.0 1
429.0 742.0 1
-6.0 522.0 1
387.0 901.0 1
428.0 6.0 1
248.0 725.0 1
435.0 227.0 1
58.0 328.0 1
244.0 1342.0 1
296.0 791.0 1
93.0 807.0 1
73.0 895.0 1
169.0 -199.0 1
378.0 178.0 1
479.0 -206.0 1
472.0 1103.0 1
475.0 1278.0 1
9.0 -23.0 1
311.0 1085.0 1
311.0 -13.0 1
122.0 752.0 1
-63.0 391.0 1
-39.0 639.0 1
92.0 1248.0 1
52.0 843.0 1
-81.0 142.0 1
28.0 1366.0 1
450.0 -27.0 1
16.0 1002.0 1
279.0 1347.0 1
234.0 1356.0 1
401.0 166.0 1
-70.0 1324.0 1
331.0 888.0 1
184.0 495.0 1
1.0 677.0 1
425.0 1346.0 1
12.0 182.0 1
205.0 1315.0 1
13.0 757.0 1
-4.0 1168.0 1
39.0 318.0 1
384.0 375.0 1
279.0 1457.0 1
-75.0 623.0 1
-13.0 637.0 1
-4.0 1319.0 1
467.0 1434.0 1
120.0 -268.0 1
-66.0 1344.0 1
283.0 179.0 1
124.0 -166.0 1
441.0 1001.0 1
-66.0 1090.0 1
32.0 591.0 1
20.0 9.0 1
15.0 1023.0 1
-9.0 1271.0 1
28.0 523.0 1
-43.0 -157.0 1
29.0 -223.0 1
361.0 -29.0 1
73.0 1301.0 1
455.0 801.0 1
456.0 1349.0 1
