55.0 402.0 0
151.0 978.0 0
76.0 361.0 0
153.0 307.0 0
358.0 91.0 0
299.0 1182.0 0
125.0 1263.0 0
335.0 695.0 0
201.0 733.0 0
333.0 1300.0 0
353.0 30.0 1
248.0 725.0 1
13.0 757.0 1
31.0 974.0 1
236.0 402.0 1
-4.0 1319.0 1
-80.0 -194.0 1
-64.0 614.0 1
375.0 -243.0 1
-30.0 561.0 1
309.0 1142.0 1
313.0 1383.0 1
305.0 450.0 1
-51.0 -93.0 1
467.0 1434.0 1
118.0 1013.0 1
401.0 166.0 1
28.0 1366.0 1
112.0 159.0 1
268.0 446.0 1
21.0 757.0 1
0.0 276.0 1
201.0 1057.0 1
462.0 1335.0 1
424.0 1319.0 1
350.0 51.0 1
362.0 611.0 1
467.0 -226.0 1
-17.0 1234.0 1
185.0 1085.0 1
6.0 425.0 1
93.0 -49.0 1
54.0 797.0 1
283.0 179.0 1
188.0 1348.0 1
94.0 572.0 1
126.0 1339.0 1
369.0 819.0 1
95.0 -46.0 1
20.0 9.0 1
396.0 784.0 1
412.0 1018.0 1
-36.0 261.0 1
-53.0 1405.0 1
478.0 819.0 1
156.0 1011.0 1
314.0 940.0 1
441.0 1001.0 1
259.0 -179.0 1
459.0 -281.0 1
