297.0 426.0 0
178.0 934.0 0
222.0 598.0 0
87.0 182.0 0
187.0 34.0 0
265.0 1057.0 0
290.0 1202.0 0
237.0 287.0 0
177.0 825.0 0
295.0 714.0 0
378.0 6.0 1
392.0 734.0 1
-17.0 710.0 1
52.0 944.0 1
321.0 381.0 1
-68.0 1352.0 1
2.0 -219.0 1
-39.0 660.0 1
222.0 -273.0 1
28.0 523.0 1
452.0 1182.0 1
370.0 1411.0 1
447.0 506.0 1
12.0 -146.0 1
344.0 1461.0 1
32.0 1005.0 1
364.0 207.0 1
67.0 1408.0 1
-81.0 142.0 1
179.0 494.0 1
215.0 736.0 1
78.0 308.0 1
-69.0 1043.0 1
437.0 1366.0 1
350.0 1320.0 1
432.0 103.0 1
426.0 596.0 1
394.0 -165.0 1
-9.0 1271.0 1
302.0 1046.0 1
-31.0 352.0 1
385.0 -93.0 1
6.0 836.0 1
81.0 195.0 1
162.0 1385.0 1
-8.0 433.0 1
463.0 1265.0 1
363.0 862.0 1
35.0 -114.0 1
316.0 56.0 1
-63.0 774.0 1
336.0 1116.0 1
23.0 91.0 1
78.0 1430.0 1
412.0 634.0 1
-47.0 1126.0 1
434.0 829.0 1
-68.0 1298.0 1
464.0 288.0 1
469.0 956.0 1
