223.0 763.0 0
141.0 473.0 0
258.0 1.0 0
76.0 1221.0 0
153.0 307.0 0
238.0 1169.0 0
87.0 310.0 0
121.0 -38.0 0
316.0 727.0 0
202.0 1159.0 0
313.0 1383.0 1
86.0 883.0 1
396.0 1441.0 1
327.0 929.0 1
464.0 303.0 1
52.0 944.0 1
371.0 1469.0 1
-69.0 1043.0 1
103.0 1431.0 1
365.0 -188.0 1
11.0 -265.0 1
480.0 1442.0 1
298.0 130.0 1
156.0 1011.0 1
302.0 1046.0 1
447.0 506.0 1
376.0 1007.0 1
260.0 187.0 1
479.0 -206.0 1
378.0 6.0 1
260.0 -144.0 1
63.0 652.0 1
5.0 169.0 1
16.0 1002.0 1
-36.0 -53.0 1
324.0 916.0 1
-70.0 1324.0 1
460.0 -273.0 1
331.0 888.0 1
351.0 1017.0 1
238.0 147.0 1
349.0 -3.0 1
-4.0 1168.0 1
69.0 258.0 1
467.0 1434.0 1
56.0 575.0 1
61.0 750.0 1
258.0 1448.0 1
269.0 1463.0 1
461.0 549.0 1
350.0 51.0 1
312.0 1012.0 1
21.0 757.0 1
84.0 779.0 1
-21.0 1222.0 1
30.0 1421.0 1
57.0 1394.0 1
331.0 10.0 1
253.0 1460.0 1
183.0 1470.0 1
