358.0 400.0 0
623.0 660.0 0
422.0 495.0 0
373.0 563.0 0
606.0 633.0 0
399.0 280.0 0
615.0 609.0 0
121.0 552.0 0
259.0 656.0 0
514.0 233.0 0
125.0 408.0 0
441.0 358.0 0
179.0 607.0 0
594.0 387.0 0
542.0 331.0 0
433.0 684.0 0
588.0 652.0 0
435.0 629.0 0
268.0 309.0 0
518.0 638.0 0
463.0 778.0 0
287.0 383.0 0
541.0 646.0 0
313.0 731.0 0
252.0 459.0 0
175.0 563.0 0
501.0 497.0 0
307.0 515.0 0
241.0 673.0 0
274.0 410.0 0
156.0 540.0 0
291.0 260.0 0
458.0 540.0 0
322.0 567.0 0
373.0 751.0 0
192.0 576.0 0
253.0 516.0 0
338.0 524.0 0
194.0 614.0 0
527.0 363.0 0
316.0 366.0 0
502.0 350.0 0
349.0 757.0 0
386.0 836.0 0
249.0 410.0 0
255.0 412.0 0
672.0 564.0 1
69.0 433.0 1
252.0 854.0 1
573.0 547.0 1
584.0 581.0 1
687.0 641.0 1
308.0 876.0 1
212.0 332.0 1
539.0 412.0 1
378.0 195.0 1
4.0 582.0 1
696.0 300.0 1
662.0 91.0 1
111.0 727.0 1
738.0 692.0 1
354.0 105.0 1
162.0 636.0 1
728.0 172.0 1
681.0 292.0 1
502.0 434.0 1
-49.0 620.0 1
716.0 711.0 1
-31.0 751.0 1
316.0 634.0 1
174.0 210.0 1
202.0 629.0 1
596.0 85.0 1
279.0 274.0 1
183.0 212.0 1
439.0 234.0 1
671.0 800.0 1
167.0 263.0 1
15.0 630.0 1
510.0 95.0 1
492.0 199.0 1
463.0 578.0 1
733.0 641.0 1
557.0 526.0 1
762.0 895.0 1
698.0 315.0 1
79.0 534.0 1
646.0 951.0 1
188.0 273.0 1
143.0 99.0 1
281.0 276.0 1
165.0 330.0 1
8.0 947.0 1
-19.0 406.0 1
228.0 768.0 1
716.0 451.0 1
57.0 158.0 1
595.0 223.0 1
-55.0 632.0 1
752.0 214.0 1
1.0 959.0 1
691.0 194.0 1
313.0 836.0 1
490.0 175.0 1
-45.0 529.0 1
71.0 610.0 1
65.0 239.0 1
423.0 826.0 1
623.0 305.0 1
746.0 426.0 1
197.0 337.0 1
216.0 243.0 1
367.0 251.0 1
670.0 690.0 1
129.0 806.0 1
623.0 119.0 1
523.0 579.0 1
57.0 92.0 1
541.0 462.0 1
596.0 533.0 1
699.0 760.0 1
397.0 172.0 1
232.0 613.0 1
-33.0 318.0 1
728.0 169.0 1
23.0 719.0 1
577.0 886.0 1
166.0 562.0 1
185.0 846.0 1
693.0 255.0 1
438.0 476.0 1
242.0 808.0 1
511.0 143.0 1
544.0 966.0 1
-37.0 665.0 1
308.0 961.0 1
156.0 567.0 1
346.0 232.0 1
-24.0 181.0 1
261.0 841.0 1
520.0 927.0 1
375.0 876.0 1
365.0 216.0 1
390.0 973.0 1
321.0 882.0 1
57.0 896.0 1
707.0 896.0 1
686.0 140.0 1
250.0 711.0 1
576.0 398.0 1
62.0 447.0 1
268.0 753.0 1
352.0 956.0 1
605.0 628.0 1
1.0 504.0 1
221.0 856.0 1
280.0 966.0 1
88.0 562.0 1
625.0 546.0 1
433.0 549.0 1
52.0 307.0 1
147.0 117.0 1
726.0 101.0 1
87.0 292.0 1
-46.0 176.0 1
135.0 250.0 1
708.0 400.0 1
-9.0 619.0 1
370.0 135.0 1
5.0 187.0 1
55.0 230.0 1
356.0 990.0 1
286.0 908.0 1
117.0 399.0 1
551.0 125.0 1
500.0 860.0 1
750.0 145.0 1
43.0 300.0 1
197.0 120.0 1
67.0 530.0 1
719.0 330.0 1
306.0 874.0 1
-32.0 401.0 1
335.0 586.0 1
607.0 732.0 1
69.0 215.0 1
268.0 88.0 1
688.0 118.0 1
357.0 772.0 1
544.0 180.0 1
647.0 120.0 1
83.0 505.0 1
137.0 207.0 1
644.0 554.0 1
-47.0 285.0 1
661.0 224.0 1
722.0 423.0 1
684.0 293.0 1
441.0 226.0 1
189.0 410.0 1
600.0 187.0 1
107.0 899.0 1
347.0 636.0 1
76.0 920.0 1
456.0 842.0 1
217.0 830.0 1
-7.0 620.0 1
18.0 448.0 1
325.0 660.0 1
11.0 927.0 1
366.0 196.0 1
685.0 752.0 1
255.0 352.0 1
697.0 561.0 1
271.0 606.0 1
123.0 214.0 1
547.0 407.0 1
-8.0 503.0 1
687.0 518.0 1
723.0 429.0 1
419.0 552.0 1
227.0 944.0 1
558.0 794.0 1
7.0 332.0 1
539.0 449.0 1
45.0 698.0 1
450.0 95.0 1
134.0 257.0 1
542.0 780.0 1
734.0 422.0 1
386.0 238.0 1
73.0 519.0 1
645.0 820.0 1
746.0 486.0 1
481.0 545.0 1
-12.0 251.0 1
657.0 427.0 1
296.0 670.0 1
359.0 257.0 1
551.0 420.0 1
656.0 884.0 1
118.0 956.0 1
137.0 132.0 1
-4.0 867.0 1
-35.0 391.0 1
472.0 279.0 1
677.0 659.0 1
646.0 946.0 1
92.0 439.0 1
488.0 272.0 1
700.0 145.0 1
-16.0 761.0 1
509.0 923.0 1
33.0 942.0 1
674.0 208.0 1
510.0 810.0 1
756.0 619.0 1
556.0 379.0 1
391.0 795.0 1
706.0 588.0 1
453.0 506.0 1
-8.0 79.0 1
-44.0 389.0 1
240.0 620.0 1
660.0 903.0 1
466.0 188.0 1
229.0 848.0 1
686.0 477.0 1
467.0 581.0 1
279.0 222.0 1
721.0 356.0 1
446.0 469.0 1
165.0 556.0 1
257.0 952.0 1
677.0 818.0 1
105.0 718.0 1
637.0 457.0 1
648.0 79.0 1
251.0 843.0 1
652.0 167.0 1
264.0 277.0 1
550.0 447.0 1
146.0 224.0 1
416.0 955.0 1
32.0 424.0 1
484.0 847.0 1
351.0 776.0 1
154.0 143.0 1
360.0 236.0 1
359.0 182.0 1
698.0 923.0 1
752.0 296.0 1
17.0 190.0 1
133.0 229.0 1
663.0 501.0 1
190.0 899.0 1
372.0 964.0 1
557.0 531.0 1
302.0 237.0 1
434.0 890.0 1
