441.0 358.0 0
307.0 515.0 0
476.0 702.0 0
543.0 469.0 0
542.0 331.0 0
517.0 630.0 0
458.0 540.0 0
349.0 339.0 0
588.0 652.0 0
286.0 645.0 0
194.0 614.0 0
342.0 463.0 0
255.0 412.0 0
456.0 825.0 0
111.0 601.0 0
253.0 516.0 0
538.0 808.0 0
399.0 280.0 0
287.0 383.0 0
313.0 731.0 0
18.0 448.0 1
255.0 352.0 1
550.0 447.0 1
188.0 273.0 1
217.0 830.0 1
-38.0 857.0 1
700.0 145.0 1
557.0 526.0 1
107.0 899.0 1
439.0 812.0 1
-7.0 299.0 1
537.0 861.0 1
365.0 216.0 1
488.0 272.0 1
268.0 88.0 1
-32.0 401.0 1
591.0 413.0 1
243.0 619.0 1
116.0 717.0 1
88.0 562.0 1
73.0 519.0 1
316.0 634.0 1
685.0 752.0 1
313.0 836.0 1
356.0 990.0 1
11.0 527.0 1
216.0 243.0 1
728.0 172.0 1
55.0 796.0 1
52.0 307.0 1
375.0 876.0 1
152.0 985.0 1
195.0 619.0 1
698.0 315.0 1
622.0 923.0 1
372.0 519.0 1
165.0 556.0 1
743.0 390.0 1
390.0 197.0 1
544.0 966.0 1
-62.0 990.0 1
623.0 119.0 1
165.0 330.0 1
325.0 208.0 1
-9.0 619.0 1
637.0 457.0 1
699.0 98.0 1
391.0 795.0 1
18.0 242.0 1
544.0 180.0 1
308.0 961.0 1
704.0 842.0 1
209.0 155.0 1
240.0 918.0 1
698.0 584.0 1
687.0 518.0 1
669.0 886.0 1
16.0 357.0 1
670.0 690.0 1
66.0 618.0 1
756.0 619.0 1
23.0 719.0 1
164.0 121.0 1
-49.0 620.0 1
744.0 821.0 1
463.0 578.0 1
-60.0 81.0 1
222.0 709.0 1
21.0 194.0 1
57.0 92.0 1
463.0 150.0 1
133.0 229.0 1
372.0 964.0 1
185.0 846.0 1
740.0 233.0 1
624.0 322.0 1
539.0 412.0 1
755.0 902.0 1
146.0 773.0 1
551.0 125.0 1
441.0 226.0 1
720.0 357.0 1
520.0 927.0 1
340.0 934.0 1
532.0 584.0 1
296.0 670.0 1
408.0 986.0 1
540.0 304.0 1
729.0 715.0 1
661.0 224.0 1
582.0 779.0 1
55.0 873.0 1
640.0 392.0 1
-38.0 208.0 1
625.0 546.0 1
752.0 296.0 1
57.0 158.0 1
420.0 100.0 1
724.0 941.0 1
446.0 469.0 1
