373.0 563.0 0
403.0 352.0 0
411.0 757.0 0
458.0 540.0 0
200.0 526.0 0
430.0 575.0 0
349.0 339.0 0
386.0 409.0 0
180.0 407.0 0
492.0 846.0 0
308.0 876.0 1
696.0 300.0 1
354.0 105.0 1
753.0 849.0 1
439.0 234.0 1
492.0 199.0 1
733.0 641.0 1
669.0 886.0 1
8.0 947.0 1
695.0 458.0 1
228.0 768.0 1
460.0 481.0 1
400.0 816.0 1
408.0 986.0 1
336.0 609.0 1
438.0 476.0 1
55.0 135.0 1
365.0 216.0 1
62.0 447.0 1
694.0 485.0 1
88.0 562.0 1
405.0 783.0 1
689.0 118.0 1
335.0 586.0 1
390.0 197.0 1
220.0 195.0 1
441.0 226.0 1
423.0 197.0 1
217.0 830.0 1
704.0 842.0 1
739.0 949.0 1
226.0 108.0 1
697.0 561.0 1
227.0 944.0 1
134.0 257.0 1
734.0 422.0 1
296.0 670.0 1
677.0 659.0 1
485.0 831.0 1
734.0 220.0 1
-19.0 609.0 1
692.0 385.0 1
160.0 788.0 1
696.0 696.0 1
11.0 527.0 1
106.0 906.0 1
698.0 584.0 1
578.0 236.0 1
547.0 189.0 1
322.0 793.0 1
