527.0 363.0 0
299.0 549.0 0
463.0 778.0 0
422.0 495.0 0
415.0 294.0 0
435.0 629.0 0
360.0 523.0 0
268.0 325.0 0
590.0 722.0 0
343.0 662.0 0
140.0 617.0 0
252.0 459.0 0
229.0 437.0 0
509.0 848.0 0
145.0 499.0 0
159.0 507.0 0
411.0 757.0 0
268.0 309.0 0
241.0 673.0 0
390.0 626.0 0
51.0 476.0 1
264.0 277.0 1
551.0 420.0 1
242.0 268.0 1
251.0 843.0 1
-37.0 951.0 1
688.0 118.0 1
573.0 547.0 1
57.0 896.0 1
463.0 850.0 1
-47.0 285.0 1
510.0 810.0 1
346.0 232.0 1
532.0 289.0 1
354.0 105.0 1
-6.0 386.0 1
547.0 407.0 1
232.0 613.0 1
69.0 713.0 1
79.0 597.0 1
83.0 505.0 1
356.0 621.0 1
716.0 720.0 1
322.0 793.0 1
352.0 956.0 1
-45.0 529.0 1
174.0 210.0 1
711.0 209.0 1
129.0 806.0 1
97.0 280.0 1
345.0 888.0 1
194.0 959.0 1
131.0 618.0 1
719.0 330.0 1
651.0 886.0 1
453.0 506.0 1
141.0 443.0 1
708.0 400.0 1
359.0 182.0 1
524.0 933.0 1
33.0 942.0 1
648.0 79.0 1
117.0 399.0 1
279.0 222.0 1
15.0 630.0 1
622.0 495.0 1
691.0 194.0 1
352.0 753.0 1
71.0 242.0 1
600.0 187.0 1
364.0 956.0 1
753.0 849.0 1
154.0 143.0 1
252.0 854.0 1
721.0 630.0 1
728.0 513.0 1
689.0 938.0 1
69.0 433.0 1
716.0 711.0 1
82.0 687.0 1
738.0 692.0 1
-31.0 751.0 1
160.0 220.0 1
-58.0 434.0 1
645.0 820.0 1
476.0 550.0 1
-8.0 79.0 1
235.0 665.0 1
73.0 197.0 1
29.0 72.0 1
450.0 95.0 1
115.0 183.0 1
416.0 955.0 1
242.0 808.0 1
752.0 214.0 1
676.0 333.0 1
566.0 342.0 1
739.0 949.0 1
308.0 775.0 1
598.0 165.0 1
492.0 199.0 1
703.0 398.0 1
446.0 913.0 1
321.0 882.0 1
603.0 602.0 1
277.0 736.0 1
513.0 783.0 1
684.0 293.0 1
643.0 603.0 1
652.0 167.0 1
605.0 628.0 1
92.0 439.0 1
585.0 467.0 1
-34.0 126.0 1
518.0 512.0 1
709.0 485.0 1
279.0 274.0 1
281.0 276.0 1
335.0 586.0 1
125.0 433.0 1
