399.0 335.0 0
338.0 524.0 0
433.0 684.0 0
459.0 489.0 0
487.0 276.0 0
538.0 648.0 0
430.0 575.0 0
316.0 366.0 0
623.0 660.0 0
259.0 656.0 0
224.0 622.0 0
366.0 493.0 0
274.0 410.0 0
438.0 844.0 0
175.0 563.0 0
200.0 526.0 0
613.0 734.0 0
291.0 260.0 0
125.0 408.0 0
349.0 757.0 0
62.0 447.0 1
212.0 332.0 1
558.0 460.0 1
167.0 263.0 1
221.0 856.0 1
-27.0 821.0 1
686.0 140.0 1
527.0 531.0 1
95.0 890.0 1
400.0 816.0 1
7.0 332.0 1
577.0 886.0 1
360.0 236.0 1
474.0 254.0 1
264.0 127.0 1
-19.0 406.0 1
576.0 398.0 1
236.0 615.0 1
111.0 727.0 1
61.0 555.0 1
92.0 517.0 1
325.0 660.0 1
699.0 760.0 1
306.0 874.0 1
335.0 978.0 1
-8.0 503.0 1
183.0 212.0 1
727.0 192.0 1
63.0 769.0 1
91.0 297.0 1
385.0 896.0 1
197.0 969.0 1
226.0 635.0 1
698.0 336.0 1
646.0 951.0 1
419.0 552.0 1
156.0 567.0 1
746.0 426.0 1
423.0 197.0 1
587.0 966.0 1
8.0 947.0 1
576.0 128.0 1
189.0 410.0 1
313.0 240.0 1
-19.0 609.0 1
643.0 428.0 1
718.0 114.0 1
357.0 772.0 1
55.0 230.0 1
487.0 182.0 1
296.0 986.0 1
677.0 818.0 1
202.0 124.0 1
286.0 908.0 1
697.0 561.0 1
694.0 485.0 1
707.0 896.0 1
-37.0 344.0 1
677.0 659.0 1
71.0 610.0 1
733.0 641.0 1
45.0 698.0 1
137.0 132.0 1
-37.0 665.0 1
661.0 821.0 1
452.0 573.0 1
-27.0 71.0 1
229.0 737.0 1
5.0 187.0 1
50.0 126.0 1
466.0 188.0 1
123.0 214.0 1
390.0 973.0 1
261.0 841.0 1
733.0 251.0 1
623.0 305.0 1
502.0 434.0 1
762.0 895.0 1
228.0 768.0 1
559.0 66.0 1
435.0 213.0 1
700.0 385.0 1
497.0 924.0 1
345.0 917.0 1
524.0 590.0 1
268.0 671.0 1
434.0 890.0 1
595.0 223.0 1
611.0 650.0 1
674.0 208.0 1
542.0 780.0 1
76.0 920.0 1
723.0 429.0 1
-24.0 181.0 1
596.0 533.0 1
716.0 451.0 1
69.0 215.0 1
359.0 257.0 1
488.0 478.0 1
433.0 459.0 1
