347.0 386.0 0
322.0 567.0 0
435.0 629.0 0
541.0 646.0 0
430.0 575.0 0
315.0 732.0 0
159.0 507.0 0
268.0 325.0 0
249.0 410.0 0
349.0 757.0 0
92.0 439.0 1
279.0 274.0 1
585.0 467.0 1
174.0 210.0 1
261.0 841.0 1
11.0 927.0 1
728.0 169.0 1
532.0 584.0 1
190.0 899.0 1
510.0 810.0 1
16.0 357.0 1
535.0 775.0 1
390.0 197.0 1
441.0 226.0 1
143.0 99.0 1
-45.0 529.0 1
637.0 457.0 1
202.0 629.0 1
146.0 773.0 1
83.0 505.0 1
335.0 586.0 1
677.0 818.0 1
345.0 888.0 1
408.0 986.0 1
228.0 768.0 1
415.0 934.0 1
308.0 961.0 1
721.0 356.0 1
689.0 938.0 1
460.0 481.0 1
71.0 610.0 1
722.0 423.0 1
739.0 949.0 1
15.0 630.0 1
652.0 167.0 1
463.0 150.0 1
645.0 820.0 1
644.0 554.0 1
17.0 190.0 1
268.0 753.0 1
605.0 628.0 1
313.0 240.0 1
611.0 650.0 1
-46.0 176.0 1
644.0 711.0 1
5.0 187.0 1
693.0 255.0 1
623.0 305.0 1
50.0 126.0 1
-38.0 208.0 1
