623.0 660.0 0
298.0 485.0 0
259.0 656.0 0
179.0 607.0 0
301.0 632.0 0
435.0 629.0 0
459.0 489.0 0
443.0 807.0 0
268.0 309.0 0
456.0 825.0 0
672.0 564.0 1
687.0 641.0 1
539.0 412.0 1
111.0 727.0 1
718.0 114.0 1
316.0 634.0 1
463.0 578.0 1
624.0 322.0 1
682.0 755.0 1
29.0 354.0 1
415.0 934.0 1
65.0 239.0 1
209.0 182.0 1
18.0 242.0 1
222.0 709.0 1
603.0 602.0 1
397.0 172.0 1
716.0 720.0 1
23.0 719.0 1
25.0 797.0 1
-62.0 990.0 1
544.0 966.0 1
268.0 671.0 1
346.0 232.0 1
375.0 876.0 1
661.0 821.0 1
686.0 140.0 1
91.0 297.0 1
374.0 943.0 1
117.0 399.0 1
719.0 330.0 1
137.0 207.0 1
456.0 842.0 1
91.0 840.0 1
547.0 407.0 1
16.0 357.0 1
345.0 888.0 1
551.0 420.0 1
700.0 145.0 1
509.0 923.0 1
674.0 208.0 1
341.0 922.0 1
433.0 459.0 1
623.0 404.0 1
740.0 911.0 1
724.0 941.0 1
497.0 924.0 1
146.0 773.0 1
740.0 233.0 1
55.0 796.0 1
