358.0 400.0 0
224.0 622.0 0
347.0 386.0 0
121.0 552.0 0
433.0 684.0 0
156.0 540.0 0
140.0 617.0 0
316.0 366.0 0
502.0 350.0 0
249.0 410.0 0
66.0 618.0 1
662.0 91.0 1
202.0 629.0 1
-37.0 951.0 1
279.0 274.0 1
167.0 263.0 1
15.0 630.0 1
727.0 192.0 1
79.0 534.0 1
1.0 959.0 1
541.0 462.0 1
588.0 206.0 1
167.0 832.0 1
693.0 255.0 1
511.0 143.0 1
308.0 961.0 1
390.0 973.0 1
250.0 711.0 1
1.0 504.0 1
448.0 140.0 1
-46.0 176.0 1
125.0 433.0 1
699.0 98.0 1
-32.0 401.0 1
688.0 118.0 1
644.0 554.0 1
661.0 224.0 1
722.0 423.0 1
374.0 858.0 1
684.0 293.0 1
600.0 187.0 1
18.0 448.0 1
325.0 660.0 1
750.0 285.0 1
-8.0 503.0 1
542.0 780.0 1
645.0 820.0 1
325.0 208.0 1
137.0 132.0 1
472.0 279.0 1
-16.0 761.0 1
755.0 902.0 1
279.0 222.0 1
352.0 958.0 1
733.0 393.0 1
644.0 711.0 1
243.0 619.0 1
149.0 941.0 1
653.0 838.0 1
29.0 72.0 1
