623.0 660.0 0
415.0 294.0 0
224.0 622.0 0
145.0 499.0 0
366.0 493.0 0
509.0 848.0 0
606.0 633.0 0
121.0 552.0 0
259.0 656.0 0
514.0 233.0 0
433.0 684.0 0
588.0 652.0 0
301.0 632.0 0
438.0 844.0 0
390.0 626.0 0
411.0 757.0 0
476.0 702.0 0
543.0 469.0 0
517.0 630.0 0
443.0 807.0 0
360.0 523.0 0
518.0 638.0 0
463.0 778.0 0
342.0 463.0 0
488.0 649.0 0
287.0 383.0 0
313.0 731.0 0
234.0 433.0 0
393.0 798.0 0
307.0 515.0 0
241.0 673.0 0
274.0 410.0 0
159.0 507.0 0
590.0 722.0 0
291.0 260.0 0
111.0 601.0 0
140.0 617.0 0
458.0 540.0 0
200.0 526.0 0
220.0 479.0 0
253.0 516.0 0
194.0 614.0 0
502.0 350.0 0
359.0 484.0 0
455.0 526.0 0
456.0 825.0 0
349.0 757.0 0
180.0 407.0 0
386.0 836.0 0
538.0 808.0 0
492.0 846.0 0
255.0 412.0 0
672.0 564.0 1
422.0 976.0 1
573.0 547.0 1
643.0 603.0 1
687.0 641.0 1
378.0 195.0 1
4.0 582.0 1
111.0 727.0 1
162.0 636.0 1
364.0 956.0 1
716.0 711.0 1
598.0 165.0 1
-31.0 751.0 1
141.0 443.0 1
753.0 849.0 1
202.0 629.0 1
596.0 85.0 1
651.0 886.0 1
352.0 753.0 1
709.0 485.0 1
439.0 234.0 1
167.0 263.0 1
559.0 66.0 1
624.0 322.0 1
69.0 713.0 1
566.0 342.0 1
762.0 895.0 1
698.0 315.0 1
27.0 683.0 1
646.0 951.0 1
188.0 273.0 1
143.0 99.0 1
51.0 476.0 1
669.0 886.0 1
281.0 276.0 1
209.0 155.0 1
-19.0 406.0 1
695.0 458.0 1
160.0 220.0 1
296.0 986.0 1
716.0 451.0 1
57.0 158.0 1
50.0 126.0 1
752.0 214.0 1
1.0 959.0 1
490.0 175.0 1
400.0 816.0 1
643.0 428.0 1
65.0 239.0 1
623.0 305.0 1
746.0 426.0 1
197.0 337.0 1
216.0 243.0 1
367.0 251.0 1
446.0 913.0 1
670.0 690.0 1
541.0 462.0 1
596.0 533.0 1
222.0 709.0 1
603.0 602.0 1
305.0 687.0 1
716.0 720.0 1
728.0 169.0 1
23.0 719.0 1
167.0 832.0 1
527.0 531.0 1
693.0 255.0 1
-62.0 990.0 1
438.0 476.0 1
131.0 618.0 1
511.0 143.0 1
544.0 966.0 1
-37.0 665.0 1
55.0 135.0 1
308.0 961.0 1
156.0 567.0 1
346.0 232.0 1
628.0 481.0 1
82.0 687.0 1
261.0 841.0 1
520.0 927.0 1
152.0 985.0 1
-27.0 67.0 1
661.0 821.0 1
71.0 242.0 1
561.0 979.0 1
666.0 220.0 1
57.0 896.0 1
345.0 917.0 1
576.0 398.0 1
268.0 753.0 1
420.0 100.0 1
352.0 956.0 1
1.0 504.0 1
221.0 856.0 1
91.0 297.0 1
448.0 140.0 1
280.0 966.0 1
88.0 562.0 1
625.0 546.0 1
487.0 182.0 1
433.0 549.0 1
52.0 307.0 1
374.0 943.0 1
707.0 139.0 1
726.0 101.0 1
431.0 502.0 1
87.0 292.0 1
195.0 619.0 1
-27.0 71.0 1
-9.0 619.0 1
55.0 873.0 1
55.0 230.0 1
463.0 150.0 1
405.0 783.0 1
286.0 908.0 1
551.0 125.0 1
500.0 860.0 1
356.0 621.0 1
513.0 783.0 1
750.0 145.0 1
43.0 300.0 1
197.0 120.0 1
287.0 92.0 1
67.0 530.0 1
719.0 330.0 1
689.0 118.0 1
335.0 586.0 1
703.0 859.0 1
390.0 197.0 1
69.0 215.0 1
688.0 118.0 1
357.0 772.0 1
544.0 180.0 1
582.0 779.0 1
83.0 505.0 1
300.0 298.0 1
721.0 630.0 1
385.0 896.0 1
-47.0 285.0 1
722.0 423.0 1
67.0 153.0 1
684.0 293.0 1
441.0 226.0 1
423.0 197.0 1
600.0 187.0 1
107.0 899.0 1
76.0 920.0 1
217.0 830.0 1
244.0 818.0 1
-7.0 620.0 1
624.0 618.0 1
336.0 837.0 1
172.0 667.0 1
-37.0 344.0 1
704.0 842.0 1
-60.0 81.0 1
11.0 927.0 1
255.0 352.0 1
485.0 966.0 1
91.0 840.0 1
164.0 121.0 1
20.0 618.0 1
152.0 261.0 1
591.0 413.0 1
439.0 812.0 1
63.0 617.0 1
419.0 552.0 1
213.0 775.0 1
539.0 449.0 1
16.0 357.0 1
542.0 780.0 1
734.0 422.0 1
386.0 238.0 1
73.0 519.0 1
645.0 820.0 1
50.0 593.0 1
-12.0 251.0 1
753.0 615.0 1
656.0 884.0 1
325.0 208.0 1
-34.0 126.0 1
226.0 635.0 1
-4.0 867.0 1
733.0 251.0 1
-35.0 391.0 1
472.0 279.0 1
646.0 946.0 1
116.0 717.0 1
488.0 272.0 1
700.0 145.0 1
191.0 158.0 1
340.0 934.0 1
535.0 775.0 1
395.0 888.0 1
202.0 124.0 1
33.0 942.0 1
674.0 208.0 1
734.0 220.0 1
665.0 738.0 1
197.0 969.0 1
556.0 379.0 1
453.0 506.0 1
-19.0 609.0 1
502.0 235.0 1
61.0 555.0 1
755.0 902.0 1
692.0 385.0 1
160.0 788.0 1
341.0 922.0 1
466.0 188.0 1
467.0 581.0 1
696.0 696.0 1
721.0 356.0 1
446.0 469.0 1
115.0 183.0 1
370.0 984.0 1
165.0 556.0 1
11.0 527.0 1
40.0 542.0 1
733.0 393.0 1
585.0 467.0 1
390.0 192.0 1
644.0 711.0 1
623.0 404.0 1
251.0 843.0 1
740.0 911.0 1
537.0 485.0 1
106.0 906.0 1
146.0 224.0 1
497.0 924.0 1
484.0 847.0 1
146.0 773.0 1
243.0 619.0 1
97.0 280.0 1
359.0 182.0 1
-56.0 96.0 1
752.0 296.0 1
578.0 236.0 1
653.0 838.0 1
133.0 229.0 1
547.0 189.0 1
663.0 501.0 1
372.0 964.0 1
55.0 796.0 1
327.0 245.0 1
302.0 237.0 1
434.0 890.0 1
