224.0 622.0 0
509.0 848.0 0
606.0 633.0 0
399.0 280.0 0
121.0 552.0 0
286.0 645.0 0
301.0 479.0 0
594.0 387.0 0
588.0 652.0 0
438.0 844.0 0
487.0 276.0 0
390.0 626.0 0
459.0 489.0 0
268.0 309.0 0
518.0 638.0 0
342.0 463.0 0
488.0 649.0 0
501.0 497.0 0
241.0 673.0 0
458.0 540.0 0
573.0 547.0 1
584.0 581.0 1
662.0 91.0 1
247.0 373.0 1
502.0 434.0 1
364.0 956.0 1
59.0 873.0 1
141.0 443.0 1
-37.0 951.0 1
167.0 263.0 1
542.0 507.0 1
587.0 966.0 1
762.0 895.0 1
1.0 203.0 1
188.0 273.0 1
143.0 99.0 1
669.0 886.0 1
695.0 458.0 1
716.0 451.0 1
50.0 126.0 1
1.0 959.0 1
313.0 836.0 1
400.0 816.0 1
-45.0 529.0 1
408.0 986.0 1
743.0 390.0 1
623.0 305.0 1
216.0 243.0 1
446.0 913.0 1
129.0 806.0 1
541.0 462.0 1
-33.0 318.0 1
305.0 687.0 1
716.0 720.0 1
166.0 562.0 1
99.0 545.0 1
693.0 255.0 1
242.0 808.0 1
308.0 961.0 1
156.0 567.0 1
268.0 671.0 1
-24.0 181.0 1
261.0 841.0 1
375.0 876.0 1
194.0 959.0 1
152.0 985.0 1
321.0 882.0 1
561.0 979.0 1
57.0 896.0 1
576.0 398.0 1
268.0 753.0 1
420.0 100.0 1
352.0 956.0 1
148.0 894.0 1
87.0 292.0 1
370.0 135.0 1
689.0 938.0 1
405.0 783.0 1
699.0 98.0 1
500.0 860.0 1
356.0 621.0 1
287.0 92.0 1
689.0 118.0 1
0.0 869.0 1
488.0 478.0 1
390.0 197.0 1
69.0 215.0 1
357.0 772.0 1
582.0 779.0 1
300.0 298.0 1
220.0 195.0 1
644.0 554.0 1
76.0 920.0 1
752.0 912.0 1
456.0 842.0 1
624.0 618.0 1
720.0 357.0 1
750.0 285.0 1
704.0 842.0 1
-60.0 81.0 1
11.0 927.0 1
226.0 108.0 1
164.0 121.0 1
697.0 561.0 1
123.0 214.0 1
547.0 407.0 1
687.0 518.0 1
213.0 775.0 1
345.0 888.0 1
734.0 422.0 1
386.0 238.0 1
746.0 486.0 1
481.0 545.0 1
63.0 769.0 1
325.0 208.0 1
-4.0 867.0 1
472.0 279.0 1
677.0 659.0 1
116.0 717.0 1
405.0 947.0 1
