366.0 493.0 0
399.0 335.0 0
463.0 778.0 0
342.0 463.0 0
252.0 459.0 0
299.0 549.0 0
194.0 614.0 0
268.0 325.0 0
455.0 526.0 0
229.0 437.0 0
162.0 636.0 1
716.0 711.0 1
596.0 85.0 1
709.0 485.0 1
576.0 128.0 1
92.0 517.0 1
698.0 315.0 1
335.0 978.0 1
165.0 330.0 1
-19.0 406.0 1
609.0 410.0 1
50.0 126.0 1
691.0 194.0 1
313.0 836.0 1
-45.0 529.0 1
71.0 610.0 1
623.0 305.0 1
670.0 690.0 1
523.0 579.0 1
563.0 82.0 1
527.0 531.0 1
242.0 808.0 1
729.0 715.0 1
703.0 398.0 1
487.0 182.0 1
356.0 621.0 1
306.0 874.0 1
69.0 215.0 1
544.0 180.0 1
582.0 779.0 1
385.0 896.0 1
485.0 966.0 1
700.0 385.0 1
-12.0 251.0 1
753.0 615.0 1
226.0 635.0 1
-35.0 391.0 1
646.0 946.0 1
535.0 775.0 1
391.0 795.0 1
-8.0 79.0 1
-44.0 389.0 1
446.0 469.0 1
264.0 277.0 1
416.0 955.0 1
351.0 776.0 1
154.0 143.0 1
752.0 296.0 1
17.0 190.0 1
663.0 501.0 1
