422.0 495.0 0
315.0 732.0 0
390.0 626.0 0
461.0 661.0 0
175.0 563.0 0
111.0 601.0 0
220.0 479.0 0
253.0 516.0 0
386.0 836.0 0
282.0 501.0 0
445.0 577.0 1
545.0 736.0 1
532.0 584.0 1
557.0 526.0 1
281.0 276.0 1
518.0 512.0 1
728.0 169.0 1
131.0 618.0 1
156.0 567.0 1
728.0 513.0 1
561.0 979.0 1
345.0 917.0 1
352.0 956.0 1
433.0 549.0 1
135.0 250.0 1
55.0 873.0 1
286.0 908.0 1
513.0 783.0 1
750.0 145.0 1
197.0 120.0 1
287.0 92.0 1
67.0 530.0 1
0.0 869.0 1
647.0 120.0 1
-37.0 344.0 1
372.0 519.0 1
229.0 737.0 1
687.0 518.0 1
476.0 550.0 1
723.0 429.0 1
7.0 332.0 1
450.0 95.0 1
386.0 238.0 1
481.0 545.0 1
756.0 822.0 1
118.0 956.0 1
340.0 934.0 1
510.0 810.0 1
277.0 736.0 1
466.0 188.0 1
452.0 573.0 1
686.0 477.0 1
677.0 818.0 1
105.0 718.0 1
251.0 843.0 1
550.0 447.0 1
359.0 182.0 1
190.0 899.0 1
557.0 531.0 1
434.0 890.0 1
