415.0 294.0 0
301.0 479.0 0
518.0 638.0 0
455.0 526.0 0
613.0 734.0 0
224.0 622.0 0
140.0 617.0 0
268.0 309.0 0
229.0 437.0 0
386.0 836.0 0
69.0 433.0 1
300.0 298.0 1
547.0 407.0 1
134.0 257.0 1
242.0 808.0 1
55.0 873.0 1
750.0 145.0 1
596.0 533.0 1
76.0 920.0 1
405.0 783.0 1
-12.0 251.0 1
542.0 780.0 1
367.0 251.0 1
492.0 199.0 1
202.0 124.0 1
29.0 354.0 1
640.0 392.0 1
226.0 635.0 1
175.0 719.0 1
92.0 517.0 1
296.0 670.0 1
671.0 800.0 1
321.0 882.0 1
372.0 964.0 1
27.0 683.0 1
345.0 917.0 1
280.0 966.0 1
684.0 293.0 1
698.0 923.0 1
438.0 476.0 1
172.0 667.0 1
700.0 385.0 1
446.0 913.0 1
-9.0 619.0 1
662.0 91.0 1
466.0 188.0 1
744.0 821.0 1
687.0 641.0 1
21.0 194.0 1
229.0 737.0 1
729.0 715.0 1
359.0 257.0 1
523.0 579.0 1
-34.0 126.0 1
695.0 458.0 1
137.0 207.0 1
711.0 209.0 1
545.0 736.0 1
302.0 237.0 1
559.0 66.0 1
