386.0 409.0 0
253.0 516.0 0
517.0 630.0 0
542.0 331.0 0
538.0 808.0 0
313.0 731.0 0
121.0 552.0 0
358.0 400.0 0
373.0 563.0 0
393.0 798.0 0
1.0 504.0 1
242.0 268.0 1
539.0 412.0 1
183.0 212.0 1
185.0 846.0 1
59.0 873.0 1
718.0 114.0 1
518.0 512.0 1
118.0 956.0 1
391.0 795.0 1
52.0 307.0 1
558.0 794.0 1
359.0 182.0 1
540.0 304.0 1
197.0 120.0 1
84.0 409.0 1
556.0 379.0 1
271.0 606.0 1
82.0 687.0 1
67.0 530.0 1
331.0 679.0 1
696.0 696.0 1
308.0 775.0 1
364.0 956.0 1
213.0 775.0 1
341.0 922.0 1
240.0 918.0 1
676.0 333.0 1
656.0 884.0 1
433.0 459.0 1
78.0 504.0 1
703.0 398.0 1
724.0 941.0 1
-7.0 620.0 1
598.0 165.0 1
578.0 236.0 1
661.0 821.0 1
643.0 603.0 1
133.0 229.0 1
277.0 736.0 1
728.0 513.0 1
448.0 140.0 1
524.0 590.0 1
29.0 72.0 1
716.0 451.0 1
115.0 183.0 1
727.0 192.0 1
357.0 772.0 1
137.0 132.0 1
510.0 95.0 1
