349.0 339.0 0
360.0 523.0 0
538.0 648.0 0
458.0 540.0 0
390.0 626.0 0
263.0 553.0 0
111.0 601.0 0
316.0 366.0 0
255.0 412.0 0
373.0 751.0 0
-19.0 406.0 1
281.0 276.0 1
537.0 485.0 1
135.0 250.0 1
167.0 832.0 1
-31.0 751.0 1
699.0 98.0 1
584.0 581.0 1
91.0 840.0 1
485.0 831.0 1
-37.0 344.0 1
509.0 923.0 1
386.0 238.0 1
439.0 234.0 1
209.0 155.0 1
117.0 399.0 1
657.0 427.0 1
195.0 619.0 1
45.0 698.0 1
73.0 519.0 1
305.0 687.0 1
716.0 711.0 1
374.0 858.0 1
390.0 973.0 1
33.0 942.0 1
340.0 934.0 1
1.0 959.0 1
681.0 292.0 1
587.0 966.0 1
446.0 469.0 1
141.0 443.0 1
692.0 385.0 1
669.0 886.0 1
-19.0 609.0 1
551.0 125.0 1
595.0 223.0 1
756.0 822.0 1
687.0 518.0 1
57.0 158.0 1
76.0 311.0 1
746.0 486.0 1
327.0 245.0 1
488.0 478.0 1
-21.0 152.0 1
624.0 322.0 1
67.0 153.0 1
750.0 285.0 1
352.0 753.0 1
147.0 117.0 1
450.0 95.0 1
