7 8 7 2 4 8 3 8 2 0
9 5 5 2 2 2 5 1 1 0
10 4 2 1 3 2 4 3 10 0
10 10 10 3 10 8 8 1 1 0
10 10 10 2 10 10 5 3 3 0
10 5 5 6 3 10 7 9 2 0
7 4 7 4 3 7 7 6 1 0
8 10 10 8 5 10 7 8 1 0
10 4 4 10 2 10 5 3 3 0
10 8 8 2 3 4 8 7 8 0
7 2 4 1 3 4 3 3 1 0
1 4 3 10 4 10 5 6 1 0
10 4 4 6 2 10 2 3 1 0
8 6 4 10 10 1 3 5 1 0
5 4 6 10 2 10 4 1 1 0
10 10 10 6 8 4 8 5 1 0
9 10 10 10 10 10 10 10 1 0
5 7 9 8 6 10 8 10 1 0
4 5 5 8 6 10 10 7 1 0
6 3 2 1 3 4 4 1 1 0
8 4 4 1 6 10 2 5 2 0
6 10 5 5 4 10 6 10 1 0
4 8 6 4 3 4 10 6 1 0
8 7 6 4 4 10 5 1 1 0
6 1 1 1 2 1 3 1 1 1
2 1 1 1 2 1 3 1 1 1
4 1 1 3 2 1 3 1 1 1
5 3 1 2 2 1 2 1 1 1
2 1 1 1 2 1 3 1 1 1
5 1 3 1 2 1 2 1 1 1
3 1 1 1 2 1 1 1 1 1
2 1 1 1 2 1 1 1 1 1
1 1 1 1 2 1 2 1 1 1
1 1 1 2 2 1 3 1 1 1
5 2 2 2 2 1 2 2 1 1
5 1 1 3 2 1 1 1 1 1
3 2 2 2 2 1 3 2 1 1
2 1 1 1 2 1 2 2 1 1
4 1 1 1 2 1 1 1 1 1
5 3 3 1 2 1 2 1 1 1
1 1 1 1 2 1 2 1 1 1
2 1 1 1 2 1 2 1 1 1
5 1 1 3 4 1 3 2 1 1
6 9 7 5 5 8 4 2 1 1
4 1 1 1 2 1 1 2 1 1
6 1 1 1 1 1 1 1 1 1
5 1 2 1 2 1 1 1 1 1
4 1 1 1 2 1 3 1 1 1
4 1 1 1 1 1 2 1 1 1
5 1 1 1 2 2 2 1 1 1
5 2 2 2 1 1 2 1 1 1
5 1 1 1 2 1 3 1 1 1
5 1 3 1 2 1 3 1 1 1
4 1 1 1 2 1 2 1 1 1
5 1 1 1 2 1 1 1 1 1
3 1 1 1 2 1 2 1 1 1
5 1 1 1 2 1 2 1 1 1
4 1 1 3 2 1 1 1 1 1
1 1 2 1 2 1 2 1 1 1
1 1 1 1 2 1 1 1 1 1
8 4 4 5 4 7 7 8 2 1
3 1 1 1 2 1 2 1 1 1
1 1 1 1 1 1 2 1 1 1
5 1 3 1 2 1 1 1 1 1
4 1 1 2 2 1 2 1 1 1
1 1 1 1 2 1 2 1 1 1
6 2 3 1 2 1 1 1 1 1
1 1 1 1 2 1 1 1 1 1
