198 15 2 0 215 0.9209302325581395 0.06976744186046512 0.009302325581395349 0.0 386 7 2 4 399 0.9674185463659147 0.017543859649122806 0.005012531328320802 0.010025062656641603 
200 13 1 1 215 0.9302325581395349 0.06046511627906977 0.004651162790697674 0.004651162790697674 386 8 0 5 399 0.9674185463659147 0.020050125313283207 0.0 0.012531328320802004 
199 14 1 1 215 0.9255813953488372 0.06511627906976744 0.004651162790697674 0.004651162790697674 387 5 3 4 399 0.9699248120300752 0.012531328320802004 0.007518796992481203 0.010025062656641603 
200 11 3 1 215 0.9302325581395349 0.05116279069767442 0.013953488372093023 0.004651162790697674 385 9 4 1 399 0.9649122807017544 0.022556390977443608 0.010025062656641603 0.002506265664160401 
195 19 0 1 215 0.9069767441860465 0.08837209302325581 0.0 0.004651162790697674 388 5 4 3 400 0.97 0.0125 0.01 0.0075 
196 17 1 1 215 0.9116279069767442 0.07906976744186046 0.004651162790697674 0.004651162790697674 384 9 3 4 400 0.96 0.0225 0.0075 0.01 
194 19 1 1 215 0.9023255813953488 0.08837209302325581 0.004651162790697674 0.004651162790697674 386 7 4 3 400 0.965 0.0175 0.01 0.0075 
194 17 3 1 215 0.9023255813953488 0.07906976744186046 0.013953488372093023 0.004651162790697674 385 8 4 3 400 0.9625 0.02 0.01 0.0075 
199 13 2 1 215 0.9255813953488372 0.06046511627906977 0.009302325581395349 0.004651162790697674 385 8 4 3 400 0.9625 0.02 0.01 0.0075 
197 16 1 2 216 0.9120370370370371 0.07407407407407407 0.004629629629629629 0.009259259259259259 385 8 4 3 400 0.9625 0.02 0.01 0.0075 
