6 8 7 5 6 8 8 9 2 0
8 2 4 1 5 1 5 4 4 0
3 3 5 2 3 10 7 1 1 0
7 4 4 3 4 10 6 9 1 0
5 10 10 8 5 5 7 10 1 0
8 4 10 5 4 4 7 10 1 0
5 10 10 10 4 10 5 6 3 0
5 4 4 9 2 10 5 6 1 0
10 10 10 3 10 8 8 1 1 0
10 7 7 6 4 10 4 1 2 0
8 7 8 5 5 10 9 10 1 0
10 3 3 1 2 10 7 6 1 0
10 4 4 6 2 10 2 3 1 0
7 6 10 5 3 10 9 10 2 0
7 5 6 10 5 10 7 9 4 0
10 10 10 7 9 10 7 10 10 0
3 3 6 4 5 8 4 4 1 0
9 5 5 4 4 5 4 3 3 0
10 8 8 2 3 4 8 7 8 0
5 7 10 10 5 10 10 10 1 0
10 5 10 3 5 8 7 8 3 0
7 6 3 2 5 10 7 4 6 0
10 4 2 1 3 2 4 3 10 0
1 1 1 1 2 1 2 1 1 1
1 1 1 1 2 1 2 1 1 1
2 1 1 1 2 1 2 1 1 1
4 2 4 3 2 2 2 1 1 1
3 1 1 1 2 1 3 1 1 1
1 1 1 1 2 1 3 1 1 1
4 1 1 1 2 1 2 1 1 1
5 1 1 1 2 1 3 1 1 1
3 1 1 3 2 1 1 1 1 1
3 1 1 1 2 1 3 1 1 1
5 3 6 1 2 1 1 1 1 1
4 1 1 1 2 1 2 1 1 1
5 1 1 1 2 1 2 2 1 1
1 1 1 1 2 1 3 1 1 1
1 1 1 1 2 1 1 1 1 1
3 1 1 1 2 1 1 1 1 1
1 1 1 1 2 1 1 1 1 1
1 1 1 1 2 1 3 1 1 1
3 1 1 1 2 1 3 1 1 1
1 1 1 1 2 1 2 1 1 1
3 1 1 1 2 1 2 1 1 1
5 3 1 2 2 1 2 1 1 1
5 1 1 1 2 1 2 1 1 1
2 1 1 2 2 1 1 1 1 1
4 1 1 2 2 1 2 1 1 1
4 1 1 1 2 1 3 1 1 1
2 1 1 1 2 1 1 1 1 1
4 2 1 1 2 2 3 1 1 1
3 1 1 1 2 1 2 1 1 1
5 1 2 1 2 1 3 1 1 1
3 1 1 1 2 1 2 1 1 1
3 1 1 1 2 1 2 1 1 1
5 1 1 2 1 1 2 1 1 1
1 1 1 1 2 1 1 1 1 1
1 1 1 1 1 1 3 1 1 1
1 1 1 1 2 1 1 1 1 1
2 1 1 1 2 1 1 1 1 1
3 2 2 1 2 1 2 3 1 1
5 1 2 1 2 1 1 1 1 1
1 1 3 2 2 1 3 1 1 1
1 1 1 1 1 1 3 1 1 1
1 1 3 1 2 1 2 1 1 1
2 1 1 1 2 1 1 1 5 1
8 2 1 1 5 1 1 1 1 1
