10 7 7 4 5 10 5 7 2 0
10 6 4 1 3 4 3 2 3 0
8 2 3 1 6 3 7 1 1 0
2 5 7 6 4 10 7 6 1 0
10 10 8 6 4 5 8 10 1 0
5 10 10 3 8 1 5 10 3 0
8 10 10 8 7 10 9 7 1 0
5 3 2 8 5 10 8 1 2 0
4 8 6 3 4 10 7 1 1 0
3 3 5 2 3 10 7 1 1 0
5 4 6 7 9 7 8 10 1 0
6 1 3 1 4 5 5 10 1 0
8 5 5 5 2 10 4 3 1 0
10 8 4 4 4 10 3 10 4 0
5 10 10 9 6 10 7 10 5 0
10 10 10 10 7 10 7 10 4 0
1 5 8 6 5 8 7 10 1 0
10 10 9 3 7 5 3 5 1 0
5 10 10 10 10 2 10 10 10 0
6 5 5 8 4 10 3 4 1 0
9 4 5 10 6 10 4 8 1 0
10 6 6 3 4 5 3 6 1 0
1 4 3 10 4 10 5 6 1 0
3 10 8 7 6 9 9 3 8 0
1 1 1 1 2 1 2 1 1 1
1 1 1 1 2 1 2 1 1 1
2 1 1 1 2 1 2 1 1 1
4 4 2 1 2 5 2 1 2 1
3 1 1 1 1 1 2 1 1 1
1 1 1 1 2 1 3 1 1 1
4 1 1 1 2 1 2 1 1 1
5 1 1 1 2 1 1 1 1 1
4 1 4 1 2 1 1 1 1 1
3 1 1 1 2 1 3 1 1 1
5 3 3 2 3 1 3 1 1 1
5 1 1 1 2 1 1 1 1 1
4 2 2 1 2 1 2 1 1 1
1 1 1 1 2 1 3 1 1 1
1 1 1 1 2 1 1 1 1 1
3 1 1 1 2 1 1 1 1 1
1 1 1 1 2 1 1 1 1 1
1 1 1 1 2 1 3 1 1 1
3 1 1 1 2 1 3 1 1 1
1 1 1 1 2 1 2 1 1 1
3 1 1 1 2 1 2 1 1 1
5 3 1 1 2 1 1 1 1 1
5 1 1 1 2 1 2 1 1 1
2 1 1 1 2 1 3 1 1 1
3 1 1 2 2 1 1 1 1 1
4 1 1 1 2 1 3 1 1 1
4 1 1 1 2 1 3 1 1 1
3 1 3 1 3 4 1 1 1 1
5 1 1 1 2 1 2 1 1 1
5 1 2 1 2 1 3 1 1 1
3 1 1 1 2 1 2 1 1 1
3 1 1 1 2 1 2 1 1 1
4 1 1 1 2 1 3 2 1 1
1 1 1 1 2 1 1 1 1 1
1 1 1 1 1 1 3 1 1 1
1 1 1 1 2 1 1 1 1 1
1 1 1 1 2 5 5 1 1 1
4 1 1 1 2 1 1 1 1 1
5 3 2 4 2 1 1 1 1 1
2 1 3 2 2 1 2 1 1 1
2 1 1 1 2 1 1 1 1 1
5 2 4 1 1 1 1 1 1 1
1 1 1 3 2 1 1 1 1 1
6 1 1 1 1 1 1 1 1 1
