16 6 0 2 24 0.6666666666666666 0.25 0.0 0.08333333333333333 42 2 0 1 45 0.9333333333333333 0.044444444444444446 0.0 0.022222222222222223 
17 5 2 0 24 0.7083333333333334 0.20833333333333334 0.08333333333333333 0.0 43 0 2 0 45 0.9555555555555556 0.0 0.044444444444444446 0.0 
21 1 1 1 24 0.875 0.041666666666666664 0.041666666666666664 0.041666666666666664 44 0 1 0 45 0.9777777777777777 0.0 0.022222222222222223 0.0 
20 3 1 0 24 0.8333333333333334 0.125 0.041666666666666664 0.0 43 0 2 0 45 0.9555555555555556 0.0 0.044444444444444446 0.0 
19 2 2 1 24 0.7916666666666666 0.08333333333333333 0.08333333333333333 0.041666666666666664 43 1 0 0 44 0.9772727272727273 0.022727272727272728 0.0 0.0 
21 3 0 0 24 0.875 0.125 0.0 0.0 44 0 0 0 44 1.0 0.0 0.0 0.0 
22 1 1 0 24 0.9166666666666666 0.041666666666666664 0.041666666666666664 0.0 43 0 0 1 44 0.9772727272727273 0.0 0.0 0.022727272727272728 
22 1 1 0 24 0.9166666666666666 0.041666666666666664 0.041666666666666664 0.0 44 0 0 0 44 1.0 0.0 0.0 0.0 
21 2 1 0 24 0.875 0.08333333333333333 0.041666666666666664 0.0 44 0 0 0 44 1.0 0.0 0.0 0.0 
22 0 1 0 23 0.9565217391304348 0.0 0.043478260869565216 0.0 44 0 0 0 44 1.0 0.0 0.0 0.0 
