200 12 1 2 215 0.9302325581395349 0.05581395348837209 0.004651162790697674 0.009302325581395349 386 7 3 3 399 0.9674185463659147 0.017543859649122806 0.007518796992481203 0.007518796992481203 
195 16 3 1 215 0.9069767441860465 0.07441860465116279 0.013953488372093023 0.004651162790697674 385 7 3 4 399 0.9649122807017544 0.017543859649122806 0.007518796992481203 0.010025062656641603 
196 17 1 1 215 0.9116279069767442 0.07906976744186046 0.004651162790697674 0.004651162790697674 387 5 3 4 399 0.9699248120300752 0.012531328320802004 0.007518796992481203 0.010025062656641603 
199 12 3 1 215 0.9255813953488372 0.05581395348837209 0.013953488372093023 0.004651162790697674 389 6 2 3 400 0.9725 0.015 0.005 0.0075 
199 16 0 0 215 0.9255813953488372 0.07441860465116279 0.0 0.0 387 7 3 3 400 0.9675 0.0175 0.0075 0.0075 
199 14 1 1 215 0.9255813953488372 0.06511627906976744 0.004651162790697674 0.004651162790697674 386 9 2 3 400 0.965 0.0225 0.005 0.0075 
196 17 1 1 215 0.9116279069767442 0.07906976744186046 0.004651162790697674 0.004651162790697674 386 7 3 4 400 0.965 0.0175 0.0075 0.01 
198 14 2 1 215 0.9209302325581395 0.06511627906976744 0.009302325581395349 0.004651162790697674 384 9 3 4 400 0.96 0.0225 0.0075 0.01 
199 14 1 1 215 0.9255813953488372 0.06511627906976744 0.004651162790697674 0.004651162790697674 386 9 1 4 400 0.965 0.0225 0.0025 0.01 
197 18 0 1 216 0.9120370370370371 0.08333333333333333 0.0 0.004629629629629629 384 8 4 3 399 0.9624060150375939 0.020050125313283207 0.010025062656641603 0.007518796992481203 
