5 8 7 7 10 10 5 7 1 0
10 4 3 1 3 3 6 5 2 0
5 2 3 1 6 10 5 1 1 0
10 3 5 4 3 7 3 5 3 0
10 10 10 6 8 4 8 5 1 0
10 9 7 3 4 2 7 7 1 0
9 10 10 10 10 10 10 10 1 0
7 5 3 7 4 10 7 5 5 0
10 10 6 3 3 10 4 3 2 0
5 5 5 6 3 10 3 1 1 0
6 6 7 10 3 10 8 10 2 0
5 6 6 2 4 10 3 6 1 0
10 3 4 5 3 10 4 1 1 0
7 6 4 8 10 10 9 5 3 0
5 6 6 8 6 10 4 10 4 0
6 10 10 10 8 10 7 10 7 0
7 8 3 7 4 5 7 8 2 0
9 5 5 2 2 2 5 1 1 0
10 3 5 1 10 5 3 10 2 0
5 5 7 8 6 10 7 4 1 0
10 10 10 10 3 10 10 6 1 0
8 4 4 1 2 9 3 3 1 0
8 6 4 10 10 1 3 5 1 0
3 10 3 10 6 10 5 1 4 0
1 1 1 1 2 1 2 1 1 1
1 1 1 1 2 1 2 1 1 1
2 1 1 1 2 1 2 1 1 1
8 4 4 5 4 7 7 8 2 1
3 1 1 1 1 1 2 1 1 1
1 1 1 1 1 1 2 1 1 1
4 1 1 1 2 1 2 1 1 1
5 1 1 1 2 1 1 1 1 1
4 1 2 1 2 1 1 1 1 1
3 1 1 1 2 1 3 1 1 1
5 3 4 1 4 1 3 1 1 1
5 1 1 1 2 1 3 1 1 1
4 2 2 1 2 1 2 1 1 1
1 1 1 1 2 1 3 1 1 1
1 1 1 1 2 1 1 1 1 1
3 1 1 1 2 1 1 1 1 1
1 1 1 1 2 1 1 1 1 1
1 1 1 1 2 1 3 1 1 1
3 1 1 1 2 1 3 1 1 1
1 1 1 1 2 1 2 1 1 1
3 1 1 1 2 1 2 1 1 1
6 2 3 1 2 1 1 1 1 1
5 1 1 1 2 1 3 2 1 1
2 1 1 1 2 1 3 1 1 1
3 2 1 2 2 1 3 1 1 1
4 1 1 1 2 1 3 1 1 1
4 1 1 1 2 1 3 1 1 1
1 1 1 1 4 3 1 1 1 1
3 1 1 1 2 1 2 1 1 1
5 1 1 1 2 1 2 1 1 1
3 1 1 1 2 1 2 1 1 1
3 1 1 1 2 1 2 1 1 1
4 1 1 1 2 1 3 2 1 1
1 1 1 1 2 1 1 1 1 1
1 1 1 1 1 1 3 1 1 1
1 1 1 1 2 1 1 1 1 1
3 1 1 2 3 4 1 1 1 1
4 1 1 1 2 1 1 1 1 1
6 1 1 3 2 1 1 1 1 1
4 1 2 1 2 1 2 1 1 1
2 1 1 1 2 1 1 1 1 1
8 3 3 1 2 2 3 2 1 1
1 1 1 1 2 1 1 1 1 1
2 3 1 1 5 1 1 1 1 1
