5 5 5 8 10 8 7 3 7 0
10 6 4 1 3 4 3 2 3 0
10 10 10 8 2 10 4 1 1 0
1 5 8 6 5 8 7 10 1 0
8 10 8 8 4 8 7 7 1 0
10 10 10 10 3 10 10 6 1 0
6 10 7 7 6 4 8 10 2 0
10 5 7 4 4 10 8 9 1 0
10 4 5 5 5 10 4 1 1 0
5 10 10 6 10 10 10 6 5 0
3 10 3 10 6 10 5 1 4 0
9 10 10 10 10 5 10 10 10 0
3 6 4 10 3 3 3 4 1 0
7 4 4 3 4 10 6 9 1 0
7 8 3 7 4 5 7 8 2 0
4 8 6 3 4 10 7 1 1 0
5 4 6 8 4 1 8 10 1 0
10 5 10 3 5 8 7 8 3 0
4 6 6 5 7 6 7 7 3 0
10 10 7 8 7 1 10 10 3 0
5 10 10 5 4 5 4 4 1 0
10 8 4 4 4 10 3 10 4 0
10 4 3 10 3 10 7 1 2 0
5 1 1 1 2 1 3 1 1 1
2 1 1 1 2 1 2 1 1 1
2 1 1 2 3 1 2 1 1 1
4 1 1 1 2 1 3 1 1 1
1 1 1 1 2 1 2 3 1 1
1 1 1 1 10 1 1 1 1 1
3 1 1 1 3 1 2 1 1 1
2 1 1 1 2 1 3 1 1 1
1 1 1 1 1 1 3 1 1 1
1 1 1 1 2 1 3 1 1 1
5 1 1 1 1 1 3 1 1 1
1 1 1 1 2 1 2 1 1 1
5 1 3 3 2 2 2 3 1 1
1 1 1 1 2 1 3 1 1 1
2 1 1 2 2 1 3 1 1 1
1 1 1 1 2 1 3 1 1 1
3 2 2 3 2 1 1 1 1 1
1 1 1 1 1 1 1 1 1 1
2 3 1 1 3 1 1 1 1 1
4 1 2 1 2 1 1 1 1 1
5 3 2 4 2 1 1 1 1 1
3 1 1 1 1 1 2 1 1 1
4 1 1 1 3 1 1 1 1 1
3 1 1 1 2 1 2 1 1 1
5 1 1 1 2 1 3 1 1 1
3 1 1 1 2 1 2 1 1 1
4 4 2 1 2 5 2 1 2 1
5 1 1 1 2 1 2 1 1 1
5 1 1 6 3 1 1 1 1 1
5 1 1 1 2 1 1 1 1 1
3 1 1 1 2 1 2 1 1 1
4 1 1 1 2 1 2 1 1 1
3 1 1 1 2 1 2 1 1 1
6 3 3 3 3 2 6 1 1 1
3 1 1 1 2 1 2 1 1 1
1 2 1 3 2 1 2 1 1 1
4 1 1 1 2 1 3 1 1 1
3 2 1 2 2 1 3 1 1 1
2 1 1 1 2 1 1 1 1 1
3 1 1 1 2 1 2 1 2 1
2 1 1 1 1 1 3 1 1 1
1 1 1 1 1 1 3 1 1 1
1 1 1 1 2 1 3 1 1 1
3 1 1 1 2 1 3 1 1 1
3 1 1 1 2 1 2 1 1 1
