22 0 2 0 24 0.9166666666666666 0.0 0.08333333333333333 0.0 44 1 0 0 45 0.9777777777777777 0.022222222222222223 0.0 0.0 
23 0 0 1 24 0.9583333333333334 0.0 0.0 0.041666666666666664 44 1 0 0 45 0.9777777777777777 0.022222222222222223 0.0 0.0 
23 1 0 0 24 0.9583333333333334 0.041666666666666664 0.0 0.0 44 1 0 0 45 0.9777777777777777 0.022222222222222223 0.0 0.0 
18 4 2 0 24 0.75 0.16666666666666666 0.08333333333333333 0.0 42 0 0 2 44 0.9545454545454546 0.0 0.0 0.045454545454545456 
22 0 1 1 24 0.9166666666666666 0.0 0.041666666666666664 0.041666666666666664 43 0 0 1 44 0.9772727272727273 0.0 0.0 0.022727272727272728 
20 2 1 1 24 0.8333333333333334 0.08333333333333333 0.041666666666666664 0.041666666666666664 42 0 2 0 44 0.9545454545454546 0.0 0.045454545454545456 0.0 
22 1 1 0 24 0.9166666666666666 0.041666666666666664 0.041666666666666664 0.0 44 0 0 0 44 1.0 0.0 0.0 0.0 
21 1 1 1 24 0.875 0.041666666666666664 0.041666666666666664 0.041666666666666664 44 0 0 0 44 1.0 0.0 0.0 0.0 
18 4 1 1 24 0.75 0.16666666666666666 0.041666666666666664 0.041666666666666664 42 0 0 2 44 0.9545454545454546 0.0 0.0 0.045454545454545456 
21 1 1 0 23 0.9130434782608695 0.043478260869565216 0.043478260869565216 0.0 45 0 0 0 45 1.0 0.0 0.0 0.0 
