-74.0 229.0 0
-98.0 -279.0 0
-222.0 7.0 0
60.0 60.0 0
-68.0 157.0 0
-334.0 4.0 0
275.0 -214.0 0
-34.0 99.0 0
117.0 116.0 0
92.0 -54.0 0
-27.0 180.0 0
140.0 -146.0 0
-86.0 21.0 0
32.0 -29.0 0
251.0 183.0 0
-28.0 -146.0 0
148.0 152.0 0
-156.0 29.0 0
-128.0 -330.0 0
-78.0 -189.0 0
-343.0 330.0 1
-102.0 -389.0 1
-222.0 393.0 1
-435.0 -271.0 1
-1.0 -374.0 1
-364.0 -207.0 1
522.0 286.0 1
189.0 266.0 1
112.0 -20.0 1
124.0 264.0 1
-15.0 383.0 1
-417.0 -198.0 1
-291.0 218.0 1
281.0 -287.0 1
-165.0 81.0 1
-408.0 306.0 1
14.0 293.0 1
-411.0 -330.0 1
114.0 -347.0 1
242.0 -311.0 1
-217.0 -190.0 1
143.0 197.0 1
-325.0 -390.0 1
244.0 -74.0 1
187.0 -359.0 1
-9.0 -183.0 1
268.0 -399.0 1
-185.0 82.0 1
-377.0 141.0 1
305.0 395.0 1
432.0 199.0 1
220.0 1.0 1
-159.0 -88.0 1
-533.0 -188.0 1
-531.0 -113.0 1
486.0 -382.0 1
414.0 30.0 1
293.0 -76.0 1
350.0 147.0 1
-508.0 194.0 1
50.0 255.0 1
350.0 260.0 1
367.0 24.0 1
504.0 374.0 1
519.0 -217.0 1
-179.0 185.0 1
483.0 -89.0 1
-123.0 68.0 1
-194.0 -144.0 1
-273.0 -276.0 1
-305.0 -74.0 1
444.0 -38.0 1
489.0 -321.0 1
452.0 -128.0 1
-5.0 -242.0 1
281.0 15.0 1
12.0 388.0 1
330.0 -106.0 1
-101.0 411.0 1
70.0 380.0 1
166.0 -309.0 1
510.0 -124.0 1
36.0 -300.0 1
-162.0 249.0 1
440.0 -299.0 1
82.0 137.0 1
513.0 -38.0 1
-521.0 -310.0 1
-568.0 -400.0 1
218.0 236.0 1
466.0 -154.0 1
419.0 -175.0 1
-365.0 278.0 1
496.0 -247.0 1
-262.0 -238.0 1
-164.0 -253.0 1
-24.0 -377.0 1
-451.0 137.0 1
226.0 49.0 1
-73.0 -47.0 1
-223.0 -365.0 1
-410.0 -390.0 1
-480.0 -305.0 1
-398.0 -281.0 1
507.0 207.0 1
240.0 -53.0 1
337.0 -189.0 1
-498.0 80.0 1
134.0 44.0 1
170.0 -44.0 1
-454.0 -115.0 1
-409.0 -2.0 1
-297.0 376.0 1
-562.0 92.0 1
226.0 -214.0 1
388.0 -323.0 1
526.0 80.0 1
-24.0 346.0 1
-445.0 41.0 1
79.0 265.0 1
449.0 49.0 1
26.0 96.0 1
375.0 -90.0 1
379.0 376.0 1
-347.0 169.0 1
232.0 296.0 1
-538.0 377.0 1
-448.0 -407.0 1
-127.0 126.0 1
324.0 88.0 1
437.0 -367.0 1
-403.0 78.0 1
-419.0 -47.0 1
216.0 360.0 1
114.0 232.0 1
62.0 -220.0 1
457.0 279.0 1
-131.0 -249.0 1
365.0 -182.0 1
54.0 -156.0 1
-465.0 -153.0 1
125.0 -233.0 1
464.0 -39.0 1
399.0 260.0 1
509.0 405.0 1
-23.0 -265.0 1
-472.0 355.0 1
-500.0 -23.0 1
76.0 -382.0 1
-330.0 -115.0 1
-183.0 370.0 1
-145.0 -157.0 1
150.0 19.0 1
375.0 -362.0 1
-241.0 -282.0 1
-208.0 304.0 1
504.0 133.0 1
34.0 393.0 1
-333.0 -308.0 1
-494.0 301.0 1
