-28.0 203.0 0
-118.0 -308.0 0
-342.0 -12.0 0
32.0 -29.0 0
212.0 -154.0 0
-54.0 159.0 0
148.0 152.0 0
148.0 -127.0 0
-86.0 21.0 0
-73.0 -144.0 0
-365.0 278.0 1
-64.0 -384.0 1
-283.0 406.0 1
-399.0 -259.0 1
-24.0 -377.0 1
-332.0 -267.0 1
507.0 207.0 1
232.0 296.0 1
129.0 -43.0 1
101.0 253.0 1
9.0 406.0 1
-239.0 282.0 1
246.0 -303.0 1
-185.0 82.0 1
-24.0 320.0 1
-413.0 -372.0 1
116.0 -387.0 1
-194.0 -144.0 1
104.0 210.0 1
-267.0 -364.0 1
240.0 -53.0 1
173.0 -294.0 1
40.0 -224.0 1
-351.0 153.0 1
379.0 390.0 1
420.0 258.0 1
189.0 35.0 1
-156.0 -139.0 1
-552.0 -218.0 1
-468.0 -47.0 1
435.0 -367.0 1
449.0 49.0 1
330.0 -94.0 1
350.0 79.0 1
-537.0 121.0 1
54.0 172.0 1
377.0 259.0 1
321.0 65.0 1
509.0 405.0 1
479.0 -223.0 1
-216.0 89.0 1
464.0 -39.0 1
-90.0 125.0 1
-322.0 -280.0 1
-330.0 -115.0 1
440.0 -299.0 1
466.0 -154.0 1
30.0 -260.0 1
394.0 -91.0 1
-148.0 289.0 1
130.0 383.0 1
18.0 75.0 1
-480.0 -305.0 1
-448.0 -407.0 1
430.0 -210.0 1
-206.0 -334.0 1
-467.0 90.0 1
158.0 14.0 1
-112.0 -214.0 1
-562.0 92.0 1
148.0 -246.0 1
-409.0 -2.0 1
375.0 -362.0 1
479.0 90.0 1
473.0 162.0 1
-472.0 355.0 1
79.0 -296.0 1
225.0 342.0 1
-360.0 193.0 1
-414.0 307.0 1
