-79.0 259.0 0
-99.0 -321.0 0
-325.0 -28.0 0
71.0 76.0 0
303.0 -208.0 0
-40.0 162.0 0
152.0 130.0 0
61.0 -63.0 0
298.0 219.0 0
-49.0 -221.0 0
-384.0 349.0 1
-99.0 -384.0 1
-235.0 347.0 1
-424.0 -282.0 1
-5.0 -310.0 1
-342.0 -208.0 1
501.0 222.0 1
197.0 250.0 1
93.0 17.0 1
98.0 283.0 1
-14.0 381.0 1
-313.0 247.0 1
302.0 -288.0 1
-160.0 80.0 1
49.0 320.0 1
-401.0 -376.0 1
155.0 -328.0 1
-205.0 -151.0 1
134.0 171.0 1
-303.0 -354.0 1
251.0 -97.0 1
251.0 -361.0 1
51.0 -178.0 1
-356.0 143.0 1
243.0 390.0 1
405.0 186.0 1
208.0 -69.0 1
-170.0 -109.0 1
-536.0 -123.0 1
-500.0 -23.0 1
461.0 -348.0 1
410.0 -2.0 1
305.0 -103.0 1
377.0 162.0 1
-522.0 246.0 1
22.0 191.0 1
386.0 318.0 1
348.0 14.0 1
448.0 351.0 1
505.0 -201.0 1
-227.0 152.0 1
472.0 -35.0 1
-226.0 80.0 1
-303.0 -287.0 1
-310.0 -49.0 1
498.0 -276.0 1
438.0 -84.0 1
8.0 -250.0 1
371.0 -122.0 1
-165.0 347.0 1
104.0 412.0 1
51.0 78.0 1
-499.0 -315.0 1
-499.0 -401.0 1
419.0 -175.0 1
-151.0 -255.0 1
-402.0 214.0 1
240.0 224.0 1
56.0 -94.0 1
-492.0 111.0 1
124.0 -169.0 1
-376.0 -138.0 1
400.0 -253.0 1
496.0 99.0 1
435.0 99.0 1
-508.0 361.0 1
36.0 -300.0 1
328.0 -340.0 1
-349.0 68.0 1
-208.0 304.0 1
