-79.0 259.0 0
-99.0 -321.0 0
-325.0 -28.0 0
71.0 76.0 0
-50.0 166.0 0
-367.0 12.0 0
303.0 -208.0 0
-37.0 105.0 0
152.0 130.0 0
57.0 -51.0 0
-69.0 131.0 0
171.0 -116.0 0
-51.0 -19.0 0
5.0 -63.0 0
298.0 219.0 0
-77.0 -153.0 0
172.0 85.0 0
-140.0 35.0 0
-112.0 -360.0 0
112.0 -92.0 0
-384.0 349.0 1
-99.0 -384.0 1
-235.0 347.0 1
-424.0 -282.0 1
-5.0 -310.0 1
-342.0 -208.0 1
501.0 222.0 1
197.0 250.0 1
93.0 17.0 1
98.0 283.0 1
-14.0 381.0 1
-429.0 -204.0 1
-313.0 247.0 1
302.0 -288.0 1
-160.0 80.0 1
-401.0 344.0 1
49.0 320.0 1
-401.0 -376.0 1
155.0 -328.0 1
239.0 -361.0 1
-205.0 -151.0 1
134.0 171.0 1
-303.0 -354.0 1
251.0 -97.0 1
163.0 -391.0 1
51.0 -178.0 1
285.0 -358.0 1
-181.0 103.0 1
-356.0 143.0 1
243.0 390.0 1
405.0 186.0 1
208.0 -69.0 1
-170.0 -109.0 1
-536.0 -123.0 1
-548.0 0.0 1
461.0 -348.0 1
410.0 -2.0 1
305.0 -103.0 1
377.0 162.0 1
-522.0 246.0 1
22.0 191.0 1
346.0 352.0 1
376.0 65.0 1
506.0 341.0 1
505.0 -201.0 1
-227.0 152.0 1
472.0 -35.0 1
-216.0 89.0 1
-123.0 -51.0 1
-303.0 -287.0 1
-310.0 -49.0 1
412.0 -61.0 1
488.0 -300.0 1
462.0 -115.0 1
2.0 -279.0 1
296.0 46.0 1
14.0 369.0 1
371.0 -122.0 1
-142.0 378.0 1
104.0 412.0 1
203.0 -264.0 1
513.0 -92.0 1
20.0 -298.0 1
-148.0 289.0 1
457.0 -335.0 1
53.0 153.0 1
479.0 -153.0 1
-499.0 -315.0 1
-525.0 -412.0 1
188.0 188.0 1
479.0 -223.0 1
430.0 -210.0 1
-413.0 238.0 1
442.0 -244.0 1
-254.0 -234.0 1
-151.0 -255.0 1
-76.0 -363.0 1
-420.0 57.0 1
194.0 81.0 1
-98.0 -112.0 1
-206.0 -334.0 1
-371.0 -406.0 1
-458.0 -299.0 1
-342.0 -283.0 1
473.0 170.0 1
235.0 -104.0 1
349.0 -184.0 1
-492.0 111.0 1
132.0 18.0 1
247.0 -109.0 1
-404.0 -73.0 1
-405.0 22.0 1
-289.0 325.0 1
-537.0 121.0 1
348.0 -199.0 1
406.0 -276.0 1
496.0 99.0 1
-44.0 320.0 1
-472.0 -1.0 1
101.0 253.0 1
448.0 28.0 1
51.0 78.0 1
394.0 -91.0 1
398.0 334.0 1
-337.0 177.0 1
261.0 236.0 1
-540.0 293.0 1
-455.0 -358.0 1
-128.0 199.0 1
350.0 79.0 1
401.0 -391.0 1
-349.0 68.0 1
-486.0 -22.0 1
163.0 390.0 1
99.0 210.0 1
94.0 -202.0 1
428.0 306.0 1
-163.0 -233.0 1
315.0 -325.0 1
124.0 -169.0 1
-463.0 -72.0 1
102.0 -263.0 1
421.0 116.0 1
412.0 242.0 1
447.0 149.0 1
30.0 -260.0 1
-482.0 355.0 1
-338.0 116.0 1
25.0 -392.0 1
-376.0 -21.0 1
-180.0 284.0 1
-234.0 -228.0 1
189.0 35.0 1
479.0 90.0 1
-281.0 -345.0 1
-239.0 282.0 1
130.0 383.0 1
-256.0 123.0 1
-270.0 95.0 1
-295.0 131.0 1
