71.0 76.0 0
175.0 87.0 0
283.0 210.0 0
50.0 17.0 0
60.0 60.0 0
-40.0 162.0 0
-109.0 267.0 0
-54.0 159.0 0
-28.0 203.0 0
-327.0 19.0 0
-32.0 -226.0 0
-114.0 -353.0 0
-28.0 -146.0 0
-77.0 -153.0 0
-70.0 -273.0 0
-89.0 -295.0 0
148.0 -127.0 0
27.0 -27.0 0
91.0 -29.0 0
303.0 -208.0 0
-14.0 346.0 1
104.0 412.0 1
-185.0 82.0 1
-332.0 -267.0 1
-441.0 -79.0 1
128.0 336.0 1
25.0 -392.0 1
-131.0 -249.0 1
406.0 30.0 1
-522.0 246.0 1
-398.0 -197.0 1
330.0 -94.0 1
-127.0 -182.0 1
-356.0 143.0 1
462.0 -358.0 1
49.0 320.0 1
-305.0 -74.0 1
468.0 138.0 1
-181.0 103.0 1
175.0 225.0 1
295.0 -89.0 1
365.0 -182.0 1
507.0 207.0 1
-445.0 41.0 1
195.0 284.0 1
218.0 236.0 1
62.0 -220.0 1
-512.0 -380.0 1
-164.0 402.0 1
508.0 80.0 1
130.0 383.0 1
-135.0 -239.0 1
22.0 -189.0 1
189.0 35.0 1
-64.0 -384.0 1
-246.0 69.0 1
120.0 33.0 1
194.0 81.0 1
36.0 -126.0 1
40.0 -224.0 1
114.0 232.0 1
-28.0 -308.0 1
-508.0 194.0 1
400.0 -253.0 1
118.0 186.0 1
187.0 -359.0 1
-424.0 -282.0 1
-59.0 -30.0 1
-499.0 -315.0 1
-112.0 -214.0 1
78.0 399.0 1
-394.0 -86.0 1
296.0 46.0 1
-11.0 -378.0 1
-270.0 95.0 1
1.0 381.0 1
226.0 49.0 1
-554.0 81.0 1
315.0 -325.0 1
-297.0 -76.0 1
386.0 318.0 1
-467.0 90.0 1
51.0 -178.0 1
56.0 -94.0 1
134.0 44.0 1
185.0 -262.0 1
300.0 390.0 1
427.0 201.0 1
-451.0 137.0 1
-234.0 -228.0 1
-419.0 -47.0 1
-265.0 -177.0 1
-206.0 -334.0 1
-420.0 -359.0 1
170.0 -316.0 1
79.0 265.0 1
-222.0 -171.0 1
-29.0 351.0 1
-197.0 -255.0 1
-76.0 35.0 1
453.0 -167.0 1
268.0 -399.0 1
-498.0 -205.0 1
-176.0 74.0 1
-533.0 -188.0 1
53.0 153.0 1
216.0 360.0 1
-162.0 40.0 1
71.0 -176.0 1
-311.0 79.0 1
243.0 390.0 1
-537.0 121.0 1
-413.0 -351.0 1
496.0 -121.0 1
-410.0 327.0 1
-24.0 346.0 1
-151.0 162.0 1
76.0 -382.0 1
-369.0 29.0 1
14.0 369.0 1
461.0 -348.0 1
-254.0 -234.0 1
448.0 -172.0 1
-290.0 -367.0 1
90.0 -24.0 1
462.0 -115.0 1
-414.0 307.0 1
450.0 -384.0 1
183.0 295.0 1
519.0 -342.0 1
147.0 184.0 1
419.0 -175.0 1
167.0 -45.0 1
-8.0 216.0 1
-376.0 -21.0 1
479.0 90.0 1
-191.0 -298.0 1
66.0 -202.0 1
-552.0 -218.0 1
317.0 -305.0 1
-159.0 258.0 1
479.0 -153.0 1
-35.0 275.0 1
-256.0 123.0 1
519.0 -217.0 1
457.0 279.0 1
-145.0 -157.0 1
448.0 351.0 1
150.0 19.0 1
-123.0 -51.0 1
452.0 -128.0 1
-477.0 -175.0 1
-465.0 -153.0 1
497.0 -95.0 1
-420.0 57.0 1
513.0 -38.0 1
394.0 -91.0 1
-50.0 -286.0 1
-183.0 94.0 1
-303.0 -354.0 1
