172.0 85.0 0
148.0 152.0 0
251.0 183.0 0
-50.0 166.0 0
-79.0 259.0 0
-37.0 105.0 0
-94.0 234.0 0
-72.0 223.0 0
-172.0 20.0 0
-249.0 -9.0 0
-367.0 12.0 0
-327.0 0.0 0
-222.0 7.0 0
-342.0 -12.0 0
-3.0 -112.0 0
-128.0 -350.0 0
239.0 -209.0 0
92.0 -54.0 0
222.0 -141.0 0
57.0 -51.0 0
428.0 306.0 1
-24.0 -377.0 1
239.0 -361.0 1
-76.0 -363.0 1
533.0 101.0 1
-376.0 -138.0 1
348.0 14.0 1
170.0 -44.0 1
11.0 359.0 1
457.0 -335.0 1
34.0 393.0 1
111.0 -256.0 1
-310.0 -49.0 1
-208.0 304.0 1
-87.0 -39.0 1
353.0 -75.0 1
-1.0 -374.0 1
-567.0 340.0 1
218.0 -59.0 1
-455.0 70.0 1
-175.0 -84.0 1
522.0 -137.0 1
91.0 307.0 1
104.0 210.0 1
466.0 -154.0 1
-433.0 -251.0 1
-342.0 -283.0 1
297.0 91.0 1
410.0 -2.0 1
416.0 -185.0 1
-297.0 376.0 1
367.0 24.0 1
-567.0 167.0 1
-101.0 411.0 1
415.0 -269.0 1
-119.0 -72.0 1
472.0 -35.0 1
67.0 -164.0 1
348.0 298.0 1
240.0 -53.0 1
-386.0 -183.0 1
-531.0 87.0 1
-398.0 -281.0 1
228.0 287.0 1
98.0 283.0 1
-508.0 361.0 1
197.0 250.0 1
526.0 80.0 1
414.0 30.0 1
498.0 -276.0 1
-202.0 -175.0 1
20.0 -298.0 1
-398.0 79.0 1
446.0 -204.0 1
-337.0 177.0 1
-156.0 -139.0 1
425.0 -211.0 1
186.0 -84.0 1
460.0 52.0 1
-529.0 197.0 1
-253.0 -285.0 1
-538.0 377.0 1
-514.0 71.0 1
349.0 -184.0 1
-395.0 163.0 1
-1.0 -172.0 1
449.0 -191.0 1
488.0 -300.0 1
-37.0 401.0 1
-486.0 -291.0 1
-295.0 -383.0 1
-273.0 -276.0 1
398.0 334.0 1
70.0 361.0 1
526.0 332.0 1
348.0 -199.0 1
-458.0 -299.0 1
-360.0 322.0 1
-180.0 284.0 1
451.0 206.0 1
45.0 -318.0 1
-374.0 -107.0 1
9.0 406.0 1
286.0 318.0 1
-263.0 270.0 1
220.0 1.0 1
420.0 258.0 1
-472.0 -1.0 1
455.0 -117.0 1
-73.0 386.0 1
-127.0 126.0 1
355.0 -42.0 1
2.0 -279.0 1
399.0 260.0 1
462.0 327.0 1
18.0 75.0 1
377.0 162.0 1
-404.0 -73.0 1
-14.0 381.0 1
5.0 -155.0 1
388.0 -323.0 1
166.0 -309.0 1
332.0 107.0 1
-524.0 -409.0 1
8.0 -352.0 1
200.0 227.0 1
-429.0 -204.0 1
-102.0 -389.0 1
327.0 181.0 1
380.0 -365.0 1
449.0 49.0 1
14.0 293.0 1
-398.0 -335.0 1
-343.0 330.0 1
522.0 342.0 1
125.0 279.0 1
-498.0 80.0 1
-4.0 -261.0 1
-184.0 -375.0 1
-389.0 -296.0 1
347.0 -30.0 1
-179.0 185.0 1
-322.0 -280.0 1
-171.0 121.0 1
247.0 -109.0 1
-500.0 -23.0 1
305.0 -103.0 1
-540.0 293.0 1
232.0 296.0 1
-381.0 60.0 1
288.0 -261.0 1
-309.0 -268.0 1
158.0 14.0 1
527.0 261.0 1
12.0 388.0 1
-329.0 381.0 1
-448.0 -407.0 1
145.0 -223.0 1
-9.0 -183.0 1
421.0 116.0 1
