-50.0 166.0 0
-112.0 -360.0 0
-145.0 5.0 0
-17.0 87.0 0
140.0 -146.0 0
-60.0 19.0 0
175.0 87.0 0
-96.0 -18.0 0
-28.0 -146.0 0
-373.0 13.0 0
-410.0 327.0 1
-41.0 -372.0 1
-297.0 376.0 1
-398.0 -281.0 1
45.0 -318.0 1
-307.0 -242.0 1
457.0 279.0 1
175.0 225.0 1
118.0 39.0 1
91.0 307.0 1
-90.0 408.0 1
-256.0 123.0 1
285.0 -358.0 1
-181.0 103.0 1
-44.0 320.0 1
-410.0 -390.0 1
198.0 -344.0 1
-280.0 -189.0 1
82.0 137.0 1
-252.0 -366.0 1
233.0 -39.0 1
185.0 -262.0 1
54.0 -156.0 1
-403.0 78.0 1
219.0 402.0 1
473.0 170.0 1
216.0 54.0 1
-145.0 -157.0 1
-498.0 -205.0 1
-444.0 -94.0 1
490.0 -319.0 1
433.0 -46.0 1
281.0 15.0 1
324.0 88.0 1
-531.0 87.0 1
-15.0 199.0 1
399.0 260.0 1
353.0 -75.0 1
379.0 372.0 1
522.0 -281.0 1
-128.0 199.0 1
462.0 -115.0 1
-115.0 185.0 1
-241.0 -282.0 1
-404.0 -73.0 1
442.0 -244.0 1
479.0 -153.0 1
36.0 -296.0 1
337.0 -189.0 1
34.0 393.0 1
179.0 352.0 1
194.0 81.0 1
-486.0 -291.0 1
-507.0 -242.0 1
513.0 -92.0 1
-254.0 -234.0 1
-347.0 169.0 1
167.0 -45.0 1
67.0 -164.0 1
-433.0 11.0 1
94.0 -202.0 1
-389.0 -9.0 1
348.0 -366.0 1
468.0 138.0 1
365.0 -182.0 1
-476.0 373.0 1
96.0 -282.0 1
-458.0 -299.0 1
-390.0 250.0 1
-444.0 385.0 1
