251.0 183.0 0
-40.0 162.0 0
-32.0 -226.0 0
-99.0 -321.0 0
-78.0 -189.0 0
250.0 -157.0 0
133.0 114.0 0
115.0 100.0 0
-34.0 99.0 0
-73.0 -144.0 0
349.0 117.0 1
-25.0 -273.0 1
533.0 101.0 1
-376.0 -138.0 1
417.0 236.0 1
457.0 -335.0 1
-102.0 -407.0 1
468.0 138.0 1
-310.0 -49.0 1
-491.0 136.0 1
-194.0 -144.0 1
-175.0 -84.0 1
195.0 284.0 1
-492.0 111.0 1
104.0 210.0 1
22.0 -189.0 1
65.0 136.0 1
194.0 81.0 1
415.0 -269.0 1
444.0 94.0 1
-214.0 -324.0 1
235.0 -104.0 1
401.0 -391.0 1
-337.0 177.0 1
-297.0 -76.0 1
-514.0 71.0 1
-395.0 163.0 1
526.0 332.0 1
510.0 -124.0 1
188.0 188.0 1
412.0 143.0 1
118.0 39.0 1
-533.0 -188.0 1
286.0 318.0 1
220.0 1.0 1
455.0 -117.0 1
-391.0 -256.0 1
-410.0 327.0 1
382.0 -401.0 1
76.0 -382.0 1
-226.0 80.0 1
-306.0 -249.0 1
-414.0 307.0 1
-9.0 411.0 1
479.0 90.0 1
449.0 49.0 1
399.0 -272.0 1
54.0 -156.0 1
457.0 279.0 1
346.0 352.0 1
246.0 -303.0 1
-168.0 85.0 1
-402.0 214.0 1
392.0 316.0 1
-517.0 -336.0 1
-186.0 -69.0 1
-280.0 -189.0 1
479.0 -223.0 1
-418.0 -120.0 1
-217.0 -190.0 1
8.0 -250.0 1
93.0 280.0 1
480.0 -154.0 1
-521.0 -310.0 1
-226.0 384.0 1
-128.0 199.0 1
-191.0 291.0 1
-111.0 390.0 1
-370.0 -211.0 1
-282.0 -239.0 1
