166.0 164.0 0
-325.0 -28.0 0
-249.0 -9.0 0
-327.0 0.0 0
-77.0 -153.0 0
-110.0 -223.0 0
275.0 -214.0 0
222.0 -141.0 0
91.0 -29.0 0
-98.0 -279.0 0
368.0 132.0 1
131.0 -17.0 1
-398.0 -197.0 1
-532.0 -187.0 1
132.0 18.0 1
507.0 207.0 1
-401.0 344.0 1
-333.0 -85.0 1
-401.0 -376.0 1
-573.0 59.0 1
328.0 -340.0 1
504.0 133.0 1
-433.0 -251.0 1
124.0 264.0 1
-246.0 69.0 1
189.0 266.0 1
-424.0 -282.0 1
-508.0 361.0 1
435.0 99.0 1
1.0 381.0 1
102.0 -263.0 1
412.0 242.0 1
173.0 -294.0 1
379.0 376.0 1
410.0 319.0 1
-265.0 -177.0 1
330.0 -106.0 1
-273.0 -276.0 1
348.0 -199.0 1
-197.0 -255.0 1
137.0 -304.0 1
5.0 -248.0 1
453.0 -167.0 1
321.0 65.0 1
-23.0 -265.0 1
285.0 -116.0 1
-404.0 -73.0 1
5.0 -155.0 1
-369.0 29.0 1
-289.0 325.0 1
84.0 116.0 1
-345.0 336.0 1
200.0 227.0 1
519.0 -342.0 1
377.0 22.0 1
134.0 171.0 1
-35.0 275.0 1
4.0 -297.0 1
432.0 199.0 1
142.0 192.0 1
448.0 351.0 1
-179.0 185.0 1
-183.0 370.0 1
-201.0 219.0 1
-307.0 -242.0 1
-90.0 125.0 1
421.0 116.0 1
-99.0 -384.0 1
328.0 -375.0 1
-338.0 116.0 1
67.0 -361.0 1
309.0 -146.0 1
-444.0 385.0 1
-165.0 81.0 1
-149.0 280.0 1
226.0 -214.0 1
-320.0 -85.0 1
-395.0 -280.0 1
101.0 253.0 1
30.0 -260.0 1
