168.0 114.0 0
117.0 116.0 0
166.0 164.0 0
151.0 137.0 0
-45.0 202.0 0
-18.0 135.0 0
-68.0 157.0 0
-74.0 229.0 0
-53.0 162.0 0
-334.0 4.0 0
-325.0 -28.0 0
-86.0 21.0 0
-156.0 29.0 0
-158.0 -13.0 0
-118.0 -308.0 0
-99.0 -321.0 0
-96.0 -255.0 0
-109.0 -306.0 0
-112.0 -360.0 0
258.0 -213.0 0
208.0 -69.0 1
131.0 -17.0 1
71.0 119.0 1
-25.0 -273.0 1
-360.0 193.0 1
234.0 -237.0 1
345.0 -238.0 1
156.0 -182.0 1
-315.0 -403.0 1
-164.0 -253.0 1
281.0 -287.0 1
132.0 18.0 1
244.0 -74.0 1
-333.0 -85.0 1
-482.0 355.0 1
328.0 -340.0 1
-492.0 111.0 1
69.0 -124.0 1
15.0 109.0 1
297.0 -363.0 1
498.0 -328.0 1
371.0 32.0 1
128.0 -35.0 1
504.0 133.0 1
-325.0 -390.0 1
519.0 -224.0 1
344.0 -140.0 1
310.0 -126.0 1
-371.0 -406.0 1
350.0 147.0 1
79.0 -160.0 1
-505.0 177.0 1
505.0 -201.0 1
32.0 -96.0 1
124.0 264.0 1
-435.0 -271.0 1
293.0 -76.0 1
65.0 136.0 1
125.0 -233.0 1
-182.0 81.0 1
360.0 166.0 1
350.0 260.0 1
438.0 -84.0 1
-377.0 286.0 1
461.0 385.0 1
281.0 15.0 1
376.0 65.0 1
405.0 186.0 1
435.0 99.0 1
502.0 -243.0 1
-222.0 393.0 1
401.0 -391.0 1
259.0 -133.0 1
503.0 145.0 1
-408.0 306.0 1
-15.0 199.0 1
-262.0 -238.0 1
196.0 -387.0 1
-405.0 22.0 1
379.0 376.0 1
-547.0 -124.0 1
-540.0 -286.0 1
51.0 78.0 1
129.0 -43.0 1
-391.0 71.0 1
59.0 408.0 1
188.0 188.0 1
-399.0 -259.0 1
441.0 -128.0 1
513.0 -92.0 1
215.0 44.0 1
312.0 3.0 1
-189.0 160.0 1
321.0 65.0 1
473.0 170.0 1
489.0 -321.0 1
371.0 -122.0 1
-333.0 -308.0 1
-456.0 170.0 1
216.0 54.0 1
54.0 172.0 1
-162.0 249.0 1
198.0 -344.0 1
-347.0 169.0 1
-23.0 -265.0 1
210.0 355.0 1
16.0 309.0 1
297.0 -55.0 1
-391.0 -256.0 1
265.0 402.0 1
432.0 -347.0 1
285.0 -116.0 1
506.0 341.0 1
484.0 368.0 1
-496.0 -127.0 1
324.0 88.0 1
-486.0 -22.0 1
114.0 -347.0 1
351.0 15.0 1
96.0 -282.0 1
467.0 -286.0 1
-133.0 -224.0 1
-413.0 -266.0 1
-9.0 411.0 1
-345.0 336.0 1
-397.0 1.0 1
477.0 -177.0 1
-531.0 -113.0 1
456.0 294.0 1
-487.0 303.0 1
36.0 -296.0 1
70.0 380.0 1
-567.0 -84.0 1
-444.0 -94.0 1
-16.0 220.0 1
-171.0 57.0 1
-303.0 -287.0 1
377.0 22.0 1
134.0 171.0 1
430.0 -210.0 1
54.0 -156.0 1
-133.0 -358.0 1
-463.0 -72.0 1
4.0 -297.0 1
432.0 199.0 1
-365.0 278.0 1
-267.0 -364.0 1
448.0 28.0 1
142.0 192.0 1
-464.0 -302.0 1
261.0 236.0 1
-307.0 -242.0 1
-24.0 320.0 1
388.0 275.0 1
377.0 259.0 1
246.0 -303.0 1
402.0 -24.0 1
-168.0 85.0 1
-505.0 -248.0 1
-5.0 -242.0 1
