-74.0 229.0 0
-98.0 -279.0 0
-222.0 7.0 0
60.0 60.0 0
275.0 -214.0 0
-30.0 111.0 0
117.0 116.0 0
92.0 -54.0 0
251.0 183.0 0
-110.0 -223.0 0
-343.0 330.0 1
-102.0 -389.0 1
-222.0 393.0 1
-435.0 -271.0 1
-1.0 -374.0 1
-364.0 -207.0 1
522.0 286.0 1
189.0 266.0 1
112.0 -20.0 1
124.0 264.0 1
-15.0 383.0 1
-291.0 218.0 1
281.0 -287.0 1
-165.0 81.0 1
14.0 293.0 1
-411.0 -330.0 1
114.0 -347.0 1
-217.0 -190.0 1
143.0 197.0 1
-325.0 -390.0 1
244.0 -74.0 1
187.0 -359.0 1
-9.0 -183.0 1
-377.0 141.0 1
305.0 395.0 1
432.0 199.0 1
220.0 1.0 1
-159.0 -88.0 1
-533.0 -188.0 1
-548.0 0.0 1
486.0 -382.0 1
414.0 30.0 1
293.0 -76.0 1
350.0 147.0 1
-508.0 194.0 1
50.0 255.0 1
350.0 260.0 1
367.0 24.0 1
504.0 374.0 1
519.0 -217.0 1
-179.0 185.0 1
483.0 -89.0 1
-123.0 68.0 1
-273.0 -276.0 1
-305.0 -74.0 1
488.0 -300.0 1
452.0 -128.0 1
-5.0 -242.0 1
330.0 -106.0 1
-101.0 411.0 1
70.0 380.0 1
71.0 119.0 1
-521.0 -310.0 1
-568.0 -400.0 1
480.0 -154.0 1
-164.0 -253.0 1
-451.0 137.0 1
226.0 49.0 1
-98.0 -112.0 1
-498.0 80.0 1
156.0 -182.0 1
-454.0 -115.0 1
399.0 -272.0 1
526.0 80.0 1
478.0 37.0 1
-538.0 377.0 1
-223.0 -365.0 1
328.0 -375.0 1
-405.0 22.0 1
-180.0 284.0 1
