71.0 76.0 0
172.0 85.0 0
175.0 87.0 0
168.0 114.0 0
152.0 130.0 0
52.0 55.0 0
50.0 17.0 0
151.0 137.0 0
161.0 81.0 0
-45.0 202.0 0
-50.0 166.0 0
-79.0 259.0 0
-37.0 105.0 0
-74.0 229.0 0
-95.0 170.0 0
-54.0 159.0 0
-53.0 162.0 0
-28.0 203.0 0
-334.0 4.0 0
-325.0 -28.0 0
-86.0 21.0 0
-140.0 35.0 0
-367.0 12.0 0
-145.0 5.0 0
-222.0 7.0 0
-342.0 -12.0 0
-118.0 -308.0 0
-96.0 -255.0 0
-28.0 -146.0 0
-78.0 -189.0 0
-77.0 -153.0 0
-49.0 -221.0 0
-70.0 -273.0 0
-112.0 -360.0 0
239.0 -209.0 0
148.0 -127.0 0
27.0 -27.0 0
258.0 -213.0 0
275.0 -214.0 0
92.0 -54.0 0
222.0 -141.0 0
112.0 -92.0 0
133.0 114.0 0
298.0 219.0 0
27.0 24.0 0
270.0 190.0 0
-69.0 131.0 0
-60.0 19.0 0
-51.0 -19.0 0
-35.0 11.0 0
-73.0 -144.0 0
-128.0 -330.0 0
-14.0 346.0 1
428.0 306.0 1
104.0 412.0 1
-185.0 82.0 1
-24.0 -377.0 1
208.0 -69.0 1
-332.0 -267.0 1
-441.0 -79.0 1
155.0 -328.0 1
-235.0 347.0 1
-131.0 -249.0 1
-25.0 -273.0 1
-349.0 68.0 1
-522.0 246.0 1
-532.0 -187.0 1
119.0 232.0 1
-360.0 193.0 1
330.0 -94.0 1
234.0 -237.0 1
-376.0 -138.0 1
156.0 -182.0 1
348.0 14.0 1
-383.0 127.0 1
170.0 -44.0 1
-315.0 -403.0 1
-164.0 -253.0 1
281.0 -287.0 1
-390.0 250.0 1
462.0 -358.0 1
457.0 -335.0 1
34.0 393.0 1
-139.0 -89.0 1
-310.0 -49.0 1
-491.0 136.0 1
-87.0 -39.0 1
507.0 207.0 1
-401.0 344.0 1
-409.0 -2.0 1
-463.0 -412.0 1
-1.0 -374.0 1
-445.0 41.0 1
-507.0 -242.0 1
-333.0 -85.0 1
-567.0 340.0 1
-194.0 -144.0 1
218.0 -59.0 1
-401.0 -376.0 1
-455.0 70.0 1
62.0 -220.0 1
-492.0 111.0 1
91.0 307.0 1
498.0 -328.0 1
466.0 -154.0 1
-433.0 -251.0 1
-325.0 -390.0 1
-342.0 -208.0 1
130.0 383.0 1
79.0 -160.0 1
-505.0 177.0 1
-44.0 320.0 1
-252.0 -366.0 1
410.0 -2.0 1
361.0 337.0 1
32.0 -96.0 1
124.0 264.0 1
367.0 24.0 1
22.0 -189.0 1
-64.0 -384.0 1
424.0 18.0 1
293.0 -76.0 1
125.0 -233.0 1
40.0 -224.0 1
360.0 166.0 1
472.0 -35.0 1
67.0 -164.0 1
-338.0 157.0 1
438.0 -84.0 1
-455.0 -358.0 1
189.0 266.0 1
444.0 94.0 1
-508.0 194.0 1
228.0 287.0 1
98.0 283.0 1
197.0 250.0 1
-148.0 289.0 1
281.0 15.0 1
376.0 65.0 1
296.0 46.0 1
-115.0 185.0 1
-202.0 -175.0 1
-222.0 393.0 1
20.0 -298.0 1
446.0 -204.0 1
401.0 -391.0 1
259.0 -133.0 1
-156.0 -139.0 1
503.0 145.0 1
-11.0 -378.0 1
425.0 -211.0 1
186.0 -84.0 1
460.0 52.0 1
-408.0 306.0 1
315.0 -325.0 1
522.0 286.0 1
-538.0 377.0 1
313.0 -396.0 1
-15.0 199.0 1
412.0 242.0 1
-514.0 71.0 1
-467.0 90.0 1
196.0 -387.0 1
51.0 -178.0 1
173.0 -294.0 1
134.0 44.0 1
349.0 -184.0 1
240.0 -19.0 1
535.0 326.0 1
-1.0 -172.0 1
488.0 -300.0 1
427.0 201.0 1
-37.0 401.0 1
379.0 376.0 1
-486.0 -291.0 1
-295.0 -383.0 1
-540.0 -286.0 1
-419.0 -47.0 1
-265.0 -177.0 1
-476.0 373.0 1
51.0 78.0 1
-448.0 -156.0 1
-273.0 -276.0 1
26.0 96.0 1
-420.0 -359.0 1
-486.0 384.0 1
398.0 334.0 1
-391.0 71.0 1
510.0 -124.0 1
-399.0 -259.0 1
348.0 -199.0 1
441.0 -128.0 1
513.0 -92.0 1
-29.0 351.0 1
5.0 -248.0 1
-76.0 35.0 1
111.0 343.0 1
-360.0 322.0 1
-180.0 284.0 1
412.0 143.0 1
-313.0 247.0 1
118.0 39.0 1
348.0 -366.0 1
-410.0 -390.0 1
207.0 -15.0 1
139.0 46.0 1
216.0 360.0 1
371.0 -122.0 1
-374.0 -107.0 1
-162.0 40.0 1
-263.0 270.0 1
220.0 1.0 1
-15.0 383.0 1
442.0 -244.0 1
216.0 54.0 1
-572.0 411.0 1
490.0 166.0 1
198.0 -344.0 1
-472.0 -1.0 1
243.0 390.0 1
-537.0 121.0 1
-413.0 -351.0 1
-433.0 11.0 1
455.0 -117.0 1
-73.0 386.0 1
-347.0 169.0 1
496.0 -121.0 1
-127.0 126.0 1
210.0 355.0 1
16.0 309.0 1
2.0 -279.0 1
-525.0 260.0 1
399.0 260.0 1
-410.0 327.0 1
-24.0 346.0 1
432.0 -347.0 1
285.0 -116.0 1
-404.0 -73.0 1
382.0 -401.0 1
506.0 341.0 1
-486.0 -22.0 1
114.0 -347.0 1
388.0 -323.0 1
-369.0 29.0 1
351.0 15.0 1
166.0 -309.0 1
93.0 17.0 1
467.0 -286.0 1
-290.0 -367.0 1
90.0 -24.0 1
332.0 107.0 1
-226.0 80.0 1
-524.0 -409.0 1
-306.0 -249.0 1
462.0 -115.0 1
-413.0 -266.0 1
450.0 -384.0 1
-345.0 336.0 1
200.0 227.0 1
519.0 -342.0 1
-429.0 -204.0 1
477.0 -177.0 1
437.0 -367.0 1
-531.0 -113.0 1
251.0 -73.0 1
435.0 -367.0 1
70.0 380.0 1
-444.0 -94.0 1
162.0 284.0 1
-8.0 216.0 1
-376.0 -21.0 1
479.0 90.0 1
-303.0 -287.0 1
-191.0 -298.0 1
-552.0 -218.0 1
134.0 171.0 1
-165.0 347.0 1
399.0 -272.0 1
-281.0 -345.0 1
14.0 293.0 1
430.0 -210.0 1
-233.0 -106.0 1
125.0 279.0 1
-195.0 269.0 1
479.0 -153.0 1
-35.0 275.0 1
519.0 -217.0 1
457.0 279.0 1
504.0 374.0 1
-4.0 -261.0 1
4.0 -297.0 1
-145.0 -157.0 1
-184.0 -375.0 1
-365.0 278.0 1
-267.0 -364.0 1
142.0 192.0 1
-389.0 -296.0 1
347.0 -30.0 1
-171.0 121.0 1
-500.0 -23.0 1
434.0 -10.0 1
-540.0 293.0 1
-403.0 78.0 1
-381.0 60.0 1
-464.0 -302.0 1
-123.0 -51.0 1
51.0 -201.0 1
452.0 -128.0 1
-24.0 320.0 1
497.0 -95.0 1
-420.0 57.0 1
-309.0 -268.0 1
246.0 -303.0 1
402.0 -24.0 1
-168.0 85.0 1
158.0 14.0 1
527.0 261.0 1
-5.0 -242.0 1
-402.0 214.0 1
392.0 316.0 1
-183.0 94.0 1
-448.0 -407.0 1
-303.0 -354.0 1
-494.0 301.0 1
-99.0 -384.0 1
-468.0 -47.0 1
491.0 231.0 1
-199.0 -62.0 1
-338.0 116.0 1
-186.0 -69.0 1
67.0 -361.0 1
-280.0 -189.0 1
337.0 -149.0 1
501.0 222.0 1
-98.0 -112.0 1
-413.0 -372.0 1
124.0 -169.0 1
-389.0 382.0 1
279.0 310.0 1
93.0 280.0 1
375.0 -362.0 1
485.0 -117.0 1
-170.0 -109.0 1
-151.0 -255.0 1
475.0 -33.0 1
309.0 -146.0 1
-205.0 -151.0 1
-444.0 385.0 1
-327.0 -59.0 1
379.0 390.0 1
-170.0 76.0 1
-384.0 -195.0 1
-499.0 -401.0 1
464.0 -39.0 1
263.0 -413.0 1
496.0 99.0 1
285.0 -358.0 1
232.0 98.0 1
445.0 -63.0 1
-411.0 -330.0 1
-548.0 0.0 1
-272.0 231.0 1
239.0 -59.0 1
480.0 -154.0 1
-525.0 -412.0 1
-128.0 199.0 1
444.0 -38.0 1
348.0 -112.0 1
-149.0 280.0 1
-191.0 291.0 1
226.0 -214.0 1
-370.0 -211.0 1
-500.0 79.0 1
-320.0 -85.0 1
437.0 365.0 1
233.0 -39.0 1
-330.0 -115.0 1
-395.0 -280.0 1
22.0 191.0 1
242.0 -311.0 1
-291.0 218.0 1
337.0 -189.0 1
350.0 79.0 1
163.0 390.0 1
505.0 -264.0 1
-454.0 -115.0 1
-564.0 -386.0 1
-460.0 79.0 1
143.0 197.0 1
-123.0 68.0 1
-282.0 -239.0 1
-398.0 -394.0 1
101.0 253.0 1
240.0 224.0 1
30.0 -260.0 1
523.0 76.0 1
-231.0 330.0 1
251.0 -97.0 1
-413.0 238.0 1
379.0 372.0 1
