148.0 152.0 0
168.0 114.0 0
52.0 55.0 0
283.0 210.0 0
50.0 17.0 0
151.0 137.0 0
-27.0 180.0 0
-50.0 166.0 0
-37.0 105.0 0
-40.0 162.0 0
-94.0 234.0 0
-95.0 170.0 0
-28.0 203.0 0
-127.0 -31.0 0
-156.0 29.0 0
-145.0 5.0 0
-327.0 19.0 0
-342.0 -12.0 0
-158.0 -13.0 0
-3.0 -112.0 0
-32.0 -226.0 0
-128.0 -350.0 0
-78.0 -189.0 0
5.0 -63.0 0
-109.0 -306.0 0
-70.0 -273.0 0
-89.0 -295.0 0
-110.0 -223.0 0
239.0 -209.0 0
61.0 -63.0 0
27.0 -27.0 0
258.0 -213.0 0
222.0 -141.0 0
91.0 -29.0 0
303.0 -208.0 0
57.0 -51.0 0
298.0 219.0 0
27.0 24.0 0
270.0 190.0 0
-30.0 111.0 0
-96.0 -18.0 0
-60.0 19.0 0
-35.0 11.0 0
-73.0 -144.0 0
140.0 -146.0 0
149.0 -151.0 0
212.0 -154.0 0
-267.0 334.0 1
-185.0 82.0 1
208.0 -69.0 1
-332.0 -267.0 1
368.0 132.0 1
131.0 -17.0 1
-76.0 -363.0 1
71.0 119.0 1
-25.0 -273.0 1
119.0 232.0 1
-360.0 193.0 1
234.0 -237.0 1
533.0 101.0 1
163.0 -391.0 1
-376.0 -138.0 1
156.0 -182.0 1
-356.0 143.0 1
-164.0 -253.0 1
417.0 236.0 1
-390.0 250.0 1
-139.0 -89.0 1
132.0 18.0 1
111.0 -256.0 1
468.0 138.0 1
-181.0 103.0 1
-208.0 304.0 1
-87.0 -39.0 1
-401.0 344.0 1
-463.0 -412.0 1
353.0 -75.0 1
-445.0 41.0 1
-507.0 -242.0 1
412.0 -61.0 1
-194.0 -144.0 1
-401.0 -376.0 1
-455.0 70.0 1
-175.0 -84.0 1
-482.0 355.0 1
195.0 284.0 1
218.0 236.0 1
62.0 -220.0 1
91.0 307.0 1
94.0 -202.0 1
-512.0 -380.0 1
297.0 -363.0 1
104.0 210.0 1
-164.0 402.0 1
128.0 -35.0 1
466.0 -154.0 1
504.0 133.0 1
-433.0 -251.0 1
-325.0 -390.0 1
344.0 -140.0 1
310.0 -126.0 1
-246.0 370.0 1
130.0 383.0 1
-73.0 -47.0 1
79.0 -160.0 1
-44.0 320.0 1
-252.0 -366.0 1
297.0 91.0 1
-135.0 -239.0 1
361.0 337.0 1
367.0 24.0 1
22.0 -189.0 1
-246.0 69.0 1
-41.0 -372.0 1
65.0 136.0 1
120.0 33.0 1
-567.0 167.0 1
194.0 81.0 1
125.0 -233.0 1
-101.0 411.0 1
-182.0 81.0 1
-119.0 -72.0 1
472.0 -35.0 1
348.0 298.0 1
350.0 260.0 1
240.0 -53.0 1
-386.0 -183.0 1
-28.0 -308.0 1
189.0 266.0 1
-377.0 286.0 1
-508.0 194.0 1
228.0 287.0 1
118.0 186.0 1
187.0 -359.0 1
461.0 385.0 1
-424.0 -282.0 1
-59.0 -30.0 1
-508.0 361.0 1
-112.0 -214.0 1
414.0 30.0 1
78.0 399.0 1
-148.0 289.0 1
281.0 15.0 1
405.0 186.0 1
435.0 99.0 1
-222.0 393.0 1
-398.0 79.0 1
446.0 -204.0 1
-337.0 177.0 1
503.0 145.0 1
37.0 237.0 1
226.0 49.0 1
315.0 -325.0 1
-529.0 197.0 1
522.0 286.0 1
-216.0 89.0 1
-241.0 -282.0 1
412.0 242.0 1
-467.0 90.0 1
51.0 -178.0 1
173.0 -294.0 1
185.0 -262.0 1
349.0 -184.0 1
260.0 -2.0 1
-1.0 -172.0 1
427.0 201.0 1
379.0 376.0 1
-234.0 -228.0 1
-295.0 -383.0 1
-540.0 -286.0 1
-419.0 -47.0 1
410.0 319.0 1
-265.0 -177.0 1
-476.0 373.0 1
51.0 78.0 1
-206.0 -334.0 1
-514.0 -109.0 1
330.0 -106.0 1
-448.0 -156.0 1
-273.0 -276.0 1
-562.0 92.0 1
129.0 -43.0 1
-486.0 384.0 1
70.0 361.0 1
50.0 255.0 1
59.0 408.0 1
510.0 -124.0 1
79.0 265.0 1
348.0 -199.0 1
-222.0 -171.0 1
-29.0 351.0 1
-197.0 -255.0 1
137.0 -304.0 1
-76.0 35.0 1
-458.0 -299.0 1
111.0 343.0 1
-360.0 322.0 1
-180.0 284.0 1
-313.0 247.0 1
118.0 39.0 1
-463.0 -256.0 1
215.0 44.0 1
-410.0 -390.0 1
312.0 3.0 1
433.0 -46.0 1
207.0 -15.0 1
451.0 206.0 1
45.0 -318.0 1
-533.0 -188.0 1
473.0 170.0 1
489.0 -321.0 1
371.0 -122.0 1
-374.0 -107.0 1
-333.0 -308.0 1
-162.0 40.0 1
-456.0 170.0 1
286.0 318.0 1
71.0 -176.0 1
-263.0 270.0 1
-454.0 239.0 1
-572.0 411.0 1
-162.0 249.0 1
490.0 166.0 1
-472.0 -1.0 1
-537.0 121.0 1
-413.0 -351.0 1
-73.0 386.0 1
496.0 -121.0 1
2.0 -279.0 1
-525.0 260.0 1
399.0 260.0 1
-391.0 -256.0 1
-55.0 315.0 1
265.0 402.0 1
406.0 -276.0 1
432.0 -347.0 1
285.0 -116.0 1
36.0 -300.0 1
377.0 162.0 1
-404.0 -73.0 1
382.0 -401.0 1
76.0 -382.0 1
506.0 341.0 1
388.0 -323.0 1
166.0 -309.0 1
14.0 369.0 1
461.0 -348.0 1
96.0 -282.0 1
-289.0 325.0 1
448.0 -172.0 1
-133.0 -224.0 1
-290.0 -367.0 1
-551.0 -315.0 1
-524.0 -409.0 1
462.0 -115.0 1
8.0 -352.0 1
-413.0 -266.0 1
450.0 -384.0 1
251.0 -361.0 1
200.0 227.0 1
519.0 -342.0 1
-429.0 -204.0 1
-102.0 -389.0 1
477.0 -177.0 1
437.0 -367.0 1
-531.0 -113.0 1
-487.0 303.0 1
327.0 181.0 1
-128.0 -393.0 1
-444.0 -94.0 1
-8.0 216.0 1
-16.0 220.0 1
449.0 49.0 1
377.0 22.0 1
66.0 -202.0 1
134.0 171.0 1
-281.0 -345.0 1
481.0 -94.0 1
14.0 293.0 1
430.0 -210.0 1
317.0 -305.0 1
-384.0 349.0 1
-357.0 -222.0 1
-498.0 80.0 1
-133.0 -358.0 1
-463.0 -72.0 1
479.0 -153.0 1
-35.0 275.0 1
519.0 -217.0 1
-4.0 -261.0 1
4.0 -297.0 1
432.0 199.0 1
-145.0 -157.0 1
-184.0 -375.0 1
448.0 28.0 1
347.0 -30.0 1
-179.0 185.0 1
-322.0 -280.0 1
247.0 -109.0 1
150.0 19.0 1
305.0 -103.0 1
346.0 352.0 1
521.0 -208.0 1
-381.0 60.0 1
-464.0 -302.0 1
-123.0 -51.0 1
51.0 -201.0 1
261.0 236.0 1
-201.0 219.0 1
-465.0 -153.0 1
288.0 -261.0 1
388.0 275.0 1
497.0 -95.0 1
-389.0 -9.0 1
-309.0 -268.0 1
246.0 -303.0 1
513.0 -38.0 1
158.0 14.0 1
527.0 261.0 1
-90.0 125.0 1
12.0 388.0 1
-5.0 -242.0 1
392.0 316.0 1
-50.0 -286.0 1
-183.0 94.0 1
-448.0 -407.0 1
-517.0 -336.0 1
-303.0 -354.0 1
-494.0 301.0 1
145.0 -223.0 1
-9.0 -183.0 1
203.0 -264.0 1
-186.0 -69.0 1
67.0 -361.0 1
-217.0 -190.0 1
337.0 -149.0 1
-227.0 152.0 1
209.0 59.0 1
279.0 310.0 1
531.0 -168.0 1
-222.0 -119.0 1
485.0 -117.0 1
-170.0 -109.0 1
-151.0 -255.0 1
475.0 -33.0 1
225.0 342.0 1
-205.0 -151.0 1
-327.0 -59.0 1
379.0 390.0 1
490.0 -319.0 1
476.0 -370.0 1
473.0 162.0 1
-384.0 -195.0 1
464.0 -39.0 1
263.0 -413.0 1
496.0 99.0 1
285.0 -358.0 1
232.0 98.0 1
445.0 -63.0 1
-90.0 408.0 1
311.0 -273.0 1
522.0 -281.0 1
-272.0 231.0 1
-252.0 169.0 1
447.0 149.0 1
480.0 -154.0 1
-142.0 378.0 1
148.0 -246.0 1
-521.0 -310.0 1
490.0 -14.0 1
-525.0 -412.0 1
444.0 -38.0 1
348.0 -112.0 1
-191.0 291.0 1
-111.0 390.0 1
226.0 -214.0 1
133.0 287.0 1
-370.0 -211.0 1
-320.0 -85.0 1
233.0 -39.0 1
179.0 352.0 1
-291.0 218.0 1
104.0 -270.0 1
79.0 -296.0 1
337.0 -189.0 1
350.0 79.0 1
-538.0 -165.0 1
-472.0 355.0 1
-5.0 -310.0 1
163.0 390.0 1
505.0 -264.0 1
143.0 197.0 1
-123.0 68.0 1
-398.0 -394.0 1
236.0 -71.0 1
-426.0 150.0 1
116.0 -387.0 1
240.0 224.0 1
496.0 -247.0 1
-413.0 238.0 1
