-72.0 223.0 0
-89.0 -295.0 0
-249.0 -9.0 0
52.0 55.0 0
258.0 -213.0 0
-18.0 135.0 0
133.0 114.0 0
91.0 -29.0 0
270.0 190.0 0
-128.0 -350.0 0
-345.0 336.0 1
-128.0 -393.0 1
-226.0 384.0 1
-433.0 -251.0 1
8.0 -352.0 1
-357.0 -222.0 1
527.0 261.0 1
195.0 284.0 1
90.0 -24.0 1
125.0 279.0 1
-37.0 401.0 1
-272.0 231.0 1
288.0 -261.0 1
-168.0 85.0 1
16.0 309.0 1
-398.0 -335.0 1
134.0 -338.0 1
-222.0 -171.0 1
142.0 192.0 1
-315.0 -403.0 1
251.0 -73.0 1
196.0 -387.0 1
22.0 -189.0 1
-383.0 127.0 1
300.0 390.0 1
427.0 201.0 1
207.0 -15.0 1
-175.0 -84.0 1
-538.0 -165.0 1
-567.0 -84.0 1
476.0 -370.0 1
424.0 18.0 1
297.0 -55.0 1
368.0 132.0 1
-529.0 197.0 1
37.0 237.0 1
348.0 298.0 1
371.0 32.0 1
484.0 368.0 1
521.0 -208.0 1
-189.0 160.0 1
473.0 -69.0 1
-162.0 40.0 1
-291.0 -272.0 1
-297.0 -76.0 1
498.0 -328.0 1
441.0 -128.0 1
-4.0 -261.0 1
348.0 -112.0 1
-111.0 390.0 1
78.0 399.0 1
65.0 136.0 1
-517.0 -336.0 1
-564.0 -386.0 1
477.0 -177.0 1
-197.0 -255.0 1
-426.0 150.0 1
232.0 98.0 1
-59.0 -30.0 1
-500.0 79.0 1
186.0 -84.0 1
-418.0 -120.0 1
387.0 -292.0 1
533.0 101.0 1
460.0 52.0 1
-567.0 340.0 1
-135.0 -239.0 1
313.0 -396.0 1
-369.0 29.0 1
-162.0 249.0 1
