-94.0 234.0 0
-109.0 -306.0 0
-327.0 0.0 0
50.0 17.0 0
239.0 -209.0 0
-37.0 105.0 0
115.0 100.0 0
98.0 -53.0 0
283.0 210.0 0
-78.0 -189.0 0
-360.0 322.0 1
-133.0 -358.0 1
-246.0 370.0 1
-413.0 -266.0 1
-11.0 -378.0 1
-370.0 -211.0 1
526.0 332.0 1
183.0 295.0 1
120.0 -20.0 1
133.0 287.0 1
-9.0 411.0 1
-263.0 270.0 1
311.0 -273.0 1
-170.0 76.0 1
29.0 328.0 1
-413.0 -351.0 1
137.0 -304.0 1
-202.0 -175.0 1
147.0 184.0 1
-295.0 -383.0 1
236.0 -71.0 1
239.0 -361.0 1
-1.0 -172.0 1
-395.0 163.0 1
265.0 402.0 1
451.0 206.0 1
240.0 -19.0 1
-186.0 -69.0 1
-532.0 -187.0 1
-496.0 -127.0 1
462.0 -358.0 1
406.0 30.0 1
295.0 -89.0 1
349.0 117.0 1
-505.0 177.0 1
56.0 227.0 1
361.0 337.0 1
351.0 15.0 1
461.0 385.0 1
519.0 -224.0 1
-151.0 162.0 1
449.0 -67.0 1
-76.0 35.0 1
-309.0 -268.0 1
-320.0 -85.0 1
519.0 -342.0 1
455.0 -117.0 1
5.0 -248.0 1
344.0 -140.0 1
-142.0 378.0 1
59.0 408.0 1
84.0 116.0 1
-533.0 -359.0 1
-525.0 -412.0 1
446.0 -204.0 1
-191.0 -298.0 1
-456.0 170.0 1
297.0 91.0 1
32.0 -96.0 1
-514.0 71.0 1
259.0 -133.0 1
-419.0 -47.0 1
406.0 -276.0 1
523.0 76.0 1
444.0 94.0 1
-572.0 411.0 1
62.0 -220.0 1
297.0 -363.0 1
-376.0 -21.0 1
-191.0 291.0 1
