152.0 130.0 0
52.0 55.0 0
161.0 81.0 0
-27.0 180.0 0
-95.0 170.0 0
-140.0 35.0 0
-127.0 -31.0 0
-145.0 5.0 0
-78.0 -189.0 0
5.0 -63.0 0
-49.0 -221.0 0
-110.0 -223.0 0
25.0 -15.0 0
61.0 -63.0 0
32.0 -29.0 0
250.0 -157.0 0
275.0 -214.0 0
98.0 -53.0 0
112.0 -92.0 0
171.0 -116.0 0
-267.0 334.0 1
349.0 117.0 1
368.0 132.0 1
155.0 -328.0 1
-235.0 347.0 1
-349.0 68.0 1
-532.0 -187.0 1
119.0 232.0 1
163.0 -391.0 1
449.0 -67.0 1
-383.0 127.0 1
417.0 236.0 1
-390.0 250.0 1
-102.0 -407.0 1
-139.0 -89.0 1
-491.0 136.0 1
-401.0 344.0 1
-409.0 -2.0 1
-463.0 -412.0 1
-507.0 -242.0 1
412.0 -61.0 1
-194.0 -144.0 1
-401.0 -376.0 1
-573.0 59.0 1
94.0 -202.0 1
110.0 138.0 1
82.0 137.0 1
-342.0 -208.0 1
-246.0 370.0 1
-73.0 -47.0 1
-44.0 320.0 1
-252.0 -366.0 1
186.0 -352.0 1
-159.0 -88.0 1
361.0 337.0 1
424.0 18.0 1
-41.0 -372.0 1
-295.0 292.0 1
-338.0 157.0 1
-455.0 -358.0 1
189.0 266.0 1
444.0 94.0 1
-214.0 -324.0 1
-148.0 289.0 1
-115.0 185.0 1
235.0 -104.0 1
37.0 237.0 1
522.0 286.0 1
-216.0 89.0 1
313.0 -396.0 1
305.0 395.0 1
120.0 -20.0 1
-241.0 -282.0 1
102.0 -263.0 1
412.0 242.0 1
173.0 -294.0 1
240.0 -19.0 1
260.0 -2.0 1
535.0 326.0 1
410.0 319.0 1
-476.0 373.0 1
-514.0 -109.0 1
330.0 -106.0 1
-448.0 -156.0 1
26.0 96.0 1
-562.0 92.0 1
-486.0 384.0 1
50.0 255.0 1
510.0 -124.0 1
375.0 -90.0 1
137.0 -304.0 1
5.0 -248.0 1
-206.0 -309.0 1
111.0 343.0 1
412.0 143.0 1
-313.0 247.0 1
118.0 39.0 1
348.0 -366.0 1
-463.0 -256.0 1
-410.0 -390.0 1
433.0 -46.0 1
207.0 -15.0 1
139.0 46.0 1
-239.0 282.0 1
-454.0 239.0 1
-15.0 383.0 1
442.0 -244.0 1
-572.0 411.0 1
490.0 166.0 1
-433.0 11.0 1
-351.0 153.0 1
-525.0 260.0 1
35.0 396.0 1
-55.0 315.0 1
368.0 -64.0 1
406.0 -276.0 1
36.0 -300.0 1
382.0 -401.0 1
-364.0 -207.0 1
93.0 17.0 1
-417.0 -198.0 1
-289.0 325.0 1
-226.0 80.0 1
-551.0 -315.0 1
-306.0 -249.0 1
-480.0 -305.0 1
84.0 116.0 1
251.0 -361.0 1
-223.0 -365.0 1
437.0 -367.0 1
251.0 -73.0 1
-128.0 -393.0 1
435.0 -367.0 1
162.0 284.0 1
-382.0 -22.0 1
-165.0 347.0 1
399.0 -272.0 1
-281.0 -345.0 1
481.0 -94.0 1
-233.0 -106.0 1
-384.0 349.0 1
-357.0 -222.0 1
-163.0 -233.0 1
-195.0 269.0 1
504.0 374.0 1
434.0 -10.0 1
483.0 -89.0 1
-287.0 367.0 1
346.0 352.0 1
-403.0 78.0 1
521.0 -208.0 1
51.0 -201.0 1
-183.0 370.0 1
-201.0 219.0 1
-389.0 -9.0 1
-90.0 125.0 1
-402.0 214.0 1
392.0 316.0 1
-517.0 -336.0 1
-494.0 301.0 1
