71.0 76.0 0
168.0 114.0 0
60.0 60.0 0
-45.0 202.0 0
-54.0 159.0 0
61.0 -63.0 0
32.0 -29.0 0
27.0 24.0 0
270.0 190.0 0
140.0 -146.0 0
-14.0 346.0 1
-185.0 82.0 1
-24.0 -377.0 1
25.0 -392.0 1
-522.0 246.0 1
234.0 -237.0 1
345.0 -238.0 1
348.0 14.0 1
11.0 359.0 1
295.0 -89.0 1
-463.0 -412.0 1
353.0 -75.0 1
-445.0 41.0 1
82.0 137.0 1
130.0 383.0 1
505.0 -201.0 1
40.0 -224.0 1
-338.0 157.0 1
-28.0 -308.0 1
-377.0 286.0 1
118.0 186.0 1
461.0 385.0 1
446.0 -204.0 1
37.0 237.0 1
-11.0 -378.0 1
226.0 49.0 1
315.0 -325.0 1
-253.0 -285.0 1
-538.0 377.0 1
-15.0 199.0 1
-547.0 -124.0 1
-476.0 373.0 1
70.0 361.0 1
513.0 -92.0 1
-313.0 247.0 1
312.0 3.0 1
139.0 46.0 1
-176.0 74.0 1
216.0 360.0 1
-263.0 270.0 1
-162.0 249.0 1
-351.0 153.0 1
210.0 355.0 1
16.0 309.0 1
35.0 396.0 1
484.0 368.0 1
351.0 15.0 1
166.0 -309.0 1
90.0 -24.0 1
477.0 -177.0 1
-191.0 -298.0 1
317.0 -305.0 1
-4.0 -261.0 1
305.0 -103.0 1
-287.0 367.0 1
388.0 275.0 1
377.0 259.0 1
-303.0 -354.0 1
-389.0 382.0 1
-222.0 -119.0 1
225.0 342.0 1
509.0 405.0 1
-327.0 -59.0 1
-499.0 -401.0 1
-142.0 378.0 1
486.0 -382.0 1
-291.0 218.0 1
350.0 79.0 1
-5.0 -310.0 1
-426.0 150.0 1
