-94.0 234.0 0
-109.0 -306.0 0
-327.0 0.0 0
50.0 17.0 0
-53.0 162.0 0
-342.0 -12.0 0
239.0 -209.0 0
-30.0 111.0 0
115.0 100.0 0
98.0 -53.0 0
-40.0 162.0 0
148.0 -127.0 0
-127.0 -31.0 0
25.0 -15.0 0
283.0 210.0 0
-73.0 -144.0 0
161.0 81.0 0
-145.0 5.0 0
-114.0 -353.0 0
-49.0 -221.0 0
-360.0 322.0 1
-133.0 -358.0 1
-246.0 370.0 1
-413.0 -266.0 1
-11.0 -378.0 1
-370.0 -211.0 1
526.0 332.0 1
183.0 295.0 1
120.0 -20.0 1
133.0 287.0 1
-9.0 411.0 1
-386.0 -183.0 1
-263.0 270.0 1
311.0 -273.0 1
-170.0 76.0 1
-414.0 307.0 1
29.0 328.0 1
-413.0 -351.0 1
137.0 -304.0 1
251.0 -361.0 1
-202.0 -175.0 1
147.0 184.0 1
-295.0 -383.0 1
236.0 -71.0 1
198.0 -344.0 1
-1.0 -172.0 1
313.0 -396.0 1
-183.0 94.0 1
-395.0 163.0 1
265.0 402.0 1
451.0 206.0 1
240.0 -19.0 1
-186.0 -69.0 1
-532.0 -187.0 1
-514.0 -109.0 1
462.0 -358.0 1
406.0 30.0 1
295.0 -89.0 1
349.0 117.0 1
-505.0 177.0 1
56.0 227.0 1
361.0 337.0 1
377.0 22.0 1
461.0 385.0 1
519.0 -224.0 1
-151.0 162.0 1
449.0 -67.0 1
-76.0 35.0 1
-233.0 -106.0 1
-309.0 -268.0 1
-320.0 -85.0 1
445.0 -63.0 1
490.0 -319.0 1
455.0 -117.0 1
5.0 -248.0 1
348.0 14.0 1
1.0 381.0 1
344.0 -140.0 1
-90.0 408.0 1
59.0 408.0 1
185.0 -262.0 1
496.0 -121.0 1
36.0 -296.0 1
-149.0 280.0 1
498.0 -276.0 1
71.0 119.0 1
480.0 -154.0 1
-533.0 -359.0 1
-524.0 -409.0 1
175.0 225.0 1
453.0 -167.0 1
425.0 -211.0 1
-390.0 250.0 1
522.0 -281.0 1
-307.0 -242.0 1
-191.0 -298.0 1
-64.0 -384.0 1
-456.0 170.0 1
216.0 54.0 1
-87.0 -39.0 1
-184.0 -375.0 1
-413.0 -372.0 1
-464.0 -302.0 1
-391.0 -256.0 1
490.0 166.0 1
239.0 -59.0 1
309.0 -146.0 1
-514.0 71.0 1
118.0 39.0 1
167.0 -45.0 1
-444.0 -94.0 1
-389.0 -9.0 1
-283.0 406.0 1
-573.0 59.0 1
353.0 -75.0 1
399.0 -272.0 1
523.0 76.0 1
-24.0 320.0 1
-455.0 70.0 1
111.0 343.0 1
478.0 37.0 1
18.0 75.0 1
355.0 -42.0 1
379.0 390.0 1
-338.0 157.0 1
228.0 287.0 1
-572.0 411.0 1
-499.0 -401.0 1
-115.0 185.0 1
332.0 107.0 1
432.0 -347.0 1
-381.0 60.0 1
-441.0 -79.0 1
210.0 355.0 1
104.0 210.0 1
71.0 -176.0 1
462.0 327.0 1
-133.0 -224.0 1
328.0 -340.0 1
69.0 -124.0 1
-477.0 -175.0 1
111.0 -256.0 1
475.0 -33.0 1
377.0 259.0 1
522.0 342.0 1
-50.0 -286.0 1
-486.0 384.0 1
-454.0 239.0 1
67.0 -361.0 1
-333.0 -85.0 1
-164.0 402.0 1
-127.0 -182.0 1
158.0 14.0 1
328.0 -375.0 1
-252.0 -366.0 1
-201.0 219.0 1
503.0 145.0 1
-295.0 292.0 1
-540.0 -286.0 1
-487.0 303.0 1
