283.0 210.0 0
-79.0 259.0 0
-86.0 21.0 0
-222.0 7.0 0
5.0 -63.0 0
27.0 -27.0 0
112.0 -92.0 0
171.0 -116.0 0
-373.0 13.0 0
212.0 -154.0 0
-441.0 -79.0 1
-131.0 -249.0 1
-360.0 193.0 1
163.0 -391.0 1
449.0 -67.0 1
-390.0 250.0 1
-482.0 355.0 1
110.0 138.0 1
508.0 80.0 1
310.0 -126.0 1
350.0 147.0 1
-44.0 320.0 1
-252.0 -366.0 1
297.0 91.0 1
360.0 166.0 1
240.0 -53.0 1
-398.0 -281.0 1
281.0 15.0 1
405.0 186.0 1
-202.0 -175.0 1
502.0 -243.0 1
259.0 -133.0 1
-270.0 95.0 1
460.0 52.0 1
-408.0 306.0 1
313.0 -396.0 1
-486.0 -291.0 1
-514.0 -109.0 1
129.0 -43.0 1
-29.0 351.0 1
-360.0 322.0 1
371.0 -122.0 1
9.0 406.0 1
-454.0 239.0 1
-15.0 383.0 1
36.0 -300.0 1
456.0 294.0 1
-487.0 303.0 1
70.0 380.0 1
-444.0 -94.0 1
162.0 284.0 1
14.0 293.0 1
-398.0 -335.0 1
-233.0 -106.0 1
-343.0 330.0 1
-145.0 -157.0 1
-184.0 -375.0 1
347.0 -30.0 1
-322.0 -280.0 1
483.0 -89.0 1
232.0 296.0 1
-403.0 78.0 1
261.0 236.0 1
394.0 -91.0 1
-5.0 -242.0 1
-448.0 -407.0 1
-295.0 131.0 1
48.0 -222.0 1
124.0 -169.0 1
476.0 -370.0 1
464.0 -39.0 1
445.0 -63.0 1
-181.0 213.0 1
522.0 -281.0 1
233.0 -39.0 1
179.0 352.0 1
143.0 197.0 1
236.0 -71.0 1
-533.0 -359.0 1
379.0 372.0 1
