148.0 152.0 0
-94.0 234.0 0
-72.0 223.0 0
-53.0 162.0 0
-118.0 -308.0 0
-96.0 -255.0 0
-128.0 -350.0 0
298.0 219.0 0
-35.0 11.0 0
149.0 -151.0 0
-235.0 347.0 1
-164.0 -253.0 1
34.0 393.0 1
-139.0 -89.0 1
175.0 225.0 1
244.0 -74.0 1
-409.0 -2.0 1
412.0 -61.0 1
62.0 -220.0 1
297.0 -363.0 1
128.0 -35.0 1
344.0 -140.0 1
79.0 -160.0 1
-295.0 292.0 1
-182.0 81.0 1
114.0 232.0 1
-386.0 -183.0 1
187.0 -359.0 1
98.0 283.0 1
197.0 250.0 1
414.0 30.0 1
296.0 46.0 1
-216.0 89.0 1
120.0 -20.0 1
-467.0 90.0 1
535.0 326.0 1
-405.0 22.0 1
488.0 -300.0 1
-295.0 -383.0 1
-540.0 -286.0 1
-486.0 384.0 1
-76.0 35.0 1
268.0 -399.0 1
451.0 206.0 1
-498.0 -205.0 1
54.0 172.0 1
420.0 258.0 1
-472.0 -1.0 1
399.0 260.0 1
506.0 341.0 1
114.0 -347.0 1
448.0 -172.0 1
-551.0 -315.0 1
-413.0 -266.0 1
183.0 295.0 1
147.0 184.0 1
435.0 -367.0 1
380.0 -365.0 1
66.0 -202.0 1
-281.0 -345.0 1
-463.0 -72.0 1
-171.0 121.0 1
434.0 -10.0 1
-540.0 293.0 1
527.0 261.0 1
-9.0 -183.0 1
485.0 -117.0 1
490.0 -319.0 1
311.0 -273.0 1
-272.0 231.0 1
261.0 -62.0 1
302.0 -288.0 1
-137.0 278.0 1
-283.0 406.0 1
134.0 -338.0 1
-564.0 -386.0 1
-398.0 -394.0 1
116.0 -387.0 1
496.0 -247.0 1
-536.0 -123.0 1
