-53.0 162.0 0
-114.0 -353.0 0
-327.0 19.0 0
27.0 -27.0 0
171.0 -116.0 0
-35.0 11.0 0
172.0 85.0 0
-3.0 -112.0 0
-156.0 29.0 0
-367.0 12.0 0
-377.0 286.0 1
-210.0 -411.0 1
-164.0 402.0 1
-417.0 -198.0 1
2.0 -279.0 1
-342.0 -283.0 1
506.0 341.0 1
218.0 236.0 1
132.0 18.0 1
114.0 232.0 1
-24.0 346.0 1
-267.0 334.0 1
315.0 -325.0 1
-171.0 57.0 1
12.0 388.0 1
-395.0 -280.0 1
163.0 -391.0 1
-233.0 -106.0 1
110.0 138.0 1
-333.0 -308.0 1
235.0 -104.0 1
242.0 -311.0 1
66.0 -202.0 1
-338.0 116.0 1
379.0 376.0 1
447.0 149.0 1
170.0 -44.0 1
-123.0 -51.0 1
-477.0 -175.0 1
-441.0 -79.0 1
489.0 -321.0 1
402.0 -24.0 1
355.0 -42.0 1
421.0 116.0 1
-491.0 136.0 1
53.0 153.0 1
410.0 319.0 1
375.0 -90.0 1
428.0 306.0 1
496.0 -247.0 1
-127.0 126.0 1
497.0 -95.0 1
-73.0 -47.0 1
-262.0 -238.0 1
-394.0 -86.0 1
388.0 -323.0 1
449.0 -191.0 1
-50.0 -286.0 1
348.0 -199.0 1
-159.0 258.0 1
163.0 390.0 1
139.0 46.0 1
-524.0 -409.0 1
-464.0 -302.0 1
425.0 -211.0 1
-131.0 -249.0 1
-455.0 70.0 1
327.0 181.0 1
-133.0 -224.0 1
-472.0 -1.0 1
125.0 -233.0 1
-397.0 1.0 1
401.0 -391.0 1
490.0 166.0 1
412.0 -61.0 1
-486.0 384.0 1
104.0 -270.0 1
210.0 355.0 1
-295.0 131.0 1
-389.0 382.0 1
