172.0 85.0 0
52.0 55.0 0
-27.0 180.0 0
-109.0 267.0 0
-28.0 203.0 0
-172.0 20.0 0
-156.0 29.0 0
-342.0 -12.0 0
-158.0 -13.0 0
-96.0 -18.0 0
428.0 306.0 1
239.0 -361.0 1
71.0 119.0 1
-127.0 -182.0 1
-356.0 143.0 1
-315.0 -403.0 1
-305.0 -74.0 1
-1.0 -374.0 1
-455.0 70.0 1
-512.0 -380.0 1
410.0 -2.0 1
472.0 -35.0 1
438.0 -84.0 1
-508.0 194.0 1
-499.0 -315.0 1
526.0 80.0 1
-398.0 79.0 1
-529.0 197.0 1
522.0 286.0 1
300.0 390.0 1
-234.0 -228.0 1
51.0 78.0 1
-391.0 71.0 1
59.0 408.0 1
-206.0 -309.0 1
-180.0 284.0 1
-374.0 -107.0 1
-456.0 170.0 1
-239.0 282.0 1
71.0 -176.0 1
442.0 -244.0 1
-311.0 79.0 1
198.0 -344.0 1
355.0 -42.0 1
-55.0 315.0 1
-486.0 -22.0 1
-364.0 -207.0 1
388.0 -323.0 1
93.0 17.0 1
8.0 -352.0 1
-397.0 1.0 1
327.0 181.0 1
167.0 -45.0 1
-159.0 258.0 1
479.0 -153.0 1
-381.0 60.0 1
-464.0 -302.0 1
-123.0 -51.0 1
158.0 14.0 1
145.0 -223.0 1
491.0 231.0 1
501.0 222.0 1
-227.0 152.0 1
-170.0 -109.0 1
-205.0 -151.0 1
-481.0 47.0 1
473.0 162.0 1
263.0 -413.0 1
99.0 210.0 1
-548.0 0.0 1
239.0 -59.0 1
447.0 149.0 1
-377.0 141.0 1
-500.0 79.0 1
437.0 365.0 1
22.0 191.0 1
163.0 390.0 1
505.0 -264.0 1
-231.0 330.0 1
251.0 -97.0 1
