161.0 81.0 0
-18.0 135.0 0
-74.0 229.0 0
-140.0 35.0 0
-3.0 -112.0 0
-70.0 -273.0 0
-112.0 -360.0 0
25.0 -15.0 0
239.0 -209.0 0
303.0 -208.0 0
-332.0 -267.0 1
-349.0 68.0 1
119.0 232.0 1
156.0 -182.0 1
-383.0 127.0 1
170.0 -44.0 1
111.0 -256.0 1
-181.0 103.0 1
365.0 -182.0 1
-567.0 340.0 1
466.0 -154.0 1
519.0 -224.0 1
-371.0 -406.0 1
-505.0 177.0 1
-135.0 -239.0 1
32.0 -96.0 1
-297.0 376.0 1
-435.0 -271.0 1
-64.0 -384.0 1
293.0 -76.0 1
-567.0 167.0 1
350.0 260.0 1
-455.0 -358.0 1
-531.0 87.0 1
-59.0 -30.0 1
-112.0 -214.0 1
78.0 399.0 1
-554.0 81.0 1
51.0 -178.0 1
56.0 -94.0 1
449.0 -191.0 1
170.0 -316.0 1
441.0 -128.0 1
348.0 -366.0 1
53.0 153.0 1
216.0 54.0 1
496.0 -121.0 1
-127.0 126.0 1
450.0 -384.0 1
419.0 -175.0 1
-128.0 -393.0 1
-16.0 220.0 1
-303.0 -287.0 1
-382.0 -22.0 1
-165.0 347.0 1
-384.0 349.0 1
522.0 342.0 1
125.0 279.0 1
-195.0 269.0 1
-498.0 80.0 1
-256.0 123.0 1
-365.0 278.0 1
448.0 28.0 1
-389.0 -296.0 1
521.0 -208.0 1
452.0 -128.0 1
-420.0 57.0 1
-309.0 -268.0 1
-50.0 -286.0 1
-183.0 94.0 1
-494.0 301.0 1
203.0 -264.0 1
-199.0 -62.0 1
387.0 -292.0 1
475.0 -33.0 1
285.0 -358.0 1
232.0 98.0 1
-90.0 408.0 1
-160.0 80.0 1
-460.0 79.0 1
