152.0 130.0 0
151.0 137.0 0
-68.0 157.0 0
-37.0 105.0 0
-367.0 12.0 0
-145.0 5.0 0
-327.0 19.0 0
-28.0 -146.0 0
98.0 -53.0 0
-30.0 111.0 0
155.0 -328.0 1
462.0 -358.0 1
49.0 320.0 1
69.0 -124.0 1
-325.0 -390.0 1
-342.0 -208.0 1
-342.0 -283.0 1
-73.0 -47.0 1
367.0 24.0 1
-41.0 -372.0 1
120.0 33.0 1
125.0 -233.0 1
67.0 -164.0 1
228.0 287.0 1
376.0 65.0 1
-222.0 393.0 1
-156.0 -139.0 1
-262.0 -238.0 1
196.0 -387.0 1
349.0 -184.0 1
240.0 -19.0 1
-1.0 -172.0 1
-451.0 137.0 1
-206.0 -334.0 1
79.0 265.0 1
433.0 -46.0 1
207.0 -15.0 1
-189.0 160.0 1
243.0 390.0 1
-537.0 121.0 1
-433.0 11.0 1
-73.0 386.0 1
18.0 75.0 1
377.0 162.0 1
-496.0 -127.0 1
324.0 88.0 1
-417.0 -198.0 1
14.0 369.0 1
461.0 -348.0 1
96.0 -282.0 1
467.0 -286.0 1
462.0 -115.0 1
-480.0 -305.0 1
251.0 -361.0 1
-531.0 -113.0 1
36.0 -296.0 1
-376.0 -21.0 1
-163.0 -233.0 1
-465.0 -153.0 1
402.0 -24.0 1
513.0 -38.0 1
-505.0 -248.0 1
12.0 388.0 1
-329.0 381.0 1
-468.0 -47.0 1
-413.0 -372.0 1
478.0 37.0 1
-151.0 -255.0 1
-170.0 76.0 1
-384.0 -195.0 1
473.0 -69.0 1
348.0 -112.0 1
133.0 287.0 1
56.0 227.0 1
-330.0 -115.0 1
-291.0 -272.0 1
29.0 328.0 1
79.0 -296.0 1
337.0 -189.0 1
-568.0 -400.0 1
