50.0 17.0 0
-50.0 166.0 0
-127.0 -31.0 0
258.0 -213.0 0
92.0 -54.0 0
57.0 -51.0 0
-17.0 87.0 0
-69.0 131.0 0
-51.0 -19.0 0
-128.0 -330.0 0
-267.0 334.0 1
-76.0 -363.0 1
406.0 30.0 1
330.0 -94.0 1
-87.0 -39.0 1
522.0 -137.0 1
15.0 109.0 1
94.0 -202.0 1
498.0 -328.0 1
-246.0 370.0 1
186.0 -352.0 1
361.0 337.0 1
424.0 18.0 1
36.0 -126.0 1
-101.0 411.0 1
-119.0 -72.0 1
400.0 -253.0 1
20.0 -298.0 1
134.0 44.0 1
-37.0 401.0 1
26.0 96.0 1
-562.0 92.0 1
398.0 334.0 1
50.0 255.0 1
375.0 -90.0 1
-222.0 -171.0 1
111.0 343.0 1
45.0 -318.0 1
473.0 170.0 1
489.0 -321.0 1
-333.0 -308.0 1
-572.0 411.0 1
490.0 166.0 1
-413.0 -351.0 1
2.0 -279.0 1
-525.0 260.0 1
297.0 -55.0 1
406.0 -276.0 1
-24.0 346.0 1
462.0 327.0 1
432.0 -347.0 1
-151.0 162.0 1
-14.0 381.0 1
-290.0 -367.0 1
-524.0 -409.0 1
-429.0 -204.0 1
-102.0 -389.0 1
-567.0 -84.0 1
-8.0 216.0 1
-171.0 57.0 1
430.0 -210.0 1
504.0 374.0 1
-267.0 -364.0 1
247.0 -109.0 1
-500.0 -23.0 1
150.0 19.0 1
51.0 -201.0 1
-477.0 -175.0 1
497.0 -95.0 1
-210.0 -411.0 1
209.0 59.0 1
375.0 -362.0 1
379.0 390.0 1
490.0 -14.0 1
-525.0 -412.0 1
242.0 -311.0 1
-454.0 -115.0 1
-123.0 68.0 1
240.0 224.0 1
523.0 76.0 1
