45 0 0 0 45 1.0 0.0 0.0 0.0 90 0 0 0 90 1.0 0.0 0.0 0.0 
45 0 0 0 45 1.0 0.0 0.0 0.0 90 0 0 0 90 1.0 0.0 0.0 0.0 
45 0 0 0 45 1.0 0.0 0.0 0.0 90 0 0 0 90 1.0 0.0 0.0 0.0 
45 0 0 0 45 1.0 0.0 0.0 0.0 90 0 0 0 90 1.0 0.0 0.0 0.0 
45 0 0 0 45 1.0 0.0 0.0 0.0 90 0 0 0 90 1.0 0.0 0.0 0.0 
45 0 0 0 45 1.0 0.0 0.0 0.0 90 0 0 0 90 1.0 0.0 0.0 0.0 
45 0 0 0 45 1.0 0.0 0.0 0.0 90 0 0 0 90 1.0 0.0 0.0 0.0 
45 0 0 0 45 1.0 0.0 0.0 0.0 90 0 0 0 90 1.0 0.0 0.0 0.0 
45 0 0 0 45 1.0 0.0 0.0 0.0 90 0 0 0 90 1.0 0.0 0.0 0.0 
45 0 0 0 45 1.0 0.0 0.0 0.0 90 0 0 0 90 1.0 0.0 0.0 0.0 
