66.0 49.0 1.0 5.0 54.0 56.0 36.0 0
51.0 5.0 48.0 5.0 46.0 32.0 35.0 1
31.0 23.0 48.0 5.0 73.0 5.0 14.0 1
43.0 39.0 48.0 5.0 47.0 31.0 41.0 1
34.0 33.0 48.0 5.0 38.0 35.0 44.0 1
56.0 51.0 48.0 5.0 34.0 37.0 46.0 1
65.0 47.0 48.0 5.0 59.0 3.0 4.0 1
23.0 33.0 48.0 5.0 43.0 33.0 43.0 1
18.0 3.0 48.0 5.0 46.0 24.0 35.0 1
25.0 37.0 48.0 5.0 43.0 26.0 36.0 1
26.0 26.0 48.0 5.0 34.0 25.0 35.0 1
29.0 41.0 48.0 5.0 48.0 38.0 46.0 1
41.0 43.0 48.0 5.0 45.0 31.0 41.0 1
34.0 46.0 48.0 5.0 52.0 35.0 44.0 1
26.0 5.0 48.0 5.0 44.0 32.0 41.0 1
35.0 34.0 48.0 5.0 46.0 3.0 27.0 1
34.0 51.0 48.0 5.0 44.0 37.0 46.0 1
39.0 31.0 48.0 5.0 38.0 34.0 43.0 1
36.0 42.0 48.0 5.0 53.0 32.0 41.0 1
43.0 4.0 48.0 5.0 58.0 75.0 78.0 1
71.0 4.0 48.0 5.0 71.0 7.0 74.0 1
89.0 55.0 48.0 5.0 51.0 72.0 76.0 1
31.0 44.0 48.0 5.0 5.0 79.0 82.0 1
63.0 75.0 48.0 5.0 64.0 73.0 66.0 1
57.0 59.0 48.0 5.0 39.0 47.0 33.0 1
67.0 81.0 48.0 5.0 25.0 42.0 25.0 1
7.0 71.0 48.0 5.0 42.0 84.0 85.0 1
69.0 59.0 48.0 5.0 46.0 44.0 52.0 1
