63.0 49.0 48.0 5.0 54.0 76.0 79.0 0
59.0 49.0 48.0 5.0 52.0 45.0 36.0 1
29.0 28.0 48.0 5.0 44.0 23.0 34.0 1
2.0 44.0 48.0 5.0 46.0 51.0 57.0 1
22.0 43.0 48.0 5.0 48.0 16.0 28.0 1
23.0 4.0 48.0 5.0 39.0 28.0 38.0 1
36.0 41.0 48.0 5.0 48.0 47.0 54.0 1
44.0 42.0 48.0 5.0 42.0 25.0 2.0 1
35.0 37.0 48.0 5.0 3.0 34.0 43.0 1
51.0 46.0 48.0 5.0 58.0 31.0 41.0 1
28.0 33.0 48.0 5.0 45.0 22.0 33.0 1
27.0 42.0 48.0 5.0 37.0 38.0 43.0 1
23.0 48.0 48.0 5.0 59.0 88.0 89.0 1
27.0 35.0 48.0 5.0 51.0 77.0 79.0 1
29.0 47.0 48.0 5.0 71.0 65.0 69.0 1
54.0 49.0 48.0 5.0 4.0 87.0 88.0 1
6.0 5.0 1.0 5.0 54.0 77.0 8.0 1
12.0 43.0 48.0 5.0 63.0 7.0 74.0 1
51.0 4.0 48.0 5.0 57.0 62.0 67.0 1
39.0 41.0 48.0 5.0 52.0 72.0 75.0 1
3.0 51.0 48.0 5.0 42.0 61.0 34.0 1
63.0 71.0 48.0 5.0 6.0 4.0 39.0 1
69.0 67.0 48.0 5.0 3.0 39.0 24.0 1
66.0 71.0 48.0 5.0 41.0 5.0 35.0 1
62.0 78.0 48.0 5.0 47.0 49.0 54.0 1
64.0 81.0 48.0 5.0 37.0 39.0 44.0 1
29.0 39.0 48.0 5.0 52.0 4.0 48.0 1
69.0 66.0 48.0 5.0 41.0 5.0 25.0 1
74.0 74.0 48.0 5.0 31.0 53.0 52.0 1
