63.0 47.0 48.0 5.0 51.0 82.0 84.0 1
65.0 55.0 48.0 5.0 34.0 37.0 28.0 1
46.0 61.0 48.0 5.0 48.0 86.0 87.0 1
29.0 28.0 48.0 5.0 44.0 23.0 34.0 1
36.0 39.0 48.0 5.0 48.0 22.0 23.0 1
16.0 51.0 48.0 5.0 33.0 39.0 48.0 1
33.0 37.0 48.0 5.0 46.0 65.0 69.0 1
47.0 29.0 48.0 5.0 51.0 33.0 43.0 1
44.0 56.0 48.0 5.0 5.0 46.0 54.0 1
23.0 33.0 48.0 5.0 43.0 33.0 43.0 1
41.0 57.0 48.0 5.0 39.0 21.0 32.0 1
75.0 55.0 1.0 1.0 4.0 47.0 3.0 1
25.0 37.0 48.0 5.0 43.0 26.0 36.0 1
48.0 42.0 48.0 5.0 45.0 25.0 35.0 1
61.0 52.0 48.0 5.0 54.0 67.0 52.0 1
64.0 72.0 48.0 5.0 49.0 42.0 19.0 1
39.0 32.0 48.0 5.0 46.0 24.0 35.0 1
42.0 4.0 48.0 5.0 56.0 18.0 3.0 1
24.0 43.0 48.0 5.0 54.0 52.0 59.0 1
6.0 61.0 48.0 5.0 54.0 67.0 71.0 1
67.0 39.0 48.0 5.0 36.0 38.0 46.0 1
25.0 51.0 48.0 5.0 37.0 42.0 5.0 1
68.0 82.0 48.0 5.0 38.0 65.0 56.0 1
34.0 51.0 48.0 5.0 44.0 37.0 46.0 1
5.0 57.0 48.0 5.0 71.0 61.0 66.0 1
17.0 39.0 48.0 5.0 53.0 3.0 39.0 1
67.0 81.0 48.0 5.0 54.0 49.0 23.0 1
