63.0 54.0 48.0 5.0 65.0 79.0 81.0 1
69.0 59.0 48.0 5.0 46.0 44.0 52.0 1
39.0 41.0 48.0 5.0 52.0 72.0 75.0 1
27.0 3.0 48.0 5.0 71.0 28.0 39.0 1
3.0 16.0 48.0 5.0 56.0 11.0 23.0 1
0.0 38.0 48.0 5.0 42.0 48.0 55.0 1
31.0 44.0 48.0 5.0 5.0 79.0 82.0 1
54.0 47.0 48.0 5.0 28.0 33.0 42.0 1
43.0 32.0 48.0 5.0 33.0 45.0 52.0 1
32.0 42.0 48.0 5.0 35.0 28.0 38.0 1
29.0 47.0 48.0 5.0 41.0 23.0 34.0 1
64.0 84.0 48.0 5.0 37.0 45.0 4.0 1
4.0 45.0 48.0 5.0 38.0 22.0 0.0 1
68.0 67.0 48.0 5.0 49.0 4.0 34.0 1
5.0 66.0 48.0 5.0 31.0 92.0 92.0 1
68.0 78.0 48.0 5.0 43.0 44.0 42.0 1
63.0 8.0 48.0 5.0 46.0 31.0 29.0 1
53.0 38.0 48.0 5.0 44.0 26.0 36.0 1
34.0 28.0 48.0 5.0 41.0 35.0 44.0 1
2.0 46.0 48.0 5.0 57.0 78.0 81.0 1
61.0 36.0 48.0 5.0 49.0 35.0 44.0 1
48.0 45.0 48.0 5.0 6.0 78.0 8.0 1
74.0 74.0 48.0 5.0 31.0 53.0 52.0 1
37.0 44.0 48.0 5.0 42.0 39.0 47.0 1
34.0 55.0 48.0 5.0 58.0 31.0 41.0 1
74.0 7.0 48.0 5.0 66.0 65.0 69.0 1
67.0 7.0 48.0 5.0 46.0 45.0 33.0 1
