77.0 57.0 1.0 5.0 37.0 54.0 1.0 0
34.0 45.0 48.0 5.0 38.0 24.0 35.0 1
4.0 45.0 48.0 5.0 38.0 22.0 0.0 1
53.0 38.0 48.0 5.0 44.0 26.0 36.0 1
4.0 29.0 48.0 5.0 42.0 35.0 44.0 1
38.0 46.0 48.0 5.0 48.0 22.0 29.0 1
61.0 45.0 48.0 5.0 48.0 35.0 41.0 1
22.0 36.0 48.0 5.0 35.0 39.0 47.0 1
44.0 34.0 48.0 5.0 3.0 33.0 43.0 1
29.0 47.0 48.0 5.0 41.0 23.0 34.0 1
3.0 45.0 48.0 5.0 36.0 21.0 32.0 1
38.0 26.0 48.0 5.0 54.0 16.0 28.0 1
44.0 49.0 48.0 5.0 39.0 38.0 4.0 1
49.0 43.0 48.0 5.0 49.0 3.0 4.0 1
32.0 33.0 48.0 5.0 6.0 6.0 2.0 1
24.0 41.0 48.0 5.0 49.0 23.0 34.0 1
4.0 31.0 48.0 5.0 41.0 29.0 39.0 1
4.0 46.0 48.0 5.0 42.0 35.0 44.0 1
46.0 61.0 48.0 5.0 48.0 86.0 87.0 1
54.0 57.0 48.0 5.0 56.0 81.0 83.0 1
49.0 42.0 48.0 5.0 53.0 79.0 81.0 1
45.0 4.0 48.0 5.0 61.0 74.0 77.0 1
5.0 57.0 48.0 5.0 71.0 61.0 66.0 1
36.0 47.0 48.0 5.0 51.0 69.0 72.0 1
52.0 54.0 48.0 5.0 62.0 76.0 79.0 1
7.0 64.0 48.0 5.0 47.0 51.0 47.0 1
63.0 83.0 48.0 5.0 4.0 39.0 19.0 1
63.0 8.0 48.0 5.0 46.0 31.0 29.0 1
