67.0 55.0 1.0 5.0 66.0 58.0 16.0 0
49.0 29.0 48.0 5.0 56.0 24.0 35.0 1
67.0 39.0 48.0 5.0 36.0 38.0 46.0 1
41.0 57.0 48.0 5.0 39.0 21.0 32.0 1
4.0 5.0 48.0 5.0 45.0 39.0 47.0 1
17.0 38.0 48.0 5.0 45.0 42.0 5.0 1
29.0 3.0 48.0 5.0 45.0 3.0 17.0 1
23.0 58.0 48.0 5.0 37.0 53.0 59.0 1
47.0 47.0 48.0 5.0 22.0 16.0 26.0 1
54.0 47.0 48.0 5.0 28.0 33.0 42.0 1
52.0 36.0 48.0 5.0 41.0 28.0 38.0 1
47.0 29.0 48.0 5.0 51.0 33.0 43.0 1
48.0 42.0 48.0 5.0 45.0 25.0 35.0 1
34.0 28.0 48.0 5.0 41.0 35.0 44.0 1
4.0 46.0 48.0 5.0 52.0 49.0 56.0 1
52.0 44.0 48.0 5.0 37.0 36.0 42.0 1
53.0 42.0 48.0 5.0 16.0 29.0 39.0 1
41.0 43.0 48.0 5.0 5.0 24.0 25.0 1
64.0 76.0 48.0 5.0 45.0 35.0 38.0 1
43.0 32.0 48.0 5.0 33.0 45.0 52.0 1
26.0 4.0 48.0 5.0 36.0 26.0 37.0 1
4.0 41.0 48.0 5.0 55.0 22.0 33.0 1
6.0 61.0 48.0 5.0 49.0 92.0 37.0 1
48.0 41.0 48.0 5.0 51.0 9.0 88.0 1
74.0 44.0 48.0 5.0 55.0 88.0 89.0 1
5.0 37.0 48.0 5.0 66.0 64.0 69.0 1
64.0 84.0 48.0 5.0 37.0 45.0 4.0 1
64.0 78.0 48.0 5.0 5.0 36.0 38.0 1
