5 0 0 1 6 0.8333333333333334 0.0 0.0 0.16666666666666666 245 1 0 0 246 0.9959349593495935 0.0040650406504065045 0.0 0.0 
1 3 0 2 6 0.16666666666666666 0.5 0.0 0.3333333333333333 245 1 0 0 246 0.9959349593495935 0.0040650406504065045 0.0 0.0 
5 0 0 1 6 0.8333333333333334 0.0 0.0 0.16666666666666666 245 1 0 0 246 0.9959349593495935 0.0040650406504065045 0.0 0.0 
0 4 0 2 6 0.0 0.6666666666666666 0.0 0.3333333333333333 245 1 0 0 246 0.9959349593495935 0.0040650406504065045 0.0 0.0 
1 3 0 2 6 0.16666666666666666 0.5 0.0 0.3333333333333333 246 1 0 0 247 0.9959514170040485 0.004048582995951417 0.0 0.0 
2 2 0 2 6 0.3333333333333333 0.3333333333333333 0.0 0.3333333333333333 246 1 0 0 247 0.9959514170040485 0.004048582995951417 0.0 0.0 
1 3 0 2 6 0.16666666666666666 0.5 0.0 0.3333333333333333 246 1 0 0 247 0.9959514170040485 0.004048582995951417 0.0 0.0 
5 0 0 2 7 0.7142857142857143 0.0 0.0 0.2857142857142857 246 1 0 0 247 0.9959514170040485 0.004048582995951417 0.0 0.0 
5 0 0 2 7 0.7142857142857143 0.0 0.0 0.2857142857142857 246 1 0 0 247 0.9959514170040485 0.004048582995951417 0.0 0.0 
5 0 0 2 7 0.7142857142857143 0.0 0.0 0.2857142857142857 247 0 0 0 247 1.0 0.0 0.0 0.0 
