0 0 3 12 15 0.0 0.0 0.2 0.8 1314 0 0 0 1314 1.0 0.0 0.0 0.0 
0 0 3 12 15 0.0 0.0 0.2 0.8 1314 0 0 0 1314 1.0 0.0 0.0 0.0 
0 0 5 10 15 0.0 0.0 0.3333333333333333 0.6666666666666666 1310 4 0 0 1314 0.9969558599695586 0.0030441400304414 0.0 0.0 
0 0 4 11 15 0.0 0.0 0.26666666666666666 0.7333333333333333 1307 7 0 0 1314 0.9946727549467276 0.00532724505327245 0.0 0.0 
0 0 3 12 15 0.0 0.0 0.2 0.8 1311 3 0 0 1314 0.997716894977169 0.00228310502283105 0.0 0.0 
0 0 4 11 15 0.0 0.0 0.26666666666666666 0.7333333333333333 1309 5 0 0 1314 0.9961948249619482 0.00380517503805175 0.0 0.0 
0 0 3 12 15 0.0 0.0 0.2 0.8 1309 5 0 0 1314 0.9961948249619482 0.00380517503805175 0.0 0.0 
0 0 4 12 16 0.0 0.0 0.25 0.75 1310 4 0 0 1314 0.9969558599695586 0.0030441400304414 0.0 0.0 
0 0 5 11 16 0.0 0.0 0.3125 0.6875 1309 5 0 0 1314 0.9961948249619482 0.00380517503805175 0.0 0.0 
0 0 5 11 16 0.0 0.0 0.3125 0.6875 1309 5 0 0 1314 0.9961948249619482 0.00380517503805175 0.0 0.0 
