0 0 5 10 15 0.0 0.0 0.3333333333333333 0.6666666666666666 1310 4 0 0 1314 0.9969558599695586 0.0030441400304414 0.0 0.0 
0 0 4 11 15 0.0 0.0 0.26666666666666666 0.7333333333333333 1310 4 0 0 1314 0.9969558599695586 0.0030441400304414 0.0 0.0 
0 0 2 13 15 0.0 0.0 0.13333333333333333 0.8666666666666667 1310 4 0 0 1314 0.9969558599695586 0.0030441400304414 0.0 0.0 
0 0 3 12 15 0.0 0.0 0.2 0.8 1312 2 0 0 1314 0.9984779299847792 0.0015220700152207 0.0 0.0 
0 0 3 12 15 0.0 0.0 0.2 0.8 1314 0 0 0 1314 1.0 0.0 0.0 0.0 
0 0 3 12 15 0.0 0.0 0.2 0.8 1312 2 0 0 1314 0.9984779299847792 0.0015220700152207 0.0 0.0 
0 0 5 10 15 0.0 0.0 0.3333333333333333 0.6666666666666666 1310 4 0 0 1314 0.9969558599695586 0.0030441400304414 0.0 0.0 
0 0 5 11 16 0.0 0.0 0.3125 0.6875 1310 4 0 0 1314 0.9969558599695586 0.0030441400304414 0.0 0.0 
0 0 4 12 16 0.0 0.0 0.25 0.75 1310 4 0 0 1314 0.9969558599695586 0.0030441400304414 0.0 0.0 
0 0 3 13 16 0.0 0.0 0.1875 0.8125 1314 0 0 0 1314 1.0 0.0 0.0 0.0 
