10 10 4 7 31 0.3225806451612903 0.3225806451612903 0.12903225806451613 0.22580645161290322 1281 17 4 2 1304 0.9823619631901841 0.01303680981595092 0.003067484662576687 0.0015337423312883436 
9 12 6 4 31 0.2903225806451613 0.3870967741935484 0.1935483870967742 0.12903225806451613 1281 17 6 0 1304 0.9823619631901841 0.01303680981595092 0.004601226993865031 0.0 
10 11 5 5 31 0.3225806451612903 0.3548387096774194 0.16129032258064516 0.16129032258064516 1280 20 4 0 1304 0.9815950920245399 0.015337423312883436 0.003067484662576687 0.0 
14 7 6 4 31 0.45161290322580644 0.22580645161290322 0.1935483870967742 0.12903225806451613 1281 19 3 1 1304 0.9823619631901841 0.014570552147239263 0.0023006134969325155 0.0007668711656441718 
8 12 4 7 31 0.25806451612903225 0.3870967741935484 0.12903225806451613 0.22580645161290322 1282 19 4 0 1305 0.9823754789272031 0.014559386973180077 0.0030651340996168583 0.0 
9 11 6 6 32 0.28125 0.34375 0.1875 0.1875 1285 17 2 0 1304 0.9854294478527608 0.01303680981595092 0.0015337423312883436 0.0 
11 10 5 6 32 0.34375 0.3125 0.15625 0.1875 1284 17 3 0 1304 0.9846625766871165 0.01303680981595092 0.0023006134969325155 0.0 
12 9 3 8 32 0.375 0.28125 0.09375 0.25 1282 17 4 1 1304 0.9831288343558282 0.01303680981595092 0.003067484662576687 0.0007668711656441718 
12 8 6 6 32 0.375 0.25 0.1875 0.1875 1281 19 3 1 1304 0.9823619631901841 0.014570552147239263 0.0023006134969325155 0.0007668711656441718 
10 11 4 7 32 0.3125 0.34375 0.125 0.21875 1281 19 3 1 1304 0.9823619631901841 0.014570552147239263 0.0023006134969325155 0.0007668711656441718 
