0 3 0 1 4 0.0 0.75 0.0 0.25 141 4 0 0 145 0.9724137931034482 0.027586206896551724 0.0 0.0 
0 1 2 1 4 0.0 0.25 0.5 0.25 143 2 0 0 145 0.9862068965517241 0.013793103448275862 0.0 0.0 
0 2 1 1 4 0.0 0.5 0.25 0.25 141 4 0 0 145 0.9724137931034482 0.027586206896551724 0.0 0.0 
0 0 0 4 4 0.0 0.0 0.0 1.0 145 0 0 0 145 1.0 0.0 0.0 0.0 
0 1 2 1 4 0.0 0.25 0.5 0.25 140 4 0 0 144 0.9722222222222222 0.027777777777777776 0.0 0.0 
0 1 1 1 3 0.0 0.3333333333333333 0.3333333333333333 0.3333333333333333 143 2 0 0 145 0.9862068965517241 0.013793103448275862 0.0 0.0 
0 3 0 0 3 0.0 1.0 0.0 0.0 139 6 0 0 145 0.9586206896551724 0.041379310344827586 0.0 0.0 
0 0 2 1 3 0.0 0.0 0.6666666666666666 0.3333333333333333 144 1 0 0 145 0.993103448275862 0.006896551724137931 0.0 0.0 
0 2 0 1 3 0.0 0.6666666666666666 0.0 0.3333333333333333 142 3 0 0 145 0.9793103448275862 0.020689655172413793 0.0 0.0 
0 0 2 1 3 0.0 0.0 0.6666666666666666 0.3333333333333333 140 5 0 0 145 0.9655172413793104 0.034482758620689655 0.0 0.0 
