148.0 50.0 0
204.0 89.0 0
277.0 78.0 0
152.0 -97.0 0
258.0 1.0 0
165.0 238.0 0
237.0 287.0 0
153.0 307.0 0
227.0 342.0 0
126.0 551.0 0
140.0 846.0 0
161.0 977.0 0
267.0 898.0 0
277.0 816.0 0
211.0 881.0 0
274.0 931.0 0
290.0 1202.0 0
291.0 1166.0 0
213.0 1253.0 0
257.0 1215.0 0
59.0 830.0 1
65.0 925.0 1
-63.0 211.0 1
114.0 776.0 1
196.0 -205.0 1
398.0 883.0 1
367.0 1088.0 1
461.0 1093.0 1
30.0 745.0 1
-58.0 1126.0 1
5.0 178.0 1
-63.0 199.0 1
42.0 644.0 1
482.0 815.0 1
16.0 303.0 1
26.0 906.0 1
201.0 733.0 1
97.0 192.0 1
3.0 -204.0 1
309.0 1207.0 1
54.0 616.0 1
-53.0 -211.0 1
-13.0 63.0 1
469.0 772.0 1
475.0 119.0 1
33.0 -4.0 1
388.0 914.0 1
171.0 498.0 1
338.0 225.0 1
321.0 1459.0 1
397.0 651.0 1
-13.0 20.0 1
359.0 435.0 1
481.0 240.0 1
188.0 -194.0 1
230.0 121.0 1
422.0 25.0 1
95.0 343.0 1
393.0 955.0 1
332.0 485.0 1
-24.0 -165.0 1
248.0 708.0 1
15.0 1212.0 1
360.0 156.0 1
99.0 -93.0 1
403.0 1433.0 1
191.0 423.0 1
310.0 1135.0 1
479.0 771.0 1
249.0 1452.0 1
417.0 999.0 1
432.0 813.0 1
334.0 993.0 1
329.0 375.0 1
210.0 1414.0 1
0.0 1255.0 1
79.0 -9.0 1
407.0 1280.0 1
85.0 -3.0 1
-54.0 751.0 1
74.0 91.0 1
-30.0 793.0 1
344.0 -282.0 1
6.0 950.0 1
459.0 -42.0 1
403.0 1404.0 1
-71.0 333.0 1
-67.0 -11.0 1
-20.0 266.0 1
124.0 773.0 1
-6.0 -168.0 1
-79.0 797.0 1
479.0 1310.0 1
472.0 403.0 1
-25.0 -39.0 1
24.0 1289.0 1
420.0 907.0 1
48.0 1128.0 1
440.0 1040.0 1
343.0 467.0 1
320.0 1370.0 1
190.0 752.0 1
424.0 1151.0 1
260.0 499.0 1
-13.0 624.0 1
171.0 1424.0 1
460.0 569.0 1
93.0 1420.0 1
414.0 1157.0 1
8.0 52.0 1
196.0 1340.0 1
355.0 350.0 1
79.0 100.0 1
60.0 1295.0 1
448.0 -10.0 1
379.0 829.0 1
-47.0 770.0 1
213.0 -151.0 1
-2.0 30.0 1
329.0 516.0 1
