268.0 287.0 0
288.0 868.0 0
155.0 586.0 0
246.0 651.0 0
148.0 50.0 0
165.0 238.0 0
291.0 1166.0 0
179.0 1137.0 0
177.0 825.0 0
121.0 -38.0 0
114.0 776.0 1
82.0 679.0 1
261.0 747.0 1
367.0 1088.0 1
417.0 999.0 1
4.0 46.0 1
65.0 925.0 1
331.0 472.0 1
422.0 204.0 1
150.0 1342.0 1
-24.0 963.0 1
445.0 1422.0 1
188.0 -194.0 1
241.0 130.0 1
-25.0 -39.0 1
-51.0 1371.0 1
463.0 339.0 1
-53.0 -211.0 1
446.0 1300.0 1
431.0 500.0 1
151.0 141.0 1
424.0 1151.0 1
-60.0 1156.0 1
455.0 122.0 1
116.0 421.0 1
434.0 419.0 1
11.0 183.0 1
13.0 609.0 1
317.0 1358.0 1
419.0 595.0 1
364.0 -15.0 1
4.0 769.0 1
293.0 -235.0 1
464.0 -102.0 1
79.0 -182.0 1
39.0 352.0 1
124.0 1458.0 1
4.0 0.0 1
398.0 883.0 1
38.0 418.0 1
467.0 884.0 1
385.0 300.0 1
451.0 948.0 1
320.0 715.0 1
-84.0 726.0 1
3.0 1336.0 1
433.0 1380.0 1
388.0 -182.0 1
329.0 375.0 1
267.0 -141.0 1
