114.0 308.0 0
291.0 867.0 0
222.0 598.0 0
265.0 671.0 0
116.0 56.0 0
227.0 342.0 0
257.0 1215.0 0
108.0 1133.0 0
168.0 811.0 0
290.0 -57.0 0
82.0 749.0 1
1.0 648.0 1
294.0 788.0 1
262.0 1049.0 1
423.0 1105.0 1
-28.0 51.0 1
57.0 880.0 1
260.0 499.0 1
339.0 246.0 1
201.0 1340.0 1
-50.0 978.0 1
345.0 1458.0 1
248.0 -217.0 1
257.0 168.0 1
-1.0 -106.0 1
56.0 1404.0 1
399.0 338.0 1
-2.0 -194.0 1
394.0 1319.0 1
460.0 569.0 1
33.0 155.0 1
306.0 1169.0 1
74.0 1177.0 1
422.0 25.0 1
191.0 423.0 1
472.0 403.0 1
-4.0 176.0 1
-40.0 552.0 1
266.0 1333.0 1
387.0 630.0 1
476.0 0.0 1
-79.0 797.0 1
415.0 -235.0 1
443.0 -116.0 1
103.0 -113.0 1
95.0 343.0 1
239.0 1472.0 1
33.0 -4.0 1
432.0 813.0 1
-42.0 469.0 1
467.0 910.0 1
368.0 329.0 1
201.0 1026.0 1
421.0 666.0 1
-19.0 688.0 1
-81.0 1327.0 1
-84.0 1479.0 1
401.0 -154.0 1
304.0 418.0 1
-59.0 -273.0 1
