148.0 50.0 0
290.0 -57.0 0
289.0 4.0 0
133.0 34.0 0
180.0 61.0 0
216.0 387.0 0
292.0 238.0 0
114.0 308.0 0
165.0 238.0 0
186.0 290.0 0
237.0 287.0 0
114.0 213.0 0
153.0 307.0 0
182.0 269.0 0
227.0 342.0 0
218.0 598.0 0
246.0 651.0 0
222.0 598.0 0
183.0 604.0 0
145.0 647.0 0
245.0 690.0 0
126.0 551.0 0
131.0 510.0 0
112.0 673.0 0
140.0 846.0 0
267.0 898.0 0
177.0 825.0 0
171.0 886.0 0
277.0 816.0 0
274.0 931.0 0
268.0 858.0 0
272.0 1211.0 0
291.0 1166.0 0
108.0 1133.0 0
299.0 1182.0 0
250.0 1182.0 0
172.0 1245.0 0
184.0 1133.0 0
213.0 1253.0 0
242.0 1245.0 0
257.0 1215.0 0
179.0 1137.0 0
187.0 34.0 0
201.0 -17.0 0
116.0 -95.0 0
119.0 211.0 0
135.0 398.0 0
171.0 662.0 0
150.0 603.0 0
265.0 671.0 0
114.0 805.0 0
178.0 934.0 0
202.0 1159.0 0
233.0 1102.0 0
270.0 -194.0 1
-56.0 665.0 1
29.0 275.0 1
-42.0 469.0 1
-35.0 504.0 1
401.0 -154.0 1
421.0 354.0 1
473.0 252.0 1
-63.0 211.0 1
315.0 451.0 1
73.0 545.0 1
398.0 883.0 1
331.0 -172.0 1
367.0 1088.0 1
169.0 -176.0 1
288.0 -101.0 1
88.0 1342.0 1
222.0 -238.0 1
417.0 665.0 1
30.0 745.0 1
-58.0 1126.0 1
5.0 178.0 1
181.0 775.0 1
-63.0 199.0 1
24.0 1013.0 1
386.0 90.0 1
439.0 454.0 1
387.0 630.0 1
455.0 122.0 1
156.0 -270.0 1
50.0 494.0 1
-42.0 890.0 1
201.0 733.0 1
469.0 1043.0 1
97.0 192.0 1
208.0 -200.0 1
-50.0 81.0 1
38.0 418.0 1
466.0 1075.0 1
-24.0 749.0 1
119.0 419.0 1
-37.0 1358.0 1
241.0 130.0 1
-2.0 -194.0 1
377.0 -126.0 1
257.0 168.0 1
54.0 616.0 1
-53.0 -211.0 1
361.0 -175.0 1
92.0 925.0 1
9.0 1417.0 1
467.0 884.0 1
469.0 772.0 1
42.0 -233.0 1
33.0 -4.0 1
368.0 329.0 1
150.0 1342.0 1
276.0 1419.0 1
18.0 -267.0 1
171.0 498.0 1
79.0 -182.0 1
338.0 225.0 1
196.0 434.0 1
321.0 1459.0 1
397.0 651.0 1
220.0 195.0 1
82.0 749.0 1
359.0 435.0 1
188.0 -194.0 1
308.0 773.0 1
157.0 1478.0 1
95.0 343.0 1
66.0 621.0 1
274.0 774.0 1
454.0 679.0 1
267.0 1095.0 1
35.0 935.0 1
248.0 708.0 1
325.0 1332.0 1
28.0 558.0 1
414.0 57.0 1
326.0 1213.0 1
470.0 1466.0 1
445.0 1422.0 1
-8.0 -3.0 1
41.0 472.0 1
-47.0 -73.0 1
310.0 1135.0 1
402.0 740.0 1
417.0 999.0 1
361.0 699.0 1
432.0 813.0 1
466.0 80.0 1
94.0 1439.0 1
438.0 163.0 1
415.0 -235.0 1
467.0 910.0 1
304.0 418.0 1
445.0 712.0 1
210.0 1414.0 1
-75.0 773.0 1
0.0 1255.0 1
371.0 -94.0 1
-62.0 1022.0 1
56.0 436.0 1
327.0 277.0 1
11.0 183.0 1
-47.0 -257.0 1
420.0 1116.0 1
310.0 -227.0 1
344.0 -282.0 1
388.0 205.0 1
6.0 950.0 1
328.0 809.0 1
348.0 242.0 1
1.0 648.0 1
459.0 -42.0 1
428.0 1030.0 1
13.0 609.0 1
-71.0 333.0 1
88.0 112.0 1
-67.0 -11.0 1
152.0 116.0 1
73.0 220.0 1
116.0 1055.0 1
-20.0 266.0 1
451.0 451.0 1
-6.0 -168.0 1
-79.0 797.0 1
-39.0 1420.0 1
245.0 1372.0 1
470.0 334.0 1
472.0 403.0 1
69.0 1093.0 1
266.0 1333.0 1
420.0 907.0 1
441.0 242.0 1
257.0 465.0 1
171.0 1068.0 1
440.0 1040.0 1
-46.0 160.0 1
438.0 918.0 1
343.0 467.0 1
118.0 759.0 1
364.0 -15.0 1
320.0 1370.0 1
266.0 486.0 1
460.0 -87.0 1
399.0 338.0 1
214.0 1468.0 1
74.0 1177.0 1
201.0 1418.0 1
320.0 715.0 1
330.0 171.0 1
-2.0 -151.0 1
442.0 350.0 1
171.0 1424.0 1
355.0 209.0 1
317.0 1358.0 1
93.0 1420.0 1
-59.0 -280.0 1
361.0 481.0 1
8.0 52.0 1
345.0 1458.0 1
196.0 1340.0 1
446.0 1300.0 1
431.0 -141.0 1
248.0 -217.0 1
468.0 1329.0 1
201.0 1413.0 1
-45.0 328.0 1
-40.0 552.0 1
22.0 157.0 1
19.0 663.0 1
-4.0 176.0 1
79.0 100.0 1
325.0 142.0 1
448.0 -10.0 1
60.0 -185.0 1
458.0 -216.0 1
379.0 829.0 1
93.0 772.0 1
52.0 67.0 1
446.0 353.0 1
-3.0 1256.0 1
-36.0 -51.0 1
204.0 1478.0 1
341.0 1039.0 1
-11.0 -36.0 1
213.0 -169.0 1
58.0 566.0 1
106.0 465.0 1
113.0 451.0 1
293.0 -235.0 1
215.0 1367.0 1
3.0 1336.0 1
420.0 468.0 1
477.0 306.0 1
-43.0 838.0 1
448.0 269.0 1
385.0 300.0 1
82.0 1391.0 1
127.0 410.0 1
352.0 1263.0 1
176.0 -220.0 1
426.0 638.0 1
-81.0 957.0 1
451.0 525.0 1
452.0 529.0 1
437.0 800.0 1
367.0 288.0 1
421.0 666.0 1
464.0 10.0 1
314.0 846.0 1
-37.0 701.0 1
342.0 314.0 1
36.0 978.0 1
70.0 804.0 1
-66.0 1405.0 1
365.0 1443.0 1
378.0 372.0 1
260.0 1049.0 1
476.0 0.0 1
413.0 1313.0 1
401.0 406.0 1
435.0 325.0 1
95.0 232.0 1
79.0 962.0 1
-28.0 51.0 1
-1.0 -233.0 1
346.0 -252.0 1
315.0 567.0 1
17.0 371.0 1
-24.0 963.0 1
86.0 1204.0 1
27.0 629.0 1
136.0 1407.0 1
66.0 672.0 1
391.0 508.0 1
15.0 901.0 1
-1.0 1299.0 1
457.0 1386.0 1
375.0 788.0 1
140.0 119.0 1
433.0 1380.0 1
39.0 352.0 1
