186.0 290.0 0
274.0 931.0 0
201.0 510.0 0
145.0 647.0 0
199.0 38.0 0
114.0 213.0 0
250.0 1182.0 0
213.0 1253.0 0
267.0 850.0 0
116.0 -95.0 0
118.0 759.0 1
73.0 662.0 1
235.0 767.0 1
299.0 1081.0 1
440.0 1040.0 1
52.0 67.0 1
26.0 906.0 1
257.0 465.0 1
355.0 209.0 1
155.0 1303.0 1
31.0 961.0 1
403.0 1433.0 1
203.0 -208.0 1
325.0 142.0 1
-73.0 -73.0 1
-35.0 1397.0 1
442.0 350.0 1
-1.0 -233.0 1
356.0 1280.0 1
452.0 529.0 1
140.0 119.0 1
477.0 1210.0 1
9.0 1134.0 1
436.0 77.0 1
147.0 445.0 1
451.0 451.0 1
220.0 195.0 1
22.0 576.0 1
245.0 1372.0 1
315.0 567.0 1
304.0 39.0 1
98.0 791.0 1
344.0 -282.0 1
459.0 -42.0 1
-2.0 -151.0 1
-71.0 333.0 1
157.0 1478.0 1
-46.0 160.0 1
314.0 846.0 1
-17.0 429.0 1
482.0 815.0 1
305.0 291.0 1
388.0 914.0 1
445.0 712.0 1
-43.0 838.0 1
36.0 1272.0 1
226.0 1439.0 1
361.0 -175.0 1
441.0 242.0 1
440.0 -221.0 1
