237.0 287.0 0
226.0 922.0 0
131.0 510.0 0
171.0 662.0 0
187.0 34.0 0
119.0 211.0 0
266.0 1177.0 0
272.0 1211.0 0
184.0 340.0 0
268.0 858.0 0
292.0 238.0 0
108.0 1133.0 0
152.0 -97.0 0
150.0 603.0 0
280.0 6.0 0
180.0 61.0 0
151.0 978.0 0
245.0 690.0 0
284.0 1117.0 0
177.0 825.0 0
122.0 763.0 1
73.0 652.0 1
218.0 760.0 1
237.0 1084.0 1
469.0 1043.0 1
308.0 773.0 1
-13.0 63.0 1
15.0 901.0 1
266.0 486.0 1
388.0 205.0 1
155.0 1322.0 1
79.0 962.0 1
363.0 1433.0 1
196.0 -205.0 1
360.0 156.0 1
-47.0 -73.0 1
-66.0 1405.0 1
446.0 353.0 1
42.0 -233.0 1
49.0 769.0 1
266.0 1333.0 1
407.0 1280.0 1
310.0 1135.0 1
42.0 644.0 1
451.0 525.0 1
56.0 1404.0 1
152.0 116.0 1
326.0 1213.0 1
48.0 1128.0 1
466.0 80.0 1
113.0 451.0 1
220.0 195.0 1
439.0 454.0 1
388.0 1156.0 1
401.0 406.0 1
476.0 0.0 1
28.0 558.0 1
176.0 -220.0 1
201.0 1418.0 1
215.0 1367.0 1
332.0 557.0 1
460.0 955.0 1
313.0 36.0 1
65.0 196.0 1
346.0 -252.0 1
434.0 -39.0 1
-6.0 -168.0 1
-45.0 328.0 1
162.0 1471.0 1
12.0 872.0 1
332.0 485.0 1
22.0 157.0 1
4.0 0.0 1
388.0 850.0 1
24.0 1289.0 1
14.0 439.0 1
8.0 753.0 1
464.0 812.0 1
-63.0 211.0 1
368.0 329.0 1
327.0 277.0 1
402.0 740.0 1
420.0 907.0 1
339.0 246.0 1
-51.0 1014.0 1
17.0 371.0 1
57.0 1224.0 1
41.0 472.0 1
438.0 163.0 1
470.0 334.0 1
331.0 -172.0 1
189.0 1456.0 1
373.0 -19.0 1
260.0 499.0 1
320.0 715.0 1
38.0 28.0 1
201.0 733.0 1
171.0 1068.0 1
-37.0 701.0 1
433.0 1380.0 1
47.0 -262.0 1
389.0 632.0 1
-32.0 596.0 1
453.0 -191.0 1
-39.0 -22.0 1
334.0 441.0 1
455.0 122.0 1
421.0 666.0 1
369.0 607.0 1
249.0 1452.0 1
311.0 -135.0 1
306.0 1002.0 1
445.0 -143.0 1
-81.0 1327.0 1
243.0 -170.0 1
479.0 1310.0 1
35.0 848.0 1
415.0 -235.0 1
103.0 -113.0 1
45.0 416.0 1
