289.0 4.0 0
199.0 38.0 0
180.0 61.0 0
292.0 238.0 0
114.0 213.0 0
183.0 604.0 0
184.0 600.0 0
270.0 588.0 0
177.0 825.0 0
171.0 886.0 0
113.0 870.0 0
268.0 858.0 0
213.0 1298.0 0
238.0 1169.0 0
108.0 1133.0 0
299.0 1182.0 0
172.0 1245.0 0
125.0 1263.0 0
266.0 1177.0 0
242.0 1245.0 0
-35.0 504.0 1
473.0 252.0 1
116.0 421.0 1
209.0 747.0 1
262.0 1481.0 1
313.0 36.0 1
169.0 -176.0 1
88.0 1342.0 1
417.0 665.0 1
181.0 775.0 1
270.0 1095.0 1
24.0 1013.0 1
243.0 -170.0 1
408.0 -23.0 1
439.0 454.0 1
353.0 -14.0 1
9.0 1134.0 1
446.0 -166.0 1
226.0 1439.0 1
156.0 -270.0 1
137.0 408.0 1
52.0 439.0 1
334.0 441.0 1
469.0 1043.0 1
0.0 593.0 1
382.0 280.0 1
390.0 439.0 1
208.0 -200.0 1
-19.0 688.0 1
-50.0 81.0 1
321.0 472.0 1
241.0 130.0 1
339.0 246.0 1
361.0 -175.0 1
18.0 -267.0 1
361.0 795.0 1
419.0 595.0 1
155.0 1303.0 1
394.0 1319.0 1
316.0 727.0 1
56.0 1404.0 1
157.0 1478.0 1
11.0 207.0 1
434.0 419.0 1
-63.0 786.0 1
414.0 57.0 1
466.0 80.0 1
415.0 -235.0 1
304.0 418.0 1
445.0 712.0 1
325.0 705.0 1
-62.0 1022.0 1
56.0 436.0 1
11.0 183.0 1
369.0 -246.0 1
-47.0 -257.0 1
447.0 515.0 1
304.0 39.0 1
388.0 205.0 1
348.0 242.0 1
-39.0 -22.0 1
88.0 112.0 1
73.0 220.0 1
-35.0 1397.0 1
-54.0 365.0 1
239.0 1472.0 1
470.0 334.0 1
69.0 1093.0 1
266.0 1333.0 1
319.0 695.0 1
257.0 465.0 1
331.0 472.0 1
374.0 739.0 1
-64.0 196.0 1
261.0 747.0 1
455.0 269.0 1
214.0 1468.0 1
356.0 1280.0 1
436.0 77.0 1
330.0 171.0 1
460.0 955.0 1
311.0 -135.0 1
-66.0 859.0 1
355.0 209.0 1
294.0 788.0 1
317.0 1358.0 1
63.0 1468.0 1
345.0 1458.0 1
468.0 1329.0 1
201.0 1413.0 1
-40.0 552.0 1
408.0 -90.0 1
151.0 1434.0 1
-4.0 176.0 1
-73.0 -73.0 1
52.0 67.0 1
446.0 353.0 1
-3.0 1256.0 1
-36.0 -51.0 1
278.0 -122.0 1
