174.0 33.0 0
165.0 238.0 0
140.0 846.0 0
185.0 849.0 0
177.0 825.0 0
299.0 1182.0 0
187.0 34.0 0
116.0 -95.0 0
141.0 274.0 0
114.0 805.0 0
262.0 1481.0 1
398.0 883.0 1
30.0 745.0 1
270.0 1095.0 1
12.0 872.0 1
353.0 -14.0 1
9.0 1134.0 1
137.0 408.0 1
396.0 211.0 1
0.0 593.0 1
382.0 280.0 1
466.0 1075.0 1
309.0 1207.0 1
321.0 1104.0 1
377.0 -126.0 1
339.0 246.0 1
92.0 925.0 1
33.0 -4.0 1
18.0 -267.0 1
338.0 225.0 1
393.0 955.0 1
35.0 935.0 1
434.0 419.0 1
15.0 1212.0 1
-62.0 1022.0 1
-22.0 893.0 1
73.0 220.0 1
-1.0 -106.0 1
245.0 1372.0 1
-72.0 600.0 1
306.0 1002.0 1
190.0 752.0 1
93.0 1420.0 1
248.0 -217.0 1
201.0 1413.0 1
-4.0 176.0 1
448.0 -10.0 1
19.0 147.0 1
-3.0 1256.0 1
158.0 -221.0 1
106.0 465.0 1
449.0 896.0 1
426.0 638.0 1
365.0 1443.0 1
369.0 15.0 1
413.0 1313.0 1
194.0 1350.0 1
391.0 508.0 1
15.0 901.0 1
305.0 291.0 1
