290.0 -57.0 0
199.0 38.0 0
292.0 238.0 0
237.0 287.0 0
227.0 342.0 0
195.0 695.0 0
245.0 690.0 0
131.0 510.0 0
112.0 673.0 0
171.0 662.0 0
465.0 691.0 1
400.0 151.0 1
65.0 925.0 1
201.0 1340.0 1
196.0 -205.0 1
275.0 1319.0 1
482.0 815.0 1
16.0 303.0 1
443.0 -116.0 1
208.0 -200.0 1
-37.0 1358.0 1
-53.0 -211.0 1
-13.0 63.0 1
276.0 1419.0 1
394.0 1319.0 1
321.0 1459.0 1
316.0 727.0 1
82.0 749.0 1
308.0 773.0 1
95.0 343.0 1
388.0 1156.0 1
306.0 1169.0 1
326.0 1213.0 1
470.0 1466.0 1
-47.0 -73.0 1
249.0 1452.0 1
466.0 80.0 1
325.0 705.0 1
79.0 -9.0 1
459.0 -42.0 1
419.0 1281.0 1
470.0 334.0 1
431.0 500.0 1
-23.0 1112.0 1
333.0 1433.0 1
361.0 481.0 1
417.0 9.0 1
22.0 157.0 1
52.0 67.0 1
-2.0 30.0 1
155.0 1322.0 1
124.0 1458.0 1
-50.0 978.0 1
36.0 978.0 1
70.0 804.0 1
453.0 -191.0 1
69.0 9.0 1
79.0 962.0 1
86.0 1204.0 1
140.0 119.0 1
