194.0 -80.0 0
189.0 224.0 0
186.0 290.0 0
182.0 269.0 0
291.0 867.0 0
168.0 811.0 0
226.0 922.0 0
201.0 -17.0 0
265.0 671.0 0
106.0 1103.0 0
-42.0 469.0 1
473.0 252.0 1
-63.0 211.0 1
36.0 1272.0 1
388.0 850.0 1
315.0 451.0 1
73.0 545.0 1
5.0 178.0 1
35.0 848.0 1
439.0 454.0 1
423.0 1105.0 1
-5.0 343.0 1
360.0 409.0 1
97.0 192.0 1
-84.0 726.0 1
399.0 668.0 1
9.0 1417.0 1
419.0 595.0 1
155.0 1303.0 1
56.0 1404.0 1
157.0 1478.0 1
248.0 708.0 1
334.0 993.0 1
94.0 1439.0 1
327.0 277.0 1
11.0 183.0 1
151.0 113.0 1
388.0 205.0 1
428.0 1030.0 1
162.0 1471.0 1
24.0 1289.0 1
343.0 467.0 1
364.0 -15.0 1
356.0 1280.0 1
73.0 652.0 1
-84.0 1479.0 1
294.0 788.0 1
70.0 616.0 1
-73.0 -73.0 1
-36.0 -51.0 1
341.0 1039.0 1
293.0 -235.0 1
57.0 1224.0 1
314.0 846.0 1
-66.0 1405.0 1
363.0 1433.0 1
95.0 232.0 1
-28.0 51.0 1
436.0 516.0 1
237.0 1084.0 1
