194.0 -80.0 0
204.0 89.0 0
196.0 -81.0 0
289.0 4.0 0
199.0 38.0 0
174.0 33.0 0
288.0 -84.0 0
258.0 1.0 0
139.0 332.0 0
201.0 354.0 0
114.0 308.0 0
268.0 287.0 0
165.0 238.0 0
227.0 342.0 0
218.0 598.0 0
246.0 651.0 0
222.0 598.0 0
183.0 604.0 0
184.0 600.0 0
201.0 510.0 0
291.0 667.0 0
145.0 647.0 0
245.0 690.0 0
270.0 588.0 0
126.0 551.0 0
107.0 671.0 0
131.0 510.0 0
121.0 948.0 0
185.0 849.0 0
168.0 811.0 0
277.0 816.0 0
113.0 870.0 0
211.0 881.0 0
213.0 1298.0 0
272.0 1211.0 0
291.0 1166.0 0
108.0 1133.0 0
299.0 1182.0 0
284.0 1117.0 0
125.0 1263.0 0
266.0 1177.0 0
179.0 1137.0 0
116.0 -95.0 0
188.0 227.0 0
119.0 211.0 0
135.0 398.0 0
141.0 274.0 0
171.0 662.0 0
155.0 586.0 0
265.0 671.0 0
288.0 868.0 0
114.0 805.0 0
178.0 934.0 0
233.0 1102.0 0
270.0 -194.0 1
-56.0 665.0 1
-35.0 504.0 1
198.0 -193.0 1
473.0 252.0 1
116.0 421.0 1
71.0 1313.0 1
196.0 -205.0 1
73.0 545.0 1
313.0 36.0 1
331.0 -172.0 1
367.0 1088.0 1
169.0 -176.0 1
82.0 679.0 1
288.0 -101.0 1
417.0 665.0 1
377.0 -202.0 1
5.0 178.0 1
181.0 775.0 1
-63.0 199.0 1
270.0 1095.0 1
408.0 -23.0 1
16.0 303.0 1
439.0 454.0 1
387.0 630.0 1
12.0 872.0 1
47.0 -262.0 1
455.0 122.0 1
353.0 -14.0 1
446.0 -166.0 1
443.0 -116.0 1
156.0 -270.0 1
137.0 408.0 1
-5.0 343.0 1
360.0 409.0 1
334.0 441.0 1
-42.0 890.0 1
97.0 192.0 1
382.0 280.0 1
-28.0 -281.0 1
208.0 -200.0 1
-19.0 688.0 1
-50.0 81.0 1
466.0 1075.0 1
-24.0 749.0 1
-37.0 1358.0 1
-2.0 -194.0 1
57.0 880.0 1
257.0 168.0 1
54.0 616.0 1
-13.0 63.0 1
469.0 772.0 1
42.0 -233.0 1
475.0 119.0 1
276.0 1419.0 1
171.0 498.0 1
338.0 225.0 1
196.0 434.0 1
304.0 -153.0 1
155.0 1303.0 1
394.0 1319.0 1
321.0 1459.0 1
422.0 204.0 1
397.0 651.0 1
-13.0 20.0 1
306.0 675.0 1
82.0 749.0 1
481.0 240.0 1
188.0 -194.0 1
230.0 121.0 1
422.0 25.0 1
95.0 343.0 1
66.0 621.0 1
393.0 955.0 1
454.0 679.0 1
388.0 1156.0 1
332.0 485.0 1
11.0 207.0 1
434.0 419.0 1
325.0 1332.0 1
15.0 1212.0 1
-63.0 786.0 1
414.0 57.0 1
360.0 156.0 1
326.0 1213.0 1
305.0 -167.0 1
-8.0 -3.0 1
99.0 -93.0 1
-51.0 1371.0 1
191.0 423.0 1
151.0 141.0 1
310.0 1135.0 1
249.0 1452.0 1
6.0 416.0 1
402.0 740.0 1
417.0 999.0 1
432.0 813.0 1
415.0 -235.0 1
467.0 910.0 1
325.0 705.0 1
-75.0 773.0 1
-62.0 1022.0 1
79.0 -9.0 1
98.0 791.0 1
327.0 277.0 1
11.0 183.0 1
369.0 -246.0 1
151.0 113.0 1
407.0 1280.0 1
201.0 1026.0 1
85.0 -3.0 1
-54.0 751.0 1
74.0 91.0 1
310.0 -227.0 1
6.0 950.0 1
355.0 -164.0 1
328.0 809.0 1
348.0 242.0 1
483.0 1297.0 1
22.0 576.0 1
-22.0 893.0 1
403.0 1404.0 1
57.0 -219.0 1
-67.0 -11.0 1
152.0 116.0 1
-54.0 365.0 1
437.0 464.0 1
116.0 1055.0 1
162.0 1471.0 1
451.0 451.0 1
-79.0 797.0 1
-72.0 600.0 1
8.0 753.0 1
239.0 1472.0 1
306.0 1002.0 1
4.0 46.0 1
266.0 1333.0 1
24.0 1289.0 1
388.0 -182.0 1
171.0 1068.0 1
-46.0 160.0 1
438.0 918.0 1
343.0 467.0 1
364.0 -15.0 1
-64.0 196.0 1
320.0 1370.0 1
261.0 747.0 1
266.0 486.0 1
452.0 964.0 1
460.0 -87.0 1
399.0 338.0 1
190.0 752.0 1
74.0 1177.0 1
-23.0 1112.0 1
73.0 652.0 1
436.0 77.0 1
320.0 715.0 1
-84.0 1479.0 1
424.0 1151.0 1
330.0 171.0 1
460.0 955.0 1
311.0 -135.0 1
-32.0 596.0 1
-13.0 624.0 1
442.0 350.0 1
355.0 209.0 1
294.0 788.0 1
31.0 961.0 1
463.0 339.0 1
93.0 1420.0 1
-59.0 -280.0 1
361.0 481.0 1
417.0 9.0 1
402.0 948.0 1
468.0 1329.0 1
201.0 1413.0 1
267.0 -141.0 1
19.0 663.0 1
389.0 632.0 1
-4.0 176.0 1
445.0 -143.0 1
60.0 1295.0 1
93.0 772.0 1
-59.0 -273.0 1
446.0 353.0 1
-47.0 770.0 1
213.0 -151.0 1
-3.0 1256.0 1
-36.0 -51.0 1
329.0 516.0 1
278.0 -122.0 1
-80.0 1015.0 1
341.0 1039.0 1
-11.0 -36.0 1
213.0 -169.0 1
113.0 451.0 1
293.0 -235.0 1
215.0 1367.0 1
3.0 1336.0 1
-43.0 838.0 1
464.0 -102.0 1
234.0 124.0 1
124.0 1458.0 1
33.0 155.0 1
82.0 1391.0 1
-50.0 978.0 1
101.0 -279.0 1
-81.0 957.0 1
57.0 1224.0 1
451.0 525.0 1
452.0 529.0 1
437.0 800.0 1
4.0 0.0 1
421.0 666.0 1
314.0 846.0 1
-37.0 701.0 1
36.0 978.0 1
70.0 804.0 1
453.0 -191.0 1
427.0 148.0 1
-66.0 1405.0 1
363.0 1433.0 1
189.0 1456.0 1
69.0 9.0 1
401.0 406.0 1
435.0 325.0 1
95.0 232.0 1
79.0 962.0 1
-28.0 51.0 1
-1.0 -233.0 1
346.0 -252.0 1
315.0 567.0 1
86.0 1204.0 1
27.0 629.0 1
322.0 603.0 1
66.0 672.0 1
29.0 928.0 1
-57.0 -63.0 1
397.0 462.0 1
-1.0 1299.0 1
143.0 1026.0 1
436.0 516.0 1
216.0 1389.0 1
439.0 231.0 1
140.0 119.0 1
237.0 1084.0 1
