148.0 50.0 0
194.0 -80.0 0
204.0 89.0 0
289.0 4.0 0
199.0 38.0 0
174.0 33.0 0
288.0 -84.0 0
280.0 6.0 0
201.0 354.0 0
114.0 308.0 0
268.0 287.0 0
203.0 251.0 0
165.0 238.0 0
189.0 224.0 0
186.0 290.0 0
114.0 213.0 0
182.0 269.0 0
246.0 651.0 0
222.0 598.0 0
195.0 695.0 0
201.0 510.0 0
245.0 690.0 0
126.0 551.0 0
107.0 671.0 0
291.0 867.0 0
140.0 846.0 0
185.0 849.0 0
168.0 811.0 0
161.0 977.0 0
177.0 825.0 0
113.0 870.0 0
267.0 850.0 0
211.0 881.0 0
268.0 858.0 0
272.0 1211.0 0
290.0 1202.0 0
291.0 1166.0 0
108.0 1133.0 0
299.0 1182.0 0
250.0 1182.0 0
184.0 1133.0 0
266.0 1177.0 0
187.0 34.0 0
201.0 -17.0 0
116.0 -95.0 0
116.0 56.0 0
119.0 211.0 0
135.0 398.0 0
298.0 540.0 0
265.0 671.0 0
288.0 868.0 0
178.0 934.0 0
106.0 1103.0 0
270.0 -194.0 1
29.0 275.0 1
-42.0 469.0 1
401.0 -154.0 1
400.0 151.0 1
421.0 354.0 1
59.0 830.0 1
65.0 925.0 1
209.0 747.0 1
262.0 1481.0 1
196.0 -205.0 1
315.0 451.0 1
-30.0 498.0 1
-17.0 429.0 1
398.0 883.0 1
169.0 -176.0 1
275.0 1319.0 1
82.0 679.0 1
30.0 745.0 1
181.0 775.0 1
270.0 1095.0 1
24.0 1013.0 1
378.0 397.0 1
386.0 90.0 1
243.0 -170.0 1
408.0 -23.0 1
482.0 815.0 1
65.0 196.0 1
387.0 630.0 1
12.0 872.0 1
26.0 906.0 1
455.0 122.0 1
423.0 1105.0 1
446.0 -166.0 1
443.0 -116.0 1
226.0 1439.0 1
156.0 -270.0 1
-5.0 343.0 1
50.0 494.0 1
360.0 409.0 1
-42.0 890.0 1
201.0 733.0 1
469.0 1043.0 1
97.0 192.0 1
0.0 593.0 1
-28.0 -281.0 1
390.0 439.0 1
208.0 -200.0 1
-19.0 688.0 1
-50.0 81.0 1
-81.0 1327.0 1
466.0 1075.0 1
321.0 472.0 1
3.0 -204.0 1
-84.0 726.0 1
321.0 1104.0 1
241.0 130.0 1
-2.0 -194.0 1
377.0 -126.0 1
57.0 880.0 1
257.0 168.0 1
262.0 1049.0 1
469.0 772.0 1
475.0 119.0 1
368.0 329.0 1
388.0 914.0 1
304.0 -153.0 1
419.0 595.0 1
155.0 1303.0 1
422.0 204.0 1
397.0 651.0 1
306.0 675.0 1
359.0 435.0 1
481.0 240.0 1
308.0 773.0 1
157.0 1478.0 1
230.0 121.0 1
422.0 25.0 1
95.0 343.0 1
66.0 621.0 1
274.0 774.0 1
454.0 679.0 1
388.0 1156.0 1
11.0 207.0 1
35.0 935.0 1
306.0 1169.0 1
248.0 708.0 1
325.0 1332.0 1
15.0 1212.0 1
-63.0 786.0 1
414.0 57.0 1
305.0 -167.0 1
-8.0 -3.0 1
99.0 -93.0 1
41.0 472.0 1
-47.0 -73.0 1
403.0 1433.0 1
191.0 423.0 1
310.0 1135.0 1
249.0 1452.0 1
6.0 416.0 1
417.0 999.0 1
334.0 993.0 1
466.0 80.0 1
329.0 375.0 1
94.0 1439.0 1
4.0 769.0 1
467.0 910.0 1
445.0 712.0 1
325.0 705.0 1
79.0 -9.0 1
98.0 791.0 1
327.0 277.0 1
11.0 183.0 1
369.0 -246.0 1
151.0 113.0 1
407.0 1280.0 1
201.0 1026.0 1
74.0 91.0 1
-30.0 793.0 1
310.0 -227.0 1
304.0 39.0 1
388.0 205.0 1
6.0 950.0 1
332.0 557.0 1
342.0 595.0 1
348.0 242.0 1
483.0 1297.0 1
1.0 648.0 1
439.0 191.0 1
459.0 -42.0 1
-22.0 893.0 1
403.0 1404.0 1
-39.0 -22.0 1
-5.0 498.0 1
419.0 1281.0 1
73.0 220.0 1
-35.0 1397.0 1
-6.0 -168.0 1
-79.0 797.0 1
-39.0 1420.0 1
434.0 -39.0 1
-72.0 600.0 1
8.0 753.0 1
470.0 334.0 1
387.0 173.0 1
472.0 403.0 1
388.0 -182.0 1
441.0 242.0 1
331.0 472.0 1
369.0 607.0 1
-46.0 160.0 1
374.0 739.0 1
343.0 467.0 1
118.0 759.0 1
452.0 964.0 1
399.0 338.0 1
38.0 -59.0 1
214.0 1468.0 1
-23.0 1112.0 1
201.0 1418.0 1
-84.0 1479.0 1
424.0 1151.0 1
260.0 499.0 1
49.0 769.0 1
-32.0 596.0 1
333.0 1433.0 1
-66.0 859.0 1
-13.0 624.0 1
442.0 350.0 1
171.0 1424.0 1
355.0 209.0 1
31.0 961.0 1
460.0 569.0 1
317.0 1358.0 1
93.0 1420.0 1
-60.0 1156.0 1
-59.0 -280.0 1
361.0 481.0 1
8.0 52.0 1
417.0 9.0 1
196.0 1340.0 1
446.0 1300.0 1
431.0 -141.0 1
355.0 350.0 1
402.0 948.0 1
387.0 360.0 1
468.0 1329.0 1
70.0 616.0 1
-40.0 552.0 1
408.0 -90.0 1
-4.0 176.0 1
445.0 -143.0 1
458.0 -216.0 1
19.0 147.0 1
379.0 829.0 1
-36.0 -51.0 1
329.0 516.0 1
155.0 1322.0 1
430.0 161.0 1
-80.0 1015.0 1
213.0 -169.0 1
158.0 -221.0 1
293.0 -235.0 1
215.0 1367.0 1
234.0 124.0 1
82.0 1391.0 1
127.0 410.0 1
101.0 -279.0 1
176.0 -220.0 1
426.0 638.0 1
-81.0 957.0 1
57.0 1224.0 1
147.0 445.0 1
464.0 10.0 1
314.0 846.0 1
36.0 978.0 1
203.0 -208.0 1
70.0 804.0 1
427.0 148.0 1
451.0 948.0 1
-66.0 1405.0 1
365.0 1443.0 1
189.0 1456.0 1
235.0 767.0 1
69.0 9.0 1
435.0 325.0 1
95.0 232.0 1
194.0 1350.0 1
79.0 962.0 1
-1.0 -233.0 1
346.0 -252.0 1
27.0 629.0 1
136.0 1407.0 1
66.0 672.0 1
29.0 928.0 1
15.0 901.0 1
397.0 462.0 1
1.0 444.0 1
143.0 1026.0 1
305.0 291.0 1
457.0 1386.0 1
140.0 119.0 1
433.0 1380.0 1
237.0 1084.0 1
440.0 -221.0 1
39.0 352.0 1
