184.0 340.0 0
268.0 858.0 0
183.0 604.0 0
291.0 667.0 0
201.0 -17.0 0
277.0 78.0 0
202.0 1159.0 0
284.0 1117.0 0
161.0 977.0 0
289.0 4.0 0
49.0 769.0 1
-56.0 665.0 1
248.0 708.0 1
171.0 1068.0 1
334.0 993.0 1
-50.0 81.0 1
12.0 872.0 1
397.0 462.0 1
330.0 171.0 1
275.0 1319.0 1
-51.0 1014.0 1
470.0 1466.0 1
270.0 -194.0 1
230.0 121.0 1
-39.0 -22.0 1
82.0 1391.0 1
387.0 360.0 1
47.0 -262.0 1
387.0 1237.0 1
332.0 557.0 1
97.0 192.0 1
420.0 1116.0 1
86.0 1204.0 1
417.0 9.0 1
56.0 436.0 1
401.0 406.0 1
-63.0 199.0 1
54.0 616.0 1
201.0 1413.0 1
426.0 638.0 1
448.0 -10.0 1
30.0 745.0 1
101.0 -279.0 1
445.0 -143.0 1
213.0 -169.0 1
-20.0 266.0 1
63.0 1468.0 1
79.0 -9.0 1
375.0 788.0 1
127.0 410.0 1
374.0 739.0 1
455.0 269.0 1
143.0 1026.0 1
319.0 695.0 1
-13.0 624.0 1
136.0 1407.0 1
397.0 651.0 1
304.0 -153.0 1
377.0 -126.0 1
-30.0 498.0 1
