153.0 307.0 0
267.0 898.0 0
126.0 551.0 0
112.0 673.0 0
133.0 34.0 0
188.0 227.0 0
238.0 1169.0 0
242.0 1245.0 0
227.0 342.0 0
185.0 849.0 0
216.0 387.0 0
184.0 1133.0 0
194.0 -80.0 0
183.0 604.0 0
201.0 -17.0 0
288.0 -84.0 0
171.0 886.0 0
291.0 667.0 0
125.0 1263.0 0
211.0 881.0 0
124.0 773.0 1
19.0 663.0 1
181.0 775.0 1
267.0 1095.0 1
341.0 1039.0 1
361.0 795.0 1
74.0 91.0 1
-22.0 893.0 1
343.0 467.0 1
338.0 225.0 1
60.0 1295.0 1
6.0 950.0 1
333.0 1433.0 1
198.0 -193.0 1
400.0 151.0 1
-36.0 -51.0 1
-18.0 1422.0 1
421.0 354.0 1
57.0 -219.0 1
82.0 749.0 1
394.0 1319.0 1
419.0 1281.0 1
420.0 1116.0 1
-13.0 624.0 1
436.0 516.0 1
94.0 1439.0 1
88.0 112.0 1
309.0 1207.0 1
-23.0 1112.0 1
386.0 90.0 1
106.0 465.0 1
387.0 173.0 1
420.0 468.0 1
424.0 1151.0 1
378.0 397.0 1
427.0 22.0 1
0.0 593.0 1
222.0 -238.0 1
201.0 1413.0 1
320.0 1370.0 1
322.0 603.0 1
393.0 955.0 1
422.0 25.0 1
11.0 183.0 1
405.0 -257.0 1
460.0 -81.0 1
-2.0 -194.0 1
-54.0 365.0 1
214.0 1468.0 1
57.0 880.0 1
315.0 451.0 1
33.0 155.0 1
85.0 -3.0 1
398.0 883.0 1
36.0 1272.0 1
1.0 444.0 1
-54.0 751.0 1
437.0 800.0 1
-63.0 199.0 1
387.0 360.0 1
342.0 314.0 1
445.0 712.0 1
467.0 910.0 1
439.0 231.0 1
-62.0 1022.0 1
127.0 410.0 1
0.0 1255.0 1
-35.0 504.0 1
430.0 161.0 1
448.0 269.0 1
401.0 -173.0 1
239.0 1472.0 1
408.0 -90.0 1
73.0 545.0 1
319.0 695.0 1
-2.0 30.0 1
70.0 804.0 1
262.0 1049.0 1
-63.0 786.0 1
345.0 1458.0 1
-59.0 -273.0 1
426.0 638.0 1
-40.0 552.0 1
458.0 -216.0 1
-28.0 51.0 1
390.0 439.0 1
79.0 100.0 1
399.0 668.0 1
419.0 595.0 1
470.0 1466.0 1
431.0 -141.0 1
-50.0 978.0 1
304.0 -153.0 1
194.0 1350.0 1
267.0 -141.0 1
483.0 1297.0 1
35.0 935.0 1
278.0 -122.0 1
29.0 275.0 1
378.0 372.0 1
