186.0 290.0 0
274.0 931.0 0
201.0 510.0 0
145.0 647.0 0
199.0 38.0 0
114.0 213.0 0
250.0 1182.0 0
257.0 1215.0 0
139.0 332.0 0
267.0 850.0 0
203.0 251.0 0
106.0 1103.0 0
116.0 -95.0 0
135.0 398.0 0
258.0 1.0 0
116.0 56.0 0
121.0 948.0 0
195.0 695.0 0
202.0 1159.0 0
140.0 846.0 0
118.0 759.0 1
73.0 662.0 1
235.0 767.0 1
299.0 1081.0 1
440.0 1040.0 1
294.0 788.0 1
52.0 67.0 1
26.0 906.0 1
257.0 465.0 1
355.0 209.0 1
155.0 1303.0 1
31.0 961.0 1
403.0 1433.0 1
203.0 -208.0 1
325.0 142.0 1
-73.0 -73.0 1
-35.0 1397.0 1
442.0 350.0 1
-1.0 -233.0 1
93.0 772.0 1
275.0 1319.0 1
356.0 1280.0 1
321.0 1104.0 1
1.0 648.0 1
452.0 529.0 1
9.0 1417.0 1
140.0 119.0 1
477.0 1210.0 1
9.0 1134.0 1
436.0 77.0 1
147.0 445.0 1
257.0 168.0 1
451.0 451.0 1
306.0 1169.0 1
472.0 403.0 1
464.0 10.0 1
22.0 576.0 1
158.0 -221.0 1
276.0 1419.0 1
245.0 1372.0 1
315.0 567.0 1
452.0 964.0 1
304.0 39.0 1
97.0 192.0 1
344.0 -282.0 1
459.0 -42.0 1
-2.0 -151.0 1
-71.0 333.0 1
157.0 1478.0 1
-42.0 890.0 1
361.0 481.0 1
-46.0 160.0 1
33.0 -4.0 1
314.0 846.0 1
-1.0 1299.0 1
-17.0 429.0 1
30.0 745.0 1
482.0 815.0 1
11.0 207.0 1
399.0 338.0 1
305.0 291.0 1
469.0 772.0 1
388.0 914.0 1
348.0 242.0 1
24.0 1013.0 1
95.0 343.0 1
86.0 1204.0 1
-42.0 469.0 1
439.0 191.0 1
477.0 306.0 1
361.0 -175.0 1
63.0 1468.0 1
364.0 -15.0 1
171.0 498.0 1
316.0 727.0 1
69.0 9.0 1
190.0 752.0 1
116.0 1055.0 1
-84.0 726.0 1
403.0 1404.0 1
18.0 -267.0 1
387.0 630.0 1
-72.0 600.0 1
377.0 -202.0 1
-11.0 -36.0 1
304.0 418.0 1
475.0 119.0 1
454.0 679.0 1
66.0 621.0 1
262.0 1481.0 1
377.0 -126.0 1
334.0 993.0 1
446.0 -166.0 1
-37.0 1358.0 1
213.0 -169.0 1
413.0 1313.0 1
467.0 884.0 1
310.0 -227.0 1
60.0 -185.0 1
56.0 436.0 1
