141.0 274.0 0
121.0 948.0 0
218.0 598.0 0
150.0 603.0 0
180.0 61.0 0
292.0 238.0 0
290.0 1202.0 0
184.0 1133.0 0
113.0 870.0 0
288.0 -84.0 0
93.0 772.0 1
42.0 644.0 1
308.0 773.0 1
321.0 1104.0 1
461.0 1093.0 1
79.0 100.0 1
35.0 935.0 1
315.0 451.0 1
348.0 242.0 1
196.0 1340.0 1
-81.0 957.0 1
403.0 1404.0 1
176.0 -220.0 1
234.0 124.0 1
38.0 -59.0 1
9.0 1417.0 1
470.0 334.0 1
-47.0 -257.0 1
429.0 1254.0 1
391.0 508.0 1
19.0 147.0 1
388.0 1156.0 1
69.0 1093.0 1
475.0 119.0 1
119.0 419.0 1
359.0 435.0 1
5.0 178.0 1
-32.0 596.0 1
194.0 1350.0 1
353.0 634.0 1
373.0 -19.0 1
-63.0 786.0 1
310.0 -227.0 1
408.0 -90.0 1
213.0 -151.0 1
16.0 303.0 1
189.0 1456.0 1
468.0 170.0 1
361.0 795.0 1
45.0 416.0 1
449.0 896.0 1
382.0 280.0 1
460.0 955.0 1
325.0 705.0 1
-37.0 701.0 1
88.0 1342.0 1
457.0 1386.0 1
305.0 -167.0 1
378.0 397.0 1
278.0 -122.0 1
