196.0 -81.0 0
288.0 -84.0 0
133.0 34.0 0
280.0 6.0 0
216.0 387.0 0
139.0 332.0 0
268.0 287.0 0
184.0 340.0 0
182.0 269.0 0
218.0 598.0 0
246.0 651.0 0
222.0 598.0 0
245.0 690.0 0
112.0 673.0 0
291.0 867.0 0
185.0 849.0 0
168.0 811.0 0
267.0 850.0 0
151.0 978.0 0
250.0 1182.0 0
-42.0 469.0 1
401.0 -154.0 1
450.0 815.0 1
71.0 1313.0 1
-30.0 498.0 1
73.0 545.0 1
331.0 -172.0 1
82.0 679.0 1
377.0 -202.0 1
378.0 397.0 1
387.0 630.0 1
47.0 -262.0 1
423.0 1105.0 1
-5.0 343.0 1
299.0 1081.0 1
50.0 494.0 1
-42.0 890.0 1
-28.0 -281.0 1
38.0 418.0 1
466.0 1075.0 1
119.0 419.0 1
321.0 1104.0 1
-2.0 -194.0 1
377.0 -126.0 1
57.0 880.0 1
257.0 168.0 1
92.0 925.0 1
9.0 1417.0 1
42.0 -233.0 1
368.0 329.0 1
79.0 -182.0 1
220.0 195.0 1
306.0 675.0 1
82.0 749.0 1
401.0 -173.0 1
66.0 621.0 1
274.0 774.0 1
35.0 935.0 1
28.0 558.0 1
-51.0 1014.0 1
326.0 1213.0 1
445.0 1422.0 1
-18.0 1422.0 1
-47.0 -73.0 1
-51.0 1371.0 1
151.0 141.0 1
353.0 634.0 1
402.0 740.0 1
361.0 699.0 1
94.0 1439.0 1
438.0 163.0 1
467.0 910.0 1
460.0 -81.0 1
151.0 113.0 1
420.0 1116.0 1
464.0 812.0 1
328.0 809.0 1
483.0 1297.0 1
22.0 576.0 1
13.0 609.0 1
-22.0 893.0 1
57.0 -219.0 1
152.0 116.0 1
437.0 464.0 1
162.0 1471.0 1
451.0 451.0 1
-1.0 -106.0 1
-39.0 1420.0 1
-72.0 600.0 1
8.0 753.0 1
4.0 46.0 1
387.0 173.0 1
369.0 607.0 1
171.0 1068.0 1
431.0 500.0 1
438.0 918.0 1
364.0 -15.0 1
266.0 486.0 1
452.0 964.0 1
399.0 338.0 1
38.0 -59.0 1
74.0 1177.0 1
73.0 652.0 1
201.0 1418.0 1
49.0 769.0 1
333.0 1433.0 1
-2.0 -151.0 1
-59.0 -280.0 1
417.0 9.0 1
446.0 1300.0 1
431.0 -141.0 1
405.0 -257.0 1
387.0 360.0 1
267.0 -141.0 1
19.0 663.0 1
325.0 142.0 1
60.0 -185.0 1
458.0 -216.0 1
93.0 772.0 1
-59.0 -273.0 1
