133.0 34.0 0
246.0 651.0 0
201.0 510.0 0
145.0 647.0 0
277.0 816.0 0
268.0 858.0 0
172.0 1245.0 0
184.0 1133.0 0
213.0 1253.0 0
288.0 868.0 0
71.0 1313.0 1
331.0 -172.0 1
367.0 1088.0 1
386.0 90.0 1
408.0 -23.0 1
387.0 630.0 1
299.0 1081.0 1
3.0 -204.0 1
262.0 1049.0 1
42.0 -233.0 1
361.0 795.0 1
220.0 195.0 1
306.0 675.0 1
481.0 240.0 1
115.0 773.0 1
414.0 57.0 1
445.0 1422.0 1
-8.0 -3.0 1
-18.0 1422.0 1
191.0 423.0 1
310.0 1135.0 1
353.0 634.0 1
467.0 910.0 1
477.0 1210.0 1
201.0 1026.0 1
85.0 -3.0 1
-54.0 751.0 1
310.0 -227.0 1
304.0 39.0 1
342.0 595.0 1
348.0 242.0 1
116.0 1055.0 1
8.0 753.0 1
38.0 -59.0 1
424.0 1151.0 1
311.0 -135.0 1
-32.0 596.0 1
463.0 339.0 1
414.0 1157.0 1
218.0 760.0 1
402.0 948.0 1
14.0 439.0 1
38.0 28.0 1
420.0 468.0 1
127.0 410.0 1
387.0 1237.0 1
315.0 567.0 1
17.0 371.0 1
1.0 444.0 1
375.0 788.0 1
