237.0 287.0 0
226.0 922.0 0
131.0 510.0 0
171.0 662.0 0
187.0 34.0 0
119.0 211.0 0
266.0 1177.0 0
272.0 1211.0 0
184.0 340.0 0
268.0 858.0 0
292.0 238.0 0
108.0 1133.0 0
152.0 -97.0 0
150.0 603.0 0
280.0 6.0 0
180.0 61.0 0
151.0 978.0 0
245.0 690.0 0
284.0 1117.0 0
177.0 825.0 0
182.0 269.0 0
178.0 934.0 0
298.0 540.0 0
107.0 671.0 0
174.0 33.0 0
189.0 224.0 0
299.0 1182.0 0
290.0 1202.0 0
114.0 308.0 0
291.0 867.0 0
141.0 274.0 0
233.0 1102.0 0
196.0 -81.0 0
184.0 600.0 0
289.0 4.0 0
277.0 78.0 0
161.0 977.0 0
265.0 671.0 0
172.0 1245.0 0
114.0 805.0 0
153.0 307.0 0
267.0 898.0 0
126.0 551.0 0
112.0 673.0 0
133.0 34.0 0
188.0 227.0 0
238.0 1169.0 0
242.0 1245.0 0
227.0 342.0 0
185.0 849.0 0
216.0 387.0 0
184.0 1133.0 0
194.0 -80.0 0
183.0 604.0 0
201.0 -17.0 0
288.0 -84.0 0
171.0 886.0 0
291.0 667.0 0
125.0 1263.0 0
211.0 881.0 0
268.0 287.0 0
288.0 868.0 0
155.0 586.0 0
246.0 651.0 0
148.0 50.0 0
165.0 238.0 0
291.0 1166.0 0
213.0 1253.0 0
201.0 354.0 0
277.0 816.0 0
204.0 89.0 0
179.0 1137.0 0
121.0 -38.0 0
218.0 598.0 0
290.0 -57.0 0
222.0 598.0 0
113.0 870.0 0
168.0 811.0 0
213.0 1298.0 0
270.0 588.0 0
122.0 763.0 1
73.0 652.0 1
218.0 760.0 1
237.0 1084.0 1
469.0 1043.0 1
308.0 773.0 1
-13.0 63.0 1
15.0 901.0 1
266.0 486.0 1
388.0 205.0 1
155.0 1322.0 1
79.0 962.0 1
363.0 1433.0 1
196.0 -205.0 1
360.0 156.0 1
-47.0 -73.0 1
-66.0 1405.0 1
446.0 353.0 1
42.0 -233.0 1
49.0 769.0 1
266.0 1333.0 1
407.0 1280.0 1
310.0 1135.0 1
42.0 644.0 1
451.0 525.0 1
56.0 1404.0 1
152.0 116.0 1
326.0 1213.0 1
48.0 1128.0 1
466.0 80.0 1
113.0 451.0 1
220.0 195.0 1
439.0 454.0 1
388.0 1156.0 1
401.0 406.0 1
476.0 0.0 1
28.0 558.0 1
176.0 -220.0 1
201.0 1418.0 1
215.0 1367.0 1
332.0 557.0 1
460.0 955.0 1
313.0 36.0 1
65.0 196.0 1
346.0 -252.0 1
434.0 -39.0 1
-6.0 -168.0 1
-45.0 328.0 1
162.0 1471.0 1
12.0 872.0 1
332.0 485.0 1
22.0 157.0 1
4.0 0.0 1
388.0 850.0 1
24.0 1289.0 1
14.0 439.0 1
8.0 753.0 1
464.0 812.0 1
-63.0 211.0 1
368.0 329.0 1
327.0 277.0 1
402.0 740.0 1
420.0 907.0 1
339.0 246.0 1
-51.0 1014.0 1
17.0 371.0 1
57.0 1224.0 1
41.0 472.0 1
438.0 163.0 1
470.0 334.0 1
331.0 -172.0 1
189.0 1456.0 1
373.0 -19.0 1
260.0 499.0 1
320.0 715.0 1
38.0 28.0 1
201.0 733.0 1
171.0 1068.0 1
-37.0 701.0 1
433.0 1380.0 1
47.0 -262.0 1
389.0 632.0 1
-32.0 596.0 1
453.0 -191.0 1
-39.0 -22.0 1
334.0 441.0 1
455.0 122.0 1
421.0 666.0 1
369.0 607.0 1
249.0 1452.0 1
311.0 -135.0 1
306.0 1002.0 1
445.0 -143.0 1
-81.0 1327.0 1
243.0 -170.0 1
479.0 1310.0 1
35.0 848.0 1
415.0 -235.0 1
103.0 -113.0 1
45.0 416.0 1
115.0 773.0 1
66.0 672.0 1
274.0 774.0 1
270.0 1095.0 1
428.0 1030.0 1
375.0 788.0 1
8.0 52.0 1
29.0 928.0 1
321.0 472.0 1
396.0 211.0 1
71.0 1313.0 1
36.0 978.0 1
365.0 1443.0 1
208.0 -200.0 1
330.0 171.0 1
-57.0 -63.0 1
-39.0 1420.0 1
457.0 348.0 1
3.0 -204.0 1
98.0 791.0 1
325.0 1332.0 1
352.0 1263.0 1
423.0 1105.0 1
27.0 629.0 1
447.0 515.0 1
93.0 1420.0 1
151.0 113.0 1
387.0 1237.0 1
-58.0 1126.0 1
414.0 57.0 1
196.0 434.0 1
241.0 130.0 1
437.0 464.0 1
414.0 1157.0 1
434.0 419.0 1
417.0 9.0 1
58.0 566.0 1
248.0 -217.0 1
210.0 1414.0 1
216.0 1389.0 1
342.0 595.0 1
451.0 948.0 1
369.0 15.0 1
73.0 220.0 1
369.0 -246.0 1
408.0 -23.0 1
-24.0 -165.0 1
-5.0 343.0 1
204.0 1478.0 1
-66.0 859.0 1
391.0 508.0 1
-4.0 176.0 1
-8.0 -3.0 1
379.0 829.0 1
3.0 1336.0 1
6.0 416.0 1
-24.0 749.0 1
450.0 815.0 1
5.0 178.0 1
435.0 325.0 1
367.0 288.0 1
374.0 739.0 1
438.0 918.0 1
441.0 242.0 1
-80.0 1015.0 1
16.0 303.0 1
15.0 1212.0 1
-30.0 498.0 1
468.0 170.0 1
455.0 269.0 1
355.0 -164.0 1
-84.0 1479.0 1
371.0 -94.0 1
50.0 494.0 1
325.0 705.0 1
-13.0 20.0 1
248.0 708.0 1
260.0 1049.0 1
-19.0 688.0 1
457.0 1386.0 1
-28.0 -281.0 1
353.0 634.0 1
54.0 616.0 1
440.0 -221.0 1
38.0 -59.0 1
359.0 435.0 1
230.0 121.0 1
417.0 665.0 1
306.0 675.0 1
227.0 1446.0 1
443.0 -116.0 1
417.0 999.0 1
305.0 -167.0 1
88.0 1342.0 1
213.0 -151.0 1
468.0 1329.0 1
59.0 830.0 1
156.0 -270.0 1
-59.0 -280.0 1
119.0 419.0 1
124.0 773.0 1
19.0 663.0 1
181.0 775.0 1
267.0 1095.0 1
341.0 1039.0 1
361.0 795.0 1
74.0 91.0 1
-22.0 893.0 1
343.0 467.0 1
338.0 225.0 1
60.0 1295.0 1
6.0 950.0 1
333.0 1433.0 1
198.0 -193.0 1
400.0 151.0 1
-36.0 -51.0 1
-18.0 1422.0 1
421.0 354.0 1
57.0 -219.0 1
82.0 749.0 1
394.0 1319.0 1
419.0 1281.0 1
420.0 1116.0 1
-13.0 624.0 1
436.0 516.0 1
94.0 1439.0 1
88.0 112.0 1
309.0 1207.0 1
-23.0 1112.0 1
386.0 90.0 1
106.0 465.0 1
387.0 173.0 1
420.0 468.0 1
424.0 1151.0 1
378.0 397.0 1
427.0 22.0 1
0.0 593.0 1
222.0 -238.0 1
201.0 1413.0 1
320.0 1370.0 1
322.0 603.0 1
393.0 955.0 1
422.0 25.0 1
11.0 183.0 1
405.0 -257.0 1
460.0 -81.0 1
-2.0 -194.0 1
-54.0 365.0 1
214.0 1468.0 1
57.0 880.0 1
315.0 451.0 1
33.0 155.0 1
85.0 -3.0 1
398.0 883.0 1
36.0 1272.0 1
1.0 444.0 1
-54.0 751.0 1
437.0 800.0 1
-63.0 199.0 1
387.0 360.0 1
342.0 314.0 1
445.0 712.0 1
467.0 910.0 1
439.0 231.0 1
-62.0 1022.0 1
127.0 410.0 1
0.0 1255.0 1
-35.0 504.0 1
430.0 161.0 1
448.0 269.0 1
401.0 -173.0 1
239.0 1472.0 1
408.0 -90.0 1
73.0 545.0 1
319.0 695.0 1
-2.0 30.0 1
70.0 804.0 1
262.0 1049.0 1
-63.0 786.0 1
345.0 1458.0 1
-59.0 -273.0 1
426.0 638.0 1
-40.0 552.0 1
458.0 -216.0 1
-28.0 51.0 1
390.0 439.0 1
79.0 100.0 1
399.0 668.0 1
419.0 595.0 1
470.0 1466.0 1
431.0 -141.0 1
-50.0 978.0 1
304.0 -153.0 1
194.0 1350.0 1
267.0 -141.0 1
483.0 1297.0 1
35.0 935.0 1
278.0 -122.0 1
29.0 275.0 1
378.0 372.0 1
114.0 776.0 1
82.0 679.0 1
209.0 747.0 1
367.0 1088.0 1
466.0 1075.0 1
328.0 809.0 1
4.0 46.0 1
65.0 925.0 1
331.0 472.0 1
422.0 204.0 1
150.0 1342.0 1
-24.0 963.0 1
445.0 1422.0 1
188.0 -194.0 1
427.0 148.0 1
-25.0 -39.0 1
-51.0 1371.0 1
463.0 339.0 1
-53.0 -211.0 1
4.0 769.0 1
201.0 1340.0 1
446.0 1300.0 1
461.0 1093.0 1
-56.0 665.0 1
431.0 500.0 1
82.0 1391.0 1
151.0 141.0 1
429.0 1254.0 1
-60.0 1156.0 1
329.0 92.0 1
116.0 421.0 1
234.0 124.0 1
397.0 462.0 1
74.0 1177.0 1
360.0 409.0 1
448.0 -10.0 1
13.0 609.0 1
169.0 -176.0 1
226.0 1439.0 1
317.0 1358.0 1
460.0 569.0 1
402.0 948.0 1
353.0 -14.0 1
95.0 232.0 1
293.0 -235.0 1
460.0 -87.0 1
-1.0 -106.0 1
39.0 352.0 1
124.0 1458.0 1
-43.0 838.0 1
329.0 516.0 1
19.0 147.0 1
79.0 -9.0 1
432.0 813.0 1
-3.0 1256.0 1
38.0 418.0 1
-47.0 770.0 1
479.0 771.0 1
-64.0 196.0 1
355.0 350.0 1
385.0 300.0 1
465.0 691.0 1
449.0 896.0 1
481.0 240.0 1
143.0 1026.0 1
137.0 408.0 1
69.0 1093.0 1
-5.0 498.0 1
473.0 252.0 1
382.0 280.0 1
388.0 -182.0 1
151.0 1434.0 1
288.0 -101.0 1
191.0 423.0 1
261.0 747.0 1
-67.0 -11.0 1
-75.0 773.0 1
201.0 1026.0 1
-79.0 797.0 1
321.0 1459.0 1
-47.0 -257.0 1
397.0 651.0 1
70.0 616.0 1
270.0 -194.0 1
99.0 -93.0 1
329.0 375.0 1
-50.0 81.0 1
361.0 699.0 1
52.0 439.0 1
171.0 1424.0 1
401.0 -154.0 1
92.0 925.0 1
464.0 -102.0 1
196.0 1340.0 1
79.0 -182.0 1
136.0 1407.0 1
-81.0 957.0 1
101.0 -279.0 1
-20.0 266.0 1
-30.0 793.0 1
