139.0 332.0 0
171.0 886.0 0
270.0 588.0 0
245.0 690.0 0
258.0 1.0 0
135.0 398.0 0
242.0 1245.0 0
106.0 1103.0 0
151.0 978.0 0
216.0 387.0 0
218.0 760.0 1
70.0 616.0 1
316.0 727.0 1
341.0 1039.0 1
306.0 1002.0 1
-2.0 30.0 1
92.0 925.0 1
334.0 441.0 1
387.0 173.0 1
24.0 1289.0 1
-80.0 1015.0 1
276.0 1419.0 1
222.0 -238.0 1
430.0 161.0 1
-67.0 -11.0 1
93.0 1420.0 1
355.0 350.0 1
-28.0 -281.0 1
483.0 1297.0 1
437.0 464.0 1
65.0 196.0 1
468.0 1329.0 1
310.0 1135.0 1
464.0 10.0 1
137.0 408.0 1
360.0 409.0 1
438.0 163.0 1
27.0 629.0 1
201.0 1418.0 1
306.0 675.0 1
69.0 9.0 1
-47.0 770.0 1
377.0 -202.0 1
431.0 -141.0 1
99.0 -93.0 1
29.0 275.0 1
151.0 1434.0 1
439.0 231.0 1
464.0 812.0 1
-5.0 498.0 1
420.0 907.0 1
477.0 306.0 1
-66.0 859.0 1
399.0 668.0 1
-72.0 600.0 1
94.0 1439.0 1
171.0 498.0 1
243.0 -170.0 1
288.0 -101.0 1
-35.0 504.0 1
