290.0 -57.0 0
204.0 89.0 0
196.0 -81.0 0
289.0 4.0 0
174.0 33.0 0
288.0 -84.0 0
133.0 34.0 0
216.0 387.0 0
292.0 238.0 0
203.0 251.0 0
153.0 307.0 0
182.0 269.0 0
227.0 342.0 0
218.0 598.0 0
222.0 598.0 0
184.0 600.0 0
201.0 510.0 0
145.0 647.0 0
126.0 551.0 0
131.0 510.0 0
121.0 948.0 0
291.0 867.0 0
140.0 846.0 0
185.0 849.0 0
168.0 811.0 0
161.0 977.0 0
267.0 898.0 0
277.0 816.0 0
211.0 881.0 0
274.0 931.0 0
151.0 978.0 0
268.0 858.0 0
213.0 1298.0 0
272.0 1211.0 0
290.0 1202.0 0
291.0 1166.0 0
108.0 1133.0 0
250.0 1182.0 0
284.0 1117.0 0
266.0 1177.0 0
242.0 1245.0 0
187.0 34.0 0
116.0 56.0 0
135.0 398.0 0
141.0 274.0 0
171.0 662.0 0
298.0 540.0 0
155.0 586.0 0
150.0 603.0 0
288.0 868.0 0
178.0 934.0 0
106.0 1103.0 0
465.0 691.0 1
-56.0 665.0 1
-42.0 469.0 1
-35.0 504.0 1
400.0 151.0 1
-63.0 211.0 1
36.0 1272.0 1
201.0 1340.0 1
262.0 1481.0 1
73.0 545.0 1
398.0 883.0 1
169.0 -176.0 1
461.0 1093.0 1
82.0 679.0 1
288.0 -101.0 1
222.0 -238.0 1
30.0 745.0 1
5.0 178.0 1
181.0 775.0 1
270.0 1095.0 1
42.0 644.0 1
378.0 397.0 1
408.0 -23.0 1
16.0 303.0 1
439.0 454.0 1
455.0 122.0 1
423.0 1105.0 1
9.0 1134.0 1
156.0 -270.0 1
52.0 439.0 1
299.0 1081.0 1
50.0 494.0 1
334.0 441.0 1
-42.0 890.0 1
201.0 733.0 1
97.0 192.0 1
0.0 593.0 1
-28.0 -281.0 1
-19.0 688.0 1
-50.0 81.0 1
38.0 418.0 1
-81.0 1327.0 1
466.0 1075.0 1
-84.0 726.0 1
119.0 419.0 1
241.0 130.0 1
-2.0 -194.0 1
54.0 616.0 1
-53.0 -211.0 1
92.0 925.0 1
262.0 1049.0 1
399.0 668.0 1
9.0 1417.0 1
467.0 884.0 1
42.0 -233.0 1
33.0 -4.0 1
79.0 -182.0 1
361.0 795.0 1
394.0 1319.0 1
321.0 1459.0 1
306.0 675.0 1
82.0 749.0 1
359.0 435.0 1
308.0 773.0 1
422.0 25.0 1
393.0 955.0 1
274.0 774.0 1
388.0 1156.0 1
267.0 1095.0 1
11.0 207.0 1
-24.0 -165.0 1
306.0 1169.0 1
248.0 708.0 1
325.0 1332.0 1
28.0 558.0 1
-51.0 1014.0 1
470.0 1466.0 1
305.0 -167.0 1
-8.0 -3.0 1
-18.0 1422.0 1
41.0 472.0 1
151.0 141.0 1
310.0 1135.0 1
249.0 1452.0 1
6.0 416.0 1
402.0 740.0 1
417.0 999.0 1
361.0 699.0 1
432.0 813.0 1
94.0 1439.0 1
438.0 163.0 1
467.0 910.0 1
460.0 -81.0 1
445.0 712.0 1
210.0 1414.0 1
325.0 705.0 1
-75.0 773.0 1
0.0 1255.0 1
122.0 763.0 1
371.0 -94.0 1
-62.0 1022.0 1
56.0 436.0 1
477.0 1210.0 1
79.0 -9.0 1
98.0 791.0 1
447.0 515.0 1
85.0 -3.0 1
420.0 1116.0 1
74.0 91.0 1
310.0 -227.0 1
388.0 205.0 1
6.0 950.0 1
342.0 595.0 1
348.0 242.0 1
483.0 1297.0 1
439.0 191.0 1
428.0 1030.0 1
13.0 609.0 1
-22.0 893.0 1
403.0 1404.0 1
-71.0 333.0 1
-39.0 -22.0 1
88.0 112.0 1
57.0 -219.0 1
-5.0 498.0 1
419.0 1281.0 1
152.0 116.0 1
103.0 -113.0 1
-54.0 365.0 1
451.0 451.0 1
-1.0 -106.0 1
-6.0 -168.0 1
-39.0 1420.0 1
245.0 1372.0 1
-72.0 600.0 1
479.0 1310.0 1
8.0 753.0 1
239.0 1472.0 1
306.0 1002.0 1
472.0 403.0 1
-25.0 -39.0 1
24.0 1289.0 1
420.0 907.0 1
48.0 1128.0 1
388.0 -182.0 1
441.0 242.0 1
257.0 465.0 1
369.0 607.0 1
440.0 1040.0 1
-46.0 160.0 1
374.0 739.0 1
438.0 918.0 1
-64.0 196.0 1
320.0 1370.0 1
261.0 747.0 1
452.0 964.0 1
399.0 338.0 1
38.0 -59.0 1
73.0 662.0 1
190.0 752.0 1
-23.0 1112.0 1
73.0 652.0 1
424.0 1151.0 1
311.0 -135.0 1
442.0 350.0 1
355.0 209.0 1
463.0 339.0 1
460.0 569.0 1
-59.0 -280.0 1
227.0 1446.0 1
361.0 481.0 1
196.0 1340.0 1
446.0 1300.0 1
431.0 -141.0 1
218.0 760.0 1
355.0 350.0 1
402.0 948.0 1
248.0 -217.0 1
201.0 1413.0 1
408.0 -90.0 1
19.0 663.0 1
389.0 632.0 1
-4.0 176.0 1
325.0 142.0 1
60.0 1295.0 1
448.0 -10.0 1
60.0 -185.0 1
19.0 147.0 1
93.0 772.0 1
-73.0 -73.0 1
52.0 67.0 1
446.0 353.0 1
-47.0 770.0 1
-3.0 1256.0 1
-36.0 -51.0 1
278.0 -122.0 1
204.0 1478.0 1
155.0 1322.0 1
-80.0 1015.0 1
341.0 1039.0 1
213.0 -169.0 1
14.0 439.0 1
58.0 566.0 1
113.0 451.0 1
293.0 -235.0 1
215.0 1367.0 1
-43.0 838.0 1
464.0 -102.0 1
234.0 124.0 1
124.0 1458.0 1
448.0 269.0 1
127.0 410.0 1
101.0 -279.0 1
176.0 -220.0 1
426.0 638.0 1
-81.0 957.0 1
57.0 1224.0 1
147.0 445.0 1
452.0 529.0 1
437.0 800.0 1
4.0 0.0 1
421.0 666.0 1
314.0 846.0 1
-37.0 701.0 1
36.0 978.0 1
203.0 -208.0 1
70.0 804.0 1
363.0 1433.0 1
189.0 1456.0 1
378.0 372.0 1
69.0 9.0 1
476.0 0.0 1
79.0 962.0 1
-1.0 -233.0 1
346.0 -252.0 1
-24.0 963.0 1
322.0 603.0 1
391.0 508.0 1
397.0 462.0 1
-1.0 1299.0 1
1.0 444.0 1
143.0 1026.0 1
305.0 291.0 1
375.0 788.0 1
140.0 119.0 1
237.0 1084.0 1
440.0 -221.0 1
39.0 352.0 1
