289.0 4.0 0
280.0 6.0 0
268.0 287.0 0
203.0 251.0 0
291.0 667.0 0
270.0 588.0 0
126.0 551.0 0
267.0 898.0 0
125.0 1263.0 0
135.0 398.0 0
417.0 665.0 1
181.0 775.0 1
47.0 -262.0 1
52.0 439.0 1
38.0 418.0 1
321.0 472.0 1
361.0 -175.0 1
475.0 119.0 1
368.0 329.0 1
150.0 1342.0 1
388.0 914.0 1
171.0 498.0 1
196.0 434.0 1
-13.0 20.0 1
66.0 621.0 1
-63.0 786.0 1
360.0 156.0 1
417.0 999.0 1
438.0 163.0 1
407.0 1280.0 1
74.0 91.0 1
464.0 812.0 1
1.0 648.0 1
-67.0 -11.0 1
479.0 1310.0 1
319.0 695.0 1
369.0 607.0 1
-46.0 160.0 1
374.0 739.0 1
-64.0 196.0 1
320.0 1370.0 1
260.0 499.0 1
460.0 955.0 1
267.0 -141.0 1
408.0 -90.0 1
93.0 772.0 1
-59.0 -273.0 1
446.0 353.0 1
329.0 516.0 1
215.0 1367.0 1
3.0 1336.0 1
-81.0 957.0 1
437.0 800.0 1
427.0 148.0 1
435.0 325.0 1
346.0 -252.0 1
27.0 629.0 1
322.0 603.0 1
29.0 928.0 1
-57.0 -63.0 1
