290.0 -57.0 0
194.0 -80.0 0
174.0 33.0 0
201.0 354.0 0
114.0 308.0 0
203.0 251.0 0
189.0 224.0 0
186.0 290.0 0
195.0 695.0 0
201.0 510.0 0
291.0 667.0 0
145.0 647.0 0
107.0 671.0 0
131.0 510.0 0
121.0 948.0 0
226.0 922.0 0
272.0 1211.0 0
284.0 1117.0 0
184.0 1133.0 0
179.0 1137.0 0
465.0 691.0 1
270.0 -194.0 1
-56.0 665.0 1
373.0 -19.0 1
29.0 275.0 1
400.0 151.0 1
421.0 354.0 1
198.0 -193.0 1
36.0 1272.0 1
201.0 1340.0 1
388.0 850.0 1
429.0 1254.0 1
315.0 451.0 1
-17.0 429.0 1
275.0 1319.0 1
288.0 -101.0 1
222.0 -238.0 1
35.0 848.0 1
329.0 92.0 1
386.0 90.0 1
65.0 196.0 1
12.0 872.0 1
455.0 122.0 1
443.0 -116.0 1
360.0 409.0 1
396.0 211.0 1
-81.0 1327.0 1
-84.0 726.0 1
-24.0 749.0 1
-37.0 1358.0 1
262.0 1049.0 1
399.0 668.0 1
467.0 884.0 1
150.0 1342.0 1
276.0 1419.0 1
196.0 434.0 1
304.0 -153.0 1
422.0 204.0 1
308.0 773.0 1
115.0 773.0 1
454.0 679.0 1
388.0 1156.0 1
267.0 1095.0 1
306.0 1169.0 1
325.0 1332.0 1
470.0 1466.0 1
305.0 -167.0 1
-8.0 -3.0 1
41.0 472.0 1
6.0 416.0 1
4.0 769.0 1
-75.0 773.0 1
122.0 763.0 1
371.0 -94.0 1
477.0 1210.0 1
98.0 791.0 1
327.0 277.0 1
201.0 1026.0 1
310.0 -227.0 1
332.0 557.0 1
355.0 -164.0 1
342.0 595.0 1
1.0 648.0 1
439.0 191.0 1
428.0 1030.0 1
-5.0 498.0 1
419.0 1281.0 1
103.0 -113.0 1
116.0 1055.0 1
245.0 1372.0 1
434.0 -39.0 1
306.0 1002.0 1
388.0 -182.0 1
441.0 242.0 1
-46.0 160.0 1
118.0 759.0 1
460.0 -87.0 1
73.0 662.0 1
-23.0 1112.0 1
320.0 715.0 1
-84.0 1479.0 1
-32.0 596.0 1
442.0 350.0 1
31.0 961.0 1
463.0 339.0 1
-60.0 1156.0 1
227.0 1446.0 1
361.0 481.0 1
218.0 760.0 1
402.0 948.0 1
248.0 -217.0 1
70.0 616.0 1
-45.0 328.0 1
22.0 157.0 1
389.0 632.0 1
445.0 -143.0 1
19.0 147.0 1
45.0 416.0 1
204.0 1478.0 1
155.0 1322.0 1
