204.0 89.0 0
288.0 -84.0 0
114.0 213.0 0
218.0 598.0 0
161.0 977.0 0
113.0 870.0 0
267.0 850.0 0
274.0 931.0 0
290.0 1202.0 0
298.0 540.0 0
-56.0 665.0 1
373.0 -19.0 1
29.0 275.0 1
-35.0 504.0 1
-17.0 429.0 1
169.0 -176.0 1
88.0 1342.0 1
-63.0 199.0 1
455.0 122.0 1
156.0 -270.0 1
-81.0 1327.0 1
54.0 616.0 1
469.0 772.0 1
401.0 -173.0 1
454.0 679.0 1
332.0 485.0 1
41.0 472.0 1
151.0 141.0 1
361.0 699.0 1
304.0 418.0 1
210.0 1414.0 1
-47.0 -257.0 1
-54.0 365.0 1
-20.0 266.0 1
124.0 773.0 1
-79.0 797.0 1
-39.0 1420.0 1
239.0 1472.0 1
257.0 465.0 1
331.0 472.0 1
171.0 1068.0 1
438.0 918.0 1
214.0 1468.0 1
355.0 209.0 1
-60.0 1156.0 1
405.0 -257.0 1
389.0 632.0 1
325.0 142.0 1
278.0 -122.0 1
213.0 -169.0 1
477.0 306.0 1
33.0 155.0 1
385.0 300.0 1
176.0 -220.0 1
147.0 445.0 1
342.0 314.0 1
378.0 372.0 1
260.0 1049.0 1
136.0 1407.0 1
440.0 -221.0 1
