268.0 287.0 0
288.0 868.0 0
155.0 586.0 0
246.0 651.0 0
148.0 50.0 0
165.0 238.0 0
291.0 1166.0 0
213.0 1253.0 0
201.0 354.0 0
277.0 816.0 0
204.0 89.0 0
179.0 1137.0 0
121.0 -38.0 0
218.0 598.0 0
290.0 -57.0 0
222.0 598.0 0
113.0 870.0 0
168.0 811.0 0
213.0 1298.0 0
270.0 588.0 0
114.0 776.0 1
82.0 679.0 1
209.0 747.0 1
367.0 1088.0 1
466.0 1075.0 1
328.0 809.0 1
4.0 46.0 1
65.0 925.0 1
331.0 472.0 1
422.0 204.0 1
150.0 1342.0 1
-24.0 963.0 1
445.0 1422.0 1
188.0 -194.0 1
427.0 148.0 1
-25.0 -39.0 1
-51.0 1371.0 1
463.0 339.0 1
-53.0 -211.0 1
4.0 769.0 1
201.0 1340.0 1
446.0 1300.0 1
461.0 1093.0 1
-56.0 665.0 1
431.0 500.0 1
82.0 1391.0 1
151.0 141.0 1
429.0 1254.0 1
-60.0 1156.0 1
329.0 92.0 1
116.0 421.0 1
234.0 124.0 1
397.0 462.0 1
74.0 1177.0 1
360.0 409.0 1
448.0 -10.0 1
13.0 609.0 1
169.0 -176.0 1
226.0 1439.0 1
317.0 1358.0 1
460.0 569.0 1
402.0 948.0 1
353.0 -14.0 1
95.0 232.0 1
293.0 -235.0 1
460.0 -87.0 1
-1.0 -106.0 1
39.0 352.0 1
124.0 1458.0 1
-43.0 838.0 1
329.0 516.0 1
19.0 147.0 1
79.0 -9.0 1
432.0 813.0 1
-3.0 1256.0 1
38.0 418.0 1
-47.0 770.0 1
479.0 771.0 1
-64.0 196.0 1
355.0 350.0 1
385.0 300.0 1
465.0 691.0 1
449.0 896.0 1
481.0 240.0 1
143.0 1026.0 1
137.0 408.0 1
69.0 1093.0 1
-5.0 498.0 1
473.0 252.0 1
382.0 280.0 1
388.0 -182.0 1
151.0 1434.0 1
288.0 -101.0 1
191.0 423.0 1
261.0 747.0 1
-67.0 -11.0 1
-75.0 773.0 1
201.0 1026.0 1
-79.0 797.0 1
321.0 1459.0 1
-47.0 -257.0 1
397.0 651.0 1
70.0 616.0 1
270.0 -194.0 1
99.0 -93.0 1
329.0 375.0 1
-50.0 81.0 1
361.0 699.0 1
52.0 439.0 1
171.0 1424.0 1
401.0 -154.0 1
92.0 925.0 1
464.0 -102.0 1
196.0 1340.0 1
79.0 -182.0 1
136.0 1407.0 1
-81.0 957.0 1
101.0 -279.0 1
-20.0 266.0 1
-30.0 793.0 1
