187.0 34.0 0
201.0 -17.0 0
116.0 -95.0 0
121.0 -38.0 0
116.0 56.0 0
188.0 227.0 0
119.0 211.0 0
135.0 398.0 0
141.0 274.0 0
171.0 662.0 0
298.0 540.0 0
155.0 586.0 0
150.0 603.0 0
265.0 671.0 0
288.0 868.0 0
114.0 805.0 0
178.0 934.0 0
202.0 1159.0 0
106.0 1103.0 0
233.0 1102.0 0
430.0 161.0 1
427.0 22.0 1
-80.0 1015.0 1
341.0 1039.0 1
-11.0 -36.0 1
213.0 -169.0 1
14.0 439.0 1
158.0 -221.0 1
38.0 28.0 1
58.0 566.0 1
106.0 465.0 1
113.0 451.0 1
293.0 -235.0 1
215.0 1367.0 1
449.0 896.0 1
3.0 1336.0 1
420.0 468.0 1
477.0 306.0 1
-43.0 838.0 1
464.0 -102.0 1
234.0 124.0 1
124.0 1458.0 1
448.0 269.0 1
33.0 155.0 1
385.0 300.0 1
82.0 1391.0 1
-50.0 978.0 1
468.0 170.0 1
127.0 410.0 1
101.0 -279.0 1
352.0 1263.0 1
176.0 -220.0 1
426.0 638.0 1
-81.0 957.0 1
57.0 1224.0 1
147.0 445.0 1
451.0 525.0 1
387.0 1237.0 1
457.0 348.0 1
452.0 529.0 1
437.0 800.0 1
367.0 288.0 1
4.0 0.0 1
421.0 666.0 1
464.0 10.0 1
314.0 846.0 1
-37.0 701.0 1
342.0 314.0 1
36.0 978.0 1
203.0 -208.0 1
70.0 804.0 1
453.0 -191.0 1
427.0 148.0 1
451.0 948.0 1
-66.0 1405.0 1
365.0 1443.0 1
363.0 1433.0 1
189.0 1456.0 1
235.0 767.0 1
378.0 372.0 1
69.0 9.0 1
369.0 15.0 1
260.0 1049.0 1
476.0 0.0 1
413.0 1313.0 1
401.0 406.0 1
435.0 325.0 1
95.0 232.0 1
194.0 1350.0 1
79.0 962.0 1
-28.0 51.0 1
-1.0 -233.0 1
346.0 -252.0 1
315.0 567.0 1
17.0 371.0 1
-24.0 963.0 1
86.0 1204.0 1
27.0 629.0 1
322.0 603.0 1
136.0 1407.0 1
66.0 672.0 1
29.0 928.0 1
391.0 508.0 1
-57.0 -63.0 1
15.0 901.0 1
397.0 462.0 1
-1.0 1299.0 1
1.0 444.0 1
143.0 1026.0 1
305.0 291.0 1
436.0 516.0 1
457.0 1386.0 1
375.0 788.0 1
216.0 1389.0 1
439.0 231.0 1
140.0 119.0 1
433.0 1380.0 1
237.0 1084.0 1
440.0 -221.0 1
39.0 352.0 1
