194.0 -80.0 0
204.0 89.0 0
196.0 -81.0 0
199.0 38.0 0
174.0 33.0 0
277.0 78.0 0
152.0 -97.0 0
288.0 -84.0 0
258.0 1.0 0
280.0 6.0 0
139.0 332.0 0
201.0 354.0 0
268.0 287.0 0
203.0 251.0 0
189.0 224.0 0
184.0 340.0 0
195.0 695.0 0
184.0 600.0 0
201.0 510.0 0
291.0 667.0 0
270.0 588.0 0
107.0 671.0 0
121.0 948.0 0
291.0 867.0 0
185.0 849.0 0
168.0 811.0 0
161.0 977.0 0
226.0 922.0 0
113.0 870.0 0
267.0 850.0 0
211.0 881.0 0
151.0 978.0 0
213.0 1298.0 0
238.0 1169.0 0
290.0 1202.0 0
284.0 1117.0 0
125.0 1263.0 0
266.0 1177.0 0
121.0 -38.0 0
116.0 56.0 0
188.0 227.0 0
141.0 274.0 0
298.0 540.0 0
155.0 586.0 0
288.0 868.0 0
106.0 1103.0 0
465.0 691.0 1
373.0 -19.0 1
400.0 151.0 1
198.0 -193.0 1
59.0 830.0 1
65.0 925.0 1
36.0 1272.0 1
116.0 421.0 1
209.0 747.0 1
450.0 815.0 1
201.0 1340.0 1
71.0 1313.0 1
388.0 850.0 1
429.0 1254.0 1
262.0 1481.0 1
114.0 776.0 1
196.0 -205.0 1
-30.0 498.0 1
313.0 36.0 1
-17.0 429.0 1
461.0 1093.0 1
275.0 1319.0 1
82.0 679.0 1
377.0 -202.0 1
270.0 1095.0 1
35.0 848.0 1
42.0 644.0 1
378.0 397.0 1
329.0 92.0 1
243.0 -170.0 1
408.0 -23.0 1
482.0 815.0 1
16.0 303.0 1
65.0 196.0 1
12.0 872.0 1
26.0 906.0 1
47.0 -262.0 1
423.0 1105.0 1
353.0 -14.0 1
9.0 1134.0 1
446.0 -166.0 1
443.0 -116.0 1
226.0 1439.0 1
137.0 408.0 1
52.0 439.0 1
-5.0 343.0 1
299.0 1081.0 1
360.0 409.0 1
334.0 441.0 1
396.0 211.0 1
0.0 593.0 1
382.0 280.0 1
-28.0 -281.0 1
390.0 439.0 1
-19.0 688.0 1
-81.0 1327.0 1
321.0 472.0 1
3.0 -204.0 1
-84.0 726.0 1
309.0 1207.0 1
321.0 1104.0 1
339.0 246.0 1
57.0 880.0 1
262.0 1049.0 1
399.0 668.0 1
-13.0 63.0 1
475.0 119.0 1
388.0 914.0 1
361.0 795.0 1
304.0 -153.0 1
419.0 595.0 1
155.0 1303.0 1
394.0 1319.0 1
422.0 204.0 1
316.0 727.0 1
56.0 1404.0 1
-13.0 20.0 1
306.0 675.0 1
481.0 240.0 1
401.0 -173.0 1
230.0 121.0 1
115.0 773.0 1
422.0 25.0 1
393.0 955.0 1
388.0 1156.0 1
332.0 485.0 1
11.0 207.0 1
434.0 419.0 1
-24.0 -165.0 1
306.0 1169.0 1
15.0 1212.0 1
-63.0 786.0 1
-51.0 1014.0 1
360.0 156.0 1
305.0 -167.0 1
-18.0 1422.0 1
99.0 -93.0 1
403.0 1433.0 1
-51.0 1371.0 1
191.0 423.0 1
151.0 141.0 1
479.0 771.0 1
249.0 1452.0 1
6.0 416.0 1
353.0 634.0 1
334.0 993.0 1
329.0 375.0 1
4.0 769.0 1
460.0 -81.0 1
325.0 705.0 1
122.0 763.0 1
477.0 1210.0 1
79.0 -9.0 1
98.0 791.0 1
369.0 -246.0 1
151.0 113.0 1
407.0 1280.0 1
201.0 1026.0 1
447.0 515.0 1
85.0 -3.0 1
-54.0 751.0 1
74.0 91.0 1
-30.0 793.0 1
304.0 39.0 1
464.0 812.0 1
332.0 557.0 1
355.0 -164.0 1
342.0 595.0 1
483.0 1297.0 1
22.0 576.0 1
439.0 191.0 1
-22.0 893.0 1
403.0 1404.0 1
-39.0 -22.0 1
57.0 -219.0 1
-5.0 498.0 1
419.0 1281.0 1
-35.0 1397.0 1
103.0 -113.0 1
-54.0 365.0 1
437.0 464.0 1
162.0 1471.0 1
-1.0 -106.0 1
124.0 773.0 1
434.0 -39.0 1
-72.0 600.0 1
479.0 1310.0 1
8.0 753.0 1
239.0 1472.0 1
306.0 1002.0 1
4.0 46.0 1
387.0 173.0 1
-25.0 -39.0 1
24.0 1289.0 1
48.0 1128.0 1
388.0 -182.0 1
319.0 695.0 1
331.0 472.0 1
369.0 607.0 1
431.0 500.0 1
374.0 739.0 1
-64.0 196.0 1
261.0 747.0 1
455.0 269.0 1
452.0 964.0 1
38.0 -59.0 1
356.0 1280.0 1
73.0 662.0 1
190.0 752.0 1
-23.0 1112.0 1
73.0 652.0 1
436.0 77.0 1
-84.0 1479.0 1
424.0 1151.0 1
260.0 499.0 1
49.0 769.0 1
460.0 955.0 1
311.0 -135.0 1
-32.0 596.0 1
333.0 1433.0 1
-66.0 859.0 1
-13.0 624.0 1
294.0 788.0 1
31.0 961.0 1
463.0 339.0 1
460.0 569.0 1
-60.0 1156.0 1
63.0 1468.0 1
227.0 1446.0 1
414.0 1157.0 1
417.0 9.0 1
218.0 760.0 1
355.0 350.0 1
402.0 948.0 1
405.0 -257.0 1
387.0 360.0 1
70.0 616.0 1
267.0 -141.0 1
408.0 -90.0 1
151.0 1434.0 1
389.0 632.0 1
445.0 -143.0 1
60.0 1295.0 1
19.0 147.0 1
-73.0 -73.0 1
-59.0 -273.0 1
-47.0 770.0 1
213.0 -151.0 1
45.0 416.0 1
-2.0 30.0 1
329.0 516.0 1
278.0 -122.0 1
155.0 1322.0 1
430.0 161.0 1
427.0 22.0 1
-80.0 1015.0 1
14.0 439.0 1
158.0 -221.0 1
38.0 28.0 1
449.0 896.0 1
464.0 -102.0 1
234.0 124.0 1
124.0 1458.0 1
33.0 155.0 1
-50.0 978.0 1
468.0 170.0 1
101.0 -279.0 1
57.0 1224.0 1
147.0 445.0 1
387.0 1237.0 1
457.0 348.0 1
4.0 0.0 1
203.0 -208.0 1
453.0 -191.0 1
427.0 148.0 1
451.0 948.0 1
363.0 1433.0 1
189.0 1456.0 1
235.0 767.0 1
69.0 9.0 1
369.0 15.0 1
194.0 1350.0 1
322.0 603.0 1
29.0 928.0 1
-57.0 -63.0 1
397.0 462.0 1
1.0 444.0 1
143.0 1026.0 1
305.0 291.0 1
436.0 516.0 1
216.0 1389.0 1
439.0 231.0 1
237.0 1084.0 1
440.0 -221.0 1
