148.0 50.0 0
196.0 -81.0 0
258.0 1.0 0
216.0 387.0 0
153.0 307.0 0
238.0 1169.0 0
108.0 1133.0 0
121.0 -38.0 0
116.0 56.0 0
202.0 1159.0 0
116.0 421.0 1
450.0 815.0 1
222.0 -238.0 1
377.0 -202.0 1
-58.0 1126.0 1
378.0 397.0 1
329.0 92.0 1
446.0 -166.0 1
226.0 1439.0 1
119.0 419.0 1
79.0 -182.0 1
397.0 651.0 1
422.0 25.0 1
274.0 774.0 1
-24.0 -165.0 1
28.0 558.0 1
479.0 771.0 1
329.0 375.0 1
445.0 712.0 1
-75.0 773.0 1
-30.0 793.0 1
355.0 -164.0 1
22.0 576.0 1
-35.0 1397.0 1
-6.0 -168.0 1
387.0 173.0 1
69.0 1093.0 1
-25.0 -39.0 1
266.0 1333.0 1
420.0 907.0 1
441.0 242.0 1
118.0 759.0 1
455.0 269.0 1
266.0 486.0 1
-66.0 859.0 1
196.0 1340.0 1
355.0 350.0 1
19.0 663.0 1
79.0 100.0 1
60.0 -185.0 1
45.0 416.0 1
-43.0 838.0 1
352.0 1263.0 1
451.0 525.0 1
4.0 0.0 1
-37.0 701.0 1
-1.0 -233.0 1
66.0 672.0 1
-1.0 1299.0 1
216.0 1389.0 1
