59.0 -67.0 0
189.0 224.0 0
224.0 427.0 0
288.0 1016.0 0
345.0 663.0 0
53.0 1176.0 0
315.0 451.0 0
201.0 733.0 0
331.0 221.0 0
341.0 1039.0 0
-55.0 1308.0 1
312.0 1012.0 1
81.0 1345.0 1
-7.0 1311.0 1
2.0 -37.0 1
77.0 -128.0 1
479.0 1383.0 1
429.0 742.0 1
62.0 1333.0 1
435.0 227.0 1
156.0 1011.0 1
302.0 1046.0 1
296.0 791.0 1
30.0 1421.0 1
93.0 29.0 1
23.0 541.0 1
415.0 1216.0 1
461.0 1401.0 1
467.0 41.0 1
38.0 991.0 1
396.0 784.0 1
54.0 1159.0 1
121.0 1030.0 1
441.0 896.0 1
348.0 604.0 1
438.0 1266.0 1
12.0 182.0 1
349.0 -3.0 1
426.0 596.0 1
439.0 713.0 1
-4.0 1319.0 1
137.0 791.0 1
150.0 -111.0 1
-66.0 1090.0 1
32.0 591.0 1
73.0 1301.0 1
455.0 801.0 1
456.0 1349.0 1
181.0 -110.0 1
474.0 -282.0 1
7.0 -8.0 1
125.0 1479.0 1
369.0 580.0 1
86.0 1071.0 1
11.0 -152.0 1
450.0 347.0 1
48.0 406.0 1
122.0 736.0 1
478.0 1369.0 1
393.0 429.0 1
324.0 -4.0 1
95.0 706.0 1
478.0 191.0 1
395.0 888.0 1
179.0 745.0 1
459.0 1177.0 1
472.0 1103.0 1
119.0 1031.0 1
457.0 -275.0 1
34.0 -5.0 1
20.0 9.0 1
15.0 1023.0 1
102.0 782.0 1
197.0 440.0 1
451.0 697.0 1
316.0 568.0 1
271.0 1027.0 1
395.0 447.0 1
20.0 814.0 1
16.0 121.0 1
