204.0 89.0 0
133.0 471.0 0
297.0 426.0 0
358.0 1233.0 0
335.0 695.0 0
113.0 870.0 0
82.0 749.0 0
274.0 931.0 0
290.0 1202.0 0
96.0 -108.0 0
326.0 512.0 1
78.0 1430.0 1
-60.0 199.0 1
-46.0 415.0 1
456.0 713.0 1
6.0 836.0 1
387.0 901.0 1
381.0 1185.0 1
24.0 849.0 1
298.0 130.0 1
-68.0 1352.0 1
418.0 207.0 1
462.0 1335.0 1
167.0 133.0 1
479.0 -206.0 1
423.0 1374.0 1
2.0 1345.0 1
45.0 167.0 1
-17.0 -205.0 1
-64.0 614.0 1
402.0 614.0 1
430.0 949.0 1
408.0 523.0 1
324.0 916.0 1
-70.0 1324.0 1
238.0 147.0 1
49.0 844.0 1
-31.0 352.0 1
46.0 1461.0 1
94.0 572.0 1
391.0 1433.0 1
178.0 -102.0 1
401.0 171.0 1
61.0 750.0 1
454.0 1351.0 1
119.0 1046.0 1
32.0 1031.0 1
441.0 1444.0 1
418.0 1342.0 1
388.0 1357.0 1
96.0 94.0 1
119.0 142.0 1
398.0 -226.0 1
14.0 968.0 1
-3.0 1369.0 1
473.0 1390.0 1
-49.0 1142.0 1
-32.0 -277.0 1
13.0 235.0 1
331.0 1199.0 1
126.0 1067.0 1
89.0 1245.0 1
126.0 -281.0 1
398.0 -206.0 1
265.0 1410.0 1
-27.0 367.0 1
248.0 725.0 1
77.0 210.0 1
376.0 1007.0 1
467.0 -226.0 1
425.0 1346.0 1
49.0 253.0 1
467.0 1434.0 1
441.0 1001.0 1
378.0 284.0 1
19.0 1392.0 1
134.0 1010.0 1
-25.0 1145.0 1
418.0 554.0 1
-55.0 272.0 1
