191.0 423.0 0
178.0 934.0 0
179.0 494.0 0
87.0 182.0 0
187.0 34.0 0
265.0 1057.0 0
290.0 1202.0 0
344.0 140.0 0
213.0 1298.0 0
76.0 361.0 0
55.0 768.0 0
331.0 221.0 0
69.0 1074.0 0
150.0 603.0 0
152.0 -97.0 0
121.0 -38.0 0
276.0 741.0 0
79.0 566.0 0
113.0 870.0 0
144.0 1349.0 0
16.0 121.0 1
35.0 -114.0 1
385.0 -93.0 1
334.0 837.0 1
199.0 1468.0 1
-12.0 250.0 1
130.0 742.0 1
13.0 757.0 1
324.0 916.0 1
262.0 788.0 1
34.0 989.0 1
61.0 790.0 1
325.0 533.0 1
7.0 -8.0 1
92.0 1248.0 1
-56.0 1279.0 1
-13.0 -100.0 1
451.0 697.0 1
58.0 328.0 1
-21.0 984.0 1
293.0 183.0 1
18.0 571.0 1
17.0 1196.0 1
479.0 1383.0 1
350.0 1006.0 1
327.0 1294.0 1
-17.0 -205.0 1
337.0 23.0 1
95.0 17.0 1
73.0 895.0 1
-47.0 338.0 1
205.0 1315.0 1
346.0 362.0 1
369.0 819.0 1
403.0 -12.0 1
-49.0 1142.0 1
-46.0 415.0 1
-54.0 925.0 1
423.0 948.0 1
-32.0 -277.0 1
162.0 1385.0 1
454.0 854.0 1
463.0 -206.0 1
323.0 112.0 1
106.0 1096.0 1
-32.0 719.0 1
461.0 1245.0 1
94.0 572.0 1
34.0 1033.0 1
145.0 1460.0 1
3.0 285.0 1
425.0 1346.0 1
91.0 -163.0 1
62.0 1333.0 1
12.0 -146.0 1
90.0 -46.0 1
450.0 347.0 1
254.0 -247.0 1
432.0 103.0 1
144.0 102.0 1
284.0 -227.0 1
12.0 182.0 1
-66.0 1090.0 1
467.0 1434.0 1
361.0 -29.0 1
141.0 1363.0 1
396.0 226.0 1
478.0 1087.0 1
-4.0 1319.0 1
444.0 47.0 1
358.0 583.0 1
311.0 1085.0 1
-46.0 491.0 1
448.0 1331.0 1
-9.0 1456.0 1
139.0 468.0 1
-3.0 1369.0 1
435.0 227.0 1
375.0 -243.0 1
393.0 429.0 1
-72.0 450.0 1
-13.0 778.0 1
254.0 1033.0 1
377.0 615.0 1
311.0 -76.0 1
-12.0 370.0 1
395.0 447.0 1
316.0 1410.0 1
-32.0 147.0 1
115.0 426.0 1
360.0 1147.0 1
232.0 1348.0 1
248.0 725.0 1
305.0 275.0 1
-74.0 511.0 1
-66.0 851.0 1
113.0 -260.0 1
-6.0 522.0 1
401.0 166.0 1
327.0 1102.0 1
481.0 431.0 1
-37.0 1396.0 1
344.0 1461.0 1
-76.0 1185.0 1
-13.0 637.0 1
251.0 763.0 1
384.0 998.0 1
-53.0 80.0 1
475.0 1278.0 1
391.0 1411.0 1
185.0 1085.0 1
452.0 1182.0 1
482.0 935.0 1
139.0 1046.0 1
-52.0 -108.0 1
268.0 482.0 1
77.0 210.0 1
-64.0 614.0 1
426.0 596.0 1
443.0 656.0 1
52.0 843.0 1
305.0 450.0 1
365.0 -188.0 1
276.0 1367.0 1
41.0 719.0 1
-40.0 212.0 1
134.0 1010.0 1
97.0 1431.0 1
209.0 -174.0 1
395.0 888.0 1
474.0 -282.0 1
-68.0 1352.0 1
393.0 743.0 1
84.0 779.0 1
461.0 549.0 1
2.0 -219.0 1
424.0 1029.0 1
181.0 -110.0 1
9.0 1229.0 1
156.0 702.0 1
