141.0 473.0 0
133.0 471.0 0
333.0 1300.0 0
69.0 879.0 0
76.0 1221.0 0
354.0 136.0 0
114.0 1011.0 0
55.0 228.0 0
288.0 1016.0 0
358.0 1233.0 0
265.0 1057.0 0
191.0 423.0 0
76.0 361.0 0
166.0 756.0 0
345.0 663.0 0
179.0 1308.0 0
53.0 1176.0 0
82.0 749.0 0
255.0 738.0 0
87.0 182.0 0
78.0 1430.0 1
321.0 381.0 1
54.0 927.0 1
255.0 1383.0 1
95.0 17.0 1
-72.0 450.0 1
42.0 1245.0 1
365.0 -188.0 1
19.0 1187.0 1
312.0 1012.0 1
-46.0 415.0 1
337.0 23.0 1
77.0 -128.0 1
169.0 -144.0 1
329.0 1228.0 1
81.0 195.0 1
358.0 583.0 1
440.0 315.0 1
-9.0 639.0 1
435.0 227.0 1
421.0 343.0 1
298.0 130.0 1
156.0 1011.0 1
188.0 1348.0 1
58.0 328.0 1
309.0 1142.0 1
302.0 1046.0 1
-19.0 349.0 1
305.0 450.0 1
10.0 974.0 1
296.0 791.0 1
246.0 1395.0 1
-21.0 1222.0 1
364.0 207.0 1
31.0 974.0 1
61.0 790.0 1
198.0 1017.0 1
464.0 1083.0 1
115.0 426.0 1
93.0 29.0 1
412.0 634.0 1
-83.0 687.0 1
9.0 -23.0 1
311.0 -13.0 1
452.0 -160.0 1
80.0 417.0 1
-53.0 1405.0 1
-63.0 774.0 1
254.0 -247.0 1
28.0 1366.0 1
-42.0 -29.0 1
16.0 1002.0 1
-32.0 719.0 1
-64.0 614.0 1
263.0 466.0 1
21.0 1151.0 1
394.0 616.0 1
351.0 1017.0 1
12.0 182.0 1
13.0 757.0 1
-4.0 1168.0 1
439.0 713.0 1
384.0 375.0 1
-13.0 637.0 1
120.0 -268.0 1
-66.0 1344.0 1
-4.0 1345.0 1
178.0 -102.0 1
246.0 116.0 1
6.0 356.0 1
454.0 1351.0 1
350.0 1006.0 1
420.0 1249.0 1
389.0 1013.0 1
183.0 1470.0 1
379.0 1259.0 1
269.0 1463.0 1
466.0 621.0 1
346.0 1256.0 1
361.0 -29.0 1
73.0 1301.0 1
144.0 102.0 1
41.0 719.0 1
441.0 1444.0 1
20.0 736.0 1
446.0 668.0 1
452.0 691.0 1
-35.0 -267.0 1
34.0 1033.0 1
388.0 1357.0 1
334.0 820.0 1
364.0 1143.0 1
474.0 -282.0 1
61.0 1115.0 1
423.0 948.0 1
371.0 1103.0 1
444.0 47.0 1
7.0 -8.0 1
3.0 574.0 1
62.0 253.0 1
467.0 -202.0 1
119.0 142.0 1
86.0 1071.0 1
347.0 536.0 1
9.0 104.0 1
-30.0 793.0 1
-50.0 477.0 1
139.0 1046.0 1
47.0 205.0 1
369.0 1444.0 1
-12.0 250.0 1
386.0 -263.0 1
-43.0 426.0 1
-21.0 1185.0 1
367.0 1165.0 1
-18.0 1029.0 1
242.0 1098.0 1
-14.0 933.0 1
-62.0 887.0 1
325.0 533.0 1
-20.0 1128.0 1
331.0 1199.0 1
324.0 -4.0 1
93.0 -132.0 1
206.0 1411.0 1
247.0 489.0 1
277.0 437.0 1
90.0 -46.0 1
18.0 561.0 1
-68.0 526.0 1
380.0 445.0 1
112.0 1062.0 1
126.0 -281.0 1
163.0 1076.0 1
305.0 463.0 1
-78.0 971.0 1
481.0 431.0 1
-75.0 1273.0 1
88.0 -277.0 1
-29.0 1441.0 1
