116.0 421.0 0
121.0 948.0 0
133.0 471.0 0
55.0 228.0 0
258.0 1.0 0
114.0 1011.0 0
344.0 1222.0 0
358.0 91.0 0
358.0 1233.0 0
135.0 398.0 0
201.0 733.0 0
215.0 149.0 0
202.0 1159.0 0
335.0 695.0 0
59.0 -67.0 0
353.0 -14.0 0
308.0 773.0 0
270.0 588.0 0
177.0 825.0 0
333.0 1300.0 0
-10.0 120.0 1
136.0 -115.0 1
345.0 -83.0 1
315.0 866.0 1
253.0 1460.0 1
-39.0 225.0 1
122.0 752.0 1
14.0 766.0 1
336.0 930.0 1
296.0 791.0 1
16.0 1002.0 1
5.0 792.0 1
326.0 512.0 1
20.0 9.0 1
58.0 1270.0 1
-68.0 1298.0 1
-51.0 -93.0 1
456.0 713.0 1
-19.0 349.0 1
14.0 968.0 1
264.0 156.0 1
3.0 574.0 1
-21.0 1185.0 1
461.0 1401.0 1
312.0 1012.0 1
395.0 1287.0 1
-64.0 -230.0 1
331.0 10.0 1
78.0 -29.0 1
54.0 927.0 1
-31.0 352.0 1
231.0 1323.0 1
349.0 351.0 1
434.0 829.0 1
450.0 -27.0 1
-26.0 1124.0 1
6.0 425.0 1
-51.0 929.0 1
339.0 985.0 1
-16.0 -248.0 1
149.0 1394.0 1
447.0 890.0 1
467.0 -226.0 1
246.0 116.0 1
-47.0 1126.0 1
-66.0 712.0 1
379.0 1259.0 1
56.0 575.0 1
-18.0 1029.0 1
111.0 1448.0 1
69.0 258.0 1
437.0 1366.0 1
124.0 -166.0 1
90.0 1313.0 1
-34.0 -135.0 1
-36.0 -53.0 1
385.0 352.0 1
386.0 -263.0 1
391.0 80.0 1
208.0 143.0 1
182.0 -216.0 1
42.0 159.0 1
-69.0 1043.0 1
478.0 1472.0 1
315.0 -14.0 1
176.0 1359.0 1
390.0 203.0 1
467.0 1064.0 1
-4.0 1345.0 1
423.0 51.0 1
429.0 574.0 1
317.0 1042.0 1
-7.0 487.0 1
424.0 1319.0 1
-53.0 1405.0 1
31.0 466.0 1
19.0 1392.0 1
418.0 207.0 1
457.0 -275.0 1
300.0 428.0 1
10.0 504.0 1
-30.0 793.0 1
198.0 1017.0 1
402.0 614.0 1
361.0 -130.0 1
48.0 406.0 1
426.0 486.0 1
265.0 1410.0 1
119.0 142.0 1
254.0 418.0 1
309.0 1142.0 1
244.0 1342.0 1
164.0 712.0 1
326.0 307.0 1
-68.0 526.0 1
-4.0 835.0 1
86.0 -230.0 1
32.0 591.0 1
478.0 191.0 1
394.0 1086.0 1
384.0 375.0 1
-76.0 1370.0 1
324.0 1449.0 1
-21.0 1222.0 1
-12.0 650.0 1
387.0 762.0 1
412.0 1018.0 1
-60.0 199.0 1
346.0 1256.0 1
406.0 1420.0 1
201.0 1057.0 1
381.0 1185.0 1
416.0 921.0 1
112.0 1062.0 1
93.0 -132.0 1
263.0 466.0 1
47.0 205.0 1
45.0 615.0 1
443.0 622.0 1
446.0 668.0 1
15.0 807.0 1
268.0 446.0 1
452.0 -160.0 1
188.0 1348.0 1
-69.0 742.0 1
155.0 487.0 1
-5.0 1001.0 1
84.0 1483.0 1
169.0 -199.0 1
315.0 897.0 1
372.0 -129.0 1
87.0 1288.0 1
439.0 713.0 1
-83.0 687.0 1
458.0 536.0 1
185.0 -166.0 1
331.0 1199.0 1
447.0 506.0 1
350.0 1240.0 1
1.0 677.0 1
