133.0 471.0 0
69.0 879.0 0
55.0 402.0 0
331.0 221.0 0
88.0 -36.0 0
76.0 1221.0 0
116.0 -95.0 0
276.0 741.0 0
53.0 1176.0 0
345.0 663.0 0
144.0 102.0 1
181.0 -110.0 1
361.0 -130.0 1
303.0 816.0 1
258.0 1448.0 1
-40.0 212.0 1
252.0 762.0 1
-14.0 784.0 1
313.0 947.0 1
61.0 790.0 1
10.0 974.0 1
458.0 536.0 1
2.0 -37.0 1
-7.0 1231.0 1
-4.0 1319.0 1
-5.0 -137.0 1
443.0 656.0 1
-12.0 370.0 1
-48.0 923.0 1
401.0 165.0 1
-49.0 553.0 1
60.0 1162.0 1
454.0 1351.0 1
342.0 1045.0 1
339.0 1253.0 1
75.0 -174.0 1
324.0 -4.0 1
311.0 -20.0 1
24.0 849.0 1
69.0 258.0 1
77.0 1327.0 1
410.0 359.0 1
405.0 67.0 1
-66.0 1090.0 1
65.0 -226.0 1
128.0 1379.0 1
375.0 -216.0 1
93.0 722.0 1
415.0 1216.0 1
10.0 504.0 1
119.0 1046.0 1
234.0 1356.0 1
326.0 274.0 1
432.0 103.0 1
460.0 -273.0 1
-81.0 142.0 1
324.0 1449.0 1
452.0 216.0 1
311.0 1085.0 1
271.0 1027.0 1
31.0 466.0 1
72.0 1421.0 1
197.0 440.0 1
81.0 1345.0 1
231.0 -163.0 1
369.0 580.0 1
305.0 463.0 1
232.0 1348.0 1
441.0 1183.0 1
247.0 489.0 1
420.0 888.0 1
-4.0 835.0 1
95.0 706.0 1
412.0 634.0 1
178.0 -102.0 1
1.0 677.0 1
134.0 1010.0 1
-10.0 422.0 1
331.0 1199.0 1
459.0 -281.0 1
