223.0 763.0 0
290.0 -57.0 0
204.0 89.0 0
69.0 1074.0 0
58.0 566.0 0
133.0 471.0 0
333.0 1300.0 0
258.0 1.0 0
168.0 789.0 0
76.0 1221.0 0
354.0 136.0 0
358.0 91.0 0
114.0 1011.0 0
224.0 427.0 0
86.0 1171.0 0
55.0 228.0 0
308.0 773.0 0
288.0 1016.0 0
358.0 1233.0 0
265.0 1057.0 0
191.0 423.0 0
84.0 -1.0 0
150.0 1342.0 0
201.0 510.0 0
79.0 566.0 0
65.0 196.0 0
107.0 671.0 0
345.0 663.0 0
179.0 1308.0 0
53.0 1176.0 0
335.0 695.0 0
344.0 1222.0 0
344.0 140.0 0
113.0 870.0 0
255.0 738.0 0
213.0 1298.0 0
290.0 1202.0 0
87.0 310.0 0
83.0 564.0 0
95.0 -46.0 0
144.0 1349.0 0
223.0 1331.0 0
266.0 1177.0 0
179.0 494.0 0
187.0 34.0 0
116.0 -95.0 0
116.0 421.0 0
119.0 211.0 0
215.0 149.0 0
304.0 -153.0 0
150.0 603.0 0
360.0 156.0 0
178.0 934.0 0
210.0 1423.0 1
327.0 1102.0 1
268.0 446.0 1
326.0 512.0 1
326.0 307.0 1
254.0 1341.0 1
-69.0 1043.0 1
-60.0 199.0 1
-19.0 1388.0 1
-55.0 1308.0 1
141.0 1363.0 1
461.0 990.0 1
233.0 -253.0 1
410.0 359.0 1
-24.0 -213.0 1
335.0 529.0 1
264.0 156.0 1
458.0 536.0 1
42.0 1245.0 1
5.0 792.0 1
35.0 -114.0 1
-66.0 712.0 1
76.0 905.0 1
-3.0 1049.0 1
19.0 1187.0 1
-46.0 415.0 1
266.0 1044.0 1
84.0 1483.0 1
423.0 51.0 1
81.0 1345.0 1
67.0 1408.0 1
475.0 1234.0 1
458.0 -242.0 1
2.0 -37.0 1
418.0 454.0 1
43.0 207.0 1
77.0 -128.0 1
-30.0 561.0 1
126.0 1339.0 1
345.0 -83.0 1
479.0 1383.0 1
262.0 788.0 1
169.0 -144.0 1
463.0 1265.0 1
387.0 901.0 1
375.0 -243.0 1
480.0 1442.0 1
81.0 195.0 1
358.0 583.0 1
440.0 315.0 1
-9.0 639.0 1
421.0 343.0 1
298.0 130.0 1
84.0 779.0 1
350.0 1320.0 1
231.0 -163.0 1
309.0 1142.0 1
244.0 1342.0 1
156.0 702.0 1
305.0 450.0 1
10.0 974.0 1
246.0 1395.0 1
-21.0 1222.0 1
-12.0 370.0 1
478.0 1087.0 1
418.0 207.0 1
364.0 207.0 1
462.0 1335.0 1
31.0 974.0 1
459.0 -281.0 1
61.0 790.0 1
167.0 133.0 1
370.0 1411.0 1
313.0 947.0 1
198.0 1017.0 1
315.0 866.0 1
30.0 1421.0 1
-13.0 511.0 1
296.0 411.0 1
412.0 634.0 1
463.0 -206.0 1
23.0 541.0 1
475.0 1278.0 1
9.0 -23.0 1
424.0 590.0 1
-7.0 1231.0 1
149.0 426.0 1
100.0 1337.0 1
122.0 752.0 1
-39.0 639.0 1
467.0 41.0 1
-13.0 778.0 1
38.0 991.0 1
52.0 843.0 1
423.0 1374.0 1
45.0 167.0 1
-53.0 1405.0 1
54.0 1159.0 1
-17.0 -205.0 1
-81.0 142.0 1
28.0 1366.0 1
120.0 -166.0 1
410.0 -134.0 1
16.0 1002.0 1
-32.0 719.0 1
279.0 1347.0 1
102.0 464.0 1
432.0 103.0 1
402.0 614.0 1
430.0 949.0 1
355.0 1457.0 1
-36.0 -53.0 1
326.0 274.0 1
263.0 466.0 1
77.0 1327.0 1
410.0 -216.0 1
401.0 166.0 1
12.0 -146.0 1
408.0 523.0 1
21.0 1151.0 1
324.0 916.0 1
441.0 896.0 1
-52.0 743.0 1
331.0 888.0 1
394.0 616.0 1
351.0 1017.0 1
184.0 495.0 1
57.0 1394.0 1
-5.0 1231.0 1
215.0 736.0 1
317.0 366.0 1
438.0 1266.0 1
12.0 182.0 1
401.0 165.0 1
349.0 -3.0 1
205.0 1315.0 1
54.0 797.0 1
-4.0 1168.0 1
69.0 258.0 1
279.0 1457.0 1
391.0 1433.0 1
336.0 398.0 1
17.0 336.0 1
-51.0 -93.0 1
120.0 -268.0 1
-4.0 1345.0 1
441.0 1183.0 1
178.0 -102.0 1
246.0 116.0 1
6.0 356.0 1
128.0 1400.0 1
373.0 -230.0 1
56.0 575.0 1
164.0 712.0 1
361.0 -130.0 1
150.0 -111.0 1
19.0 140.0 1
32.0 591.0 1
420.0 1249.0 1
389.0 1013.0 1
238.0 137.0 1
258.0 1448.0 1
209.0 -174.0 1
417.0 105.0 1
2.0 -219.0 1
-43.0 -157.0 1
406.0 1420.0 1
29.0 -223.0 1
361.0 -29.0 1
73.0 1301.0 1
455.0 801.0 1
350.0 51.0 1
41.0 719.0 1
-36.0 261.0 1
384.0 998.0 1
350.0 697.0 1
342.0 1045.0 1
441.0 1444.0 1
25.0 499.0 1
20.0 736.0 1
311.0 -76.0 1
446.0 668.0 1
452.0 691.0 1
-7.0 487.0 1
-35.0 -267.0 1
418.0 1342.0 1
-8.0 -80.0 1
271.0 -129.0 1
478.0 1472.0 1
458.0 1074.0 1
323.0 112.0 1
447.0 118.0 1
61.0 1115.0 1
423.0 948.0 1
371.0 1103.0 1
444.0 47.0 1
257.0 479.0 1
7.0 -8.0 1
97.0 1152.0 1
442.0 670.0 1
3.0 574.0 1
349.0 351.0 1
339.0 1253.0 1
96.0 94.0 1
467.0 -202.0 1
348.0 914.0 1
398.0 -226.0 1
97.0 1431.0 1
-26.0 1124.0 1
453.0 483.0 1
445.0 56.0 1
387.0 762.0 1
347.0 536.0 1
11.0 -152.0 1
9.0 104.0 1
450.0 347.0 1
14.0 968.0 1
41.0 151.0 1
-30.0 793.0 1
473.0 1390.0 1
47.0 205.0 1
305.0 275.0 1
-12.0 250.0 1
48.0 406.0 1
386.0 -263.0 1
-43.0 426.0 1
160.0 166.0 1
122.0 736.0 1
-21.0 984.0 1
108.0 -129.0 1
-18.0 1029.0 1
242.0 1098.0 1
-69.0 -77.0 1
-68.0 609.0 1
-49.0 1142.0 1
-2.0 540.0 1
31.0 466.0 1
64.0 349.0 1
434.0 439.0 1
268.0 482.0 1
145.0 1460.0 1
136.0 -115.0 1
347.0 384.0 1
391.0 80.0 1
128.0 1379.0 1
-20.0 1128.0 1
-9.0 1456.0 1
408.0 728.0 1
182.0 -216.0 1
247.0 489.0 1
277.0 437.0 1
18.0 561.0 1
385.0 -71.0 1
-12.0 650.0 1
95.0 706.0 1
300.0 428.0 1
478.0 191.0 1
378.0 1409.0 1
395.0 888.0 1
231.0 725.0 1
-25.0 615.0 1
413.0 1307.0 1
-46.0 1227.0 1
324.0 551.0 1
251.0 763.0 1
112.0 1062.0 1
126.0 -281.0 1
305.0 463.0 1
10.0 504.0 1
481.0 431.0 1
-75.0 1273.0 1
88.0 -277.0 1
-5.0 1001.0 1
276.0 1367.0 1
-12.0 481.0 1
375.0 -216.0 1
231.0 1323.0 1
32.0 1005.0 1
362.0 611.0 1
265.0 1410.0 1
311.0 -20.0 1
146.0 1462.0 1
3.0 285.0 1
336.0 1116.0 1
18.0 571.0 1
72.0 1421.0 1
-64.0 -230.0 1
-6.0 522.0 1
248.0 725.0 1
111.0 1448.0 1
28.0 508.0 1
369.0 819.0 1
-52.0 -108.0 1
23.0 972.0 1
201.0 1057.0 1
77.0 210.0 1
385.0 -93.0 1
207.0 1355.0 1
169.0 -199.0 1
378.0 178.0 1
-76.0 1185.0 1
392.0 1436.0 1
56.0 812.0 1
-10.0 120.0 1
-68.0 1298.0 1
-4.0 835.0 1
149.0 1394.0 1
85.0 549.0 1
49.0 253.0 1
176.0 1359.0 1
19.0 -122.0 1
467.0 1434.0 1
390.0 203.0 1
78.0 308.0 1
20.0 9.0 1
15.0 1023.0 1
2.0 754.0 1
102.0 782.0 1
412.0 -91.0 1
197.0 440.0 1
-66.0 851.0 1
38.0 1343.0 1
249.0 107.0 1
305.0 1423.0 1
378.0 208.0 1
451.0 697.0 1
-16.0 -248.0 1
293.0 183.0 1
75.0 -174.0 1
-34.0 -135.0 1
-62.0 923.0 1
78.0 -29.0 1
15.0 807.0 1
293.0 -231.0 1
290.0 744.0 1
419.0 70.0 1
316.0 568.0 1
447.0 1387.0 1
437.0 228.0 1
90.0 1313.0 1
254.0 1033.0 1
297.0 453.0 1
-51.0 320.0 1
317.0 1042.0 1
14.0 766.0 1
16.0 121.0 1
252.0 762.0 1
