59.0 -67.0 0
204.0 89.0 0
199.0 38.0 0
332.0 485.0 0
133.0 471.0 0
333.0 1300.0 0
168.0 789.0 0
354.0 136.0 0
323.0 1296.0 0
114.0 1011.0 0
339.0 246.0 0
290.0 1011.0 0
86.0 1171.0 0
55.0 228.0 0
308.0 773.0 0
288.0 1016.0 0
265.0 1057.0 0
191.0 423.0 0
84.0 -1.0 0
150.0 1342.0 0
59.0 249.0 0
201.0 510.0 0
76.0 361.0 0
270.0 588.0 0
321.0 472.0 0
179.0 1308.0 0
344.0 1222.0 0
177.0 825.0 0
309.0 1207.0 0
344.0 140.0 0
113.0 870.0 0
211.0 881.0 0
274.0 931.0 0
238.0 1169.0 0
290.0 1202.0 0
87.0 310.0 0
95.0 -46.0 0
144.0 1349.0 0
213.0 1253.0 0
179.0 494.0 0
257.0 1215.0 0
138.0 463.0 0
316.0 727.0 0
116.0 421.0 0
135.0 398.0 0
215.0 149.0 0
88.0 -36.0 0
304.0 -153.0 0
150.0 603.0 0
331.0 221.0 0
360.0 156.0 0
178.0 934.0 0
276.0 741.0 0
210.0 1423.0 1
9.0 1229.0 1
327.0 1102.0 1
326.0 512.0 1
469.0 956.0 1
254.0 1341.0 1
321.0 381.0 1
103.0 1431.0 1
-60.0 199.0 1
-19.0 1388.0 1
410.0 359.0 1
335.0 529.0 1
95.0 17.0 1
458.0 536.0 1
-72.0 450.0 1
42.0 1245.0 1
185.0 -166.0 1
5.0 792.0 1
-66.0 712.0 1
-3.0 1049.0 1
19.0 1187.0 1
312.0 1012.0 1
-46.0 415.0 1
266.0 1044.0 1
467.0 1064.0 1
84.0 1483.0 1
-7.0 1311.0 1
337.0 23.0 1
458.0 -242.0 1
113.0 -143.0 1
0.0 256.0 1
2.0 -37.0 1
418.0 454.0 1
-30.0 561.0 1
291.0 -189.0 1
345.0 -83.0 1
479.0 1383.0 1
11.0 -265.0 1
344.0 1461.0 1
463.0 1265.0 1
429.0 742.0 1
448.0 1331.0 1
-17.0 710.0 1
428.0 6.0 1
480.0 1442.0 1
21.0 757.0 1
62.0 1333.0 1
-13.0 -100.0 1
-6.0 807.0 1
435.0 227.0 1
395.0 1287.0 1
298.0 130.0 1
-68.0 1352.0 1
84.0 779.0 1
-74.0 511.0 1
341.0 852.0 1
231.0 -163.0 1
309.0 1142.0 1
244.0 1342.0 1
156.0 702.0 1
69.0 714.0 1
447.0 506.0 1
296.0 791.0 1
93.0 807.0 1
162.0 1385.0 1
316.0 1410.0 1
-12.0 370.0 1
316.0 645.0 1
478.0 1087.0 1
393.0 743.0 1
459.0 -281.0 1
61.0 790.0 1
167.0 133.0 1
-37.0 -121.0 1
198.0 1017.0 1
-42.0 -60.0 1
464.0 1083.0 1
73.0 895.0 1
305.0 77.0 1
30.0 1421.0 1
17.0 1196.0 1
-13.0 511.0 1
93.0 29.0 1
296.0 411.0 1
7.0 269.0 1
463.0 -206.0 1
479.0 -206.0 1
-83.0 687.0 1
23.0 541.0 1
475.0 1278.0 1
424.0 590.0 1
424.0 1319.0 1
149.0 426.0 1
122.0 752.0 1
434.0 198.0 1
452.0 -160.0 1
400.0 48.0 1
-39.0 639.0 1
38.0 991.0 1
396.0 784.0 1
5.0 169.0 1
2.0 1345.0 1
-53.0 1405.0 1
-81.0 142.0 1
28.0 1366.0 1
120.0 -166.0 1
140.0 1327.0 1
450.0 -27.0 1
16.0 1002.0 1
-64.0 614.0 1
482.0 849.0 1
102.0 464.0 1
432.0 103.0 1
430.0 949.0 1
-36.0 -53.0 1
58.0 865.0 1
326.0 274.0 1
263.0 466.0 1
78.0 -2.0 1
121.0 1030.0 1
401.0 166.0 1
12.0 -146.0 1
21.0 1151.0 1
-70.0 1324.0 1
-52.0 743.0 1
331.0 888.0 1
394.0 616.0 1
351.0 1017.0 1
-14.0 1237.0 1
57.0 1394.0 1
215.0 736.0 1
49.0 844.0 1
317.0 366.0 1
12.0 182.0 1
401.0 165.0 1
349.0 -3.0 1
-31.0 352.0 1
205.0 1315.0 1
69.0 258.0 1
-10.0 422.0 1
426.0 596.0 1
46.0 1461.0 1
434.0 829.0 1
391.0 370.0 1
384.0 375.0 1
388.0 220.0 1
391.0 1433.0 1
-4.0 1319.0 1
90.0 891.0 1
120.0 -268.0 1
-66.0 1344.0 1
331.0 10.0 1
334.0 837.0 1
327.0 434.0 1
246.0 116.0 1
6.0 356.0 1
-71.0 1024.0 1
183.0 1322.0 1
401.0 171.0 1
403.0 -12.0 1
241.0 -109.0 1
-8.0 433.0 1
61.0 750.0 1
119.0 1046.0 1
361.0 -130.0 1
93.0 -49.0 1
303.0 816.0 1
19.0 140.0 1
389.0 1013.0 1
238.0 137.0 1
258.0 1448.0 1
183.0 1470.0 1
379.0 1259.0 1
269.0 1463.0 1
426.0 486.0 1
466.0 621.0 1
32.0 1031.0 1
-47.0 338.0 1
406.0 1420.0 1
73.0 1301.0 1
315.0 897.0 1
-36.0 261.0 1
447.0 890.0 1
384.0 998.0 1
441.0 1444.0 1
-49.0 553.0 1
25.0 499.0 1
311.0 -76.0 1
-8.0 -80.0 1
334.0 820.0 1
458.0 1074.0 1
323.0 112.0 1
364.0 1143.0 1
423.0 948.0 1
257.0 479.0 1
97.0 1152.0 1
442.0 670.0 1
3.0 574.0 1
339.0 1253.0 1
253.0 726.0 1
96.0 94.0 1
62.0 253.0 1
86.0 -230.0 1
146.0 467.0 1
323.0 74.0 1
347.0 536.0 1
11.0 -152.0 1
344.0 747.0 1
14.0 968.0 1
318.0 1168.0 1
-50.0 477.0 1
473.0 1390.0 1
315.0 -14.0 1
305.0 275.0 1
-12.0 250.0 1
386.0 -263.0 1
-43.0 426.0 1
-21.0 1185.0 1
367.0 1165.0 1
-21.0 984.0 1
242.0 1098.0 1
-69.0 -77.0 1
-14.0 933.0 1
478.0 1369.0 1
-2.0 540.0 1
31.0 466.0 1
393.0 429.0 1
-17.0 1187.0 1
64.0 349.0 1
206.0 797.0 1
145.0 1460.0 1
136.0 -115.0 1
391.0 80.0 1
128.0 1379.0 1
-20.0 1128.0 1
87.0 1288.0 1
331.0 1199.0 1
324.0 -4.0 1
350.0 1240.0 1
-9.0 1456.0 1
126.0 1067.0 1
408.0 728.0 1
283.0 -273.0 1
93.0 -132.0 1
206.0 1411.0 1
304.0 770.0 1
247.0 489.0 1
277.0 437.0 1
18.0 561.0 1
385.0 -71.0 1
-12.0 650.0 1
-56.0 1279.0 1
232.0 1348.0 1
346.0 362.0 1
478.0 191.0 1
429.0 574.0 1
395.0 888.0 1
34.0 989.0 1
-25.0 615.0 1
413.0 1307.0 1
-42.0 723.0 1
-69.0 742.0 1
-68.0 526.0 1
130.0 482.0 1
454.0 854.0 1
-46.0 1227.0 1
324.0 551.0 1
380.0 445.0 1
112.0 1062.0 1
163.0 1076.0 1
305.0 463.0 1
10.0 504.0 1
458.0 937.0 1
-78.0 971.0 1
88.0 -277.0 1
179.0 745.0 1
-5.0 1001.0 1
416.0 921.0 1
276.0 1367.0 1
-12.0 481.0 1
46.0 969.0 1
-53.0 80.0 1
405.0 67.0 1
375.0 -216.0 1
231.0 1323.0 1
-5.0 -137.0 1
265.0 1410.0 1
311.0 -20.0 1
146.0 1462.0 1
3.0 285.0 1
65.0 -226.0 1
418.0 605.0 1
336.0 1116.0 1
92.0 194.0 1
-27.0 367.0 1
248.0 725.0 1
28.0 508.0 1
369.0 819.0 1
-52.0 -108.0 1
23.0 972.0 1
77.0 210.0 1
376.0 1007.0 1
467.0 -226.0 1
207.0 1355.0 1
437.0 1366.0 1
-76.0 1185.0 1
56.0 812.0 1
63.0 652.0 1
-10.0 120.0 1
-48.0 923.0 1
6.0 425.0 1
425.0 1346.0 1
60.0 20.0 1
184.0 -249.0 1
-47.0 -107.0 1
149.0 1394.0 1
284.0 -227.0 1
49.0 253.0 1
443.0 622.0 1
467.0 1434.0 1
441.0 1001.0 1
353.0 1422.0 1
28.0 523.0 1
378.0 284.0 1
452.0 216.0 1
412.0 -91.0 1
-66.0 851.0 1
19.0 1392.0 1
38.0 1343.0 1
-14.0 945.0 1
245.0 -236.0 1
-40.0 212.0 1
-1.0 793.0 1
372.0 -129.0 1
318.0 -104.0 1
339.0 985.0 1
293.0 -231.0 1
-25.0 1145.0 1
418.0 554.0 1
447.0 1387.0 1
2.0 512.0 1
90.0 1313.0 1
-51.0 784.0 1
254.0 1033.0 1
14.0 766.0 1
-55.0 272.0 1
252.0 762.0 1
