58.0 566.0 0
290.0 1011.0 0
321.0 472.0 0
179.0 1308.0 0
177.0 825.0 0
83.0 564.0 0
187.0 34.0 0
116.0 -95.0 0
215.0 149.0 0
114.0 805.0 0
327.0 1102.0 1
255.0 1383.0 1
471.0 822.0 1
-76.0 1370.0 1
185.0 1085.0 1
423.0 51.0 1
67.0 1408.0 1
0.0 256.0 1
418.0 454.0 1
-30.0 561.0 1
448.0 1331.0 1
428.0 6.0 1
21.0 757.0 1
358.0 583.0 1
395.0 1287.0 1
317.0 1300.0 1
464.0 1083.0 1
305.0 77.0 1
296.0 411.0 1
-7.0 1231.0 1
-39.0 639.0 1
120.0 -166.0 1
16.0 1002.0 1
355.0 765.0 1
77.0 1327.0 1
331.0 888.0 1
-5.0 1231.0 1
-51.0 -93.0 1
331.0 10.0 1
-4.0 1345.0 1
56.0 575.0 1
-8.0 433.0 1
-9.0 1271.0 1
461.0 549.0 1
-43.0 -157.0 1
350.0 697.0 1
34.0 1033.0 1
-8.0 -80.0 1
-9.0 77.0 1
60.0 1162.0 1
97.0 1431.0 1
-26.0 1124.0 1
453.0 483.0 1
347.0 536.0 1
108.0 -129.0 1
327.0 475.0 1
31.0 466.0 1
-20.0 1128.0 1
408.0 728.0 1
34.0 989.0 1
-78.0 971.0 1
-75.0 1273.0 1
276.0 1367.0 1
99.0 1005.0 1
385.0 352.0 1
65.0 -226.0 1
18.0 571.0 1
72.0 1421.0 1
-64.0 -230.0 1
92.0 194.0 1
-52.0 -108.0 1
207.0 1355.0 1
28.0 523.0 1
452.0 216.0 1
412.0 -91.0 1
-66.0 851.0 1
-14.0 945.0 1
245.0 -236.0 1
-1.0 793.0 1
437.0 228.0 1
