138.0 463.0 0
288.0 1016.0 0
58.0 566.0 0
215.0 149.0 0
353.0 -14.0 0
238.0 1169.0 0
59.0 -67.0 0
168.0 789.0 0
323.0 1296.0 0
295.0 714.0 0
19.0 140.0 1
108.0 -129.0 1
311.0 -76.0 1
454.0 854.0 1
145.0 1460.0 1
7.0 269.0 1
164.0 712.0 1
-13.0 778.0 1
416.0 921.0 1
102.0 782.0 1
-5.0 1001.0 1
411.0 534.0 1
78.0 -29.0 1
87.0 1288.0 1
-7.0 1311.0 1
-52.0 -108.0 1
439.0 713.0 1
39.0 318.0 1
-54.0 925.0 1
401.0 171.0 1
56.0 575.0 1
-76.0 1185.0 1
423.0 1374.0 1
384.0 998.0 1
205.0 1315.0 1
2.0 -219.0 1
349.0 -3.0 1
305.0 77.0 1
52.0 843.0 1
-63.0 391.0 1
90.0 1313.0 1
384.0 375.0 1
361.0 -29.0 1
-51.0 1099.0 1
113.0 -260.0 1
128.0 1400.0 1
458.0 -242.0 1
41.0 719.0 1
350.0 1240.0 1
2.0 512.0 1
121.0 1030.0 1
462.0 1335.0 1
393.0 429.0 1
417.0 105.0 1
245.0 -236.0 1
-60.0 199.0 1
406.0 1420.0 1
418.0 207.0 1
451.0 1047.0 1
242.0 1098.0 1
-72.0 450.0 1
-37.0 1396.0 1
149.0 426.0 1
57.0 1394.0 1
209.0 -174.0 1
398.0 597.0 1
305.0 450.0 1
67.0 1408.0 1
318.0 1168.0 1
257.0 479.0 1
461.0 990.0 1
20.0 814.0 1
304.0 770.0 1
429.0 742.0 1
375.0 -243.0 1
63.0 652.0 1
198.0 1017.0 1
184.0 495.0 1
241.0 -109.0 1
125.0 1479.0 1
