333.0 1300.0 0
265.0 1057.0 0
201.0 510.0 0
65.0 196.0 0
344.0 140.0 0
328.0 960.0 0
95.0 -46.0 0
353.0 -14.0 0
213.0 1253.0 0
360.0 156.0 0
58.0 1270.0 1
321.0 381.0 1
335.0 529.0 1
264.0 156.0 1
337.0 23.0 1
345.0 -83.0 1
9.0 486.0 1
169.0 -144.0 1
-17.0 710.0 1
375.0 -243.0 1
81.0 195.0 1
188.0 1348.0 1
341.0 852.0 1
31.0 974.0 1
-37.0 -121.0 1
-39.0 660.0 1
400.0 48.0 1
453.0 1365.0 1
254.0 -247.0 1
-36.0 -53.0 1
-52.0 743.0 1
460.0 -273.0 1
-51.0 1099.0 1
13.0 757.0 1
434.0 829.0 1
391.0 370.0 1
254.0 418.0 1
388.0 220.0 1
327.0 434.0 1
124.0 -166.0 1
183.0 1322.0 1
128.0 1400.0 1
361.0 -130.0 1
389.0 1013.0 1
20.0 736.0 1
364.0 1143.0 1
377.0 615.0 1
97.0 1152.0 1
442.0 670.0 1
86.0 -230.0 1
387.0 762.0 1
9.0 104.0 1
307.0 1069.0 1
344.0 747.0 1
-14.0 933.0 1
-62.0 887.0 1
482.0 935.0 1
93.0 -132.0 1
206.0 1411.0 1
18.0 561.0 1
-12.0 650.0 1
232.0 1348.0 1
-46.0 1227.0 1
-22.0 1003.0 1
112.0 1062.0 1
223.0 1098.0 1
375.0 -216.0 1
231.0 1323.0 1
311.0 -20.0 1
3.0 285.0 1
418.0 605.0 1
-76.0 1185.0 1
56.0 812.0 1
176.0 1359.0 1
38.0 1343.0 1
-40.0 212.0 1
372.0 -129.0 1
-34.0 -135.0 1
90.0 1313.0 1
254.0 1033.0 1
