290.0 -57.0 0
59.0 -67.0 0
204.0 89.0 0
69.0 1074.0 0
58.0 566.0 0
332.0 485.0 0
333.0 1300.0 0
258.0 1.0 0
69.0 879.0 0
168.0 789.0 0
76.0 1221.0 0
354.0 136.0 0
290.0 1011.0 0
189.0 224.0 0
86.0 1171.0 0
297.0 426.0 0
308.0 773.0 0
288.0 1016.0 0
227.0 342.0 0
358.0 1233.0 0
84.0 -1.0 0
79.0 566.0 0
270.0 588.0 0
199.0 1033.0 0
121.0 948.0 0
345.0 663.0 0
179.0 1308.0 0
53.0 1176.0 0
344.0 1222.0 0
309.0 1207.0 0
113.0 870.0 0
274.0 931.0 0
213.0 1298.0 0
55.0 768.0 0
295.0 714.0 0
87.0 310.0 0
95.0 -46.0 0
213.0 1253.0 0
257.0 1215.0 0
187.0 34.0 0
116.0 -95.0 0
316.0 727.0 0
116.0 421.0 0
119.0 211.0 0
215.0 149.0 0
96.0 -108.0 0
150.0 603.0 0
360.0 156.0 0
178.0 934.0 0
210.0 1423.0 1
9.0 1229.0 1
326.0 512.0 1
412.0 1018.0 1
326.0 307.0 1
78.0 1430.0 1
469.0 956.0 1
254.0 1341.0 1
-69.0 1043.0 1
103.0 1431.0 1
-60.0 199.0 1
-19.0 1388.0 1
-55.0 1308.0 1
54.0 927.0 1
461.0 990.0 1
335.0 529.0 1
264.0 156.0 1
95.0 17.0 1
-72.0 450.0 1
471.0 822.0 1
-76.0 1370.0 1
-3.0 1049.0 1
19.0 1187.0 1
185.0 1085.0 1
84.0 1483.0 1
458.0 -242.0 1
42.0 159.0 1
77.0 -128.0 1
456.0 713.0 1
-30.0 561.0 1
345.0 -83.0 1
9.0 486.0 1
479.0 1383.0 1
-47.0 1126.0 1
6.0 836.0 1
429.0 742.0 1
387.0 901.0 1
-17.0 710.0 1
375.0 -243.0 1
428.0 6.0 1
480.0 1442.0 1
329.0 1228.0 1
-9.0 639.0 1
421.0 343.0 1
84.0 779.0 1
156.0 1011.0 1
-74.0 511.0 1
231.0 -163.0 1
58.0 328.0 1
309.0 1142.0 1
244.0 1342.0 1
302.0 1046.0 1
-19.0 349.0 1
1.0 -219.0 1
69.0 714.0 1
305.0 450.0 1
10.0 974.0 1
447.0 506.0 1
93.0 807.0 1
162.0 1385.0 1
316.0 1410.0 1
-21.0 1222.0 1
-12.0 370.0 1
316.0 645.0 1
478.0 1087.0 1
418.0 207.0 1
364.0 207.0 1
462.0 1335.0 1
31.0 974.0 1
313.0 947.0 1
-37.0 -121.0 1
198.0 1017.0 1
-42.0 -60.0 1
464.0 1083.0 1
73.0 895.0 1
260.0 187.0 1
305.0 77.0 1
93.0 29.0 1
296.0 411.0 1
443.0 656.0 1
412.0 634.0 1
7.0 269.0 1
463.0 -206.0 1
-83.0 687.0 1
23.0 541.0 1
415.0 1216.0 1
475.0 1278.0 1
424.0 590.0 1
-39.0 660.0 1
-7.0 1231.0 1
149.0 426.0 1
452.0 -160.0 1
467.0 41.0 1
-39.0 225.0 1
396.0 784.0 1
5.0 169.0 1
423.0 1374.0 1
2.0 1345.0 1
45.0 167.0 1
-53.0 1405.0 1
-63.0 774.0 1
-81.0 142.0 1
-42.0 -29.0 1
140.0 1327.0 1
450.0 -27.0 1
16.0 1002.0 1
-32.0 719.0 1
279.0 1347.0 1
402.0 614.0 1
58.0 865.0 1
326.0 274.0 1
410.0 -216.0 1
12.0 -146.0 1
21.0 1151.0 1
324.0 916.0 1
348.0 604.0 1
351.0 1017.0 1
184.0 495.0 1
57.0 1394.0 1
1.0 677.0 1
-5.0 1231.0 1
12.0 182.0 1
-31.0 352.0 1
13.0 757.0 1
-4.0 1168.0 1
426.0 596.0 1
46.0 1461.0 1
39.0 318.0 1
384.0 375.0 1
254.0 418.0 1
94.0 572.0 1
388.0 220.0 1
391.0 1433.0 1
-4.0 1319.0 1
336.0 398.0 1
17.0 336.0 1
-58.0 48.0 1
-51.0 -93.0 1
331.0 10.0 1
-4.0 1345.0 1
334.0 837.0 1
283.0 179.0 1
124.0 -166.0 1
128.0 1400.0 1
137.0 791.0 1
373.0 -230.0 1
401.0 171.0 1
403.0 -12.0 1
253.0 1460.0 1
56.0 575.0 1
241.0 -109.0 1
-8.0 433.0 1
164.0 712.0 1
61.0 750.0 1
454.0 1351.0 1
119.0 1046.0 1
361.0 -130.0 1
350.0 1006.0 1
303.0 816.0 1
-66.0 1090.0 1
32.0 591.0 1
258.0 1448.0 1
209.0 -174.0 1
269.0 1463.0 1
426.0 486.0 1
32.0 1031.0 1
417.0 105.0 1
2.0 -219.0 1
-47.0 338.0 1
-32.0 147.0 1
406.0 1420.0 1
29.0 -223.0 1
361.0 -29.0 1
73.0 1301.0 1
455.0 801.0 1
-36.0 261.0 1
-28.0 580.0 1
447.0 890.0 1
384.0 998.0 1
350.0 697.0 1
342.0 1045.0 1
452.0 691.0 1
93.0 722.0 1
-35.0 -267.0 1
315.0 999.0 1
418.0 1342.0 1
271.0 -129.0 1
478.0 1472.0 1
364.0 1143.0 1
0.0 545.0 1
-4.0 1056.0 1
-9.0 77.0 1
474.0 -282.0 1
447.0 118.0 1
423.0 948.0 1
371.0 1103.0 1
257.0 479.0 1
97.0 1152.0 1
450.0 403.0 1
420.0 700.0 1
358.0 -188.0 1
62.0 253.0 1
125.0 1479.0 1
397.0 1151.0 1
348.0 914.0 1
97.0 1431.0 1
369.0 580.0 1
146.0 467.0 1
-26.0 1124.0 1
207.0 1464.0 1
453.0 483.0 1
445.0 56.0 1
86.0 1071.0 1
387.0 762.0 1
-46.0 491.0 1
347.0 536.0 1
307.0 1069.0 1
364.0 425.0 1
450.0 347.0 1
41.0 151.0 1
-50.0 477.0 1
-3.0 1369.0 1
139.0 1046.0 1
369.0 1444.0 1
48.0 406.0 1
386.0 -263.0 1
-21.0 1185.0 1
160.0 166.0 1
208.0 143.0 1
122.0 736.0 1
108.0 -129.0 1
-18.0 1029.0 1
242.0 1098.0 1
327.0 475.0 1
-69.0 -77.0 1
478.0 1369.0 1
-49.0 1142.0 1
-2.0 540.0 1
31.0 466.0 1
393.0 429.0 1
-32.0 -277.0 1
434.0 439.0 1
-54.0 925.0 1
13.0 235.0 1
128.0 1379.0 1
-20.0 1128.0 1
87.0 1288.0 1
331.0 1199.0 1
-9.0 1456.0 1
126.0 1067.0 1
408.0 728.0 1
182.0 -216.0 1
93.0 -132.0 1
451.0 1047.0 1
277.0 437.0 1
385.0 -71.0 1
-12.0 650.0 1
95.0 706.0 1
398.0 597.0 1
478.0 191.0 1
378.0 1409.0 1
-25.0 615.0 1
413.0 1307.0 1
-68.0 526.0 1
130.0 482.0 1
324.0 551.0 1
380.0 445.0 1
-22.0 1003.0 1
324.0 1449.0 1
126.0 -281.0 1
458.0 937.0 1
-78.0 971.0 1
-75.0 1273.0 1
113.0 -260.0 1
179.0 745.0 1
-5.0 1001.0 1
416.0 921.0 1
-29.0 1441.0 1
276.0 1367.0 1
424.0 1029.0 1
385.0 352.0 1
46.0 969.0 1
-53.0 80.0 1
231.0 1323.0 1
32.0 1005.0 1
362.0 611.0 1
265.0 1410.0 1
65.0 -226.0 1
72.0 1421.0 1
-6.0 522.0 1
248.0 725.0 1
28.0 508.0 1
369.0 819.0 1
-52.0 -108.0 1
201.0 1057.0 1
77.0 210.0 1
385.0 -93.0 1
236.0 402.0 1
467.0 -226.0 1
472.0 1103.0 1
155.0 487.0 1
437.0 1366.0 1
-76.0 1185.0 1
392.0 1436.0 1
260.0 -144.0 1
56.0 812.0 1
63.0 652.0 1
119.0 1031.0 1
-48.0 923.0 1
-68.0 1298.0 1
353.0 30.0 1
60.0 20.0 1
184.0 -249.0 1
-47.0 -107.0 1
149.0 1394.0 1
457.0 -275.0 1
19.0 -122.0 1
443.0 622.0 1
467.0 1434.0 1
353.0 1422.0 1
20.0 9.0 1
15.0 1023.0 1
363.0 862.0 1
378.0 284.0 1
197.0 440.0 1
-66.0 851.0 1
19.0 1392.0 1
185.0 1336.0 1
-14.0 945.0 1
-40.0 212.0 1
372.0 -129.0 1
378.0 208.0 1
318.0 -104.0 1
-16.0 -248.0 1
75.0 -174.0 1
339.0 985.0 1
-34.0 -135.0 1
15.0 807.0 1
-14.0 784.0 1
293.0 -231.0 1
290.0 744.0 1
418.0 554.0 1
355.0 900.0 1
316.0 568.0 1
447.0 1387.0 1
90.0 1313.0 1
-51.0 784.0 1
254.0 1033.0 1
297.0 453.0 1
14.0 766.0 1
252.0 762.0 1
