224.0 427.0 0
274.0 931.0 0
201.0 510.0 0
65.0 196.0 0
199.0 38.0 0
257.0 1215.0 0
354.0 136.0 0
82.0 749.0 0
179.0 1308.0 0
341.0 1039.0 0
9.0 104.0 1
76.0 -108.0 1
412.0 -91.0 1
341.0 852.0 1
207.0 1464.0 1
13.0 235.0 1
179.0 745.0 1
21.0 757.0 1
348.0 914.0 1
206.0 797.0 1
38.0 991.0 1
335.0 529.0 1
34.0 -5.0 1
89.0 1245.0 1
-75.0 1273.0 1
-8.0 -80.0 1
452.0 691.0 1
64.0 349.0 1
-78.0 971.0 1
283.0 179.0 1
18.0 561.0 1
19.0 1187.0 1
473.0 1390.0 1
351.0 1017.0 1
317.0 1300.0 1
-80.0 -194.0 1
353.0 30.0 1
93.0 29.0 1
76.0 905.0 1
-51.0 320.0 1
183.0 1322.0 1
317.0 366.0 1
428.0 6.0 1
-25.0 1145.0 1
-35.0 -267.0 1
200.0 1391.0 1
479.0 -206.0 1
-42.0 723.0 1
420.0 1249.0 1
85.0 549.0 1
32.0 1031.0 1
388.0 1357.0 1
421.0 343.0 1
246.0 116.0 1
283.0 -273.0 1
5.0 169.0 1
480.0 1442.0 1
388.0 220.0 1
464.0 1083.0 1
307.0 1069.0 1
-50.0 477.0 1
-29.0 1441.0 1
102.0 464.0 1
28.0 1366.0 1
124.0 -166.0 1
362.0 611.0 1
418.0 454.0 1
305.0 1423.0 1
364.0 1143.0 1
254.0 418.0 1
430.0 949.0 1
-30.0 793.0 1
253.0 726.0 1
471.0 822.0 1
182.0 -216.0 1
-9.0 639.0 1
223.0 1098.0 1
-68.0 609.0 1
327.0 475.0 1
73.0 1301.0 1
