191.0 423.0 0
178.0 934.0 0
179.0 494.0 0
87.0 182.0 0
187.0 34.0 0
290.0 1202.0 0
344.0 140.0 0
55.0 768.0 0
213.0 1298.0 0
265.0 1057.0 0
16.0 121.0 1
35.0 -114.0 1
385.0 -93.0 1
334.0 837.0 1
199.0 1468.0 1
-12.0 250.0 1
130.0 742.0 1
13.0 757.0 1
324.0 916.0 1
262.0 788.0 1
34.0 989.0 1
325.0 533.0 1
7.0 -8.0 1
92.0 1248.0 1
-56.0 1279.0 1
-69.0 -77.0 1
451.0 697.0 1
58.0 328.0 1
14.0 968.0 1
293.0 183.0 1
18.0 571.0 1
17.0 1196.0 1
479.0 1383.0 1
350.0 1006.0 1
327.0 1294.0 1
-17.0 -205.0 1
337.0 23.0 1
-58.0 48.0 1
73.0 895.0 1
-55.0 272.0 1
185.0 1336.0 1
346.0 362.0 1
403.0 -12.0 1
-49.0 1142.0 1
-32.0 -277.0 1
162.0 1385.0 1
463.0 -206.0 1
-32.0 719.0 1
461.0 1245.0 1
94.0 572.0 1
34.0 1033.0 1
425.0 1346.0 1
450.0 347.0 1
249.0 107.0 1
254.0 -247.0 1
12.0 182.0 1
441.0 1444.0 1
396.0 226.0 1
478.0 1087.0 1
302.0 1046.0 1
-46.0 491.0 1
-9.0 1456.0 1
139.0 468.0 1
-3.0 1369.0 1
120.0 -166.0 1
377.0 615.0 1
395.0 447.0 1
316.0 1410.0 1
360.0 1147.0 1
296.0 411.0 1
423.0 948.0 1
-1.0 793.0 1
248.0 725.0 1
434.0 829.0 1
317.0 -217.0 1
-13.0 637.0 1
185.0 1085.0 1
-64.0 614.0 1
447.0 506.0 1
62.0 1333.0 1
