223.0 763.0 0
141.0 473.0 0
258.0 1.0 0
76.0 1221.0 0
308.0 773.0 0
238.0 1169.0 0
87.0 310.0 0
121.0 -38.0 0
316.0 727.0 0
202.0 1159.0 0
210.0 1423.0 1
412.0 1018.0 1
326.0 307.0 1
141.0 1363.0 1
-24.0 -213.0 1
-72.0 450.0 1
42.0 1245.0 1
-66.0 712.0 1
266.0 1044.0 1
43.0 207.0 1
-47.0 1126.0 1
11.0 -265.0 1
344.0 1461.0 1
350.0 1320.0 1
69.0 714.0 1
-21.0 1222.0 1
-13.0 511.0 1
475.0 1278.0 1
424.0 1319.0 1
311.0 -13.0 1
434.0 198.0 1
452.0 -160.0 1
450.0 -27.0 1
482.0 849.0 1
102.0 464.0 1
58.0 865.0 1
78.0 -2.0 1
410.0 -216.0 1
401.0 166.0 1
21.0 1151.0 1
-4.0 1168.0 1
39.0 318.0 1
90.0 891.0 1
6.0 356.0 1
241.0 -109.0 1
350.0 1006.0 1
19.0 140.0 1
238.0 137.0 1
209.0 -174.0 1
-80.0 -194.0 1
144.0 102.0 1
342.0 1045.0 1
446.0 668.0 1
452.0 691.0 1
-7.0 487.0 1
61.0 1115.0 1
3.0 574.0 1
420.0 700.0 1
348.0 914.0 1
-50.0 477.0 1
-69.0 -77.0 1
-54.0 925.0 1
283.0 -273.0 1
405.0 1226.0 1
231.0 725.0 1
163.0 1076.0 1
305.0 463.0 1
46.0 969.0 1
201.0 1057.0 1
391.0 1411.0 1
311.0 1085.0 1
392.0 1436.0 1
92.0 1248.0 1
-4.0 835.0 1
363.0 862.0 1
249.0 107.0 1
-14.0 784.0 1
472.0 800.0 1
360.0 1147.0 1
268.0 774.0 1
