297.0 426.0 0
328.0 960.0 0
332.0 485.0 0
119.0 211.0 0
204.0 89.0 0
309.0 1207.0 0
360.0 156.0 0
166.0 756.0 0
223.0 1331.0 0
114.0 1011.0 0
25.0 87.0 1
77.0 -128.0 1
385.0 -71.0 1
363.0 862.0 1
183.0 1470.0 1
0.0 256.0 1
215.0 736.0 1
2.0 754.0 1
355.0 900.0 1
137.0 791.0 1
32.0 1005.0 1
347.0 536.0 1
78.0 -2.0 1
42.0 1245.0 1
-68.0 1298.0 1
-51.0 -93.0 1
420.0 700.0 1
6.0 356.0 1
-14.0 945.0 1
260.0 187.0 1
-30.0 561.0 1
-17.0 1187.0 1
447.0 1387.0 1
389.0 1013.0 1
350.0 1320.0 1
-24.0 -213.0 1
350.0 51.0 1
90.0 -46.0 1
90.0 891.0 1
3.0 285.0 1
140.0 1327.0 1
321.0 381.0 1
450.0 -27.0 1
-20.0 1128.0 1
11.0 -265.0 1
246.0 1395.0 1
467.0 -202.0 1
-84.0 720.0 1
438.0 1266.0 1
28.0 523.0 1
15.0 1023.0 1
418.0 1342.0 1
440.0 315.0 1
238.0 137.0 1
233.0 -253.0 1
45.0 167.0 1
478.0 1472.0 1
378.0 208.0 1
458.0 1074.0 1
317.0 1042.0 1
-12.0 481.0 1
30.0 1421.0 1
146.0 467.0 1
38.0 1343.0 1
91.0 -163.0 1
348.0 604.0 1
380.0 445.0 1
370.0 1411.0 1
397.0 1151.0 1
236.0 402.0 1
455.0 947.0 1
-51.0 784.0 1
376.0 716.0 1
472.0 800.0 1
291.0 -189.0 1
-39.0 639.0 1
126.0 1067.0 1
-68.0 526.0 1
461.0 549.0 1
100.0 1337.0 1
