135.0 398.0 0
290.0 1011.0 0
270.0 588.0 0
189.0 224.0 0
121.0 -38.0 0
358.0 1233.0 0
152.0 -97.0 0
114.0 805.0 0
333.0 1300.0 0
316.0 727.0 0
96.0 94.0 1
93.0 -132.0 1
318.0 -104.0 1
331.0 888.0 1
146.0 1462.0 1
62.0 253.0 1
231.0 725.0 1
20.0 736.0 1
315.0 897.0 1
93.0 807.0 1
23.0 972.0 1
408.0 523.0 1
60.0 20.0 1
9.0 1229.0 1
-46.0 1227.0 1
-47.0 -107.0 1
446.0 668.0 1
-31.0 352.0 1
-62.0 923.0 1
238.0 147.0 1
0.0 545.0 1
-4.0 1168.0 1
453.0 1365.0 1
412.0 1018.0 1
231.0 1323.0 1
1.0 -219.0 1
400.0 48.0 1
315.0 -14.0 1
-62.0 887.0 1
-36.0 261.0 1
176.0 1359.0 1
391.0 370.0 1
445.0 56.0 1
97.0 1152.0 1
120.0 -268.0 1
255.0 1383.0 1
410.0 -216.0 1
-69.0 742.0 1
463.0 1265.0 1
28.0 508.0 1
-3.0 1049.0 1
279.0 1347.0 1
378.0 284.0 1
167.0 133.0 1
284.0 -227.0 1
81.0 195.0 1
369.0 1444.0 1
435.0 227.0 1
394.0 1086.0 1
201.0 1057.0 1
-52.0 507.0 1
78.0 1430.0 1
115.0 426.0 1
-4.0 1345.0 1
113.0 -143.0 1
418.0 605.0 1
297.0 453.0 1
103.0 1431.0 1
336.0 1116.0 1
268.0 446.0 1
482.0 935.0 1
-63.0 774.0 1
156.0 702.0 1
387.0 762.0 1
365.0 -188.0 1
-39.0 660.0 1
139.0 1046.0 1
-8.0 433.0 1
424.0 1029.0 1
84.0 1483.0 1
