315.0 451.0 0
211.0 881.0 0
79.0 566.0 0
59.0 249.0 0
84.0 -1.0 0
266.0 1177.0 0
290.0 -57.0 0
223.0 763.0 0
144.0 1349.0 0
308.0 773.0 0
-9.0 77.0 1
150.0 -111.0 1
410.0 -134.0 1
334.0 820.0 1
269.0 1463.0 1
49.0 253.0 1
122.0 736.0 1
61.0 750.0 1
387.0 901.0 1
268.0 774.0 1
31.0 974.0 1
324.0 551.0 1
9.0 -23.0 1
-14.0 1237.0 1
-70.0 1324.0 1
-36.0 -53.0 1
442.0 670.0 1
17.0 336.0 1
-51.0 929.0 1
378.0 178.0 1
23.0 541.0 1
-26.0 1181.0 1
478.0 1369.0 1
376.0 1007.0 1
413.0 1307.0 1
-43.0 -157.0 1
378.0 6.0 1
311.0 -13.0 1
58.0 865.0 1
85.0 302.0 1
126.0 1339.0 1
347.0 384.0 1
467.0 41.0 1
-47.0 1126.0 1
88.0 -277.0 1
206.0 1411.0 1
398.0 -206.0 1
-17.0 710.0 1
405.0 1226.0 1
32.0 591.0 1
119.0 1031.0 1
448.0 1331.0 1
450.0 403.0 1
208.0 143.0 1
293.0 -231.0 1
41.0 151.0 1
391.0 1433.0 1
364.0 207.0 1
472.0 1103.0 1
221.0 1052.0 1
9.0 486.0 1
46.0 1461.0 1
155.0 487.0 1
2.0 1345.0 1
185.0 -166.0 1
402.0 614.0 1
453.0 483.0 1
344.0 1461.0 1
367.0 1165.0 1
277.0 437.0 1
458.0 937.0 1
15.0 807.0 1
408.0 728.0 1
396.0 784.0 1
358.0 -188.0 1
-25.0 615.0 1
112.0 1062.0 1
424.0 590.0 1
478.0 191.0 1
329.0 1228.0 1
