116.0 421.0 0
121.0 948.0 0
83.0 564.0 0
55.0 228.0 0
258.0 1.0 0
344.0 1222.0 0
339.0 246.0 0
201.0 733.0 0
150.0 1342.0 0
177.0 825.0 0
-10.0 120.0 1
136.0 -115.0 1
345.0 -83.0 1
315.0 866.0 1
253.0 1460.0 1
-39.0 225.0 1
122.0 752.0 1
14.0 766.0 1
336.0 930.0 1
296.0 791.0 1
16.0 1002.0 1
326.0 512.0 1
20.0 9.0 1
58.0 1270.0 1
-55.0 1308.0 1
-42.0 -60.0 1
456.0 713.0 1
-19.0 349.0 1
-22.0 1003.0 1
264.0 156.0 1
3.0 574.0 1
-21.0 1185.0 1
461.0 1401.0 1
312.0 1012.0 1
395.0 1287.0 1
-64.0 -230.0 1
331.0 10.0 1
93.0 -49.0 1
54.0 927.0 1
-27.0 367.0 1
188.0 1348.0 1
349.0 351.0 1
444.0 47.0 1
-26.0 1124.0 1
-16.0 -248.0 1
149.0 1394.0 1
467.0 -226.0 1
-66.0 712.0 1
379.0 1259.0 1
-6.0 522.0 1
-18.0 1029.0 1
456.0 1349.0 1
326.0 307.0 1
323.0 112.0 1
386.0 -263.0 1
42.0 159.0 1
392.0 1436.0 1
390.0 203.0 1
467.0 1064.0 1
266.0 1044.0 1
-7.0 487.0 1
-53.0 1405.0 1
130.0 482.0 1
19.0 1392.0 1
123.0 -150.0 1
394.0 616.0 1
426.0 486.0 1
378.0 1409.0 1
309.0 1142.0 1
300.0 428.0 1
469.0 956.0 1
-6.0 807.0 1
344.0 747.0 1
455.0 801.0 1
373.0 -230.0 1
-12.0 650.0 1
86.0 1071.0 1
316.0 645.0 1
305.0 275.0 1
-68.0 1352.0 1
