321.0 472.0 0
199.0 1033.0 0
227.0 342.0 0
87.0 310.0 0
95.0 -46.0 0
202.0 1159.0 0
76.0 361.0 0
107.0 671.0 0
69.0 1074.0 0
96.0 -108.0 0
-32.0 147.0 1
-13.0 -100.0 1
378.0 -39.0 1
482.0 849.0 1
210.0 1423.0 1
47.0 205.0 1
251.0 763.0 1
5.0 792.0 1
441.0 896.0 1
84.0 779.0 1
-21.0 984.0 1
418.0 554.0 1
-42.0 -29.0 1
-9.0 1271.0 1
-66.0 1344.0 1
-34.0 -135.0 1
350.0 697.0 1
-47.0 338.0 1
-14.0 933.0 1
298.0 130.0 1
-28.0 580.0 1
54.0 1159.0 1
467.0 1434.0 1
339.0 985.0 1
424.0 1319.0 1
11.0 -152.0 1
423.0 51.0 1
323.0 74.0 1
6.0 836.0 1
-43.0 426.0 1
207.0 1355.0 1
336.0 398.0 1
391.0 80.0 1
106.0 1096.0 1
86.0 -230.0 1
265.0 1410.0 1
398.0 -226.0 1
-83.0 687.0 1
475.0 1278.0 1
-13.0 511.0 1
-69.0 1043.0 1
391.0 1411.0 1
364.0 425.0 1
160.0 166.0 1
457.0 -275.0 1
77.0 210.0 1
353.0 1422.0 1
434.0 198.0 1
327.0 1102.0 1
163.0 1076.0 1
-74.0 511.0 1
111.0 1448.0 1
263.0 466.0 1
-76.0 1370.0 1
169.0 -199.0 1
426.0 596.0 1
327.0 434.0 1
141.0 1363.0 1
459.0 1177.0 1
48.0 406.0 1
447.0 890.0 1
-66.0 851.0 1
355.0 765.0 1
443.0 622.0 1
271.0 -129.0 1
45.0 615.0 1
99.0 1005.0 1
6.0 425.0 1
12.0 -146.0 1
474.0 -282.0 1
