168.0 789.0 0
354.0 136.0 0
55.0 228.0 0
150.0 1342.0 0
121.0 948.0 0
211.0 881.0 0
255.0 738.0 0
213.0 1298.0 0
55.0 768.0 0
257.0 1215.0 0
469.0 956.0 1
410.0 359.0 1
396.0 226.0 1
365.0 -188.0 1
76.0 905.0 1
-3.0 1049.0 1
113.0 -143.0 1
42.0 159.0 1
126.0 1339.0 1
463.0 1265.0 1
-74.0 511.0 1
309.0 1142.0 1
305.0 450.0 1
246.0 1395.0 1
316.0 645.0 1
364.0 207.0 1
459.0 -281.0 1
61.0 790.0 1
370.0 1411.0 1
198.0 1017.0 1
260.0 187.0 1
-83.0 687.0 1
424.0 590.0 1
149.0 426.0 1
-22.0 452.0 1
-39.0 225.0 1
5.0 169.0 1
326.0 274.0 1
-14.0 1237.0 1
184.0 495.0 1
401.0 165.0 1
17.0 336.0 1
246.0 116.0 1
164.0 712.0 1
258.0 1448.0 1
361.0 -29.0 1
-49.0 553.0 1
25.0 499.0 1
-46.0 491.0 1
41.0 151.0 1
76.0 -108.0 1
367.0 1165.0 1
242.0 1098.0 1
-68.0 609.0 1
-2.0 540.0 1
206.0 797.0 1
145.0 1460.0 1
136.0 -115.0 1
391.0 80.0 1
87.0 1288.0 1
-9.0 1456.0 1
247.0 489.0 1
90.0 -46.0 1
385.0 -71.0 1
-42.0 723.0 1
324.0 551.0 1
10.0 504.0 1
458.0 937.0 1
461.0 1245.0 1
424.0 1029.0 1
-53.0 80.0 1
-5.0 -137.0 1
146.0 1462.0 1
336.0 1116.0 1
437.0 1366.0 1
60.0 20.0 1
184.0 -249.0 1
284.0 -227.0 1
293.0 -231.0 1
447.0 1387.0 1
