135.0 398.0 0
291.0 867.0 0
321.0 472.0 0
189.0 224.0 0
289.0 4.0 0
290.0 1011.0 0
344.0 1222.0 0
277.0 78.0 0
358.0 1233.0 0
76.0 361.0 0
211.0 881.0 0
290.0 -57.0 0
266.0 1177.0 0
335.0 695.0 0
121.0 -38.0 0
58.0 566.0 0
166.0 756.0 0
55.0 768.0 0
150.0 1342.0 0
333.0 1300.0 0
-51.0 -93.0 1
400.0 48.0 1
2.0 754.0 1
451.0 697.0 1
385.0 -93.0 1
386.0 -263.0 1
-36.0 261.0 1
326.0 307.0 1
139.0 1046.0 1
458.0 -242.0 1
-32.0 -277.0 1
19.0 1392.0 1
58.0 328.0 1
-20.0 1128.0 1
76.0 -108.0 1
339.0 1253.0 1
-43.0 426.0 1
155.0 487.0 1
-50.0 477.0 1
78.0 1430.0 1
9.0 1229.0 1
410.0 359.0 1
-23.0 108.0 1
-39.0 660.0 1
456.0 1349.0 1
-55.0 1308.0 1
-30.0 793.0 1
455.0 801.0 1
91.0 -163.0 1
149.0 1394.0 1
117.0 439.0 1
-80.0 -194.0 1
411.0 534.0 1
-21.0 984.0 1
20.0 9.0 1
390.0 203.0 1
146.0 1476.0 1
315.0 999.0 1
-72.0 450.0 1
369.0 580.0 1
54.0 927.0 1
419.0 70.0 1
17.0 1196.0 1
93.0 -49.0 1
369.0 1444.0 1
231.0 1323.0 1
238.0 147.0 1
-10.0 120.0 1
-4.0 1168.0 1
454.0 1351.0 1
215.0 736.0 1
13.0 235.0 1
-52.0 -108.0 1
394.0 616.0 1
-28.0 580.0 1
344.0 1461.0 1
355.0 1457.0 1
315.0 -14.0 1
186.0 -217.0 1
350.0 697.0 1
482.0 935.0 1
412.0 1018.0 1
452.0 1182.0 1
77.0 1327.0 1
403.0 -12.0 1
-51.0 929.0 1
169.0 -144.0 1
316.0 645.0 1
321.0 381.0 1
-3.0 1049.0 1
268.0 482.0 1
358.0 14.0 1
415.0 1216.0 1
32.0 1005.0 1
-66.0 1344.0 1
400.0 829.0 1
92.0 194.0 1
327.0 1102.0 1
467.0 -180.0 1
472.0 1103.0 1
434.0 198.0 1
63.0 652.0 1
197.0 440.0 1
331.0 888.0 1
20.0 736.0 1
28.0 523.0 1
121.0 1030.0 1
318.0 1168.0 1
119.0 142.0 1
-74.0 511.0 1
293.0 183.0 1
398.0 -226.0 1
358.0 -188.0 1
305.0 1423.0 1
304.0 770.0 1
140.0 1327.0 1
11.0 -152.0 1
467.0 -226.0 1
426.0 486.0 1
336.0 930.0 1
56.0 812.0 1
296.0 791.0 1
145.0 1460.0 1
313.0 947.0 1
246.0 1395.0 1
323.0 28.0 1
341.0 852.0 1
482.0 717.0 1
-12.0 370.0 1
160.0 166.0 1
78.0 -2.0 1
378.0 1403.0 1
418.0 454.0 1
141.0 1363.0 1
-76.0 1370.0 1
178.0 -102.0 1
12.0 182.0 1
176.0 1359.0 1
234.0 1356.0 1
205.0 1315.0 1
317.0 366.0 1
61.0 1115.0 1
90.0 -46.0 1
332.0 1268.0 1
78.0 308.0 1
93.0 807.0 1
-84.0 720.0 1
316.0 568.0 1
198.0 1017.0 1
478.0 1087.0 1
58.0 865.0 1
83.0 564.0 1
-62.0 887.0 1
350.0 51.0 1
-63.0 774.0 1
482.0 849.0 1
349.0 351.0 1
-52.0 743.0 1
32.0 591.0 1
-66.0 712.0 1
