290.0 -57.0 0
199.0 38.0 0
55.0 402.0 0
237.0 287.0 0
227.0 342.0 0
84.0 -1.0 0
76.0 361.0 0
235.0 147.0 0
166.0 756.0 0
88.0 -36.0 0
247.0 1098.0 1
482.0 1228.0 1
313.0 1383.0 1
99.0 310.0 1
-47.0 1365.0 1
464.0 303.0 1
473.0 1.0 1
-60.0 199.0 1
-24.0 -213.0 1
5.0 792.0 1
9.0 486.0 1
298.0 130.0 1
231.0 -163.0 1
305.0 450.0 1
364.0 207.0 1
482.0 717.0 1
115.0 426.0 1
424.0 590.0 1
424.0 1319.0 1
80.0 417.0 1
-10.0 120.0 1
-64.0 614.0 1
441.0 896.0 1
-4.0 835.0 1
425.0 1346.0 1
49.0 844.0 1
49.0 253.0 1
457.0 -275.0 1
443.0 622.0 1
-13.0 637.0 1
17.0 336.0 1
331.0 10.0 1
178.0 -102.0 1
452.0 1182.0 1
303.0 816.0 1
-47.0 338.0 1
-32.0 147.0 1
29.0 -223.0 1
455.0 801.0 1
446.0 668.0 1
-4.0 1056.0 1
474.0 -282.0 1
61.0 1115.0 1
347.0 536.0 1
344.0 747.0 1
-14.0 784.0 1
64.0 349.0 1
325.0 533.0 1
182.0 -216.0 1
394.0 1086.0 1
14.0 443.0 1
233.0 -253.0 1
365.0 -188.0 1
350.0 1320.0 1
-12.0 370.0 1
30.0 1421.0 1
155.0 487.0 1
467.0 41.0 1
200.0 1391.0 1
21.0 1151.0 1
54.0 797.0 1
39.0 318.0 1
403.0 -12.0 1
420.0 888.0 1
93.0 722.0 1
450.0 403.0 1
315.0 -14.0 1
339.0 985.0 1
93.0 -132.0 1
355.0 900.0 1
