224.0 427.0 0
274.0 931.0 0
201.0 510.0 0
65.0 196.0 0
199.0 38.0 0
199.0 1033.0 0
257.0 1215.0 0
354.0 136.0 0
213.0 1253.0 0
227.0 342.0 0
267.0 850.0 0
339.0 246.0 0
341.0 1039.0 0
107.0 671.0 0
116.0 -95.0 0
88.0 -36.0 0
295.0 714.0 0
69.0 879.0 0
76.0 1221.0 0
168.0 789.0 0
-8.0 -80.0 1
444.0 47.0 1
61.0 750.0 1
446.0 668.0 1
318.0 -104.0 1
283.0 -273.0 1
3.0 285.0 1
378.0 284.0 1
86.0 1071.0 1
459.0 -281.0 1
-16.0 -248.0 1
28.0 1366.0 1
73.0 359.0 1
-51.0 1099.0 1
136.0 -115.0 1
420.0 1249.0 1
-8.0 433.0 1
146.0 467.0 1
-7.0 487.0 1
-9.0 1456.0 1
-14.0 1237.0 1
464.0 303.0 1
-9.0 77.0 1
-39.0 639.0 1
448.0 1331.0 1
-4.0 1319.0 1
-6.0 807.0 1
478.0 819.0 1
93.0 -132.0 1
57.0 1394.0 1
80.0 417.0 1
-17.0 -205.0 1
335.0 529.0 1
14.0 968.0 1
7.0 -8.0 1
378.0 178.0 1
199.0 1468.0 1
350.0 1006.0 1
38.0 468.0 1
424.0 590.0 1
76.0 905.0 1
417.0 105.0 1
-17.0 1187.0 1
-36.0 -53.0 1
391.0 1433.0 1
307.0 1329.0 1
298.0 130.0 1
19.0 140.0 1
60.0 1162.0 1
437.0 1366.0 1
130.0 742.0 1
69.0 258.0 1
35.0 -114.0 1
348.0 604.0 1
-75.0 623.0 1
269.0 1463.0 1
441.0 1444.0 1
361.0 -29.0 1
86.0 -230.0 1
376.0 716.0 1
430.0 949.0 1
384.0 998.0 1
381.0 1185.0 1
87.0 1288.0 1
385.0 -71.0 1
52.0 944.0 1
271.0 -129.0 1
412.0 634.0 1
384.0 375.0 1
34.0 1033.0 1
184.0 495.0 1
473.0 1.0 1
329.0 1228.0 1
6.0 994.0 1
-68.0 1298.0 1
334.0 820.0 1
77.0 210.0 1
242.0 1098.0 1
410.0 -134.0 1
371.0 1103.0 1
452.0 216.0 1
1.0 677.0 1
268.0 446.0 1
420.0 888.0 1
69.0 714.0 1
23.0 541.0 1
-4.0 1056.0 1
397.0 1151.0 1
144.0 102.0 1
-13.0 511.0 1
388.0 220.0 1
284.0 -227.0 1
259.0 -179.0 1
371.0 1469.0 1
290.0 744.0 1
62.0 1333.0 1
124.0 -166.0 1
184.0 -249.0 1
408.0 523.0 1
355.0 900.0 1
61.0 790.0 1
396.0 784.0 1
103.0 1431.0 1
461.0 990.0 1
206.0 1411.0 1
311.0 -13.0 1
314.0 940.0 1
393.0 743.0 1
-31.0 352.0 1
283.0 179.0 1
-58.0 48.0 1
479.0 1383.0 1
393.0 429.0 1
125.0 1479.0 1
-47.0 1387.0 1
467.0 -202.0 1
-81.0 142.0 1
185.0 1336.0 1
313.0 1383.0 1
2.0 1345.0 1
254.0 418.0 1
-25.0 1145.0 1
12.0 -146.0 1
475.0 1278.0 1
-40.0 212.0 1
178.0 787.0 1
248.0 725.0 1
453.0 483.0 1
221.0 1052.0 1
307.0 1069.0 1
52.0 843.0 1
56.0 575.0 1
-4.0 835.0 1
78.0 -29.0 1
-62.0 923.0 1
156.0 1011.0 1
17.0 336.0 1
317.0 1300.0 1
-49.0 553.0 1
396.0 68.0 1
