223.0 763.0 0
194.0 -80.0 0
141.0 473.0 0
289.0 4.0 0
58.0 566.0 0
133.0 471.0 0
333.0 1300.0 0
69.0 879.0 0
168.0 789.0 0
354.0 136.0 0
358.0 91.0 0
339.0 246.0 0
237.0 287.0 0
227.0 342.0 0
358.0 1233.0 0
150.0 1342.0 0
59.0 249.0 0
65.0 196.0 0
199.0 1033.0 0
235.0 147.0 0
166.0 756.0 0
291.0 867.0 0
185.0 849.0 0
53.0 1176.0 0
335.0 695.0 0
177.0 825.0 0
309.0 1207.0 0
277.0 816.0 0
211.0 881.0 0
274.0 931.0 0
213.0 1298.0 0
238.0 1169.0 0
290.0 1202.0 0
295.0 714.0 0
87.0 182.0 0
172.0 1245.0 0
353.0 -14.0 0
266.0 1177.0 0
257.0 1215.0 0
187.0 34.0 0
215.0 149.0 0
88.0 -36.0 0
304.0 -153.0 0
178.0 934.0 0
276.0 741.0 0
146.0 1476.0 1
-56.0 779.0 1
38.0 468.0 1
-49.0 695.0 1
313.0 1383.0 1
255.0 738.0 1
86.0 883.0 1
118.0 1013.0 1
-47.0 1387.0 1
382.0 752.0 1
-14.0 990.0 1
435.0 1338.0 1
327.0 929.0 1
-47.0 1365.0 1
5.0 -76.0 1
464.0 288.0 1
394.0 -165.0 1
467.0 -180.0 1
447.0 575.0 1
52.0 944.0 1
228.0 755.0 1
398.0 1079.0 1
210.0 1423.0 1
231.0 1323.0 1
326.0 512.0 1
326.0 307.0 1
469.0 956.0 1
362.0 611.0 1
-60.0 199.0 1
-55.0 1308.0 1
141.0 1363.0 1
311.0 -20.0 1
410.0 359.0 1
335.0 529.0 1
3.0 285.0 1
65.0 -226.0 1
42.0 1245.0 1
336.0 1116.0 1
471.0 822.0 1
18.0 571.0 1
35.0 -114.0 1
-66.0 712.0 1
76.0 905.0 1
185.0 1085.0 1
266.0 1044.0 1
467.0 1064.0 1
84.0 1483.0 1
423.0 51.0 1
-7.0 1311.0 1
458.0 -242.0 1
113.0 -143.0 1
42.0 159.0 1
2.0 -37.0 1
43.0 207.0 1
77.0 -128.0 1
456.0 713.0 1
291.0 -189.0 1
126.0 1339.0 1
345.0 -83.0 1
479.0 1383.0 1
262.0 788.0 1
344.0 1461.0 1
429.0 742.0 1
387.0 901.0 1
199.0 1468.0 1
381.0 1185.0 1
62.0 1333.0 1
81.0 195.0 1
358.0 583.0 1
440.0 315.0 1
24.0 849.0 1
-13.0 -100.0 1
421.0 343.0 1
395.0 1287.0 1
369.0 819.0 1
-68.0 1352.0 1
156.0 1011.0 1
201.0 1057.0 1
-74.0 511.0 1
69.0 714.0 1
296.0 791.0 1
162.0 1385.0 1
-21.0 1222.0 1
31.0 974.0 1
236.0 402.0 1
317.0 1300.0 1
167.0 133.0 1
-37.0 -121.0 1
467.0 -226.0 1
207.0 1355.0 1
464.0 1083.0 1
260.0 187.0 1
305.0 77.0 1
115.0 426.0 1
17.0 1196.0 1
169.0 -199.0 1
391.0 1411.0 1
7.0 269.0 1
415.0 1216.0 1
424.0 1319.0 1
311.0 1085.0 1
311.0 -13.0 1
149.0 426.0 1
336.0 930.0 1
434.0 198.0 1
56.0 812.0 1
92.0 1248.0 1
-22.0 452.0 1
-13.0 778.0 1
63.0 652.0 1
396.0 784.0 1
45.0 167.0 1
-63.0 774.0 1
54.0 1159.0 1
254.0 -247.0 1
-81.0 142.0 1
28.0 1366.0 1
120.0 -166.0 1
-10.0 120.0 1
16.0 1002.0 1
-32.0 719.0 1
355.0 765.0 1
279.0 1347.0 1
102.0 464.0 1
58.0 865.0 1
263.0 466.0 1
78.0 -2.0 1
121.0 1030.0 1
234.0 1356.0 1
12.0 -146.0 1
408.0 523.0 1
324.0 916.0 1
441.0 896.0 1
-70.0 1324.0 1
-52.0 743.0 1
460.0 -273.0 1
331.0 888.0 1
394.0 616.0 1
238.0 147.0 1
1.0 677.0 1
184.0 -249.0 1
438.0 1266.0 1
12.0 182.0 1
-31.0 352.0 1
205.0 1315.0 1
13.0 757.0 1
-4.0 1168.0 1
-10.0 422.0 1
426.0 596.0 1
439.0 713.0 1
46.0 1461.0 1
391.0 370.0 1
149.0 1394.0 1
94.0 572.0 1
85.0 549.0 1
391.0 1433.0 1
443.0 622.0 1
-13.0 637.0 1
467.0 1434.0 1
17.0 336.0 1
-51.0 -93.0 1
120.0 -268.0 1
331.0 10.0 1
6.0 356.0 1
283.0 179.0 1
124.0 -166.0 1
183.0 1322.0 1
401.0 171.0 1
452.0 1182.0 1
454.0 1351.0 1
350.0 1006.0 1
150.0 -111.0 1
93.0 -49.0 1
19.0 140.0 1
32.0 591.0 1
389.0 1013.0 1
20.0 9.0 1
238.0 137.0 1
-9.0 1271.0 1
258.0 1448.0 1
209.0 -174.0 1
379.0 1259.0 1
32.0 1031.0 1
346.0 1256.0 1
417.0 105.0 1
2.0 -219.0 1
-43.0 -157.0 1
406.0 1420.0 1
29.0 -223.0 1
45.0 615.0 1
73.0 1301.0 1
315.0 897.0 1
41.0 719.0 1
384.0 998.0 1
342.0 1045.0 1
25.0 499.0 1
20.0 736.0 1
452.0 216.0 1
102.0 782.0 1
452.0 691.0 1
315.0 999.0 1
388.0 1357.0 1
323.0 112.0 1
-66.0 851.0 1
185.0 1336.0 1
474.0 -282.0 1
61.0 1115.0 1
-14.0 945.0 1
7.0 -8.0 1
97.0 1152.0 1
245.0 -236.0 1
442.0 670.0 1
339.0 1253.0 1
253.0 726.0 1
358.0 -188.0 1
96.0 94.0 1
62.0 253.0 1
86.0 -230.0 1
125.0 1479.0 1
119.0 142.0 1
348.0 914.0 1
-1.0 793.0 1
398.0 -226.0 1
453.0 483.0 1
372.0 -129.0 1
378.0 208.0 1
86.0 1071.0 1
451.0 697.0 1
-46.0 491.0 1
347.0 536.0 1
149.0 1409.0 1
344.0 747.0 1
364.0 425.0 1
450.0 347.0 1
41.0 151.0 1
-3.0 1369.0 1
47.0 205.0 1
75.0 -174.0 1
369.0 1444.0 1
-34.0 -135.0 1
-21.0 1185.0 1
-62.0 923.0 1
160.0 166.0 1
327.0 475.0 1
-69.0 -77.0 1
-14.0 933.0 1
-62.0 887.0 1
31.0 466.0 1
-32.0 -277.0 1
-17.0 1187.0 1
139.0 468.0 1
434.0 439.0 1
206.0 797.0 1
136.0 -115.0 1
347.0 384.0 1
391.0 80.0 1
128.0 1379.0 1
87.0 1288.0 1
324.0 -4.0 1
350.0 1240.0 1
482.0 935.0 1
-9.0 1456.0 1
-25.0 1145.0 1
126.0 1067.0 1
408.0 728.0 1
182.0 -216.0 1
290.0 744.0 1
283.0 -273.0 1
418.0 554.0 1
451.0 1047.0 1
304.0 770.0 1
419.0 70.0 1
90.0 -46.0 1
385.0 -71.0 1
-12.0 650.0 1
-56.0 1279.0 1
394.0 1086.0 1
346.0 362.0 1
95.0 706.0 1
112.0 159.0 1
14.0 443.0 1
117.0 439.0 1
378.0 1403.0 1
396.0 68.0 1
95.0 -46.0 1
254.0 1341.0 1
233.0 -253.0 1
458.0 536.0 1
-47.0 1126.0 1
11.0 -265.0 1
-6.0 522.0 1
28.0 508.0 1
316.0 56.0 1
-52.0 -108.0 1
350.0 1320.0 1
188.0 1348.0 1
309.0 1142.0 1
156.0 702.0 1
447.0 506.0 1
393.0 743.0 1
30.0 1421.0 1
463.0 -206.0 1
-7.0 1231.0 1
-63.0 391.0 1
467.0 41.0 1
38.0 991.0 1
5.0 169.0 1
119.0 1031.0 1
-48.0 923.0 1
-36.0 -53.0 1
-68.0 1298.0 1
200.0 1391.0 1
77.0 1327.0 1
39.0 318.0 1
384.0 375.0 1
254.0 418.0 1
441.0 1001.0 1
403.0 -12.0 1
56.0 575.0 1
61.0 750.0 1
119.0 1046.0 1
361.0 -130.0 1
269.0 1463.0 1
466.0 621.0 1
-80.0 -194.0 1
-36.0 261.0 1
-49.0 553.0 1
420.0 888.0 1
412.0 -91.0 1
93.0 722.0 1
123.0 -150.0 1
60.0 1162.0 1
371.0 1103.0 1
450.0 403.0 1
420.0 700.0 1
-40.0 212.0 1
369.0 580.0 1
305.0 1423.0 1
207.0 1464.0 1
445.0 56.0 1
14.0 968.0 1
139.0 1046.0 1
315.0 -14.0 1
76.0 -108.0 1
48.0 406.0 1
208.0 143.0 1
367.0 1165.0 1
-18.0 1029.0 1
242.0 1098.0 1
-49.0 1142.0 1
268.0 482.0 1
472.0 800.0 1
316.0 568.0 1
447.0 1387.0 1
232.0 1348.0 1
