224.0 427.0 0
274.0 931.0 0
201.0 510.0 0
65.0 196.0 0
199.0 38.0 0
199.0 1033.0 0
257.0 1215.0 0
354.0 136.0 0
185.0 849.0 0
107.0 671.0 0
-8.0 -80.0 1
444.0 47.0 1
61.0 750.0 1
446.0 668.0 1
318.0 -104.0 1
283.0 -273.0 1
3.0 285.0 1
378.0 284.0 1
86.0 1071.0 1
459.0 -281.0 1
-16.0 -248.0 1
28.0 1366.0 1
73.0 359.0 1
-51.0 1099.0 1
136.0 -115.0 1
420.0 1249.0 1
-8.0 433.0 1
146.0 467.0 1
-7.0 487.0 1
-9.0 1456.0 1
-14.0 1237.0 1
-9.0 77.0 1
-39.0 639.0 1
448.0 1331.0 1
-4.0 1319.0 1
-6.0 807.0 1
478.0 819.0 1
335.0 529.0 1
14.0 968.0 1
7.0 -8.0 1
378.0 178.0 1
199.0 1468.0 1
350.0 1006.0 1
424.0 590.0 1
76.0 905.0 1
417.0 105.0 1
391.0 1433.0 1
307.0 1329.0 1
60.0 1162.0 1
361.0 -29.0 1
86.0 -230.0 1
376.0 716.0 1
430.0 949.0 1
381.0 1185.0 1
87.0 1288.0 1
385.0 -71.0 1
344.0 1461.0 1
384.0 375.0 1
34.0 1033.0 1
184.0 495.0 1
329.0 1228.0 1
13.0 235.0 1
423.0 1374.0 1
316.0 645.0 1
242.0 1098.0 1
452.0 216.0 1
420.0 888.0 1
69.0 714.0 1
-83.0 687.0 1
23.0 541.0 1
259.0 -179.0 1
93.0 -49.0 1
61.0 790.0 1
396.0 784.0 1
103.0 1431.0 1
-32.0 147.0 1
393.0 429.0 1
-47.0 1387.0 1
467.0 -202.0 1
-47.0 338.0 1
