194.0 -80.0 0
189.0 224.0 0
224.0 427.0 0
288.0 1016.0 0
291.0 867.0 0
53.0 1176.0 0
315.0 451.0 0
201.0 733.0 0
265.0 671.0 0
341.0 1039.0 0
265.0 187.0 1
5.0 -76.0 1
447.0 575.0 1
52.0 944.0 1
231.0 1323.0 1
412.0 1018.0 1
-69.0 1043.0 1
141.0 1363.0 1
65.0 -226.0 1
18.0 571.0 1
185.0 1085.0 1
475.0 1234.0 1
43.0 207.0 1
440.0 315.0 1
-6.0 807.0 1
201.0 1057.0 1
-74.0 511.0 1
316.0 1410.0 1
385.0 -93.0 1
459.0 -281.0 1
317.0 1300.0 1
467.0 -226.0 1
311.0 1085.0 1
122.0 752.0 1
56.0 812.0 1
45.0 167.0 1
-53.0 1405.0 1
254.0 -247.0 1
140.0 1327.0 1
450.0 -27.0 1
410.0 -216.0 1
1.0 677.0 1
-4.0 1168.0 1
426.0 596.0 1
46.0 1461.0 1
120.0 -268.0 1
-66.0 1344.0 1
334.0 837.0 1
150.0 -111.0 1
32.0 1031.0 1
-43.0 -157.0 1
350.0 697.0 1
311.0 -76.0 1
197.0 440.0 1
130.0 742.0 1
458.0 1074.0 1
-14.0 945.0 1
349.0 351.0 1
467.0 -202.0 1
-1.0 793.0 1
307.0 1069.0 1
108.0 -129.0 1
-69.0 -77.0 1
-62.0 887.0 1
283.0 -273.0 1
346.0 362.0 1
84.0 779.0 1
463.0 -206.0 1
-68.0 1298.0 1
-51.0 1099.0 1
384.0 375.0 1
254.0 418.0 1
253.0 1460.0 1
119.0 1046.0 1
-7.0 487.0 1
48.0 406.0 1
242.0 1098.0 1
145.0 1460.0 1
447.0 1387.0 1
2.0 512.0 1
