277.0 78.0 0
358.0 91.0 0
222.0 598.0 0
107.0 671.0 0
309.0 1207.0 0
295.0 714.0 0
266.0 1177.0 0
242.0 1245.0 0
150.0 603.0 0
276.0 741.0 0
400.0 829.0 1
86.0 883.0 1
382.0 752.0 1
332.0 1268.0 1
6.0 994.0 1
394.0 -165.0 1
396.0 226.0 1
312.0 1012.0 1
81.0 1345.0 1
113.0 -143.0 1
2.0 -37.0 1
456.0 713.0 1
-30.0 561.0 1
291.0 -189.0 1
395.0 1287.0 1
156.0 1011.0 1
296.0 791.0 1
370.0 1411.0 1
198.0 1017.0 1
464.0 1083.0 1
73.0 895.0 1
-13.0 511.0 1
7.0 269.0 1
472.0 1103.0 1
221.0 1052.0 1
149.0 426.0 1
410.0 -134.0 1
102.0 464.0 1
-52.0 507.0 1
353.0 30.0 1
184.0 -249.0 1
279.0 1457.0 1
-75.0 623.0 1
336.0 398.0 1
467.0 1434.0 1
-9.0 1271.0 1
185.0 1336.0 1
38.0 1343.0 1
257.0 479.0 1
97.0 1152.0 1
245.0 -236.0 1
97.0 1431.0 1
146.0 467.0 1
453.0 483.0 1
378.0 208.0 1
369.0 1444.0 1
305.0 275.0 1
160.0 166.0 1
-21.0 984.0 1
-68.0 609.0 1
393.0 429.0 1
-32.0 -277.0 1
434.0 439.0 1
418.0 554.0 1
-26.0 1181.0 1
18.0 561.0 1
185.0 -166.0 1
-3.0 1049.0 1
19.0 1187.0 1
378.0 178.0 1
392.0 1436.0 1
119.0 1031.0 1
-48.0 923.0 1
77.0 1327.0 1
123.0 -150.0 1
447.0 118.0 1
367.0 1165.0 1
268.0 482.0 1
316.0 568.0 1
437.0 228.0 1
