204.0 89.0 0
133.0 471.0 0
297.0 426.0 0
358.0 1233.0 0
335.0 695.0 0
113.0 870.0 0
267.0 850.0 0
274.0 931.0 0
290.0 1202.0 0
96.0 -108.0 0
146.0 1476.0 1
392.0 734.0 1
0.0 276.0 1
-23.0 108.0 1
326.0 307.0 1
-19.0 1388.0 1
255.0 1383.0 1
95.0 17.0 1
336.0 1116.0 1
76.0 905.0 1
72.0 1421.0 1
479.0 1383.0 1
344.0 1461.0 1
-17.0 710.0 1
23.0 972.0 1
61.0 790.0 1
167.0 133.0 1
313.0 947.0 1
207.0 1355.0 1
391.0 1411.0 1
479.0 -206.0 1
-83.0 687.0 1
336.0 930.0 1
-76.0 1185.0 1
434.0 198.0 1
453.0 1365.0 1
2.0 1345.0 1
-17.0 -205.0 1
16.0 1002.0 1
402.0 614.0 1
263.0 466.0 1
460.0 -273.0 1
-5.0 1231.0 1
401.0 165.0 1
349.0 -3.0 1
-31.0 352.0 1
391.0 1433.0 1
183.0 1322.0 1
-66.0 1090.0 1
19.0 140.0 1
41.0 719.0 1
419.0 -183.0 1
25.0 499.0 1
323.0 112.0 1
-66.0 851.0 1
-9.0 77.0 1
119.0 142.0 1
398.0 -226.0 1
318.0 -104.0 1
9.0 104.0 1
318.0 1168.0 1
136.0 -115.0 1
391.0 80.0 1
331.0 1199.0 1
117.0 439.0 1
321.0 381.0 1
264.0 156.0 1
-47.0 1126.0 1
-6.0 522.0 1
480.0 1442.0 1
38.0 991.0 1
326.0 274.0 1
401.0 166.0 1
60.0 20.0 1
128.0 1400.0 1
183.0 1470.0 1
323.0 74.0 1
14.0 968.0 1
139.0 1046.0 1
232.0 1348.0 1
