168.0 789.0 0
354.0 136.0 0
184.0 340.0 0
150.0 1342.0 0
121.0 948.0 0
211.0 881.0 0
151.0 978.0 0
213.0 1298.0 0
55.0 768.0 0
257.0 1215.0 0
314.0 940.0 1
118.0 1013.0 1
-47.0 1387.0 1
56.0 -5.0 1
478.0 819.0 1
327.0 929.0 1
398.0 1079.0 1
9.0 1229.0 1
469.0 956.0 1
54.0 927.0 1
266.0 1044.0 1
-7.0 1311.0 1
-64.0 -230.0 1
77.0 -128.0 1
92.0 194.0 1
262.0 788.0 1
463.0 1265.0 1
387.0 901.0 1
375.0 -243.0 1
248.0 725.0 1
111.0 1448.0 1
-68.0 1352.0 1
58.0 328.0 1
69.0 714.0 1
77.0 210.0 1
236.0 402.0 1
376.0 1007.0 1
415.0 1216.0 1
92.0 1248.0 1
-13.0 778.0 1
54.0 1159.0 1
12.0 -146.0 1
348.0 604.0 1
-37.0 1396.0 1
149.0 1394.0 1
-58.0 48.0 1
137.0 791.0 1
373.0 -230.0 1
34.0 1033.0 1
0.0 545.0 1
444.0 47.0 1
3.0 574.0 1
96.0 94.0 1
125.0 1479.0 1
249.0 107.0 1
86.0 1071.0 1
451.0 697.0 1
-16.0 -248.0 1
-46.0 491.0 1
149.0 1409.0 1
450.0 347.0 1
-12.0 250.0 1
386.0 -263.0 1
-21.0 1185.0 1
-17.0 1187.0 1
139.0 468.0 1
350.0 1240.0 1
482.0 935.0 1
419.0 70.0 1
90.0 -46.0 1
-56.0 1279.0 1
112.0 159.0 1
307.0 1329.0 1
186.0 -217.0 1
309.0 1142.0 1
5.0 169.0 1
423.0 1374.0 1
355.0 1457.0 1
445.0 56.0 1
208.0 143.0 1
