297.0 426.0 0
178.0 934.0 0
222.0 598.0 0
87.0 182.0 0
187.0 34.0 0
265.0 1057.0 0
290.0 1202.0 0
237.0 287.0 0
177.0 825.0 0
295.0 714.0 0
5.0 -76.0 1
445.0 56.0 1
21.0 757.0 1
442.0 670.0 1
345.0 -83.0 1
222.0 -273.0 1
0.0 276.0 1
326.0 274.0 1
69.0 1074.0 1
474.0 -282.0 1
-35.0 -267.0 1
-3.0 1369.0 1
64.0 349.0 1
-66.0 1090.0 1
150.0 -111.0 1
438.0 1266.0 1
-10.0 422.0 1
139.0 468.0 1
9.0 486.0 1
46.0 1461.0 1
-17.0 1234.0 1
25.0 87.0 1
-9.0 639.0 1
462.0 1335.0 1
-7.0 1311.0 1
15.0 807.0 1
471.0 822.0 1
325.0 533.0 1
23.0 972.0 1
34.0 -5.0 1
401.0 171.0 1
207.0 1464.0 1
376.0 1007.0 1
426.0 596.0 1
73.0 895.0 1
432.0 103.0 1
392.0 1436.0 1
350.0 1320.0 1
54.0 1159.0 1
378.0 -39.0 1
65.0 -226.0 1
408.0 728.0 1
423.0 948.0 1
404.0 1188.0 1
58.0 1270.0 1
413.0 -63.0 1
355.0 1457.0 1
391.0 370.0 1
32.0 1031.0 1
247.0 489.0 1
332.0 1268.0 1
-39.0 225.0 1
447.0 1387.0 1
362.0 611.0 1
247.0 1098.0 1
435.0 227.0 1
447.0 890.0 1
41.0 719.0 1
-63.0 774.0 1
-2.0 540.0 1
291.0 -189.0 1
95.0 -46.0 1
102.0 782.0 1
355.0 765.0 1
67.0 1408.0 1
-81.0 142.0 1
364.0 425.0 1
-37.0 1396.0 1
479.0 -206.0 1
-63.0 391.0 1
