152.0 -97.0 0
323.0 1296.0 0
59.0 249.0 0
87.0 182.0 0
284.0 1117.0 0
138.0 463.0 0
116.0 421.0 0
119.0 211.0 0
304.0 -153.0 0
178.0 934.0 0
413.0 -63.0 1
45.0 338.0 1
120.0 1393.0 1
-14.0 990.0 1
32.0 1005.0 1
146.0 1462.0 1
471.0 822.0 1
-76.0 1370.0 1
35.0 -114.0 1
0.0 256.0 1
345.0 -83.0 1
-27.0 367.0 1
199.0 1468.0 1
358.0 583.0 1
-9.0 639.0 1
421.0 343.0 1
10.0 974.0 1
315.0 866.0 1
63.0 652.0 1
28.0 1366.0 1
58.0 865.0 1
78.0 -2.0 1
121.0 1030.0 1
408.0 523.0 1
-52.0 743.0 1
-14.0 1237.0 1
215.0 736.0 1
376.0 716.0 1
284.0 -227.0 1
85.0 549.0 1
176.0 1359.0 1
-51.0 -93.0 1
441.0 1183.0 1
6.0 356.0 1
164.0 712.0 1
454.0 1351.0 1
350.0 1006.0 1
32.0 591.0 1
389.0 1013.0 1
353.0 1422.0 1
20.0 9.0 1
238.0 137.0 1
346.0 1256.0 1
342.0 1045.0 1
452.0 216.0 1
334.0 820.0 1
364.0 1143.0 1
7.0 -8.0 1
442.0 670.0 1
358.0 -188.0 1
-26.0 1124.0 1
-30.0 793.0 1
-34.0 -135.0 1
15.0 807.0 1
327.0 475.0 1
-14.0 933.0 1
134.0 1010.0 1
293.0 -231.0 1
87.0 1288.0 1
11.0 -265.0 1
169.0 -144.0 1
28.0 508.0 1
462.0 1335.0 1
56.0 575.0 1
361.0 -130.0 1
420.0 700.0 1
76.0 -108.0 1
122.0 736.0 1
-20.0 1128.0 1
360.0 1147.0 1
