290.0 -57.0 0
194.0 -80.0 0
204.0 89.0 0
289.0 4.0 0
58.0 566.0 0
277.0 78.0 0
333.0 1300.0 0
258.0 1.0 0
69.0 879.0 0
168.0 789.0 0
76.0 1221.0 0
354.0 136.0 0
290.0 1011.0 0
189.0 224.0 0
237.0 287.0 0
297.0 426.0 0
153.0 307.0 0
288.0 1016.0 0
227.0 342.0 0
358.0 1233.0 0
84.0 -1.0 0
79.0 566.0 0
270.0 588.0 0
199.0 1033.0 0
121.0 948.0 0
291.0 867.0 0
185.0 849.0 0
53.0 1176.0 0
344.0 1222.0 0
309.0 1207.0 0
113.0 870.0 0
274.0 931.0 0
213.0 1298.0 0
55.0 768.0 0
295.0 714.0 0
87.0 310.0 0
172.0 1245.0 0
213.0 1253.0 0
257.0 1215.0 0
187.0 34.0 0
116.0 -95.0 0
316.0 727.0 0
116.0 421.0 0
119.0 211.0 0
215.0 149.0 0
96.0 -108.0 0
150.0 603.0 0
288.0 868.0 0
178.0 934.0 0
69.0 1074.0 1
413.0 -63.0 1
146.0 1476.0 1
83.0 564.0 1
-56.0 779.0 1
392.0 734.0 1
314.0 940.0 1
400.0 829.0 1
482.0 1228.0 1
45.0 338.0 1
0.0 276.0 1
149.0 752.0 1
265.0 187.0 1
313.0 1383.0 1
86.0 883.0 1
73.0 359.0 1
23.0 91.0 1
382.0 752.0 1
435.0 1338.0 1
259.0 -179.0 1
25.0 1123.0 1
327.0 929.0 1
464.0 303.0 1
464.0 288.0 1
-17.0 1234.0 1
473.0 1.0 1
9.0 1229.0 1
412.0 1018.0 1
326.0 307.0 1
78.0 1430.0 1
-5.0 -137.0 1
58.0 1270.0 1
-69.0 1043.0 1
103.0 1431.0 1
-19.0 1388.0 1
141.0 1363.0 1
255.0 1383.0 1
311.0 -20.0 1
410.0 359.0 1
335.0 529.0 1
146.0 1462.0 1
396.0 226.0 1
471.0 822.0 1
35.0 -114.0 1
312.0 1012.0 1
185.0 1085.0 1
266.0 1044.0 1
81.0 1345.0 1
67.0 1408.0 1
-7.0 1311.0 1
337.0 23.0 1
475.0 1234.0 1
113.0 -143.0 1
0.0 256.0 1
42.0 159.0 1
-64.0 -230.0 1
2.0 -37.0 1
418.0 454.0 1
456.0 713.0 1
-30.0 561.0 1
291.0 -189.0 1
126.0 1339.0 1
345.0 -83.0 1
92.0 194.0 1
9.0 486.0 1
479.0 1383.0 1
262.0 788.0 1
344.0 1461.0 1
6.0 836.0 1
199.0 1468.0 1
428.0 6.0 1
248.0 725.0 1
329.0 1228.0 1
381.0 1185.0 1
62.0 1333.0 1
111.0 1448.0 1
81.0 195.0 1
-6.0 807.0 1
435.0 227.0 1
421.0 343.0 1
395.0 1287.0 1
298.0 130.0 1
369.0 819.0 1
-68.0 1352.0 1
201.0 1057.0 1
-74.0 511.0 1
341.0 852.0 1
58.0 328.0 1
302.0 1046.0 1
-19.0 349.0 1
69.0 714.0 1
-21.0 1222.0 1
385.0 -93.0 1
236.0 402.0 1
317.0 1300.0 1
376.0 1007.0 1
61.0 790.0 1
167.0 133.0 1
313.0 947.0 1
-37.0 -121.0 1
198.0 1017.0 1
464.0 1083.0 1
305.0 77.0 1
115.0 426.0 1
17.0 1196.0 1
169.0 -199.0 1
-13.0 511.0 1
296.0 411.0 1
479.0 -206.0 1
23.0 541.0 1
415.0 1216.0 1
-39.0 660.0 1
149.0 426.0 1
100.0 1337.0 1
-76.0 1185.0 1
56.0 812.0 1
-39.0 639.0 1
-13.0 778.0 1
63.0 652.0 1
-39.0 225.0 1
52.0 843.0 1
-53.0 1405.0 1
-17.0 -205.0 1
120.0 -166.0 1
-42.0 -29.0 1
140.0 1327.0 1
16.0 1002.0 1
279.0 1347.0 1
-64.0 614.0 1
432.0 103.0 1
402.0 614.0 1
430.0 949.0 1
263.0 466.0 1
410.0 -216.0 1
121.0 1030.0 1
12.0 -146.0 1
408.0 523.0 1
324.0 916.0 1
6.0 425.0 1
-70.0 1324.0 1
331.0 888.0 1
-14.0 1237.0 1
184.0 495.0 1
238.0 147.0 1
1.0 677.0 1
425.0 1346.0 1
-5.0 1231.0 1
184.0 -249.0 1
49.0 844.0 1
317.0 366.0 1
438.0 1266.0 1
12.0 182.0 1
-37.0 1396.0 1
401.0 165.0 1
349.0 -3.0 1
-31.0 352.0 1
205.0 1315.0 1
13.0 757.0 1
-10.0 422.0 1
426.0 596.0 1
46.0 1461.0 1
149.0 1394.0 1
94.0 572.0 1
279.0 1457.0 1
49.0 253.0 1
391.0 1433.0 1
-75.0 623.0 1
443.0 622.0 1
-13.0 637.0 1
336.0 398.0 1
467.0 1434.0 1
17.0 336.0 1
-58.0 48.0 1
120.0 -268.0 1
-66.0 1344.0 1
327.0 434.0 1
246.0 116.0 1
6.0 356.0 1
283.0 179.0 1
34.0 -5.0 1
124.0 -166.0 1
-8.0 433.0 1
454.0 1351.0 1
350.0 1006.0 1
303.0 816.0 1
-66.0 1090.0 1
389.0 1013.0 1
353.0 1422.0 1
15.0 1023.0 1
-9.0 1271.0 1
258.0 1448.0 1
379.0 1259.0 1
32.0 1031.0 1
346.0 1256.0 1
461.0 549.0 1
2.0 -219.0 1
-32.0 147.0 1
406.0 1420.0 1
29.0 -223.0 1
73.0 1301.0 1
315.0 897.0 1
-28.0 580.0 1
350.0 697.0 1
342.0 1045.0 1
378.0 284.0 1
20.0 736.0 1
311.0 -76.0 1
452.0 216.0 1
2.0 754.0 1
446.0 668.0 1
452.0 691.0 1
25.0 87.0 1
197.0 440.0 1
181.0 -110.0 1
34.0 1033.0 1
315.0 999.0 1
271.0 -129.0 1
334.0 820.0 1
458.0 1074.0 1
0.0 545.0 1
377.0 615.0 1
-66.0 851.0 1
19.0 1392.0 1
38.0 1343.0 1
-14.0 945.0 1
257.0 479.0 1
97.0 1152.0 1
245.0 -236.0 1
442.0 670.0 1
349.0 351.0 1
253.0 726.0 1
358.0 -188.0 1
96.0 94.0 1
455.0 947.0 1
62.0 253.0 1
467.0 -202.0 1
119.0 142.0 1
249.0 107.0 1
348.0 914.0 1
-1.0 793.0 1
398.0 -226.0 1
453.0 483.0 1
372.0 -129.0 1
318.0 -104.0 1
347.0 536.0 1
293.0 183.0 1
149.0 1409.0 1
9.0 104.0 1
450.0 347.0 1
318.0 1168.0 1
41.0 151.0 1
-30.0 793.0 1
47.0 205.0 1
369.0 1444.0 1
-34.0 -135.0 1
-21.0 1185.0 1
-62.0 923.0 1
108.0 -129.0 1
15.0 807.0 1
-69.0 -77.0 1
-68.0 609.0 1
393.0 429.0 1
-32.0 -277.0 1
64.0 349.0 1
325.0 533.0 1
139.0 468.0 1
434.0 439.0 1
-54.0 925.0 1
206.0 797.0 1
391.0 80.0 1
482.0 935.0 1
-9.0 1456.0 1
126.0 1067.0 1
408.0 728.0 1
283.0 -273.0 1
418.0 554.0 1
451.0 1047.0 1
-26.0 1181.0 1
304.0 770.0 1
90.0 -46.0 1
385.0 -71.0 1
-12.0 650.0 1
-56.0 1279.0 1
-64.0 1306.0 1
222.0 -273.0 1
14.0 443.0 1
117.0 439.0 1
179.0 494.0 1
95.0 -46.0 1
233.0 -253.0 1
264.0 156.0 1
185.0 -166.0 1
-3.0 1049.0 1
-84.0 720.0 1
-46.0 415.0 1
-47.0 1126.0 1
11.0 -265.0 1
169.0 -144.0 1
480.0 1442.0 1
84.0 779.0 1
350.0 1320.0 1
309.0 1142.0 1
447.0 506.0 1
93.0 807.0 1
-12.0 370.0 1
478.0 1087.0 1
462.0 1335.0 1
463.0 -206.0 1
378.0 178.0 1
475.0 1278.0 1
467.0 41.0 1
5.0 169.0 1
423.0 1374.0 1
119.0 1031.0 1
-48.0 923.0 1
-68.0 1298.0 1
200.0 1391.0 1
77.0 1327.0 1
401.0 166.0 1
39.0 318.0 1
384.0 375.0 1
254.0 418.0 1
390.0 203.0 1
128.0 1400.0 1
119.0 1046.0 1
28.0 523.0 1
183.0 1470.0 1
269.0 1463.0 1
-80.0 -194.0 1
456.0 1349.0 1
412.0 -91.0 1
93.0 722.0 1
123.0 -150.0 1
-35.0 -267.0 1
60.0 1162.0 1
447.0 118.0 1
371.0 1103.0 1
-40.0 212.0 1
369.0 580.0 1
445.0 56.0 1
-50.0 477.0 1
139.0 1046.0 1
339.0 985.0 1
48.0 406.0 1
208.0 143.0 1
-49.0 1142.0 1
268.0 482.0 1
472.0 800.0 1
360.0 1147.0 1
316.0 568.0 1
437.0 228.0 1
