315.0 451.0 0
288.0 868.0 0
270.0 588.0 0
59.0 249.0 0
258.0 1.0 0
114.0 1011.0 0
242.0 1245.0 0
88.0 -36.0 0
277.0 816.0 0
316.0 727.0 0
-69.0 -77.0 1
467.0 41.0 1
13.0 757.0 1
452.0 691.0 1
241.0 -109.0 1
233.0 -253.0 1
0.0 256.0 1
305.0 275.0 1
119.0 1046.0 1
458.0 -242.0 1
-64.0 -230.0 1
38.0 1343.0 1
45.0 338.0 1
-26.0 1124.0 1
108.0 -129.0 1
463.0 1265.0 1
14.0 443.0 1
102.0 464.0 1
25.0 499.0 1
30.0 1421.0 1
-5.0 1231.0 1
9.0 104.0 1
-12.0 650.0 1
424.0 1319.0 1
-55.0 1308.0 1
5.0 792.0 1
434.0 829.0 1
326.0 512.0 1
31.0 974.0 1
56.0 -5.0 1
401.0 165.0 1
146.0 1476.0 1
312.0 1012.0 1
447.0 575.0 1
86.0 883.0 1
391.0 80.0 1
406.0 1420.0 1
254.0 1341.0 1
21.0 1151.0 1
349.0 -3.0 1
186.0 -217.0 1
350.0 697.0 1
469.0 956.0 1
367.0 1165.0 1
-56.0 1279.0 1
358.0 14.0 1
305.0 1423.0 1
410.0 359.0 1
-18.0 1029.0 1
268.0 482.0 1
309.0 1142.0 1
43.0 207.0 1
479.0 1383.0 1
253.0 726.0 1
307.0 1069.0 1
418.0 207.0 1
387.0 901.0 1
95.0 706.0 1
-28.0 580.0 1
12.0 533.0 1
231.0 -163.0 1
93.0 29.0 1
93.0 807.0 1
304.0 770.0 1
128.0 1400.0 1
5.0 169.0 1
327.0 434.0 1
-68.0 1352.0 1
-43.0 -157.0 1
461.0 549.0 1
