58.0 566.0 0
290.0 1011.0 0
321.0 472.0 0
185.0 849.0 0
177.0 825.0 0
299.0 1182.0 0
187.0 34.0 0
116.0 -95.0 0
215.0 149.0 0
114.0 805.0 0
12.0 533.0 1
404.0 1188.0 1
259.0 -179.0 1
25.0 1123.0 1
464.0 288.0 1
467.0 -180.0 1
142.0 451.0 1
210.0 1423.0 1
268.0 446.0 1
78.0 1430.0 1
461.0 990.0 1
335.0 529.0 1
3.0 285.0 1
42.0 1245.0 1
-66.0 712.0 1
448.0 1331.0 1
381.0 1185.0 1
81.0 195.0 1
435.0 227.0 1
-19.0 349.0 1
418.0 207.0 1
260.0 187.0 1
169.0 -199.0 1
93.0 29.0 1
437.0 1366.0 1
260.0 -144.0 1
52.0 843.0 1
324.0 916.0 1
6.0 425.0 1
-70.0 1324.0 1
317.0 366.0 1
12.0 182.0 1
-47.0 -107.0 1
19.0 -122.0 1
90.0 891.0 1
34.0 -5.0 1
93.0 -49.0 1
420.0 1249.0 1
379.0 1259.0 1
426.0 486.0 1
20.0 736.0 1
2.0 754.0 1
452.0 691.0 1
315.0 999.0 1
253.0 726.0 1
455.0 947.0 1
348.0 914.0 1
293.0 183.0 1
41.0 151.0 1
31.0 466.0 1
-9.0 1456.0 1
126.0 1067.0 1
304.0 770.0 1
247.0 489.0 1
385.0 -71.0 1
179.0 494.0 1
178.0 1099.0 1
95.0 -46.0 1
327.0 1102.0 1
254.0 1341.0 1
-84.0 720.0 1
21.0 757.0 1
388.0 220.0 1
441.0 1001.0 1
61.0 750.0 1
28.0 523.0 1
-80.0 -194.0 1
361.0 -29.0 1
-49.0 553.0 1
-18.0 1029.0 1
