321.0 472.0 0
290.0 1011.0 0
265.0 671.0 0
153.0 307.0 0
353.0 -14.0 0
266.0 1177.0 0
76.0 1221.0 0
96.0 -108.0 0
166.0 756.0 0
323.0 1296.0 0
-52.0 -108.0 1
428.0 6.0 1
122.0 736.0 1
439.0 713.0 1
412.0 -91.0 1
184.0 -249.0 1
78.0 308.0 1
388.0 220.0 1
-3.0 1049.0 1
373.0 -230.0 1
29.0 -223.0 1
57.0 1394.0 1
-31.0 352.0 1
-25.0 1145.0 1
113.0 -143.0 1
415.0 1216.0 1
80.0 417.0 1
31.0 466.0 1
-52.0 507.0 1
97.0 1431.0 1
92.0 1248.0 1
19.0 140.0 1
63.0 652.0 1
453.0 1365.0 1
73.0 1301.0 1
54.0 797.0 1
334.0 820.0 1
418.0 554.0 1
-14.0 945.0 1
60.0 20.0 1
364.0 207.0 1
258.0 1448.0 1
412.0 1018.0 1
348.0 604.0 1
-14.0 933.0 1
305.0 77.0 1
441.0 1444.0 1
185.0 1336.0 1
-21.0 1185.0 1
324.0 -4.0 1
120.0 -166.0 1
429.0 742.0 1
461.0 990.0 1
360.0 1147.0 1
141.0 1363.0 1
452.0 -160.0 1
265.0 1410.0 1
336.0 398.0 1
134.0 1010.0 1
305.0 450.0 1
388.0 1357.0 1
-60.0 199.0 1
234.0 1356.0 1
164.0 712.0 1
302.0 1046.0 1
92.0 194.0 1
348.0 914.0 1
-49.0 695.0 1
215.0 736.0 1
-74.0 511.0 1
169.0 -144.0 1
-34.0 -135.0 1
6.0 836.0 1
24.0 849.0 1
162.0 1385.0 1
167.0 133.0 1
254.0 418.0 1
-62.0 923.0 1
236.0 402.0 1
464.0 1083.0 1
