133.0 471.0 0
267.0 850.0 0
227.0 342.0 0
87.0 310.0 0
121.0 -38.0 0
238.0 1169.0 0
172.0 1245.0 0
116.0 -95.0 0
223.0 763.0 0
150.0 1342.0 0
-47.0 -107.0 1
396.0 68.0 1
149.0 752.0 1
443.0 622.0 1
372.0 -129.0 1
245.0 -236.0 1
49.0 253.0 1
396.0 226.0 1
119.0 1031.0 1
463.0 -206.0 1
-24.0 -213.0 1
-19.0 1388.0 1
-27.0 367.0 1
61.0 1115.0 1
35.0 -114.0 1
475.0 1234.0 1
-72.0 450.0 1
179.0 494.0 1
28.0 508.0 1
84.0 1483.0 1
-9.0 1271.0 1
96.0 94.0 1
-68.0 609.0 1
425.0 1346.0 1
-68.0 1298.0 1
-4.0 835.0 1
369.0 819.0 1
458.0 536.0 1
-14.0 990.0 1
78.0 -29.0 1
293.0 183.0 1
279.0 1457.0 1
339.0 985.0 1
394.0 616.0 1
-12.0 931.0 1
298.0 130.0 1
467.0 1434.0 1
232.0 1348.0 1
17.0 1196.0 1
311.0 -13.0 1
91.0 -163.0 1
344.0 747.0 1
336.0 930.0 1
397.0 1151.0 1
183.0 1322.0 1
337.0 23.0 1
378.0 1403.0 1
349.0 351.0 1
118.0 1013.0 1
149.0 426.0 1
371.0 1103.0 1
12.0 182.0 1
246.0 1395.0 1
255.0 738.0 1
398.0 1079.0 1
238.0 147.0 1
363.0 862.0 1
-84.0 720.0 1
-49.0 553.0 1
94.0 572.0 1
419.0 -183.0 1
12.0 -146.0 1
49.0 844.0 1
324.0 916.0 1
128.0 1379.0 1
112.0 159.0 1
296.0 411.0 1
-54.0 925.0 1
99.0 310.0 1
458.0 1074.0 1
