289.0 4.0 0
199.0 38.0 0
168.0 789.0 0
55.0 402.0 0
297.0 426.0 0
150.0 1342.0 0
59.0 249.0 0
270.0 588.0 0
177.0 825.0 0
309.0 1207.0 0
113.0 870.0 0
268.0 858.0 0
213.0 1298.0 0
238.0 1169.0 0
87.0 310.0 0
299.0 1182.0 0
172.0 1245.0 0
125.0 1263.0 0
266.0 1177.0 0
242.0 1245.0 0
413.0 -63.0 1
12.0 533.0 1
38.0 468.0 1
149.0 752.0 1
265.0 187.0 1
118.0 1013.0 1
23.0 91.0 1
-47.0 1387.0 1
332.0 1268.0 1
6.0 994.0 1
478.0 819.0 1
464.0 288.0 1
394.0 -165.0 1
142.0 451.0 1
52.0 944.0 1
78.0 1430.0 1
58.0 1270.0 1
-69.0 1043.0 1
103.0 1431.0 1
-19.0 1388.0 1
141.0 1363.0 1
461.0 990.0 1
311.0 -20.0 1
410.0 359.0 1
-76.0 1370.0 1
312.0 1012.0 1
467.0 1064.0 1
337.0 23.0 1
0.0 256.0 1
418.0 454.0 1
456.0 713.0 1
-30.0 561.0 1
345.0 -83.0 1
479.0 1383.0 1
-27.0 367.0 1
199.0 1468.0 1
329.0 1228.0 1
440.0 315.0 1
341.0 852.0 1
58.0 328.0 1
302.0 1046.0 1
-19.0 349.0 1
418.0 207.0 1
167.0 133.0 1
207.0 1355.0 1
260.0 187.0 1
443.0 656.0 1
424.0 1319.0 1
311.0 1085.0 1
149.0 426.0 1
-76.0 1185.0 1
122.0 752.0 1
434.0 198.0 1
461.0 1401.0 1
452.0 -160.0 1
-22.0 452.0 1
396.0 784.0 1
2.0 1345.0 1
45.0 167.0 1
-32.0 719.0 1
279.0 1347.0 1
102.0 464.0 1
432.0 103.0 1
402.0 614.0 1
58.0 865.0 1
78.0 -2.0 1
410.0 -216.0 1
408.0 523.0 1
6.0 425.0 1
-52.0 743.0 1
57.0 1394.0 1
238.0 147.0 1
425.0 1346.0 1
215.0 736.0 1
317.0 366.0 1
438.0 1266.0 1
12.0 182.0 1
-37.0 1396.0 1
401.0 165.0 1
-31.0 352.0 1
69.0 258.0 1
-10.0 422.0 1
439.0 713.0 1
443.0 622.0 1
336.0 398.0 1
467.0 1434.0 1
17.0 336.0 1
-51.0 -93.0 1
441.0 1183.0 1
283.0 179.0 1
124.0 -166.0 1
454.0 1351.0 1
78.0 308.0 1
303.0 816.0 1
-66.0 1090.0 1
32.0 591.0 1
-9.0 1271.0 1
379.0 1259.0 1
-32.0 147.0 1
455.0 801.0 1
350.0 51.0 1
447.0 890.0 1
20.0 736.0 1
311.0 -76.0 1
2.0 754.0 1
25.0 87.0 1
181.0 -110.0 1
388.0 1357.0 1
323.0 112.0 1
-66.0 851.0 1
-9.0 77.0 1
444.0 47.0 1
-14.0 945.0 1
245.0 -236.0 1
125.0 1479.0 1
249.0 107.0 1
348.0 914.0 1
-1.0 793.0 1
398.0 -226.0 1
453.0 483.0 1
86.0 1071.0 1
318.0 -104.0 1
387.0 762.0 1
-46.0 491.0 1
-30.0 793.0 1
-69.0 -77.0 1
-68.0 609.0 1
-2.0 540.0 1
31.0 466.0 1
-32.0 -277.0 1
-17.0 1187.0 1
134.0 1010.0 1
411.0 534.0 1
-54.0 925.0 1
331.0 1199.0 1
206.0 1411.0 1
304.0 770.0 1
247.0 489.0 1
385.0 -71.0 1
-56.0 1279.0 1
