315.0 451.0 0
288.0 868.0 0
138.0 463.0 0
59.0 249.0 0
258.0 1.0 0
114.0 1011.0 0
242.0 1245.0 0
215.0 149.0 0
213.0 1298.0 0
153.0 307.0 0
277.0 816.0 0
353.0 -14.0 0
299.0 1182.0 0
201.0 733.0 0
194.0 -80.0 0
79.0 566.0 0
223.0 763.0 0
177.0 825.0 0
238.0 1169.0 0
323.0 1296.0 0
-69.0 -77.0 1
467.0 41.0 1
13.0 757.0 1
452.0 691.0 1
241.0 -109.0 1
233.0 -253.0 1
0.0 256.0 1
305.0 275.0 1
119.0 1046.0 1
460.0 -273.0 1
-64.0 -230.0 1
38.0 1343.0 1
45.0 338.0 1
-26.0 1124.0 1
108.0 -129.0 1
463.0 1265.0 1
14.0 443.0 1
102.0 464.0 1
25.0 499.0 1
30.0 1421.0 1
-5.0 1231.0 1
421.0 343.0 1
9.0 104.0 1
-12.0 650.0 1
424.0 1319.0 1
-70.0 1324.0 1
5.0 792.0 1
434.0 829.0 1
123.0 -150.0 1
128.0 1400.0 1
149.0 426.0 1
2.0 -219.0 1
326.0 512.0 1
31.0 974.0 1
56.0 -5.0 1
401.0 165.0 1
146.0 1462.0 1
312.0 1012.0 1
28.0 508.0 1
447.0 575.0 1
86.0 883.0 1
391.0 80.0 1
19.0 1187.0 1
2.0 -37.0 1
406.0 1420.0 1
254.0 1341.0 1
246.0 116.0 1
42.0 159.0 1
21.0 1151.0 1
478.0 1369.0 1
93.0 722.0 1
-12.0 250.0 1
-47.0 -107.0 1
358.0 583.0 1
45.0 615.0 1
258.0 1448.0 1
478.0 1472.0 1
349.0 -3.0 1
182.0 -216.0 1
439.0 713.0 1
469.0 956.0 1
339.0 985.0 1
367.0 1165.0 1
92.0 1248.0 1
372.0 -129.0 1
-12.0 931.0 1
231.0 -163.0 1
466.0 621.0 1
346.0 362.0 1
-18.0 1029.0 1
257.0 479.0 1
378.0 6.0 1
346.0 1256.0 1
38.0 991.0 1
-9.0 1271.0 1
334.0 837.0 1
81.0 195.0 1
185.0 1085.0 1
419.0 -183.0 1
398.0 1079.0 1
418.0 207.0 1
-17.0 710.0 1
263.0 466.0 1
387.0 901.0 1
164.0 712.0 1
12.0 533.0 1
119.0 1031.0 1
309.0 1142.0 1
249.0 107.0 1
-52.0 507.0 1
364.0 207.0 1
373.0 -230.0 1
185.0 -166.0 1
391.0 1411.0 1
253.0 726.0 1
126.0 1339.0 1
169.0 -199.0 1
410.0 -216.0 1
418.0 554.0 1
324.0 916.0 1
102.0 782.0 1
382.0 752.0 1
149.0 1409.0 1
458.0 1074.0 1
200.0 1391.0 1
337.0 23.0 1
363.0 862.0 1
420.0 700.0 1
-47.0 338.0 1
264.0 156.0 1
95.0 17.0 1
461.0 1401.0 1
327.0 434.0 1
162.0 1385.0 1
-53.0 1405.0 1
365.0 -188.0 1
45.0 167.0 1
244.0 1342.0 1
388.0 1357.0 1
232.0 1348.0 1
336.0 398.0 1
-76.0 1185.0 1
-43.0 -157.0 1
482.0 1228.0 1
39.0 318.0 1
262.0 788.0 1
-32.0 719.0 1
450.0 403.0 1
302.0 1046.0 1
464.0 1083.0 1
6.0 836.0 1
3.0 574.0 1
-13.0 778.0 1
316.0 56.0 1
-56.0 779.0 1
-21.0 1222.0 1
-46.0 415.0 1
42.0 1245.0 1
85.0 549.0 1
208.0 143.0 1
