116.0 421.0 0
121.0 948.0 0
79.0 566.0 0
119.0 211.0 0
204.0 89.0 0
288.0 1016.0 0
309.0 1207.0 0
290.0 -57.0 0
113.0 870.0 0
55.0 768.0 0
-13.0 -100.0 1
423.0 51.0 1
122.0 752.0 1
443.0 656.0 1
311.0 -76.0 1
254.0 -247.0 1
7.0 269.0 1
464.0 288.0 1
126.0 1067.0 1
457.0 -275.0 1
11.0 -265.0 1
-47.0 1365.0 1
6.0 356.0 1
-47.0 1126.0 1
181.0 -110.0 1
379.0 1259.0 1
6.0 425.0 1
142.0 451.0 1
-46.0 491.0 1
111.0 1448.0 1
-7.0 1231.0 1
23.0 91.0 1
-13.0 637.0 1
435.0 1338.0 1
-70.0 1324.0 1
-1.0 793.0 1
472.0 800.0 1
347.0 536.0 1
10.0 974.0 1
9.0 -23.0 1
401.0 166.0 1
183.0 1470.0 1
351.0 1017.0 1
418.0 605.0 1
90.0 891.0 1
447.0 118.0 1
396.0 1441.0 1
279.0 1347.0 1
97.0 1152.0 1
311.0 -20.0 1
182.0 -216.0 1
392.0 734.0 1
455.0 947.0 1
441.0 1183.0 1
100.0 1337.0 1
410.0 -134.0 1
371.0 1469.0 1
347.0 384.0 1
15.0 1023.0 1
257.0 479.0 1
395.0 1287.0 1
62.0 253.0 1
478.0 1369.0 1
466.0 621.0 1
178.0 1099.0 1
437.0 228.0 1
441.0 896.0 1
93.0 722.0 1
-56.0 779.0 1
0.0 545.0 1
209.0 -174.0 1
90.0 -46.0 1
137.0 791.0 1
296.0 791.0 1
149.0 1409.0 1
41.0 151.0 1
434.0 439.0 1
-53.0 1405.0 1
-80.0 -194.0 1
447.0 506.0 1
