223.0 763.0 0
204.0 89.0 0
277.0 78.0 0
152.0 -97.0 0
258.0 1.0 0
290.0 1011.0 0
237.0 287.0 0
153.0 307.0 0
227.0 342.0 0
199.0 1033.0 0
321.0 472.0 0
335.0 695.0 0
344.0 1222.0 0
277.0 816.0 0
211.0 881.0 0
274.0 931.0 0
290.0 1202.0 0
295.0 714.0 0
213.0 1253.0 0
257.0 1215.0 0
69.0 1074.0 1
146.0 1476.0 1
83.0 564.0 1
314.0 940.0 1
400.0 829.0 1
0.0 276.0 1
255.0 738.0 1
86.0 883.0 1
120.0 1393.0 1
358.0 14.0 1
73.0 359.0 1
-14.0 990.0 1
99.0 310.0 1
-47.0 1365.0 1
-17.0 1234.0 1
228.0 755.0 1
473.0 1.0 1
210.0 1423.0 1
9.0 1229.0 1
231.0 1323.0 1
326.0 512.0 1
469.0 956.0 1
-5.0 -137.0 1
265.0 1410.0 1
3.0 285.0 1
95.0 17.0 1
65.0 -226.0 1
5.0 792.0 1
72.0 1421.0 1
81.0 1345.0 1
42.0 159.0 1
92.0 194.0 1
448.0 1331.0 1
-17.0 710.0 1
375.0 -243.0 1
428.0 6.0 1
62.0 1333.0 1
81.0 195.0 1
358.0 583.0 1
-13.0 -100.0 1
201.0 1057.0 1
244.0 1342.0 1
305.0 450.0 1
10.0 974.0 1
162.0 1385.0 1
316.0 1410.0 1
316.0 645.0 1
77.0 210.0 1
364.0 207.0 1
236.0 402.0 1
376.0 1007.0 1
61.0 790.0 1
467.0 -226.0 1
412.0 634.0 1
7.0 269.0 1
378.0 6.0 1
23.0 541.0 1
415.0 1216.0 1
9.0 -23.0 1
437.0 1366.0 1
336.0 930.0 1
56.0 812.0 1
92.0 1248.0 1
-13.0 778.0 1
63.0 652.0 1
453.0 1365.0 1
80.0 417.0 1
-17.0 -205.0 1
-81.0 142.0 1
-10.0 120.0 1
16.0 1002.0 1
355.0 765.0 1
482.0 849.0 1
263.0 466.0 1
12.0 -146.0 1
331.0 888.0 1
-14.0 1237.0 1
353.0 30.0 1
184.0 495.0 1
1.0 677.0 1
205.0 1315.0 1
-4.0 1168.0 1
46.0 1461.0 1
91.0 -163.0 1
-47.0 -107.0 1
149.0 1394.0 1
94.0 572.0 1
391.0 1433.0 1
-13.0 637.0 1
331.0 10.0 1
327.0 434.0 1
246.0 116.0 1
6.0 356.0 1
137.0 791.0 1
420.0 1249.0 1
389.0 1013.0 1
238.0 137.0 1
426.0 486.0 1
363.0 862.0 1
144.0 102.0 1
315.0 897.0 1
41.0 719.0 1
350.0 697.0 1
342.0 1045.0 1
378.0 284.0 1
102.0 782.0 1
452.0 691.0 1
34.0 1033.0 1
130.0 742.0 1
478.0 1472.0 1
458.0 1074.0 1
0.0 545.0 1
61.0 1115.0 1
442.0 670.0 1
339.0 1253.0 1
253.0 726.0 1
62.0 253.0 1
467.0 -202.0 1
119.0 142.0 1
372.0 -129.0 1
347.0 536.0 1
344.0 747.0 1
364.0 425.0 1
450.0 347.0 1
318.0 1168.0 1
41.0 151.0 1
369.0 1444.0 1
-62.0 923.0 1
-14.0 933.0 1
325.0 533.0 1
139.0 468.0 1
293.0 -231.0 1
206.0 797.0 1
87.0 1288.0 1
350.0 1240.0 1
408.0 728.0 1
418.0 554.0 1
419.0 70.0 1
90.0 -46.0 1
-12.0 650.0 1
